mstar = 2 Msun, Rstar = 2.5 Rsun, Tstar = 10000, mdisk = 0.0053822 Msun, Rc = 150 AU, Rin = 0.5 AU, Rout = 250 AU, inclination = 45 degree, powerlaw = -0.5 
         130
  
  0.2997900000000E+11   0.6992587940111E-23
  0.3951060000000E+11   0.1593055969791E-22
  0.5207280000000E+11   0.3625638739605E-22
  0.6862910000000E+11   0.8239479458347E-22
  0.9044930000000E+11   0.1868648452115E-21
  0.1192070000000E+12   0.4226171201309E-21
  0.1571080000000E+12   0.9522369973025E-21
  0.2070600000000E+12   0.2134842571909E-20
  0.2728930000000E+12   0.4754128393058E-20
  0.3596580000000E+12   0.1144181860949E-19
  0.4740100000000E+12   0.3285831462684E-19
  0.6247180000000E+12   0.9282692511835E-19
  0.8233440000000E+12   0.2559877060073E-18
  0.1085120000000E+13   0.6837580328827E-18
  0.1430130000000E+13   0.1743744789374E-17
  0.1884830000000E+13   0.4169262897859E-17
  0.2484100000000E+13   0.9090782091411E-17
  0.3273910000000E+13   0.1730748287186E-16
  0.4314820000000E+13   0.2729394658774E-16
  0.5686700000000E+13   0.3360840876172E-16
  0.7494750000000E+13   0.3219839817458E-16
  0.7682960000000E+13   0.3178006061780E-16
  0.7875890000000E+13   0.3132594996854E-16
  0.8073670000000E+13   0.3083756332410E-16
  0.8276410000000E+13   0.3032084525405E-16
  0.8484250000000E+13   0.2978503610349E-16
  0.8697300000000E+13   0.2926992181761E-16
  0.8915700000000E+13   0.2873387071374E-16
  0.9139590000000E+13   0.2823559825605E-16
  0.9369100000000E+13   0.2773100951536E-16
  0.9604380000000E+13   0.2724386467396E-16
  0.9845560000000E+13   0.2677407892382E-16
  0.1009280000000E+14   0.2629374176543E-16
  0.1034620000000E+14   0.2582442001056E-16
  0.1060610000000E+14   0.2533953975620E-16
  0.1087240000000E+14   0.2489773520076E-16
  0.1114540000000E+14   0.2444858531432E-16
  0.1142530000000E+14   0.2401626318713E-16
  0.1171220000000E+14   0.2359358009204E-16
  0.1200630000000E+14   0.2315832611953E-16
  0.1230780000000E+14   0.2272786738106E-16
  0.1261690000000E+14   0.2227826930537E-16
  0.1293370000000E+14   0.2188183393241E-16
  0.1325850000000E+14   0.2147150595498E-16
  0.1359150000000E+14   0.2107264562060E-16
  0.1393280000000E+14   0.2067476046310E-16
  0.1428260000000E+14   0.2027736534456E-16
  0.1464130000000E+14   0.1992490732267E-16
  0.1500900000000E+14   0.1954606592349E-16
  0.1538590000000E+14   0.1904205410331E-16
  0.1577220000000E+14   0.1852112994573E-16
  0.1616830000000E+14   0.1767332132511E-16
  0.1657430000000E+14   0.1666277714506E-16
  0.1699050000000E+14   0.1557971759824E-16
  0.1741720000000E+14   0.1425810185684E-16
  0.1785460000000E+14   0.1301732851909E-16
  0.1830290000000E+14   0.1171880152030E-16
  0.1876260000000E+14   0.1050147133574E-16
  0.1923370000000E+14   0.9416779852599E-17
  0.1971670000000E+14   0.8433570384375E-17
  0.2021180000000E+14   0.7579669466531E-17
  0.2071940000000E+14   0.6910059455961E-17
  0.2123970000000E+14   0.6297168369152E-17
  0.2177310000000E+14   0.6219392034477E-17
  0.2231980000000E+14   0.6128730004040E-17
  0.2288030000000E+14   0.6188126634420E-17
  0.2345490000000E+14   0.6281144400557E-17
  0.2404390000000E+14   0.6385377332515E-17
  0.2464770000000E+14   0.6528616626100E-17
  0.2526660000000E+14   0.6632746853565E-17
  0.2590110000000E+14   0.6756167230831E-17
  0.2655150000000E+14   0.6840460683787E-17
  0.2721830000000E+14   0.6995015428839E-17
  0.2790180000000E+14   0.7144328992186E-17
  0.2860240000000E+14   0.7218830613679E-17
  0.2932070000000E+14   0.7214094072183E-17
  0.3005700000000E+14   0.7179231440485E-17
  0.3081180000000E+14   0.6998276888818E-17
  0.3158550000000E+14   0.6823304788975E-17
  0.3237870000000E+14   0.6113325693546E-17
  0.3319170000000E+14   0.5287558353693E-17
  0.3402530000000E+14   0.4527923975907E-17
  0.3487970000000E+14   0.3829463450851E-17
  0.3575560000000E+14   0.3178736394693E-17
  0.3665350000000E+14   0.2595355741392E-17
  0.3757390000000E+14   0.2032943023459E-17
  0.3851740000000E+14   0.1691182537258E-17
  0.3948470000000E+14   0.1413621358087E-17
  0.4047620000000E+14   0.1236149815963E-17
  0.4149260000000E+14   0.1174503106980E-17
  0.4253460000000E+14   0.1122638404450E-17
  0.4360270000000E+14   0.1108152960537E-17
  0.4469770000000E+14   0.1095849891382E-17
  0.4582010000000E+14   0.1085940234358E-17
  0.4697070000000E+14   0.1077833092694E-17
  0.4815020000000E+14   0.1070148164843E-17
  0.4935940000000E+14   0.1062743943825E-17
  0.5059890000000E+14   0.1056639285385E-17
  0.5186950000000E+14   0.1052269277503E-17
  0.5317200000000E+14   0.1048626991781E-17
  0.5450730000000E+14   0.1047113862407E-17
  0.6258450000000E+14   0.1053274435900E-17
  0.7185870000000E+14   0.1068719951942E-17
  0.8250720000000E+14   0.1072404703298E-17
  0.9473370000000E+14   0.1059355588208E-17
  0.1087720000000E+15   0.1034888793137E-17
  0.1248910000000E+15   0.1008925608150E-17
  0.1433980000000E+15   0.9910264749314E-18
  0.1646470000000E+15   0.9909952798646E-18
  0.1890460000000E+15   0.1018330107689E-17
  0.2170600000000E+15   0.1075680035709E-17
  0.2492250000000E+15   0.1165010823312E-17
  0.2861570000000E+15   0.1284442290560E-17
  0.3285620000000E+15   0.1426814569430E-17
  0.3772500000000E+15   0.1579882788772E-17
  0.4331540000000E+15   0.1724991187793E-17
  0.4973410000000E+15   0.1837603079304E-17
  0.5710410000000E+15   0.1890738633663E-17
  0.6556610000000E+15   0.1861058984395E-17
  0.7528220000000E+15   0.1735136106052E-17
  0.8643800000000E+15   0.1517666238709E-17
  0.9924690000000E+15   0.1232347150711E-17
  0.1139540000000E+16   0.9147142445265E-18
  0.1308400000000E+16   0.6145976595135E-18
  0.1502290000000E+16   0.3669853751775E-18
  0.1724910000000E+16   0.1910855051839E-18
  0.1980520000000E+16   0.8478309668617E-19
  0.2274010000000E+16   0.3138145417733E-19
  0.2610990000000E+16   0.9427515651294E-20
  0.2997900000000E+16   0.2228682138119E-20
