mstar = 2 Msun, Rstar = 2.5 Rsun, Tstar = 10000, mdisk = 0.0026365 Msun, Rc = 150 AU, Rin = 0.5 AU, Rout = 250 AU, inclination = 45 degree, powerlaw = -0.5 
         130
  
  0.2997900000000E+11   0.3685708899310E-23
  0.3951060000000E+11   0.8392109251370E-23
  0.5207280000000E+11   0.1909455635034E-22
  0.6862910000000E+11   0.4339400374608E-22
  0.9044930000000E+11   0.9844273189301E-22
  0.1192070000000E+12   0.2227723653195E-21
  0.1571080000000E+12   0.5024249067234E-21
  0.2070600000000E+12   0.1127955951391E-20
  0.2728930000000E+12   0.2516729061376E-20
  0.3596580000000E+12   0.6073589582108E-20
  0.4740100000000E+12   0.1751400870494E-19
  0.6247180000000E+12   0.4977764976231E-19
  0.8233440000000E+12   0.1384971762059E-18
  0.1085120000000E+13   0.3748862153121E-18
  0.1430130000000E+13   0.9755693350735E-18
  0.1884830000000E+13   0.2406555153013E-17
  0.2484100000000E+13   0.5509395403084E-17
  0.3273910000000E+13   0.1131067235163E-16
  0.4314820000000E+13   0.1995730103094E-16
  0.5686700000000E+13   0.2841596812843E-16
  0.7494750000000E+13   0.3084110554128E-16
  0.7682960000000E+13   0.3065051262613E-16
  0.7875890000000E+13   0.3038957902940E-16
  0.8073670000000E+13   0.3005929485452E-16
  0.8276410000000E+13   0.2966657160637E-16
  0.8484250000000E+13   0.2922242384560E-16
  0.8697300000000E+13   0.2876890268195E-16
  0.8915700000000E+13   0.2826458166707E-16
  0.9139590000000E+13   0.2776966515950E-16
  0.9369100000000E+13   0.2724300627495E-16
  0.9604380000000E+13   0.2671042467593E-16
  0.9845560000000E+13   0.2617484428394E-16
  0.1009280000000E+14   0.2561503148291E-16
  0.1034620000000E+14   0.2505457419011E-16
  0.1060610000000E+14   0.2447417796107E-16
  0.1087240000000E+14   0.2392830773750E-16
  0.1114540000000E+14   0.2337666783716E-16
  0.1142530000000E+14   0.2284290929768E-16
  0.1171220000000E+14   0.2232345713644E-16
  0.1200630000000E+14   0.2180147939820E-16
  0.1230780000000E+14   0.2129318867981E-16
  0.1261690000000E+14   0.2077908522711E-16
  0.1293370000000E+14   0.2032173881164E-16
  0.1325850000000E+14   0.1986388231076E-16
  0.1359150000000E+14   0.1942720518257E-16
  0.1393280000000E+14   0.1900219531295E-16
  0.1428260000000E+14   0.1858772661557E-16
  0.1464130000000E+14   0.1822231642550E-16
  0.1500900000000E+14   0.1784199336719E-16
  0.1538590000000E+14   0.1735697952570E-16
  0.1577220000000E+14   0.1686235677640E-16
  0.1616830000000E+14   0.1607835559150E-16
  0.1657430000000E+14   0.1515083296982E-16
  0.1699050000000E+14   0.1416036590465E-16
  0.1741720000000E+14   0.1295751315600E-16
  0.1785460000000E+14   0.1182954685091E-16
  0.1830290000000E+14   0.1065231095507E-16
  0.1876260000000E+14   0.9550510793035E-17
  0.1923370000000E+14   0.8569668287491E-17
  0.1971670000000E+14   0.7681472382180E-17
  0.2021180000000E+14   0.6910240391424E-17
  0.2071940000000E+14   0.6303892443952E-17
  0.2123970000000E+14   0.5749169518569E-17
  0.2177310000000E+14   0.5669442104414E-17
  0.2231980000000E+14   0.5581491202377E-17
  0.2288030000000E+14   0.5630912879320E-17
  0.2345490000000E+14   0.5714040223030E-17
  0.2404390000000E+14   0.5810144753708E-17
  0.2464770000000E+14   0.5943836055986E-17
  0.2526660000000E+14   0.6043689130095E-17
  0.2590110000000E+14   0.6162605436368E-17
  0.2655150000000E+14   0.6246663382546E-17
  0.2721830000000E+14   0.6395834696378E-17
  0.2790180000000E+14   0.6540956955060E-17
  0.2860240000000E+14   0.6618184294910E-17
  0.2932070000000E+14   0.6623154223055E-17
  0.3005700000000E+14   0.6600805462156E-17
  0.3081180000000E+14   0.6444013030264E-17
  0.3158550000000E+14   0.6292678719787E-17
  0.3237870000000E+14   0.5647406274527E-17
  0.3319170000000E+14   0.4895192654339E-17
  0.3402530000000E+14   0.4203369243137E-17
  0.3487970000000E+14   0.3566973075555E-17
  0.3575560000000E+14   0.2973550400872E-17
  0.3665350000000E+14   0.2441006077689E-17
  0.3757390000000E+14   0.1926702349810E-17
  0.3851740000000E+14   0.1615372187193E-17
  0.3948470000000E+14   0.1361558027339E-17
  0.4047620000000E+14   0.1198127120910E-17
  0.4149260000000E+14   0.1142041356225E-17
  0.4253460000000E+14   0.1094480807147E-17
  0.4360270000000E+14   0.1082221992813E-17
  0.4469770000000E+14   0.1071832212470E-17
  0.4582010000000E+14   0.1063525993189E-17
  0.4697070000000E+14   0.1056745770942E-17
  0.4815020000000E+14   0.1050138489765E-17
  0.4935940000000E+14   0.1043560942452E-17
  0.5059890000000E+14   0.1038036013391E-17
  0.5186950000000E+14   0.1034028832872E-17
  0.5317200000000E+14   0.1030554565298E-17
  0.5450730000000E+14   0.1029066245888E-17
  0.6258450000000E+14   0.1033648996277E-17
  0.7185870000000E+14   0.1046627015786E-17
  0.8250720000000E+14   0.1048262917020E-17
  0.9473370000000E+14   0.1034534421435E-17
  0.1087720000000E+15   0.1011411588986E-17
  0.1248910000000E+15   0.9888049297352E-18
  0.1433980000000E+15   0.9758088107936E-18
  0.1646470000000E+15   0.9814953652285E-18
  0.1890460000000E+15   0.1014426865914E-17
  0.2170600000000E+15   0.1076312874918E-17
  0.2492250000000E+15   0.1168353218869E-17
  0.2861570000000E+15   0.1288703031806E-17
  0.3285620000000E+15   0.1430808136595E-17
  0.3772500000000E+15   0.1583021298366E-17
  0.4331540000000E+15   0.1727143350274E-17
  0.4973410000000E+15   0.1839040072899E-17
  0.5710410000000E+15   0.1891965701300E-17
  0.6556610000000E+15   0.1862532477885E-17
  0.7528220000000E+15   0.1737246848303E-17
  0.8643800000000E+15   0.1520226845584E-17
  0.9924690000000E+15   0.1234695510245E-17
  0.1139540000000E+16   0.9171222764706E-18
  0.1308400000000E+16   0.6161151155883E-18
  0.1502290000000E+16   0.3677339693824E-18
  0.1724910000000E+16   0.1913776162082E-18
  0.1980520000000E+16   0.8491988678857E-19
  0.2274010000000E+16   0.3143091534584E-19
  0.2610990000000E+16   0.9442100042532E-20
  0.2997900000000E+16   0.2232080863183E-20
