mstar = 2 Msun, Rstar = 2.5 Rsun, Tstar = 10000, mdisk = 0.0023571 Msun, Rc = 150 AU, Rin = 0.5 AU, Rout = 250 AU, inclination = 45 degree, powerlaw = -0.5 
         130
  
  0.2997900000000E+11   0.3334366742244E-23
  0.3951060000000E+11   0.7591014384430E-23
  0.5207280000000E+11   0.1727030668318E-22
  0.6862910000000E+11   0.3924684222825E-22
  0.9044930000000E+11   0.8903584716418E-22
  0.1192070000000E+12   0.2014982183756E-21
  0.1571080000000E+12   0.4545007742572E-21
  0.2070600000000E+12   0.1020560392358E-20
  0.2728930000000E+12   0.2277733149210E-20
  0.3596580000000E+12   0.5498963443083E-20
  0.4740100000000E+12   0.1586609879822E-19
  0.6247180000000E+12   0.4513164225796E-19
  0.8233440000000E+12   0.1257226803109E-18
  0.1085120000000E+13   0.3409153975532E-18
  0.1430130000000E+13   0.8895290971756E-18
  0.1884830000000E+13   0.2203201596962E-17
  0.2484100000000E+13   0.5075524609009E-17
  0.3273910000000E+13   0.1052188565937E-16
  0.4314820000000E+13   0.1884571895804E-16
  0.5686700000000E+13   0.2741340389854E-16
  0.7494750000000E+13   0.3048454231756E-16
  0.7682960000000E+13   0.3035515162007E-16
  0.7875890000000E+13   0.3015218669747E-16
  0.8073670000000E+13   0.2987585681100E-16
  0.8276410000000E+13   0.2953257284989E-16
  0.8484250000000E+13   0.2913308390745E-16
  0.8697300000000E+13   0.2871999666169E-16
  0.8915700000000E+13   0.2825036288614E-16
  0.9139590000000E+13   0.2778532405049E-16
  0.9369100000000E+13   0.2728256521566E-16
  0.9604380000000E+13   0.2676821351305E-16
  0.9845560000000E+13   0.2624514681619E-16
  0.1009280000000E+14   0.2569223508771E-16
  0.1034620000000E+14   0.2513357608936E-16
  0.1060610000000E+14   0.2455052321966E-16
  0.1087240000000E+14   0.2399768111104E-16
  0.1114540000000E+14   0.2343574127221E-16
  0.1142530000000E+14   0.2288873722461E-16
  0.1171220000000E+14   0.2235384213454E-16
  0.1200630000000E+14   0.2181536129841E-16
  0.1230780000000E+14   0.2128984725153E-16
  0.1261690000000E+14   0.2075894691306E-16
  0.1293370000000E+14   0.2028411544765E-16
  0.1325850000000E+14   0.1981003785906E-16
  0.1359150000000E+14   0.1935818060601E-16
  0.1393280000000E+14   0.1891957136701E-16
  0.1428260000000E+14   0.1849330623894E-16
  0.1464130000000E+14   0.1811704813291E-16
  0.1500900000000E+14   0.1772840427216E-16
  0.1538590000000E+14   0.1723930837428E-16
  0.1577220000000E+14   0.1674244965214E-16
  0.1616830000000E+14   0.1596303921643E-16
  0.1657430000000E+14   0.1504352192355E-16
  0.1699050000000E+14   0.1406273317590E-16
  0.1741720000000E+14   0.1287380202227E-16
  0.1785460000000E+14   0.1175877656059E-16
  0.1830290000000E+14   0.1059573886004E-16
  0.1876260000000E+14   0.9507199347875E-17
  0.1923370000000E+14   0.8537526993934E-17
  0.1971670000000E+14   0.7658942547593E-17
  0.2021180000000E+14   0.6895233104280E-17
  0.2071940000000E+14   0.6293415810148E-17
  0.2123970000000E+14   0.5742517632276E-17
  0.2177310000000E+14   0.5658168468643E-17
  0.2231980000000E+14   0.5566769610525E-17
  0.2288030000000E+14   0.5611669431425E-17
  0.2345490000000E+14   0.5691025445770E-17
  0.2404390000000E+14   0.5784279240855E-17
  0.2464770000000E+14   0.5915583496291E-17
  0.2526660000000E+14   0.6014273858423E-17
  0.2590110000000E+14   0.6132560357142E-17
  0.2655150000000E+14   0.6216859557586E-17
  0.2721830000000E+14   0.6366291864435E-17
  0.2790180000000E+14   0.6512193450490E-17
  0.2860240000000E+14   0.6590849948604E-17
  0.2932070000000E+14   0.6597654824556E-17
  0.3005700000000E+14   0.6577434711532E-17
  0.3081180000000E+14   0.6423318942885E-17
  0.3158550000000E+14   0.6274631721458E-17
  0.3237870000000E+14   0.5633041192941E-17
  0.3319170000000E+14   0.4883792282057E-17
  0.3402530000000E+14   0.4193973571822E-17
  0.3487970000000E+14   0.3558816978348E-17
  0.3575560000000E+14   0.2965997657293E-17
  0.3665350000000E+14   0.2433146699974E-17
  0.3757390000000E+14   0.1918248933048E-17
  0.3851740000000E+14   0.1606343919768E-17
  0.3948470000000E+14   0.1351674186038E-17
  0.4047620000000E+14   0.1187567078325E-17
  0.4149260000000E+14   0.1130884604107E-17
  0.4253460000000E+14   0.1082678258831E-17
  0.4360270000000E+14   0.1069914926577E-17
  0.4469770000000E+14   0.1059068682495E-17
  0.4582010000000E+14   0.1050354558581E-17
  0.4697070000000E+14   0.1043206666698E-17
  0.4815020000000E+14   0.1036253124760E-17
  0.4935940000000E+14   0.1029341432585E-17
  0.5059890000000E+14   0.1023505765350E-17
  0.5186950000000E+14   0.1019224571111E-17
  0.5317200000000E+14   0.1015495279977E-17
  0.5450730000000E+14   0.1013805710296E-17
  0.6258450000000E+14   0.1017909289348E-17
  0.7185870000000E+14   0.1031462423061E-17
  0.8250720000000E+14   0.1034457686032E-17
  0.9473370000000E+14   0.1022793544633E-17
  0.1087720000000E+15   0.1002354373619E-17
  0.1248910000000E+15   0.9827379387204E-18
  0.1433980000000E+15   0.9726181482450E-18
  0.1646470000000E+15   0.9807057830114E-18
  0.1890460000000E+15   0.1015375425428E-17
  0.2170600000000E+15   0.1078306932363E-17
  0.2492250000000E+15   0.1170742845197E-17
  0.2861570000000E+15   0.1290946069553E-17
  0.3285620000000E+15   0.1432563048609E-17
  0.3772500000000E+15   0.1584201760886E-17
  0.4331540000000E+15   0.1727843185020E-17
  0.4973410000000E+15   0.1839428453339E-17
  0.5710410000000E+15   0.1892214118460E-17
  0.6556610000000E+15   0.1862768464211E-17
  0.7528220000000E+15   0.1737557285630E-17
  0.8643800000000E+15   0.1520597445747E-17
  0.9924690000000E+15   0.1235034780182E-17
  0.1139540000000E+16   0.9174702298567E-18
  0.1308400000000E+16   0.6163343585921E-18
  0.1502290000000E+16   0.3678421000993E-18
  0.1724910000000E+16   0.1914197978754E-18
  0.1980520000000E+16   0.8493964062599E-19
  0.2274010000000E+16   0.3143805787340E-19
  0.2610990000000E+16   0.9444206092324E-20
  0.2997900000000E+16   0.2232571647756E-20
