mstar = 2 Msun, Rstar = 2.5 Rsun, Tstar = 10000, mdisk = 0.0015619 Msun, Rc = 150 AU, Rin = 0.5 AU, Rout = 250 AU, inclination = 45 degree, powerlaw = -0.5 
         130
  
  0.2997900000000E+11   0.2304875961534E-23
  0.3951060000000E+11   0.5243380039680E-23
  0.5207280000000E+11   0.1192340058823E-22
  0.6862910000000E+11   0.2708878227651E-22
  0.9044930000000E+11   0.6145007597596E-22
  0.1192070000000E+12   0.1390875642404E-21
  0.1571080000000E+12   0.3138366793303E-21
  0.2070600000000E+12   0.7051238549304E-21
  0.2728930000000E+12   0.1575124840851E-20
  0.3596580000000E+12   0.3807506390851E-20
  0.4740100000000E+12   0.1100612977604E-19
  0.6247180000000E+12   0.3139205174742E-19
  0.8233440000000E+12   0.8779089548419E-19
  0.1085120000000E+13   0.2394159100102E-18
  0.1430130000000E+13   0.6299601371259E-18
  0.1884830000000E+13   0.1580082984237E-17
  0.2484100000000E+13   0.3710824174521E-17
  0.3273910000000E+13   0.7925202933974E-17
  0.4314820000000E+13   0.1486426121657E-16
  0.5686700000000E+13   0.2314239241887E-16
  0.7494750000000E+13   0.2800572997736E-16
  0.7682960000000E+13   0.2809682309604E-16
  0.7875890000000E+13   0.2811287249354E-16
  0.8073670000000E+13   0.2805092316766E-16
  0.8276410000000E+13   0.2791485682891E-16
  0.8484250000000E+13   0.2771359486480E-16
  0.8697300000000E+13   0.2749128304463E-16
  0.8915700000000E+13   0.2719830736314E-16
  0.9139590000000E+13   0.2689931961117E-16
  0.9369100000000E+13   0.2654572578831E-16
  0.9604380000000E+13   0.2616407966253E-16
  0.9845560000000E+13   0.2575571165711E-16
  0.1009280000000E+14   0.2529714262119E-16
  0.1034620000000E+14   0.2481358716999E-16
  0.1060610000000E+14   0.2428606048626E-16
  0.1087240000000E+14   0.2377095616330E-16
  0.1114540000000E+14   0.2322907750765E-16
  0.1142530000000E+14   0.2268591291387E-16
  0.1171220000000E+14   0.2214021060302E-16
  0.1200630000000E+14   0.2157911348078E-16
  0.1230780000000E+14   0.2102090104805E-16
  0.1261690000000E+14   0.2045092458151E-16
  0.1293370000000E+14   0.1992822477376E-16
  0.1325850000000E+14   0.1940379395465E-16
  0.1359150000000E+14   0.1889938280808E-16
  0.1393280000000E+14   0.1840868541740E-16
  0.1428260000000E+14   0.1793249327353E-16
  0.1464130000000E+14   0.1750602241203E-16
  0.1500900000000E+14   0.1707415591073E-16
  0.1538590000000E+14   0.1655789969502E-16
  0.1577220000000E+14   0.1604085447496E-16
  0.1616830000000E+14   0.1527320669686E-16
  0.1657430000000E+14   0.1438278251265E-16
  0.1699050000000E+14   0.1344052577950E-16
  0.1741720000000E+14   0.1231245083887E-16
  0.1785460000000E+14   0.1125484444657E-16
  0.1830290000000E+14   0.1015682957169E-16
  0.1876260000000E+14   0.9129531623666E-17
  0.1923370000000E+14   0.8213037026669E-17
  0.1971670000000E+14   0.7381941832842E-17
  0.2021180000000E+14   0.6657596088549E-17
  0.2071940000000E+14   0.6082453666249E-17
  0.2123970000000E+14   0.5555756102765E-17
  0.2177310000000E+14   0.5454951421679E-17
  0.2231980000000E+14   0.5350821799939E-17
  0.2288030000000E+14   0.5374668269752E-17
  0.2345490000000E+14   0.5434595911250E-17
  0.2404390000000E+14   0.5511823446161E-17
  0.2464770000000E+14   0.5628543709932E-17
  0.2526660000000E+14   0.5718282228411E-17
  0.2590110000000E+14   0.5829057079374E-17
  0.2655150000000E+14   0.5909929384030E-17
  0.2721830000000E+14   0.6053919173153E-17
  0.2790180000000E+14   0.6196201988039E-17
  0.2860240000000E+14   0.6275821660143E-17
  0.2932070000000E+14   0.6288049559816E-17
  0.3005700000000E+14   0.6275016834100E-17
  0.3081180000000E+14   0.6134755719157E-17
  0.3158550000000E+14   0.5999639521056E-17
  0.3237870000000E+14   0.5394411370111E-17
  0.3319170000000E+14   0.4686268413570E-17
  0.3402530000000E+14   0.4034409941528E-17
  0.3487970000000E+14   0.3433801019592E-17
  0.3575560000000E+14   0.2872261916302E-17
  0.3665350000000E+14   0.2367734229837E-17
  0.3757390000000E+14   0.1879904121252E-17
  0.3851740000000E+14   0.1583894320229E-17
  0.3948470000000E+14   0.1340958043731E-17
  0.4047620000000E+14   0.1182930747601E-17
  0.4149260000000E+14   0.1127976008759E-17
  0.4253460000000E+14   0.1080822234456E-17
  0.4360270000000E+14   0.1068478179472E-17
  0.4469770000000E+14   0.1057950385218E-17
  0.4582010000000E+14   0.1049456858375E-17
  0.4697070000000E+14   0.1042437733149E-17
  0.4815020000000E+14   0.1035517759967E-17
  0.4935940000000E+14   0.1028539316209E-17
  0.5059890000000E+14   0.1022551615174E-17
  0.5186950000000E+14   0.1018053038980E-17
  0.5317200000000E+14   0.1014037513773E-17
  0.5450730000000E+14   0.1012035857127E-17
  0.6258450000000E+14   0.1014021783957E-17
  0.7185870000000E+14   0.1025576661502E-17
  0.8250720000000E+14   0.1027159007266E-17
  0.9473370000000E+14   0.1015079645558E-17
  0.1087720000000E+15   0.9954343169353E-18
  0.1248910000000E+15   0.9775927140176E-18
  0.1433980000000E+15   0.9696669062320E-18
  0.1646470000000E+15   0.9797684274618E-18
  0.1890460000000E+15   0.1015935337396E-17
  0.2170600000000E+15   0.1079887747676E-17
  0.2492250000000E+15   0.1172951055819E-17
  0.2861570000000E+15   0.1293283244390E-17
  0.3285620000000E+15   0.1434517012274E-17
  0.3772500000000E+15   0.1585579096625E-17
  0.4331540000000E+15   0.1728753751082E-17
  0.4973410000000E+15   0.1840068988088E-17
  0.5710410000000E+15   0.1892783944618E-17
  0.6556610000000E+15   0.1863446154834E-17
  0.7528220000000E+15   0.1738515965415E-17
  0.8643800000000E+15   0.1521756663483E-17
  0.9924690000000E+15   0.1236097583623E-17
  0.1139540000000E+16   0.9185606557159E-18
  0.1308400000000E+16   0.6170214046980E-18
  0.1502290000000E+16   0.3681809085483E-18
  0.1724910000000E+16   0.1915519465754E-18
  0.1980520000000E+16   0.8500152793268E-19
  0.2274010000000E+16   0.3146043463392E-19
  0.2610990000000E+16   0.9450804059639E-20
  0.2997900000000E+16   0.2234109198948E-20
