mstar = 2 Msun, Rstar = 2.5 Rsun, Tstar = 10000, mdisk = 0.00030194 Msun, Rc = 150 AU, Rin = 0.5 AU, Rout = 250 AU, inclination = 45 degree, powerlaw = -0.5 
         130
  
  0.2997900000000E+11   0.5502655319659E-24
  0.3951060000000E+11   0.1241025967247E-23
  0.5207280000000E+11   0.2804235230461E-23
  0.6862910000000E+11   0.6342598547875E-23
  0.9044930000000E+11   0.1434670025406E-22
  0.1192070000000E+12   0.3242458672448E-22
  0.1571080000000E+12   0.7314938275424E-22
  0.2070600000000E+12   0.1645357255933E-21
  0.2728930000000E+12   0.3684780535663E-21
  0.3596580000000E+12   0.8942180572177E-21
  0.4740100000000E+12   0.2600148496748E-20
  0.6247180000000E+12   0.7484318771533E-20
  0.8233440000000E+12   0.2120985027921E-19
  0.1085120000000E+13   0.5894336609959E-19
  0.1430130000000E+13   0.1593134383862E-18
  0.1884830000000E+13   0.4152624691335E-18
  0.2484100000000E+13   0.1031067651150E-17
  0.3273910000000E+13   0.2388396371615E-17
  0.4314820000000E+13   0.5049002984801E-17
  0.5686700000000E+13   0.9365450562988E-17
  0.7494750000000E+13   0.1444627517539E-16
  0.7682960000000E+13   0.1485780391544E-16
  0.7875890000000E+13   0.1524355508521E-16
  0.8073670000000E+13   0.1559748714778E-16
  0.8276410000000E+13   0.1591835193602E-16
  0.8484250000000E+13   0.1620923911930E-16
  0.8697300000000E+13   0.1650593329068E-16
  0.8915700000000E+13   0.1676044930043E-16
  0.9139590000000E+13   0.1702992234442E-16
  0.9369100000000E+13   0.1726410425877E-16
  0.9604380000000E+13   0.1748454090041E-16
  0.9845560000000E+13   0.1768806835717E-16
  0.1009280000000E+14   0.1784310762795E-16
  0.1034620000000E+14   0.1797037444118E-16
  0.1060610000000E+14   0.1804177008255E-16
  0.1087240000000E+14   0.1811593243460E-16
  0.1114540000000E+14   0.1814122075303E-16
  0.1142530000000E+14   0.1814198616845E-16
  0.1171220000000E+14   0.1811098968266E-16
  0.1200630000000E+14   0.1802752186178E-16
  0.1230780000000E+14   0.1790956866669E-16
  0.1261690000000E+14   0.1773630289419E-16
  0.1293370000000E+14   0.1757527218689E-16
  0.1325850000000E+14   0.1736633160108E-16
  0.1359150000000E+14   0.1713397742858E-16
  0.1393280000000E+14   0.1687079208679E-16
  0.1428260000000E+14   0.1657870317665E-16
  0.1464130000000E+14   0.1629554238782E-16
  0.1500900000000E+14   0.1596593203139E-16
  0.1538590000000E+14   0.1552001673329E-16
  0.1577220000000E+14   0.1504755812202E-16
  0.1616830000000E+14   0.1432819778961E-16
  0.1657430000000E+14   0.1349291975352E-16
  0.1699050000000E+14   0.1261089866939E-16
  0.1741720000000E+14   0.1156484475106E-16
  0.1785460000000E+14   0.1058290181942E-16
  0.1830290000000E+14   0.9563658207720E-17
  0.1876260000000E+14   0.8605531103911E-17
  0.1923370000000E+14   0.7746088306574E-17
  0.1971670000000E+14   0.6962486229369E-17
  0.2021180000000E+14   0.6276905833274E-17
  0.2071940000000E+14   0.5734644750826E-17
  0.2123970000000E+14   0.5237414122113E-17
  0.2177310000000E+14   0.5160873072584E-17
  0.2231980000000E+14   0.5066189493526E-17
  0.2288030000000E+14   0.5072474647073E-17
  0.2345490000000E+14   0.5090043338153E-17
  0.2404390000000E+14   0.5105388860865E-17
  0.2464770000000E+14   0.5139832394331E-17
  0.2526660000000E+14   0.5147531405059E-17
  0.2590110000000E+14   0.5170091615945E-17
  0.2655150000000E+14   0.5174282481545E-17
  0.2721830000000E+14   0.5230977325513E-17
  0.2790180000000E+14   0.5295490156639E-17
  0.2860240000000E+14   0.5324111921047E-17
  0.2932070000000E+14   0.5311939046872E-17
  0.3005700000000E+14   0.5288868927884E-17
  0.3081180000000E+14   0.5175204900929E-17
  0.3158550000000E+14   0.5069921686259E-17
  0.3237870000000E+14   0.4601906407921E-17
  0.3319170000000E+14   0.4052938166213E-17
  0.3402530000000E+14   0.3546544870603E-17
  0.3487970000000E+14   0.3078478352039E-17
  0.3575560000000E+14   0.2638252414334E-17
  0.3665350000000E+14   0.2236570551329E-17
  0.3757390000000E+14   0.1832209071718E-17
  0.3851740000000E+14   0.1563315678373E-17
  0.3948470000000E+14   0.1307788677907E-17
  0.4047620000000E+14   0.1109550583920E-17
  0.4149260000000E+14   0.1037769567989E-17
  0.4253460000000E+14   0.9727748152038E-18
  0.4360270000000E+14   0.9605507216811E-18
  0.4469770000000E+14   0.9496656099299E-18
  0.4582010000000E+14   0.9406925825128E-18
  0.4697070000000E+14   0.9328994911094E-18
  0.4815020000000E+14   0.9242381314194E-18
  0.4935940000000E+14   0.9146193118362E-18
  0.5059890000000E+14   0.9059115818466E-18
  0.5186950000000E+14   0.8991223475788E-18
  0.5317200000000E+14   0.8927086990669E-18
  0.5450730000000E+14   0.8893433111024E-18
  0.6258450000000E+14   0.8908250558007E-18
  0.7185870000000E+14   0.9115042645904E-18
  0.8250720000000E+14   0.9251687472620E-18
  0.9473370000000E+14   0.9276547088872E-18
  0.1087720000000E+15   0.9251456939616E-18
  0.1248910000000E+15   0.9252064678789E-18
  0.1433980000000E+15   0.9338672597568E-18
  0.1646470000000E+15   0.9577324574663E-18
  0.1890460000000E+15   0.1004026181725E-17
  0.2170600000000E+15   0.1074548505308E-17
  0.2492250000000E+15   0.1171217768066E-17
  0.2861570000000E+15   0.1293287889174E-17
  0.3285620000000E+15   0.1435342815905E-17
  0.3772500000000E+15   0.1586705391684E-17
  0.4331540000000E+15   0.1729866565128E-17
  0.4973410000000E+15   0.1841144989242E-17
  0.5710410000000E+15   0.1894014686415E-17
  0.6556610000000E+15   0.1865086201329E-17
  0.7528220000000E+15   0.1740903845980E-17
  0.8643800000000E+15   0.1524656695997E-17
  0.9924690000000E+15   0.1238757855274E-17
  0.1139540000000E+16   0.9212917338877E-18
  0.1308400000000E+16   0.6187419606460E-18
  0.1502290000000E+16   0.3690290926904E-18
  0.1724910000000E+16   0.1918826385135E-18
  0.1980520000000E+16   0.8515640650617E-19
  0.2274010000000E+16   0.3151643284960E-19
  0.2610990000000E+16   0.9467315203055E-20
  0.2997900000000E+16   0.2237956791082E-20
