mstar = 2 Msun, Rstar = 2.5 Rsun, Tstar = 10000, mdisk = 0.0052618 Msun, Rc = 150 AU, Rin = 0.5 AU, Rout = 250 AU, inclination = 45 degree, powerlaw = -0.5 
         130
  
  0.2997900000000E+11   0.6847012573979E-23
  0.3951060000000E+11   0.1559870553980E-22
  0.5207280000000E+11   0.3550090711042E-22
  0.6862910000000E+11   0.8067796941361E-22
  0.9044930000000E+11   0.1829725595143E-21
  0.1192070000000E+12   0.4138203188039E-21
  0.1571080000000E+12   0.9324378217952E-21
  0.2070600000000E+12   0.2090525182827E-20
  0.2728930000000E+12   0.4655657865135E-20
  0.3596580000000E+12   0.1120559927627E-19
  0.4740100000000E+12   0.3218347952719E-19
  0.6247180000000E+12   0.9093577545389E-19
  0.8233440000000E+12   0.2508378024408E-18
  0.1085120000000E+13   0.6702728505061E-18
  0.1430130000000E+13   0.1710446938423E-17
  0.1884830000000E+13   0.4093836419132E-17
  0.2484100000000E+13   0.8940933461059E-17
  0.3273910000000E+13   0.1706558691206E-16
  0.4314820000000E+13   0.2701100219524E-16
  0.5686700000000E+13   0.3339739152695E-16
  0.7494750000000E+13   0.3206279452664E-16
  0.7682960000000E+13   0.3164599881096E-16
  0.7875890000000E+13   0.3119260971192E-16
  0.8073670000000E+13   0.3070426390464E-16
  0.8276410000000E+13   0.3018701329469E-16
  0.8484250000000E+13   0.2965017504904E-16
  0.8697300000000E+13   0.2913326112633E-16
  0.8915700000000E+13   0.2859523230145E-16
  0.9139590000000E+13   0.2809428051483E-16
  0.9369100000000E+13   0.2758695855968E-16
  0.9604380000000E+13   0.2709688898692E-16
  0.9845560000000E+13   0.2662410846762E-16
  0.1009280000000E+14   0.2614114377601E-16
  0.1034620000000E+14   0.2566941406968E-16
  0.1060610000000E+14   0.2518268769465E-16
  0.1087240000000E+14   0.2473897678154E-16
  0.1114540000000E+14   0.2428843408890E-16
  0.1142530000000E+14   0.2385500969385E-16
  0.1171220000000E+14   0.2343156315509E-16
  0.1200630000000E+14   0.2299606479839E-16
  0.1230780000000E+14   0.2256564193174E-16
  0.1261690000000E+14   0.2211656099954E-16
  0.1293370000000E+14   0.2172041660557E-16
  0.1325850000000E+14   0.2131073246660E-16
  0.1359150000000E+14   0.2091258509569E-16
  0.1393280000000E+14   0.2051550796095E-16
  0.1428260000000E+14   0.2011900235722E-16
  0.1464130000000E+14   0.1976710409214E-16
  0.1500900000000E+14   0.1938902024923E-16
  0.1538590000000E+14   0.1888679512120E-16
  0.1577220000000E+14   0.1836783648493E-16
  0.1616830000000E+14   0.1752498273933E-16
  0.1657430000000E+14   0.1652103583749E-16
  0.1699050000000E+14   0.1544546290203E-16
  0.1741720000000E+14   0.1413371844366E-16
  0.1785460000000E+14   0.1290234383969E-16
  0.1830290000000E+14   0.1161421728780E-16
  0.1876260000000E+14   0.1040690520955E-16
  0.1923370000000E+14   0.9331175745748E-17
  0.1971670000000E+14   0.8356250745336E-17
  0.2021180000000E+14   0.7509614879061E-17
  0.2071940000000E+14   0.6845696547842E-17
  0.2123970000000E+14   0.6238158976110E-17
  0.2177310000000E+14   0.6160100455729E-17
  0.2231980000000E+14   0.6069394751779E-17
  0.2288030000000E+14   0.6127279273941E-17
  0.2345490000000E+14   0.6218510961769E-17
  0.2404390000000E+14   0.6320844293589E-17
  0.2464770000000E+14   0.6461657519571E-17
  0.2526660000000E+14   0.6563706726570E-17
  0.2590110000000E+14   0.6685055118048E-17
  0.2655150000000E+14   0.6767688733537E-17
  0.2721830000000E+14   0.6919582420753E-17
  0.2790180000000E+14   0.7066627463201E-17
  0.2860240000000E+14   0.7139969021527E-17
  0.2932070000000E+14   0.7135029019006E-17
  0.3005700000000E+14   0.7100498007259E-17
  0.3081180000000E+14   0.6921741733019E-17
  0.3158550000000E+14   0.6749029455730E-17
  0.3237870000000E+14   0.6047895746427E-17
  0.3319170000000E+14   0.5232292202144E-17
  0.3402530000000E+14   0.4482402707424E-17
  0.3487970000000E+14   0.3792665256500E-17
  0.3575560000000E+14   0.3149806081182E-17
  0.3665350000000E+14   0.2573380445875E-17
  0.3757390000000E+14   0.2017881619991E-17
  0.3851740000000E+14   0.1680081880003E-17
  0.3948470000000E+14   0.1405188564137E-17
  0.4047620000000E+14   0.1228964464245E-17
  0.4149260000000E+14   0.1167612431569E-17
  0.4253460000000E+14   0.1115850993777E-17
  0.4360270000000E+14   0.1101406113083E-17
  0.4469770000000E+14   0.1089126396488E-17
  0.4582010000000E+14   0.1079227213870E-17
  0.4697070000000E+14   0.1071122204408E-17
  0.4815020000000E+14   0.1063426307794E-17
  0.4935940000000E+14   0.1055998418092E-17
  0.5059890000000E+14   0.1049864964117E-17
  0.5186950000000E+14   0.1045470669052E-17
  0.5317200000000E+14   0.1041804677238E-17
  0.5450730000000E+14   0.1040285666850E-17
  0.6258450000000E+14   0.1046628962416E-17
  0.7185870000000E+14   0.1062546458888E-17
  0.8250720000000E+14   0.1066754768496E-17
  0.9473370000000E+14   0.1054223729725E-17
  0.1087720000000E+15   0.1030287340000E-17
  0.1248910000000E+15   0.1004870326359E-17
  0.1433980000000E+15   0.9875436699401E-18
  0.1646470000000E+15   0.9881067582906E-18
  0.1890460000000E+15   0.1016011166858E-17
  0.2170600000000E+15   0.1073876117030E-17
  0.2492250000000E+15   0.1163659047396E-17
  0.2861570000000E+15   0.1283496926618E-17
  0.3285620000000E+15   0.1426230545174E-17
  0.3772500000000E+15   0.1579580049219E-17
  0.4331540000000E+15   0.1724868112603E-17
  0.4973410000000E+15   0.1837573578248E-17
  0.5710410000000E+15   0.1890755112688E-17
  0.6556610000000E+15   0.1861103696911E-17
  0.7528220000000E+15   0.1735209407575E-17
  0.8643800000000E+15   0.1517756881853E-17
  0.9924690000000E+15   0.1232430440553E-17
  0.1139540000000E+16   0.9147996412328E-18
  0.1308400000000E+16   0.6146514787464E-18
  0.1502290000000E+16   0.3670119309025E-18
  0.1724910000000E+16   0.1910958701199E-18
  0.1980520000000E+16   0.8478795019290E-19
  0.2274010000000E+16   0.3138320916121E-19
  0.2610990000000E+16   0.9428033142720E-20
  0.2997900000000E+16   0.2228802734837E-20
