mstar = 2 Msun, Rstar = 2.5 Rsun, Tstar = 10000, mdisk = 0.0042128 Msun, Rc = 150 AU, Rin = 0.5 AU, Rout = 250 AU, inclination = 45 degree, powerlaw = -0.5 
         130
  
  0.2997900000000E+11   0.5610183348987E-23
  0.3951060000000E+11   0.1277949403033E-22
  0.5207280000000E+11   0.2908366189636E-22
  0.6862910000000E+11   0.6609727093121E-22
  0.9044930000000E+11   0.1499234458578E-21
  0.1192070000000E+12   0.3391494236159E-21
  0.1571080000000E+12   0.7644399640647E-21
  0.2070600000000E+12   0.1714682296393E-20
  0.2728930000000E+12   0.3821129020818E-20
  0.3596580000000E+12   0.9205440523879E-20
  0.4740100000000E+12   0.2647602632548E-19
  0.6247180000000E+12   0.7496364539923E-19
  0.8233440000000E+12   0.2074137611808E-18
  0.1085120000000E+13   0.5567969902848E-18
  0.1430130000000E+13   0.1430930493954E-17
  0.1884830000000E+13   0.3462535950692E-17
  0.2484100000000E+13   0.7692667024941E-17
  0.3273910000000E+13   0.1507378276269E-16
  0.4314820000000E+13   0.2478687640754E-16
  0.5686700000000E+13   0.3209455581639E-16
  0.7494750000000E+13   0.3180518619890E-16
  0.7682960000000E+13   0.3142462135190E-16
  0.7875890000000E+13   0.3099577888551E-16
  0.8073670000000E+13   0.3052103887485E-16
  0.8276410000000E+13   0.3000751986618E-16
  0.8484250000000E+13   0.2946568284385E-16
  0.8697300000000E+13   0.2893549648950E-16
  0.8915700000000E+13   0.2837768475384E-16
  0.9139590000000E+13   0.2785010501664E-16
  0.9369100000000E+13   0.2731179445989E-16
  0.9604380000000E+13   0.2678690052093E-16
  0.9845560000000E+13   0.2627673369927E-16
  0.1009280000000E+14   0.2575644632078E-16
  0.1034620000000E+14   0.2524766400206E-16
  0.1060610000000E+14   0.2472648667478E-16
  0.1087240000000E+14   0.2424888455850E-16
  0.1114540000000E+14   0.2376818284807E-16
  0.1142530000000E+14   0.2330756920786E-16
  0.1171220000000E+14   0.2286058900757E-16
  0.1200630000000E+14   0.2240636342223E-16
  0.1230780000000E+14   0.2196118485201E-16
  0.1261690000000E+14   0.2150210979837E-16
  0.1293370000000E+14   0.2109752381239E-16
  0.1325850000000E+14   0.2068341301964E-16
  0.1359150000000E+14   0.2028350540621E-16
  0.1393280000000E+14   0.1988736859912E-16
  0.1428260000000E+14   0.1949417682349E-16
  0.1464130000000E+14   0.1914613403202E-16
  0.1500900000000E+14   0.1877451673810E-16
  0.1538590000000E+14   0.1828414077052E-16
  0.1577220000000E+14   0.1777861685647E-16
  0.1616830000000E+14   0.1696015171462E-16
  0.1657430000000E+14   0.1598619292703E-16
  0.1699050000000E+14   0.1494328131565E-16
  0.1741720000000E+14   0.1367203412628E-16
  0.1785460000000E+14   0.1247902005900E-16
  0.1830290000000E+14   0.1123125648387E-16
  0.1876260000000E+14   0.1006206360029E-16
  0.1923370000000E+14   0.9020483708568E-17
  0.1971670000000E+14   0.8076499029231E-17
  0.2021180000000E+14   0.7256821326954E-17
  0.2071940000000E+14   0.6613941403663E-17
  0.2123970000000E+14   0.6025625177214E-17
  0.2177310000000E+14   0.5949829938965E-17
  0.2231980000000E+14   0.5862386932284E-17
  0.2288030000000E+14   0.5919571971861E-17
  0.2345490000000E+14   0.6009729107814E-17
  0.2404390000000E+14   0.6111159156335E-17
  0.2464770000000E+14   0.6250236044888E-17
  0.2526660000000E+14   0.6352069013552E-17
  0.2590110000000E+14   0.6472752238830E-17
  0.2655150000000E+14   0.6555936517262E-17
  0.2721830000000E+14   0.6706863409760E-17
  0.2790180000000E+14   0.6853040868812E-17
  0.2860240000000E+14   0.6927625187723E-17
  0.2932070000000E+14   0.6926294434356E-17
  0.3005700000000E+14   0.6896328659801E-17
  0.3081180000000E+14   0.6725837176895E-17
  0.3158550000000E+14   0.6561185385220E-17
  0.3237870000000E+14   0.5881043362339E-17
  0.3319170000000E+14   0.5089811169519E-17
  0.3402530000000E+14   0.4362239000653E-17
  0.3487970000000E+14   0.3692982894488E-17
  0.3575560000000E+14   0.3068909785408E-17
  0.3665350000000E+14   0.2509253616698E-17
  0.3757390000000E+14   0.1969308944350E-17
  0.3851740000000E+14   0.1642475205819E-17
  0.3948470000000E+14   0.1377279319366E-17
  0.4047620000000E+14   0.1207736953208E-17
  0.4149260000000E+14   0.1149904870471E-17
  0.4253460000000E+14   0.1101216993294E-17
  0.4360270000000E+14   0.1088926198349E-17
  0.4469770000000E+14   0.1078636766855E-17
  0.4582010000000E+14   0.1070560196899E-17
  0.4697070000000E+14   0.1064119652335E-17
  0.4815020000000E+14   0.1057945287618E-17
  0.4935940000000E+14   0.1051893752506E-17
  0.5059890000000E+14   0.1046986993970E-17
  0.5186950000000E+14   0.1043675449929E-17
  0.5317200000000E+14   0.1040961661801E-17
  0.5450730000000E+14   0.1040273206624E-17
  0.6258450000000E+14   0.1049573570788E-17
  0.7185870000000E+14   0.1066697967567E-17
  0.8250720000000E+14   0.1071239878006E-17
  0.9473370000000E+14   0.1058638147052E-17
  0.1087720000000E+15   0.1034496832374E-17
  0.1248910000000E+15   0.1008888157815E-17
  0.1433980000000E+15   0.9914713779138E-18
  0.1646470000000E+15   0.9920850238841E-18
  0.1890460000000E+15   0.1020110189074E-17
  0.2170600000000E+15   0.1077930810585E-17
  0.2492250000000E+15   0.1167332940817E-17
  0.2861570000000E+15   0.1286513650060E-17
  0.3285620000000E+15   0.1428474985967E-17
  0.3772500000000E+15   0.1581071317468E-17
  0.4331540000000E+15   0.1725744051215E-17
  0.4973410000000E+15   0.1838077909510E-17
  0.5710410000000E+15   0.1891146597168E-17
  0.6556610000000E+15   0.1861563847828E-17
  0.7528220000000E+15   0.1735868740539E-17
  0.8643800000000E+15   0.1518557208735E-17
  0.9924690000000E+15   0.1233164460313E-17
  0.1139540000000E+16   0.9155521544096E-18
  0.1308400000000E+16   0.6151257101590E-18
  0.1502290000000E+16   0.3672459105110E-18
  0.1724910000000E+16   0.1911871863147E-18
  0.1980520000000E+16   0.8483071073574E-19
  0.2274010000000E+16   0.3139867088429E-19
  0.2610990000000E+16   0.9432592311994E-20
  0.2997900000000E+16   0.2229865204130E-20
