mstar = 2 Msun, Rstar = 2.5 Rsun, Tstar = 10000, mdisk = 0.00054177 Msun, Rc = 150 AU, Rin = 0.5 AU, Rout = 250 AU, inclination = 45 degree, powerlaw = -0.5 
         130
  
  0.2997900000000E+11   0.9049569250138E-24
  0.3951060000000E+11   0.2050271760382E-23
  0.5207280000000E+11   0.4648594312241E-23
  0.6862910000000E+11   0.1054013478057E-22
  0.9044930000000E+11   0.2388185227526E-22
  0.1192070000000E+12   0.5403085197381E-22
  0.1571080000000E+12   0.1219476353277E-21
  0.2070600000000E+12   0.2742666740822E-21
  0.2728930000000E+12   0.6137928394567E-21
  0.3596580000000E+12   0.1487762138481E-20
  0.4740100000000E+12   0.4317927943254E-20
  0.6247180000000E+12   0.1239049041843E-19
  0.8233440000000E+12   0.3495450454546E-19
  0.1085120000000E+13   0.9651828095835E-19
  0.1430130000000E+13   0.2585323628103E-18
  0.1884830000000E+13   0.6654304024269E-18
  0.2484100000000E+13   0.1623179570209E-17
  0.3273910000000E+13   0.3667483145832E-17
  0.4314820000000E+13   0.7486203386500E-17
  0.5686700000000E+13   0.1322090004801E-16
  0.7494750000000E+13   0.1905708796992E-16
  0.7682960000000E+13   0.1946069608900E-16
  0.7875890000000E+13   0.1982142948746E-16
  0.8073670000000E+13   0.2013262118079E-16
  0.8276410000000E+13   0.2039356279217E-16
  0.8484250000000E+13   0.2060862864409E-16
  0.8697300000000E+13   0.2081930607143E-16
  0.8915700000000E+13   0.2097083758277E-16
  0.9139590000000E+13   0.2112793110370E-16
  0.9369100000000E+13   0.2123442132889E-16
  0.9604380000000E+13   0.2131467494202E-16
  0.9845560000000E+13   0.2136554543589E-16
  0.1009280000000E+14   0.2135437020787E-16
  0.1034620000000E+14   0.2130455604998E-16
  0.1060610000000E+14   0.2118850002512E-16
  0.1087240000000E+14   0.2106771752017E-16
  0.1114540000000E+14   0.2089106379618E-16
  0.1142530000000E+14   0.2068466009653E-16
  0.1171220000000E+14   0.2044309119076E-16
  0.1200630000000E+14   0.2014857514645E-16
  0.1230780000000E+14   0.1982072935632E-16
  0.1261690000000E+14   0.1944233940259E-16
  0.1293370000000E+14   0.1907843344170E-16
  0.1325850000000E+14   0.1867507122452E-16
  0.1359150000000E+14   0.1825701119388E-16
  0.1393280000000E+14   0.1781959181936E-16
  0.1428260000000E+14   0.1736652347349E-16
  0.1464130000000E+14   0.1693374939990E-16
  0.1500900000000E+14   0.1647278044318E-16
  0.1538590000000E+14   0.1592051177303E-16
  0.1577220000000E+14   0.1535845087081E-16
  0.1616830000000E+14   0.1458069502236E-16
  0.1657430000000E+14   0.1370451571529E-16
  0.1699050000000E+14   0.1279226999273E-16
  0.1741720000000E+14   0.1173271593531E-16
  0.1785460000000E+14   0.1073926941229E-16
  0.1830290000000E+14   0.9717257329267E-17
  0.1876260000000E+14   0.8758860519918E-17
  0.1923370000000E+14   0.7898482475125E-17
  0.1971670000000E+14   0.7114473346629E-17
  0.2021180000000E+14   0.6426454869239E-17
  0.2071940000000E+14   0.5874610901226E-17
  0.2123970000000E+14   0.5368854747775E-17
  0.2177310000000E+14   0.5249920242447E-17
  0.2231980000000E+14   0.5122021159539E-17
  0.2288030000000E+14   0.5097817899228E-17
  0.2345490000000E+14   0.5097676143883E-17
  0.2404390000000E+14   0.5109554666198E-17
  0.2464770000000E+14   0.5154915383676E-17
  0.2526660000000E+14   0.5183932747415E-17
  0.2590110000000E+14   0.5237113497895E-17
  0.2655150000000E+14   0.5274596102160E-17
  0.2721830000000E+14   0.5372223925164E-17
  0.2790180000000E+14   0.5477538871687E-17
  0.2860240000000E+14   0.5538580832205E-17
  0.2932070000000E+14   0.5548834439433E-17
  0.3005700000000E+14   0.5541950796724E-17
  0.3081180000000E+14   0.5429547450777E-17
  0.3158550000000E+14   0.5323212614103E-17
  0.3237870000000E+14   0.4812864560742E-17
  0.3319170000000E+14   0.4212433956137E-17
  0.3402530000000E+14   0.3658999454512E-17
  0.3487970000000E+14   0.3148079202706E-17
  0.3575560000000E+14   0.2669310078326E-17
  0.3665350000000E+14   0.2237319151768E-17
  0.3757390000000E+14   0.1815544320976E-17
  0.3851740000000E+14   0.1553624544975E-17
  0.3948470000000E+14   0.1326709540529E-17
  0.4047620000000E+14   0.1162557989863E-17
  0.4149260000000E+14   0.1101732918330E-17
  0.4253460000000E+14   0.1046807097319E-17
  0.4360270000000E+14   0.1034332128019E-17
  0.4469770000000E+14   0.1023375181755E-17
  0.4582010000000E+14   0.1014322106689E-17
  0.4697070000000E+14   0.1006534734635E-17
  0.4815020000000E+14   0.9983153444770E-18
  0.4935940000000E+14   0.9895309953304E-18
  0.5059890000000E+14   0.9816260175742E-18
  0.5186950000000E+14   0.9753577704663E-18
  0.5317200000000E+14   0.9694613194826E-18
  0.5450730000000E+14   0.9660531253529E-18
  0.6258450000000E+14   0.9631248512226E-18
  0.7185870000000E+14   0.9737160445801E-18
  0.8250720000000E+14   0.9756864328668E-18
  0.9473370000000E+14   0.9662147757189E-18
  0.1087720000000E+15   0.9522525140182E-18
  0.1248910000000E+15   0.9427111256494E-18
  0.1433980000000E+15   0.9445026029225E-18
  0.1646470000000E+15   0.9640913025550E-18
  0.1890460000000E+15   0.1007839358312E-17
  0.2170600000000E+15   0.1076682888405E-17
  0.2492250000000E+15   0.1172299374520E-17
  0.2861570000000E+15   0.1293890758305E-17
  0.3285620000000E+15   0.1435711742924E-17
  0.3772500000000E+15   0.1586794425306E-17
  0.4331540000000E+15   0.1729721615136E-17
  0.4973410000000E+15   0.1840899822968E-17
  0.5710410000000E+15   0.1893699495041E-17
  0.6556610000000E+15   0.1864656103593E-17
  0.7528220000000E+15   0.1740275312754E-17
  0.8643800000000E+15   0.1523893085372E-17
  0.9924690000000E+15   0.1238057317005E-17
  0.1139540000000E+16   0.9205723343030E-18
  0.1308400000000E+16   0.6182887757077E-18
  0.1502290000000E+16   0.3688057254447E-18
  0.1724910000000E+16   0.1917955700676E-18
  0.1980520000000E+16   0.8511562682716E-19
  0.2274010000000E+16   0.3150168869322E-19
  0.2610990000000E+16   0.9462967922817E-20
  0.2997900000000E+16   0.2236943753526E-20
