mstar = 2 Msun, Rstar = 2.5 Rsun, Tstar = 10000, mdisk = 0.0099783 Msun, Rc = 150 AU, Rin = 0.5 AU, Rout = 250 AU, inclination = 45 degree, powerlaw = -0.5 
         130
  
  0.2997900000000E+11   0.1220144845159E-22
  0.3951060000000E+11   0.2780076990771E-22
  0.5207280000000E+11   0.6326760890480E-22
  0.6862910000000E+11   0.1437420519022E-21
  0.9044930000000E+11   0.3258408710659E-21
  0.1192070000000E+12   0.7363914576641E-21
  0.1571080000000E+12   0.1657502399215E-20
  0.2070600000000E+12   0.3710637602050E-20
  0.2728930000000E+12   0.8247084940689E-20
  0.3596580000000E+12   0.1979244421290E-19
  0.4740100000000E+12   0.5658280977670E-19
  0.6247180000000E+12   0.1587663997422E-18
  0.8233440000000E+12   0.4333141692815E-18
  0.1085120000000E+13   0.1138978999944E-17
  0.1430130000000E+13   0.2832561685167E-17
  0.1884830000000E+13   0.6509669460029E-17
  0.2484100000000E+13   0.1334277969539E-16
  0.3273910000000E+13   0.2315993270797E-16
  0.4314820000000E+13   0.3227652219304E-16
  0.5686700000000E+13   0.3528601873632E-16
  0.7494750000000E+13   0.3256741477262E-16
  0.7682960000000E+13   0.3219562287974E-16
  0.7875890000000E+13   0.3180389995936E-16
  0.8073670000000E+13   0.3138935735707E-16
  0.8276410000000E+13   0.3095415447507E-16
  0.8484250000000E+13   0.3050466543333E-16
  0.8697300000000E+13   0.3008250469646E-16
  0.8915700000000E+13   0.2963731577051E-16
  0.9139590000000E+13   0.2923309577074E-16
  0.9369100000000E+13   0.2881704572333E-16
  0.9604380000000E+13   0.2841410170894E-16
  0.9845560000000E+13   0.2802238356897E-16
  0.1009280000000E+14   0.2760912480613E-16
  0.1034620000000E+14   0.2719805001402E-16
  0.1060610000000E+14   0.2675930449848E-16
  0.1087240000000E+14   0.2635823880066E-16
  0.1114540000000E+14   0.2593906783502E-16
  0.1142530000000E+14   0.2552916380798E-16
  0.1171220000000E+14   0.2512122161516E-16
  0.1200630000000E+14   0.2469188907941E-16
  0.1230780000000E+14   0.2426106471824E-16
  0.1261690000000E+14   0.2380373246782E-16
  0.1293370000000E+14   0.2339880166835E-16
  0.1325850000000E+14   0.2297451867058E-16
  0.1359150000000E+14   0.2255889506166E-16
  0.1393280000000E+14   0.2214122612137E-16
  0.1428260000000E+14   0.2172152202758E-16
  0.1464130000000E+14   0.2134774144546E-16
  0.1500900000000E+14   0.2094382211758E-16
  0.1538590000000E+14   0.2040468281376E-16
  0.1577220000000E+14   0.1984640422237E-16
  0.1616830000000E+14   0.1893854729512E-16
  0.1657430000000E+14   0.1785648510079E-16
  0.1699050000000E+14   0.1669647107170E-16
  0.1741720000000E+14   0.1528099464025E-16
  0.1785460000000E+14   0.1395119834029E-16
  0.1830290000000E+14   0.1255908141131E-16
  0.1876260000000E+14   0.1125342224783E-16
  0.1923370000000E+14   0.1008953168104E-16
  0.1971670000000E+14   0.9034068339673E-17
  0.2021180000000E+14   0.8117070927135E-17
  0.2071940000000E+14   0.7397740267503E-17
  0.2123970000000E+14   0.6739310184729E-17
  0.2177310000000E+14   0.6654391292975E-17
  0.2231980000000E+14   0.6554895427076E-17
  0.2288030000000E+14   0.6615087662359E-17
  0.2345490000000E+14   0.6710297948880E-17
  0.2404390000000E+14   0.6816543772538E-17
  0.2464770000000E+14   0.6963560578936E-17
  0.2526660000000E+14   0.7068419186321E-17
  0.2590110000000E+14   0.7193234030341E-17
  0.2655150000000E+14   0.7275725554217E-17
  0.2721830000000E+14   0.7431816165217E-17
  0.2790180000000E+14   0.7581798596720E-17
  0.2860240000000E+14   0.7651966601329E-17
  0.2932070000000E+14   0.7637896829748E-17
  0.3005700000000E+14   0.7591770666501E-17
  0.3081180000000E+14   0.7392004299197E-17
  0.3158550000000E+14   0.7198704391634E-17
  0.3237870000000E+14   0.6444709419168E-17
  0.3319170000000E+14   0.5569312579287E-17
  0.3402530000000E+14   0.4763865902460E-17
  0.3487970000000E+14   0.4022699912705E-17
  0.3575560000000E+14   0.3332429994219E-17
  0.3665350000000E+14   0.2713996404300E-17
  0.3757390000000E+14   0.2119815576163E-17
  0.3851740000000E+14   0.1759328229304E-17
  0.3948470000000E+14   0.1467190851533E-17
  0.4047620000000E+14   0.1280289956571E-17
  0.4149260000000E+14   0.1214157286803E-17
  0.4253460000000E+14   0.1158665651648E-17
  0.4360270000000E+14   0.1141638452227E-17
  0.4469770000000E+14   0.1127099590842E-17
  0.4582010000000E+14   0.1115251380374E-17
  0.4697070000000E+14   0.1105487016564E-17
  0.4815020000000E+14   0.1096411273110E-17
  0.4935940000000E+14   0.1087879988212E-17
  0.5059890000000E+14   0.1080898974142E-17
  0.5186950000000E+14   0.1075874311499E-17
  0.5317200000000E+14   0.1071788261924E-17
  0.5450730000000E+14   0.1069993232107E-17
  0.6258450000000E+14   0.1076829208033E-17
  0.7185870000000E+14   0.1094692484423E-17
  0.8250720000000E+14   0.1100595699054E-17
  0.9473370000000E+14   0.1088042878656E-17
  0.1087720000000E+15   0.1061355477165E-17
  0.1248910000000E+15   0.1030294329870E-17
  0.1433980000000E+15   0.1005090333025E-17
  0.1646470000000E+15   0.9969310704982E-18
  0.1890460000000E+15   0.1017002874022E-17
  0.2170600000000E+15   0.1069231690402E-17
  0.2492250000000E+15   0.1156086910646E-17
  0.2861570000000E+15   0.1275375542533E-17
  0.3285620000000E+15   0.1419322905903E-17
  0.3772500000000E+15   0.1574802725635E-17
  0.4331540000000E+15   0.1722086545715E-17
  0.4973410000000E+15   0.1835924315808E-17
  0.5710410000000E+15   0.1889333706162E-17
  0.6556610000000E+15   0.1859321308878E-17
  0.7528220000000E+15   0.1732619202714E-17
  0.8643800000000E+15   0.1514609518180E-17
  0.9924690000000E+15   0.1229544118454E-17
  0.1139540000000E+16   0.9118422501242E-18
  0.1308400000000E+16   0.6127875065646E-18
  0.1502290000000E+16   0.3660919672937E-18
  0.1724910000000E+16   0.1907366906474E-18
  0.1980520000000E+16   0.8461976856498E-19
  0.2274010000000E+16   0.3132239486101E-19
  0.2610990000000E+16   0.9410100541544E-20
  0.2997900000000E+16   0.2224623648652E-20
