mstar = 2 Msun, Rstar = 2.5 Rsun, Tstar = 10000, mdisk = 0.0011814 Msun, Rc = 150 AU, Rin = 0.5 AU, Rout = 250 AU, inclination = 45 degree, powerlaw = -0.5 
         130
  
  0.2997900000000E+11   0.1795972578881E-23
  0.3951060000000E+11   0.4082727619981E-23
  0.5207280000000E+11   0.9279458454752E-23
  0.6862910000000E+11   0.2107543346731E-22
  0.9044930000000E+11   0.4780194625214E-22
  0.1192070000000E+12   0.1081969374899E-21
  0.1571080000000E+12   0.2441756140361E-21
  0.2070600000000E+12   0.5487959910713E-21
  0.2728930000000E+12   0.1226578212482E-20
  0.3596580000000E+12   0.2967283466276E-20
  0.4740100000000E+12   0.8587126864277E-20
  0.6247180000000E+12   0.2453356663769E-19
  0.8233440000000E+12   0.6877609346502E-19
  0.1085120000000E+13   0.1882124353393E-18
  0.1430130000000E+13   0.4977367203427E-18
  0.1884830000000E+13   0.1257762272693E-17
  0.2484100000000E+13   0.2987009836152E-17
  0.3273910000000E+13   0.6488544572092E-17
  0.4314820000000E+13   0.1249153848161E-16
  0.5686700000000E+13   0.2022695379174E-16
  0.7494750000000E+13   0.2580876623154E-16
  0.7682960000000E+13   0.2602615815404E-16
  0.7875890000000E+13   0.2617428605229E-16
  0.8073670000000E+13   0.2624840149309E-16
  0.8276410000000E+13   0.2625066865005E-16
  0.8484250000000E+13   0.2618855661175E-16
  0.8697300000000E+13   0.2610662912114E-16
  0.8915700000000E+13   0.2595139822034E-16
  0.9139590000000E+13   0.2578931709477E-16
  0.9369100000000E+13   0.2556750352434E-16
  0.9604380000000E+13   0.2531235808807E-16
  0.9845560000000E+13   0.2502362293556E-16
  0.1009280000000E+14   0.2467474083478E-16
  0.1034620000000E+14   0.2429103977204E-16
  0.1060610000000E+14   0.2385138105657E-16
  0.1087240000000E+14   0.2341413379352E-16
  0.1114540000000E+14   0.2293734859414E-16
  0.1142530000000E+14   0.2244722695950E-16
  0.1171220000000E+14   0.2194221511211E-16
  0.1200630000000E+14   0.2140956067066E-16
  0.1230780000000E+14   0.2086859617757E-16
  0.1261690000000E+14   0.2030569430730E-16
  0.1293370000000E+14   0.1978030337687E-16
  0.1325850000000E+14   0.1924506837715E-16
  0.1359150000000E+14   0.1872267171497E-16
  0.1393280000000E+14   0.1820847004999E-16
  0.1428260000000E+14   0.1770476057518E-16
  0.1464130000000E+14   0.1724611081142E-16
  0.1500900000000E+14   0.1678188829231E-16
  0.1538590000000E+14   0.1623979296205E-16
  0.1577220000000E+14   0.1569932320297E-16
  0.1616830000000E+14   0.1492816609121E-16
  0.1657430000000E+14   0.1404596874851E-16
  0.1699050000000E+14   0.1311880394173E-16
  0.1741720000000E+14   0.1202151339986E-16
  0.1785460000000E+14   0.1099305252137E-16
  0.1830290000000E+14   0.9929724102754E-17
  0.1876260000000E+14   0.8934927897623E-17
  0.1923370000000E+14   0.8046024318435E-17
  0.1971670000000E+14   0.7239061586061E-17
  0.2021180000000E+14   0.6533939478523E-17
  0.2071940000000E+14   0.5970717834012E-17
  0.2123970000000E+14   0.5454810695989E-17
  0.2177310000000E+14   0.5341055647015E-17
  0.2231980000000E+14   0.5225054103158E-17
  0.2288030000000E+14   0.5230164852970E-17
  0.2345490000000E+14   0.5270872625796E-17
  0.2404390000000E+14   0.5330434198147E-17
  0.2464770000000E+14   0.5430336164677E-17
  0.2526660000000E+14   0.5507975949729E-17
  0.2590110000000E+14   0.5608456736775E-17
  0.2655150000000E+14   0.5683066834764E-17
  0.2721830000000E+14   0.5819869575814E-17
  0.2790180000000E+14   0.5956611077667E-17
  0.2860240000000E+14   0.6034463649972E-17
  0.2932070000000E+14   0.6048328844345E-17
  0.3005700000000E+14   0.6038334244555E-17
  0.3081180000000E+14   0.5906358713265E-17
  0.3158550000000E+14   0.5779485136641E-17
  0.3237870000000E+14   0.5200416359346E-17
  0.3319170000000E+14   0.4522070723117E-17
  0.3402530000000E+14   0.3897559732315E-17
  0.3487970000000E+14   0.3322477932454E-17
  0.3575560000000E+14   0.2785705622754E-17
  0.3665350000000E+14   0.2303802138503E-17
  0.3757390000000E+14   0.1837283563623E-17
  0.3851740000000E+14   0.1554046774759E-17
  0.3948470000000E+14   0.1320759101072E-17
  0.4047620000000E+14   0.1167633710152E-17
  0.4149260000000E+14   0.1113836940120E-17
  0.4253460000000E+14   0.1067268009372E-17
  0.4360270000000E+14   0.1055223708430E-17
  0.4469770000000E+14   0.1044906486082E-17
  0.4582010000000E+14   0.1036538796112E-17
  0.4697070000000E+14   0.1029564743833E-17
  0.4815020000000E+14   0.1022604522226E-17
  0.4935940000000E+14   0.1015500980181E-17
  0.5059890000000E+14   0.1009315850658E-17
  0.5186950000000E+14   0.1004564323036E-17
  0.5317200000000E+14   0.1000237018318E-17
  0.5450730000000E+14   0.9979010326140E-18
  0.6258450000000E+14   0.9976437570892E-18
  0.7185870000000E+14   0.1006901602350E-17
  0.8250720000000E+14   0.1006808220525E-17
  0.9473370000000E+14   0.9943466769118E-18
  0.1087720000000E+15   0.9759428475176E-18
  0.1248910000000E+15   0.9607982451929E-18
  0.1433980000000E+15   0.9564684465616E-18
  0.1646470000000E+15   0.9702820571481E-18
  0.1890460000000E+15   0.1009562540127E-17
  0.2170600000000E+15   0.1075809947087E-17
  0.2492250000000E+15   0.1170492736297E-17
  0.2861570000000E+15   0.1291977733011E-17
  0.3285620000000E+15   0.1433931723960E-17
  0.3772500000000E+15   0.1585360584595E-17
  0.4331540000000E+15   0.1728738214713E-17
  0.4973410000000E+15   0.1840194763180E-17
  0.5710410000000E+15   0.1893026008150E-17
  0.6556610000000E+15   0.1863815981370E-17
  0.7528220000000E+15   0.1739071542280E-17
  0.8643800000000E+15   0.1522434842685E-17
  0.9924690000000E+15   0.1236720014561E-17
  0.1139540000000E+16   0.9191995013813E-18
  0.1308400000000E+16   0.6174239030457E-18
  0.1502290000000E+16   0.3683793654111E-18
  0.1724910000000E+16   0.1916293384673E-18
  0.1980520000000E+16   0.8503777286632E-19
  0.2274010000000E+16   0.3147353963771E-19
  0.2610990000000E+16   0.9454668134879E-20
  0.2997900000000E+16   0.2235009653050E-20
