mstar = 2 Msun, Rstar = 2.5 Rsun, Tstar = 10000, mdisk = 0.0014452 Msun, Rc = 150 AU, Rin = 0.5 AU, Rout = 250 AU, inclination = 45 degree, powerlaw = -0.5 
         130
  
  0.2997900000000E+11   0.2152086907457E-23
  0.3951060000000E+11   0.4894944009428E-23
  0.5207280000000E+11   0.1112975760308E-22
  0.6862910000000E+11   0.2528399250749E-22
  0.9044930000000E+11   0.5735464218110E-22
  0.1192070000000E+12   0.1298204853946E-21
  0.1571080000000E+12   0.2929456774788E-21
  0.2070600000000E+12   0.6582630295322E-21
  0.2728930000000E+12   0.1470707336998E-20
  0.3596580000000E+12   0.3555998375369E-20
  0.4740100000000E+12   0.1028286992693E-19
  0.6247180000000E+12   0.2934470316056E-19
  0.8233440000000E+12   0.8212765902960E-19
  0.1085120000000E+13   0.2242161551375E-18
  0.1430130000000E+13   0.5909007090677E-18
  0.1884830000000E+13   0.1485569046093E-17
  0.2484100000000E+13   0.3501022644709E-17
  0.3273910000000E+13   0.7516554737291E-17
  0.4314820000000E+13   0.1421096291490E-16
  0.5686700000000E+13   0.2238707980360E-16
  0.7494750000000E+13   0.2750610161293E-16
  0.7682960000000E+13   0.2763463119398E-16
  0.7875890000000E+13   0.2768887155941E-16
  0.8073670000000E+13   0.2766529631984E-16
  0.8276410000000E+13   0.2756729983890E-16
  0.8484250000000E+13   0.2740343299281E-16
  0.8697300000000E+13   0.2721823593294E-16
  0.8915700000000E+13   0.2696065949330E-16
  0.9139590000000E+13   0.2669625562611E-16
  0.9369100000000E+13   0.2637492635368E-16
  0.9604380000000E+13   0.2602335749327E-16
  0.9845560000000E+13   0.2564246258062E-16
  0.1009280000000E+14   0.2520784686196E-16
  0.1034620000000E+14   0.2474495025949E-16
  0.1060610000000E+14   0.2423422417471E-16
  0.1087240000000E+14   0.2373288164416E-16
  0.1114540000000E+14   0.2320096166692E-16
  0.1142530000000E+14   0.2266432078100E-16
  0.1171220000000E+14   0.2212174395324E-16
  0.1200630000000E+14   0.2156052894574E-16
  0.1230780000000E+14   0.2099938937890E-16
  0.1261690000000E+14   0.2042406300079E-16
  0.1293370000000E+14   0.1989378624693E-16
  0.1325850000000E+14   0.1936009158793E-16
  0.1359150000000E+14   0.1884504928244E-16
  0.1393280000000E+14   0.1834286310821E-16
  0.1428260000000E+14   0.1785475698336E-16
  0.1464130000000E+14   0.1741577245549E-16
  0.1500900000000E+14   0.1697197280963E-16
  0.1538590000000E+14   0.1644607168561E-16
  0.1577220000000E+14   0.1592053104082E-16
  0.1616830000000E+14   0.1514998842237E-16
  0.1657430000000E+14   0.1426006606449E-16
  0.1699050000000E+14   0.1332041176663E-16
  0.1741720000000E+14   0.1219924385820E-16
  0.1785460000000E+14   0.1114849096742E-16
  0.1830290000000E+14   0.1005904733487E-16
  0.1876260000000E+14   0.9040047297908E-17
  0.1923370000000E+14   0.8130919729038E-17
  0.1971670000000E+14   0.7306588320855E-17
  0.2021180000000E+14   0.6587918412348E-17
  0.2071940000000E+14   0.6016602729452E-17
  0.2123970000000E+14   0.5493637236739E-17
  0.2177310000000E+14   0.5389931242431E-17
  0.2231980000000E+14   0.5283328588354E-17
  0.2288030000000E+14   0.5302857020250E-17
  0.2345490000000E+14   0.5358315066333E-17
  0.2404390000000E+14   0.5431504157691E-17
  0.2464770000000E+14   0.5544488627217E-17
  0.2526660000000E+14   0.5631706906101E-17
  0.2590110000000E+14   0.5740240782007E-17
  0.2655150000000E+14   0.5819844208909E-17
  0.2721830000000E+14   0.5961979254768E-17
  0.2790180000000E+14   0.6102707713213E-17
  0.2860240000000E+14   0.6181869924648E-17
  0.2932070000000E+14   0.6194585654624E-17
  0.3005700000000E+14   0.6182455917333E-17
  0.3081180000000E+14   0.6044873945340E-17
  0.3158550000000E+14   0.5912461419121E-17
  0.3237870000000E+14   0.5316266522723E-17
  0.3319170000000E+14   0.4618511460966E-17
  0.3402530000000E+14   0.3976225948434E-17
  0.3487970000000E+14   0.3384181361577E-17
  0.3575560000000E+14   0.2830873374418E-17
  0.3665350000000E+14   0.2334149486843E-17
  0.3757390000000E+14   0.1853769542941E-17
  0.3851740000000E+14   0.1562507493052E-17
  0.3948470000000E+14   0.1323492600646E-17
  0.4047620000000E+14   0.1168176123176E-17
  0.4149260000000E+14   0.1114218149020E-17
  0.4253460000000E+14   0.1067839023977E-17
  0.4360270000000E+14   0.1055836587186E-17
  0.4469770000000E+14   0.1045606924732E-17
  0.4582010000000E+14   0.1037368670374E-17
  0.4697070000000E+14   0.1030569278784E-17
  0.4815020000000E+14   0.1023843142257E-17
  0.4935940000000E+14   0.1017034559905E-17
  0.5059890000000E+14   0.1011188523127E-17
  0.5186950000000E+14   0.1006805298770E-17
  0.5317200000000E+14   0.1002885981152E-17
  0.5450730000000E+14   0.1000962757395E-17
  0.6258450000000E+14   0.1003269671175E-17
  0.7185870000000E+14   0.1015197909097E-17
  0.8250720000000E+14   0.1017359277757E-17
  0.9473370000000E+14   0.1006116166859E-17
  0.1087720000000E+15   0.9875697845839E-18
  0.1248910000000E+15   0.9710430984900E-18
  0.1433980000000E+15   0.9645747162531E-18
  0.1646470000000E+15   0.9761510045345E-18
  0.1890460000000E+15   0.1013643756783E-17
  0.2170600000000E+15   0.1078667434200E-17
  0.2492250000000E+15   0.1172494616131E-17
  0.2861570000000E+15   0.1293284467272E-17
  0.3285620000000E+15   0.1434694957016E-17
  0.3772500000000E+15   0.1585754213356E-17
  0.4331540000000E+15   0.1728877787749E-17
  0.4973410000000E+15   0.1840160566435E-17
  0.5710410000000E+15   0.1892873519422E-17
  0.6556610000000E+15   0.1863559768687E-17
  0.7528220000000E+15   0.1738680031083E-17
  0.8643800000000E+15   0.1521955772915E-17
  0.9924690000000E+15   0.1236280208205E-17
  0.1139540000000E+16   0.9187480697342E-18
  0.1308400000000E+16   0.6171394840587E-18
  0.1502290000000E+16   0.3682391313607E-18
  0.1724910000000E+16   0.1915746527096E-18
  0.1980520000000E+16   0.8501216180916E-19
  0.2274010000000E+16   0.3146427951546E-19
  0.2610990000000E+16   0.9451937745074E-20
  0.2997900000000E+16   0.2234373384745E-20
