mstar = 2 Msun, Rstar = 2.5 Rsun, Tstar = 10000, mdisk = 0.0020032 Msun, Rc = 150 AU, Rin = 0.5 AU, Rout = 250 AU, inclination = 45 degree, powerlaw = -0.5 
         130
  
  0.2997900000000E+11   0.2881963720843E-23
  0.3951060000000E+11   0.6559417029202E-23
  0.5207280000000E+11   0.1492093531118E-22
  0.6862910000000E+11   0.3390522388876E-22
  0.9044930000000E+11   0.7691759163564E-22
  0.1192070000000E+12   0.1740860853892E-21
  0.1571080000000E+12   0.3927313708895E-21
  0.2070600000000E+12   0.8820834212610E-21
  0.2728930000000E+12   0.1969404947632E-20
  0.3596580000000E+12   0.4757085847638E-20
  0.4740100000000E+12   0.1373616540717E-19
  0.6247180000000E+12   0.3911682875959E-19
  0.8233440000000E+12   0.1091440442534E-18
  0.1085120000000E+13   0.2966602392579E-18
  0.1430130000000E+13   0.7767688516549E-18
  0.1884830000000E+13   0.1934051612725E-17
  0.2484100000000E+13   0.4491422902886E-17
  0.3273910000000E+13   0.9427201083740E-17
  0.4314820000000E+13   0.1721054954062E-16
  0.5686700000000E+13   0.2573877957995E-16
  0.7494750000000E+13   0.2958497722885E-16
  0.7682960000000E+13   0.2954197341105E-16
  0.7875890000000E+13   0.2942326099436E-16
  0.8073670000000E+13   0.2922783518483E-16
  0.8276410000000E+13   0.2896121746575E-16
  0.8484250000000E+13   0.2863355399794E-16
  0.8697300000000E+13   0.2828810470313E-16
  0.8915700000000E+13   0.2787946910371E-16
  0.9139590000000E+13   0.2747010315747E-16
  0.9369100000000E+13   0.2701555646318E-16
  0.9604380000000E+13   0.2654220332294E-16
  0.9845560000000E+13   0.2605253317372E-16
  0.1009280000000E+14   0.2552498736531E-16
  0.1034620000000E+14   0.2498418592992E-16
  0.1060610000000E+14   0.2441187649129E-16
  0.1087240000000E+14   0.2386301836350E-16
  0.1114540000000E+14   0.2329910841375E-16
  0.1142530000000E+14   0.2274468386948E-16
  0.1171220000000E+14   0.2219778476292E-16
  0.1200630000000E+14   0.2164418924088E-16
  0.1230780000000E+14   0.2110100145140E-16
  0.1261690000000E+14   0.2055152234783E-16
  0.1293370000000E+14   0.2005566306683E-16
  0.1325850000000E+14   0.1956109295724E-16
  0.1359150000000E+14   0.1908911091613E-16
  0.1393280000000E+14   0.1863169041705E-16
  0.1428260000000E+14   0.1818841903638E-16
  0.1464130000000E+14   0.1779565826346E-16
  0.1500900000000E+14   0.1739396685305E-16
  0.1538590000000E+14   0.1689885107150E-16
  0.1577220000000E+14   0.1639890182932E-16
  0.1616830000000E+14   0.1562962580539E-16
  0.1657430000000E+14   0.1472718889321E-16
  0.1699050000000E+14   0.1376710517911E-16
  0.1741720000000E+14   0.1260785616788E-16
  0.1785460000000E+14   0.1152073120785E-16
  0.1830290000000E+14   0.1038855082858E-16
  0.1876260000000E+14   0.9329011862245E-17
  0.1923370000000E+14   0.8384743951847E-17
  0.1971670000000E+14   0.7529074345116E-17
  0.2021180000000E+14   0.6784706393216E-17
  0.2071940000000E+14   0.6196664261586E-17
  0.2123970000000E+14   0.5658382635538E-17
  0.2177310000000E+14   0.5568511376908E-17
  0.2231980000000E+14   0.5473153499344E-17
  0.2288030000000E+14   0.5510413550513E-17
  0.2345490000000E+14   0.5582698722500E-17
  0.2404390000000E+14   0.5670133433504E-17
  0.2464770000000E+14   0.5796018472741E-17
  0.2526660000000E+14   0.5891326966225E-17
  0.2590110000000E+14   0.6006629477052E-17
  0.2655150000000E+14   0.6089464554678E-17
  0.2721830000000E+14   0.6236455979724E-17
  0.2790180000000E+14   0.6380671178165E-17
  0.2860240000000E+14   0.6459697026311E-17
  0.2932070000000E+14   0.6468888493136E-17
  0.3005700000000E+14   0.6451750688845E-17
  0.3081180000000E+14   0.6303549238844E-17
  0.3158550000000E+14   0.6160638513988E-17
  0.3237870000000E+14   0.5534531223092E-17
  0.3319170000000E+14   0.4802768015415E-17
  0.3402530000000E+14   0.4129346366546E-17
  0.3487970000000E+14   0.3509221745368E-17
  0.3575560000000E+14   0.2930101652442E-17
  0.3665350000000E+14   0.2410287880586E-17
  0.3757390000000E+14   0.1908918379116E-17
  0.3851740000000E+14   0.1605134858363E-17
  0.3948470000000E+14   0.1356756763033E-17
  0.4047620000000E+14   0.1196045717592E-17
  0.4149260000000E+14   0.1140055402671E-17
  0.4253460000000E+14   0.1092246056626E-17
  0.4360270000000E+14   0.1079266940826E-17
  0.4469770000000E+14   0.1068170752862E-17
  0.4582010000000E+14   0.1059169534403E-17
  0.4697070000000E+14   0.1051706123232E-17
  0.4815020000000E+14   0.1044423538541E-17
  0.4935940000000E+14   0.1037169226343E-17
  0.5059890000000E+14   0.1030967961632E-17
  0.5186950000000E+14   0.1026294116057E-17
  0.5317200000000E+14   0.1022156301984E-17
  0.5450730000000E+14   0.1020032722874E-17
  0.6258450000000E+14   0.1021509395110E-17
  0.7185870000000E+14   0.1032294717086E-17
  0.8250720000000E+14   0.1032716733597E-17
  0.9473370000000E+14   0.1018996291807E-17
  0.1087720000000E+15   0.9972553931209E-18
  0.1248910000000E+15   0.9771933334186E-18
  0.1433980000000E+15   0.9674226212363E-18
  0.1646470000000E+15   0.9764359941129E-18
  0.1890460000000E+15   0.1012305561167E-17
  0.2170600000000E+15   0.1076457018404E-17
  0.2492250000000E+15   0.1169887843958E-17
  0.2861570000000E+15   0.1290697919327E-17
  0.3285620000000E+15   0.1432574759435E-17
  0.3772500000000E+15   0.1584300953778E-17
  0.4331540000000E+15   0.1727981449319E-17
  0.4973410000000E+15   0.1839593590527E-17
  0.5710410000000E+15   0.1892419122978E-17
  0.6556610000000E+15   0.1863048495457E-17
  0.7528220000000E+15   0.1737968572391E-17
  0.8643800000000E+15   0.1521098059274E-17
  0.9924690000000E+15   0.1235494107996E-17
  0.1139540000000E+16   0.9179414991807E-18
  0.1308400000000E+16   0.6166313007563E-18
  0.1502290000000E+16   0.3679885416652E-18
  0.1724910000000E+16   0.1914769196231E-18
  0.1980520000000E+16   0.8496639134537E-19
  0.2274010000000E+16   0.3144773024939E-19
  0.2610990000000E+16   0.9447058080600E-20
  0.2997900000000E+16   0.2233236260071E-20
