mstar = 2 Msun, Rstar = 2.5 Rsun, Tstar = 10000, mdisk = 0.0012286 Msun, Rc = 150 AU, Rin = 0.5 AU, Rout = 250 AU, inclination = 45 degree, powerlaw = -0.5 
         130
  
  0.2997900000000E+11   0.1860573632220E-23
  0.3951060000000E+11   0.4230075878559E-23
  0.5207280000000E+11   0.9615154074143E-23
  0.6862910000000E+11   0.2183905375343E-22
  0.9044930000000E+11   0.4953544486793E-22
  0.1192070000000E+12   0.1121215394188E-21
  0.1571080000000E+12   0.2530291506313E-21
  0.2070600000000E+12   0.5686740409965E-21
  0.2728930000000E+12   0.1270926897548E-20
  0.3596580000000E+12   0.3074287801654E-20
  0.4740100000000E+12   0.8895584131685E-20
  0.6247180000000E+12   0.2540969282019E-19
  0.8233440000000E+12   0.7121137026770E-19
  0.1085120000000E+13   0.1947953586574E-18
  0.1430130000000E+13   0.5148340189369E-18
  0.1884830000000E+13   0.1299815498580E-17
  0.2484100000000E+13   0.3082816925528E-17
  0.3273910000000E+13   0.6683354410894E-17
  0.4314820000000E+13   0.1282745598189E-16
  0.5686700000000E+13   0.2067489268279E-16
  0.7494750000000E+13   0.2621115988099E-16
  0.7682960000000E+13   0.2641498078633E-16
  0.7875890000000E+13   0.2654828707340E-16
  0.8073670000000E+13   0.2660650910892E-16
  0.8276410000000E+13   0.2659202090996E-16
  0.8484250000000E+13   0.2651249277878E-16
  0.8697300000000E+13   0.2641265249800E-16
  0.8915700000000E+13   0.2623922284694E-16
  0.9139590000000E+13   0.2605874875047E-16
  0.9369100000000E+13   0.2581862983432E-16
  0.9604380000000E+13   0.2554541443227E-16
  0.9845560000000E+13   0.2523906274253E-16
  0.1009280000000E+14   0.2487331364027E-16
  0.1034620000000E+14   0.2447361910075E-16
  0.1060610000000E+14   0.2401906815235E-16
  0.1087240000000E+14   0.2356804939556E-16
  0.1114540000000E+14   0.2307883169698E-16
  0.1142530000000E+14   0.2257768221465E-16
  0.1171220000000E+14   0.2206313099403E-16
  0.1200630000000E+14   0.2152242380214E-16
  0.1230780000000E+14   0.2097486770424E-16
  0.1261690000000E+14   0.2040669740307E-16
  0.1293370000000E+14   0.1987757053765E-16
  0.1325850000000E+14   0.1933977240425E-16
  0.1359150000000E+14   0.1881599267665E-16
  0.1393280000000E+14   0.1830136336857E-16
  0.1428260000000E+14   0.1779797834964E-16
  0.1464130000000E+14   0.1734067344481E-16
  0.1500900000000E+14   0.1687798114491E-16
  0.1538590000000E+14   0.1633630878243E-16
  0.1577220000000E+14   0.1579606814027E-16
  0.1616830000000E+14   0.1502128947250E-16
  0.1657430000000E+14   0.1413328147423E-16
  0.1699050000000E+14   0.1319912841664E-16
  0.1741720000000E+14   0.1209174191009E-16
  0.1785460000000E+14   0.1105370006132E-16
  0.1830290000000E+14   0.9979765994331E-17
  0.1876260000000E+14   0.8974945034265E-17
  0.1923370000000E+14   0.8077199643614E-17
  0.1971670000000E+14   0.7262278906249E-17
  0.2021180000000E+14   0.6550462263306E-17
  0.2071940000000E+14   0.5982476583648E-17
  0.2123970000000E+14   0.5462298841199E-17
  0.2177310000000E+14   0.5350356506850E-17
  0.2231980000000E+14   0.5236063465998E-17
  0.2288030000000E+14   0.5244683638656E-17
  0.2345490000000E+14   0.5289170580580E-17
  0.2404390000000E+14   0.5352261276763E-17
  0.2464770000000E+14   0.5455644039228E-17
  0.2526660000000E+14   0.5535816275144E-17
  0.2590110000000E+14   0.5638561944020E-17
  0.2655150000000E+14   0.5714603268435E-17
  0.2721830000000E+14   0.5853155774845E-17
  0.2790180000000E+14   0.5991225392272E-17
  0.2860240000000E+14   0.6069575798818E-17
  0.2932070000000E+14   0.6083127509083E-17
  0.3005700000000E+14   0.6072504294376E-17
  0.3081180000000E+14   0.5938690574934E-17
  0.3158550000000E+14   0.5809984666758E-17
  0.3237870000000E+14   0.5225366405406E-17
  0.3319170000000E+14   0.4540749272695E-17
  0.3402530000000E+14   0.3910567615949E-17
  0.3487970000000E+14   0.3330380329236E-17
  0.3575560000000E+14   0.2788876375657E-17
  0.3665350000000E+14   0.2302654158532E-17
  0.3757390000000E+14   0.1832119525240E-17
  0.3851740000000E+14   0.1546901888637E-17
  0.3948470000000E+14   0.1312533246794E-17
  0.4047620000000E+14   0.1159518552936E-17
  0.4149260000000E+14   0.1106281661703E-17
  0.4253460000000E+14   0.1060346330677E-17
  0.4360270000000E+14   0.1048771989970E-17
  0.4469770000000E+14   0.1038908447310E-17
  0.4582010000000E+14   0.1030975674870E-17
  0.4697070000000E+14   0.1024418755099E-17
  0.4815020000000E+14   0.1017865202769E-17
  0.4935940000000E+14   0.1011158057888E-17
  0.5059890000000E+14   0.1005351602381E-17
  0.5186950000000E+14   0.1000956381164E-17
  0.5317200000000E+14   0.9969698598809E-18
  0.5450730000000E+14   0.9949485011511E-18
  0.6258450000000E+14   0.9961372088110E-18
  0.7185870000000E+14   0.1006473413152E-17
  0.8250720000000E+14   0.1007221167673E-17
  0.9473370000000E+14   0.9953444224686E-18
  0.1087720000000E+15   0.9772266905819E-18
  0.1248910000000E+15   0.9620714693170E-18
  0.1433980000000E+15   0.9574970149496E-18
  0.1646470000000E+15   0.9709500745312E-18
  0.1890460000000E+15   0.1009895184553E-17
  0.2170600000000E+15   0.1075923190514E-17
  0.2492250000000E+15   0.1170511042544E-17
  0.2861570000000E+15   0.1291973072119E-17
  0.3285620000000E+15   0.1433937293273E-17
  0.3772500000000E+15   0.1585382299309E-17
  0.4331540000000E+15   0.1728759404520E-17
  0.4973410000000E+15   0.1840197965371E-17
  0.5710410000000E+15   0.1893006708987E-17
  0.6556610000000E+15   0.1863774858334E-17
  0.7528220000000E+15   0.1739004798596E-17
  0.8643800000000E+15   0.1522352186006E-17
  0.9924690000000E+15   0.1236644018636E-17
  0.1139540000000E+16   0.9191214779286E-18
  0.1308400000000E+16   0.6173747452085E-18
  0.1502290000000E+16   0.3683551286962E-18
  0.1724910000000E+16   0.1916198874742E-18
  0.1980520000000E+16   0.8503334664055E-19
  0.2274010000000E+16   0.3147193926356E-19
  0.2610990000000E+16   0.9454196258231E-20
  0.2997900000000E+16   0.2234899690859E-20
