mstar = 2 Msun, Rstar = 2.5 Rsun, Tstar = 10000, mdisk = 0.0055853 Msun, Rc = 150 AU, Rin = 0.5 AU, Rout = 250 AU, inclination = 45 degree, powerlaw = -0.5 
         130
  
  0.2997900000000E+11   0.7240029902363E-23
  0.3951060000000E+11   0.1649464303788E-22
  0.5207280000000E+11   0.3754058764058E-22
  0.6862910000000E+11   0.8531324804742E-22
  0.9044930000000E+11   0.1934817226273E-21
  0.1192070000000E+12   0.4375726405638E-21
  0.1571080000000E+12   0.9859006990510E-21
  0.2070600000000E+12   0.2210202400880E-20
  0.2728930000000E+12   0.4921599633765E-20
  0.3596580000000E+12   0.1184363428665E-19
  0.4740100000000E+12   0.3400631744301E-19
  0.6247180000000E+12   0.9604434752598E-19
  0.8233440000000E+12   0.2647495228919E-18
  0.1085120000000E+13   0.7066896443991E-18
  0.1430130000000E+13   0.1800285562032E-17
  0.1884830000000E+13   0.4296942231967E-17
  0.2484100000000E+13   0.9342608807036E-17
  0.3273910000000E+13   0.1770672927917E-16
  0.4314820000000E+13   0.2773643139123E-16
  0.5686700000000E+13   0.3387350781886E-16
  0.7494750000000E+13   0.3225880436075E-16
  0.7682960000000E+13   0.3183107934763E-16
  0.7875890000000E+13   0.3136929329218E-16
  0.8073670000000E+13   0.3087479416568E-16
  0.8276410000000E+13   0.3035334443168E-16
  0.8484250000000E+13   0.2981400916358E-16
  0.8697300000000E+13   0.2929645840844E-16
  0.8915700000000E+13   0.2875883352450E-16
  0.9139590000000E+13   0.2825979661695E-16
  0.9369100000000E+13   0.2775495898361E-16
  0.9604380000000E+13   0.2726797541800E-16
  0.9845560000000E+13   0.2679857930552E-16
  0.1009280000000E+14   0.2631860996046E-16
  0.1034620000000E+14   0.2584956622524E-16
  0.1060610000000E+14   0.2536467556737E-16
  0.1087240000000E+14   0.2492267520230E-16
  0.1114540000000E+14   0.2447292094436E-16
  0.1142530000000E+14   0.2403962978066E-16
  0.1171220000000E+14   0.2361557695353E-16
  0.1200630000000E+14   0.2317852343395E-16
  0.1230780000000E+14   0.2274588840364E-16
  0.1261690000000E+14   0.2229378397888E-16
  0.1293370000000E+14   0.2189458922165E-16
  0.1325850000000E+14   0.2148124117405E-16
  0.1359150000000E+14   0.2107912096497E-16
  0.1393280000000E+14   0.2067777089415E-16
  0.1428260000000E+14   0.2027677587751E-16
  0.1464130000000E+14   0.1992051660778E-16
  0.1500900000000E+14   0.1953777131054E-16
  0.1538590000000E+14   0.1903007079124E-16
  0.1577220000000E+14   0.1850553867928E-16
  0.1616830000000E+14   0.1765519685209E-16
  0.1657430000000E+14   0.1664289915337E-16
  0.1699050000000E+14   0.1555864516864E-16
  0.1741720000000E+14   0.1423686054222E-16
  0.1785460000000E+14   0.1299596076933E-16
  0.1830290000000E+14   0.1169786473024E-16
  0.1876260000000E+14   0.1048121571384E-16
  0.1923370000000E+14   0.9397048924989E-17
  0.1971670000000E+14   0.8414282140756E-17
  0.2021180000000E+14   0.7560825641607E-17
  0.2071940000000E+14   0.6891569296359E-17
  0.2123970000000E+14   0.6279193789749E-17
  0.2177310000000E+14   0.6200374984057E-17
  0.2231980000000E+14   0.6108683869815E-17
  0.2288030000000E+14   0.6166516330305E-17
  0.2345490000000E+14   0.6257780666172E-17
  0.2404390000000E+14   0.6360077107514E-17
  0.2464770000000E+14   0.6500932662854E-17
  0.2526660000000E+14   0.6602902146654E-17
  0.2590110000000E+14   0.6724179281105E-17
  0.2655150000000E+14   0.6806429689678E-17
  0.2721830000000E+14   0.6958203292176E-17
  0.2790180000000E+14   0.7104998218954E-17
  0.2860240000000E+14   0.7177722972948E-17
  0.2932070000000E+14   0.7172034773350E-17
  0.3005700000000E+14   0.7136819963079E-17
  0.3081180000000E+14   0.6956653715048E-17
  0.3158550000000E+14   0.6782587451771E-17
  0.3237870000000E+14   0.6077385982576E-17
  0.3319170000000E+14   0.5258016733279E-17
  0.3402530000000E+14   0.4504545778490E-17
  0.3487970000000E+14   0.3811009094924E-17
  0.3575560000000E+14   0.3164795116445E-17
  0.3665350000000E+14   0.2585732241949E-17
  0.3757390000000E+14   0.2027670565939E-17
  0.3851740000000E+14   0.1688687474788E-17
  0.3948470000000E+14   0.1413390655758E-17
  0.4047620000000E+14   0.1237250873516E-17
  0.4149260000000E+14   0.1176122224912E-17
  0.4253460000000E+14   0.1124699235776E-17
  0.4360270000000E+14   0.1110354636688E-17
  0.4469770000000E+14   0.1098187387586E-17
  0.4582010000000E+14   0.1088406868423E-17
  0.4697070000000E+14   0.1080427862121E-17
  0.4815020000000E+14   0.1072878244715E-17
  0.4935940000000E+14   0.1065617127853E-17
  0.5059890000000E+14   0.1059654820331E-17
  0.5186950000000E+14   0.1055424634545E-17
  0.5317200000000E+14   0.1051925561937E-17
  0.5450730000000E+14   0.1050550237340E-17
  0.6258450000000E+14   0.1057488587312E-17
  0.7185870000000E+14   0.1073643849896E-17
  0.8250720000000E+14   0.1077792464690E-17
  0.9473370000000E+14   0.1064821589838E-17
  0.1087720000000E+15   0.1040021135075E-17
  0.1248910000000E+15   0.1013376203463E-17
  0.1433980000000E+15   0.9945549369766E-18
  0.1646470000000E+15   0.9934959924940E-18
  0.1890460000000E+15   0.1019842108371E-17
  0.2170600000000E+15   0.1076348690458E-17
  0.2492250000000E+15   0.1165076692552E-17
  0.2861570000000E+15   0.1284172864184E-17
  0.3285620000000E+15   0.1426443551119E-17
  0.3772500000000E+15   0.1579564292699E-17
  0.4331540000000E+15   0.1724775877646E-17
  0.4973410000000E+15   0.1837460227520E-17
  0.5710410000000E+15   0.1890610988284E-17
  0.6556610000000E+15   0.1860900701854E-17
  0.7528220000000E+15   0.1734908040661E-17
  0.8643800000000E+15   0.1517389710794E-17
  0.9924690000000E+15   0.1232093619844E-17
  0.1139540000000E+16   0.9144543848764E-18
  0.1308400000000E+16   0.6144338911587E-18
  0.1502290000000E+16   0.3669045655294E-18
  0.1724910000000E+16   0.1910539633106E-18
  0.1980520000000E+16   0.8476832691213E-19
  0.2274010000000E+16   0.3137611354712E-19
  0.2610990000000E+16   0.9425940858423E-20
  0.2997900000000E+16   0.2228315146237E-20
