mstar = 2 Msun, Rstar = 2.5 Rsun, Tstar = 10000, mdisk = 0.0012434 Msun, Rc = 150 AU, Rin = 0.5 AU, Rout = 250 AU, inclination = 45 degree, powerlaw = -0.5 
         130
  
  0.2997900000000E+11   0.1878693893504E-23
  0.3951060000000E+11   0.4271388660132E-23
  0.5207280000000E+11   0.9709221673965E-23
  0.6862910000000E+11   0.2205287334532E-22
  0.9044930000000E+11   0.5002035782607E-22
  0.1192070000000E+12   0.1132179308349E-21
  0.1571080000000E+12   0.2554981913492E-21
  0.2070600000000E+12   0.5742046550180E-21
  0.2728930000000E+12   0.1283227497317E-20
  0.3596580000000E+12   0.3103842191435E-20
  0.4740100000000E+12   0.8980292342005E-20
  0.6247180000000E+12   0.2564841364399E-19
  0.8233440000000E+12   0.7186779442825E-19
  0.1085120000000E+13   0.1965429358829E-18
  0.1430130000000E+13   0.5192741896323E-18
  0.1884830000000E+13   0.1310392927114E-17
  0.2484100000000E+13   0.3105789200475E-17
  0.3273910000000E+13   0.6726669218894E-17
  0.4314820000000E+13   0.1289284681829E-16
  0.5686700000000E+13   0.2074058956308E-16
  0.7494750000000E+13   0.2623091089820E-16
  0.7682960000000E+13   0.2642886141577E-16
  0.7875890000000E+13   0.2655626183910E-16
  0.8073670000000E+13   0.2660863511290E-16
  0.8276410000000E+13   0.2658842116551E-16
  0.8484250000000E+13   0.2650334190356E-16
  0.8697300000000E+13   0.2639798840394E-16
  0.8915700000000E+13   0.2621938696445E-16
  0.9139590000000E+13   0.2603383663508E-16
  0.9369100000000E+13   0.2578906490396E-16
  0.9604380000000E+13   0.2551155370995E-16
  0.9845560000000E+13   0.2520133920646E-16
  0.1009280000000E+14   0.2483236203425E-16
  0.1034620000000E+14   0.2443001471758E-16
  0.1060610000000E+14   0.2397354079582E-16
  0.1087240000000E+14   0.2352109405739E-16
  0.1114540000000E+14   0.2303117905772E-16
  0.1142530000000E+14   0.2252997440063E-16
  0.1171220000000E+14   0.2201601759101E-16
  0.1200630000000E+14   0.2147658129211E-16
  0.1230780000000E+14   0.2093088527025E-16
  0.1261690000000E+14   0.2036515018444E-16
  0.1293370000000E+14   0.1983888862667E-16
  0.1325850000000E+14   0.1930439396605E-16
  0.1359150000000E+14   0.1878425424124E-16
  0.1393280000000E+14   0.1827352488994E-16
  0.1428260000000E+14   0.1777422943484E-16
  0.1464130000000E+14   0.1732117536072E-16
  0.1500900000000E+14   0.1686273620233E-16
  0.1538590000000E+14   0.1632508125778E-16
  0.1577220000000E+14   0.1578868633652E-16
  0.1616830000000E+14   0.1501703686426E-16
  0.1657430000000E+14   0.1413162094854E-16
  0.1699050000000E+14   0.1319963508961E-16
  0.1741720000000E+14   0.1209367159506E-16
  0.1785460000000E+14   0.1105688405087E-16
  0.1830290000000E+14   0.9983716836709E-17
  0.1876260000000E+14   0.8979499879944E-17
  0.1923370000000E+14   0.8082291452544E-17
  0.1971670000000E+14   0.7267795154174E-17
  0.2021180000000E+14   0.6556340562973E-17
  0.2071940000000E+14   0.5988841469651E-17
  0.2123970000000E+14   0.5469012233707E-17
  0.2177310000000E+14   0.5358708980755E-17
  0.2231980000000E+14   0.5245924063210E-17
  0.2288030000000E+14   0.5256349381148E-17
  0.2345490000000E+14   0.5302556440888E-17
  0.2404390000000E+14   0.5367172436232E-17
  0.2464770000000E+14   0.5471947379674E-17
  0.2526660000000E+14   0.5553212769236E-17
  0.2590110000000E+14   0.5656865497078E-17
  0.2655150000000E+14   0.5733524824255E-17
  0.2721830000000E+14   0.5872689241901E-17
  0.2790180000000E+14   0.6011254511860E-17
  0.2860240000000E+14   0.6089873919194E-17
  0.2932070000000E+14   0.6103412064799E-17
  0.3005700000000E+14   0.6092646092856E-17
  0.3081180000000E+14   0.5958472647427E-17
  0.3158550000000E+14   0.5829391561228E-17
  0.3237870000000E+14   0.5243613474992E-17
  0.3319170000000E+14   0.4557402554486E-17
  0.3402530000000E+14   0.3925609403073E-17
  0.3487970000000E+14   0.3343809225394E-17
  0.3575560000000E+14   0.2800593655618E-17
  0.3665350000000E+14   0.2312462926720E-17
  0.3757390000000E+14   0.1839679098184E-17
  0.3851740000000E+14   0.1552728418266E-17
  0.3948470000000E+14   0.1316740535413E-17
  0.4047620000000E+14   0.1162549799610E-17
  0.4149260000000E+14   0.1108837939176E-17
  0.4253460000000E+14   0.1062473285026E-17
  0.4360270000000E+14   0.1050683806360E-17
  0.4469770000000E+14   0.1040606027135E-17
  0.4582010000000E+14   0.1032463204841E-17
  0.4697070000000E+14   0.1025699292713E-17
  0.4815020000000E+14   0.1018936528997E-17
  0.4935940000000E+14   0.1012018539845E-17
  0.5059890000000E+14   0.1006007383212E-17
  0.5186950000000E+14   0.1001417974584E-17
  0.5317200000000E+14   0.9972432414078E-18
  0.5450730000000E+14   0.9950491641366E-18
  0.6258450000000E+14   0.9954897901933E-18
  0.7185870000000E+14   0.1005478225719E-17
  0.8250720000000E+14   0.1006206796014E-17
  0.9473370000000E+14   0.9945479795709E-18
  0.1087720000000E+15   0.9767844298135E-18
  0.1248910000000E+15   0.9619867896775E-18
  0.1433980000000E+15   0.9576605665173E-18
  0.1646470000000E+15   0.9712162775828E-18
  0.1890460000000E+15   0.1010154052570E-17
  0.2170600000000E+15   0.1076122617988E-17
  0.2492250000000E+15   0.1170641833918E-17
  0.2861570000000E+15   0.1292043189095E-17
  0.3285620000000E+15   0.1433963550026E-17
  0.3772500000000E+15   0.1585384911120E-17
  0.4331540000000E+15   0.1728751107849E-17
  0.4973410000000E+15   0.1840184652227E-17
  0.5710410000000E+15   0.1892989877066E-17
  0.6556610000000E+15   0.1863752667504E-17
  0.7528220000000E+15   0.1738972895585E-17
  0.8643800000000E+15   0.1522313577333E-17
  0.9924690000000E+15   0.1236608619924E-17
  0.1139540000000E+16   0.9190851477884E-18
  0.1308400000000E+16   0.6173518563391E-18
  0.1502290000000E+16   0.3683438435062E-18
  0.1724910000000E+16   0.1916154868153E-18
  0.1980520000000E+16   0.8503128566458E-19
  0.2274010000000E+16   0.3147119408340E-19
  0.2610990000000E+16   0.9453976538761E-20
  0.2997900000000E+16   0.2234848489243E-20
