mstar = 2 Msun, Rstar = 2.5 Rsun, Tstar = 10000, mdisk = 0.0023568 Msun, Rc = 150 AU, Rin = 0.5 AU, Rout = 250 AU, inclination = 45 degree, powerlaw = -0.5 
         130
  
  0.2997900000000E+11   0.3336211514630E-23
  0.3951060000000E+11   0.7595240611151E-23
  0.5207280000000E+11   0.1727999068634E-22
  0.6862910000000E+11   0.3926903795216E-22
  0.9044930000000E+11   0.8908673527607E-22
  0.1192070000000E+12   0.2016149286139E-21
  0.1571080000000E+12   0.4547685500749E-21
  0.2070600000000E+12   0.1021174973692E-20
  0.2728930000000E+12   0.2279144049369E-20
  0.3596580000000E+12   0.5502495832939E-20
  0.4740100000000E+12   0.1587678177342E-19
  0.6247180000000E+12   0.4516387301980E-19
  0.8233440000000E+12   0.1258194411150E-18
  0.1085120000000E+13   0.3412027378421E-18
  0.1430130000000E+13   0.8903668685950E-18
  0.1884830000000E+13   0.2205562797819E-17
  0.2484100000000E+13   0.5081820326749E-17
  0.3273910000000E+13   0.1053717978136E-16
  0.4314820000000E+13   0.1887780939461E-16
  0.5686700000000E+13   0.2746713341709E-16
  0.7494750000000E+13   0.3055005364935E-16
  0.7682960000000E+13   0.3042063014297E-16
  0.7875890000000E+13   0.3021740300124E-16
  0.8073670000000E+13   0.2994058208583E-16
  0.8276410000000E+13   0.2959659485631E-16
  0.8484250000000E+13   0.2919620350508E-16
  0.8697300000000E+13   0.2878208911994E-16
  0.8915700000000E+13   0.2831123533847E-16
  0.9139590000000E+13   0.2784488208712E-16
  0.9369100000000E+13   0.2734064333635E-16
  0.9604380000000E+13   0.2682469652792E-16
  0.9845560000000E+13   0.2629992694551E-16
  0.1009280000000E+14   0.2574519028896E-16
  0.1034620000000E+14   0.2518461922875E-16
  0.1060610000000E+14   0.2459955472176E-16
  0.1087240000000E+14   0.2404467621149E-16
  0.1114540000000E+14   0.2348064501439E-16
  0.1142530000000E+14   0.2293153059089E-16
  0.1171220000000E+14   0.2239452032695E-16
  0.1200630000000E+14   0.2185391002976E-16
  0.1230780000000E+14   0.2132626648945E-16
  0.1261690000000E+14   0.2079322847184E-16
  0.1293370000000E+14   0.2031632678087E-16
  0.1325850000000E+14   0.1984019775893E-16
  0.1359150000000E+14   0.1938632532625E-16
  0.1393280000000E+14   0.1894573215479E-16
  0.1428260000000E+14   0.1851750989444E-16
  0.1464130000000E+14   0.1813940517785E-16
  0.1500900000000E+14   0.1774895754043E-16
  0.1538590000000E+14   0.1725797519246E-16
  0.1577220000000E+14   0.1675928493813E-16
  0.1616830000000E+14   0.1597783325204E-16
  0.1657430000000E+14   0.1505621779324E-16
  0.1699050000000E+14   0.1407336727073E-16
  0.1741720000000E+14   0.1288232844069E-16
  0.1785460000000E+14   0.1176543210197E-16
  0.1830290000000E+14   0.1060064719581E-16
  0.1876260000000E+14   0.9510578555496E-17
  0.1923370000000E+14   0.8539582945590E-17
  0.1971670000000E+14   0.7659922583032E-17
  0.2021180000000E+14   0.6895371370518E-17
  0.2071940000000E+14   0.6292861664367E-17
  0.2123970000000E+14   0.5741413455010E-17
  0.2177310000000E+14   0.5656075709531E-17
  0.2231980000000E+14   0.5563746411590E-17
  0.2288030000000E+14   0.5607697490019E-17
  0.2345490000000E+14   0.5686207368421E-17
  0.2404390000000E+14   0.5778767891465E-17
  0.2464770000000E+14   0.5909487354126E-17
  0.2526660000000E+14   0.6007663166800E-17
  0.2590110000000E+14   0.6125479498518E-17
  0.2655150000000E+14   0.6209436984697E-17
  0.2721830000000E+14   0.6358649380933E-17
  0.2790180000000E+14   0.6504418050117E-17
  0.2860240000000E+14   0.6582996340007E-17
  0.2932070000000E+14   0.6589705322325E-17
  0.3005700000000E+14   0.6569326418336E-17
  0.3081180000000E+14   0.6415112677262E-17
  0.3158550000000E+14   0.6266368764543E-17
  0.3237870000000E+14   0.5624919557633E-17
  0.3319170000000E+14   0.4875731800793E-17
  0.3402530000000E+14   0.4186163448250E-17
  0.3487970000000E+14   0.3551452593341E-17
  0.3575560000000E+14   0.2959067073242E-17
  0.3665350000000E+14   0.2427180618538E-17
  0.3757390000000E+14   0.1913666738259E-17
  0.3851740000000E+14   0.1602870837927E-17
  0.3948470000000E+14   0.1349189009719E-17
  0.4047620000000E+14   0.1185662528718E-17
  0.4149260000000E+14   0.1129214913056E-17
  0.4253460000000E+14   0.1081229689143E-17
  0.4360270000000E+14   0.1068579407177E-17
  0.4469770000000E+14   0.1057843041649E-17
  0.4582010000000E+14   0.1049232354335E-17
  0.4697070000000E+14   0.1042182993246E-17
  0.4815020000000E+14   0.1035326561182E-17
  0.4935940000000E+14   0.1028509566797E-17
  0.5059890000000E+14   0.1022763164994E-17
  0.5186950000000E+14   0.1018561501374E-17
  0.5317200000000E+14   0.1014904936687E-17
  0.5450730000000E+14   0.1013275694941E-17
  0.6258450000000E+14   0.1017569298228E-17
  0.7185870000000E+14   0.1031154910840E-17
  0.8250720000000E+14   0.1034176538837E-17
  0.9473370000000E+14   0.1022588847283E-17
  0.1087720000000E+15   0.1002263879830E-17
  0.1248910000000E+15   0.9827537120925E-18
  0.1433980000000E+15   0.9726909244619E-18
  0.1646470000000E+15   0.9807741309176E-18
  0.1890460000000E+15   0.1015400250597E-17
  0.2170600000000E+15   0.1078274225018E-17
  0.2492250000000E+15   0.1170669835968E-17
  0.2861570000000E+15   0.1290864748753E-17
  0.3285620000000E+15   0.1432501695719E-17
  0.3772500000000E+15   0.1584169028261E-17
  0.4331540000000E+15   0.1727832010978E-17
  0.4973410000000E+15   0.1839427684866E-17
  0.5710410000000E+15   0.1892216955035E-17
  0.6556610000000E+15   0.1862772913833E-17
  0.7528220000000E+15   0.1737563702786E-17
  0.8643800000000E+15   0.1520605177368E-17
  0.9924690000000E+15   0.1235041864660E-17
  0.1139540000000E+16   0.9174774971707E-18
  0.1308400000000E+16   0.6163389377030E-18
  0.1502290000000E+16   0.3678443584509E-18
  0.1724910000000E+16   0.1914206788229E-18
  0.1980520000000E+16   0.8494005317967E-19
  0.2274010000000E+16   0.3143820704279E-19
  0.2610990000000E+16   0.9444250076403E-20
  0.2997900000000E+16   0.2232581897596E-20
