mstar = 2 Msun, Rstar = 2.5 Rsun, Tstar = 10000, mdisk = 0.0025543 Msun, Rc = 150 AU, Rin = 0.5 AU, Rout = 250 AU, inclination = 45 degree, powerlaw = -0.5 
         130
  
  0.2997900000000E+11   0.3586779636955E-23
  0.3951060000000E+11   0.8166581072818E-23
  0.5207280000000E+11   0.1858110602931E-22
  0.6862910000000E+11   0.4222711586071E-22
  0.9044930000000E+11   0.9579701218468E-22
  0.1192070000000E+12   0.2167922276553E-21
  0.1571080000000E+12   0.4889633481491E-21
  0.2070600000000E+12   0.1097818755797E-20
  0.2728930000000E+12   0.2449750338495E-20
  0.3596580000000E+12   0.5912838019149E-20
  0.4740100000000E+12   0.1705415016090E-19
  0.6247180000000E+12   0.4848560275769E-19
  0.8233440000000E+12   0.1349618359626E-18
  0.1085120000000E+13   0.3655505952933E-18
  0.1430130000000E+13   0.9521676321505E-18
  0.1884830000000E+13   0.2352116963394E-17
  0.2484100000000E+13   0.5396229123680E-17
  0.3273910000000E+13   0.1111412183850E-16
  0.4314820000000E+13   0.1970522347158E-16
  0.5686700000000E+13   0.2824415667014E-16
  0.7494750000000E+13   0.3087442161092E-16
  0.7682960000000E+13   0.3070015836293E-16
  0.7875890000000E+13   0.3045407905207E-16
  0.8073670000000E+13   0.3013696835027E-16
  0.8276410000000E+13   0.2975564045403E-16
  0.8484250000000E+13   0.2932107956812E-16
  0.8697300000000E+13   0.2887558087028E-16
  0.8915700000000E+13   0.2837726540931E-16
  0.9139590000000E+13   0.2788668594026E-16
  0.9369100000000E+13   0.2736237021950E-16
  0.9604380000000E+13   0.2683028029367E-16
  0.9845560000000E+13   0.2629337346612E-16
  0.1009280000000E+14   0.2573050606225E-16
  0.1034620000000E+14   0.2516544961675E-16
  0.1060610000000E+14   0.2457917120698E-16
  0.1087240000000E+14   0.2402616233829E-16
  0.1114540000000E+14   0.2346650198853E-16
  0.1142530000000E+14   0.2292395848128E-16
  0.1171220000000E+14   0.2239521398939E-16
  0.1200630000000E+14   0.2186380388629E-16
  0.1230780000000E+14   0.2134604862523E-16
  0.1261690000000E+14   0.2082281029571E-16
  0.1293370000000E+14   0.2035627644111E-16
  0.1325850000000E+14   0.1988981041496E-16
  0.1359150000000E+14   0.1944500714491E-16
  0.1393280000000E+14   0.1901251812114E-16
  0.1428260000000E+14   0.1859128620044E-16
  0.1464130000000E+14   0.1821953418845E-16
  0.1500900000000E+14   0.1783384455476E-16
  0.1538590000000E+14   0.1734497477205E-16
  0.1577220000000E+14   0.1684723851626E-16
  0.1616830000000E+14   0.1606251042569E-16
  0.1657430000000E+14   0.1513550429225E-16
  0.1699050000000E+14   0.1414620507188E-16
  0.1741720000000E+14   0.1294599635159E-16
  0.1785460000000E+14   0.1182042784872E-16
  0.1830290000000E+14   0.1064596785423E-16
  0.1876260000000E+14   0.9546645852665E-17
  0.1923370000000E+14   0.8567530188801E-17
  0.1971670000000E+14   0.7680496000511E-17
  0.2021180000000E+14   0.6909824947435E-17
  0.2071940000000E+14   0.6303303306745E-17
  0.2123970000000E+14   0.5748308876962E-17
  0.2177310000000E+14   0.5666456865053E-17
  0.2231980000000E+14   0.5576883458999E-17
  0.2288030000000E+14   0.5624778163919E-17
  0.2345490000000E+14   0.5706857687286E-17
  0.2404390000000E+14   0.5802375606604E-17
  0.2464770000000E+14   0.5935766200463E-17
  0.2526660000000E+14   0.6035774308943E-17
  0.2590110000000E+14   0.6155172171032E-17
  0.2655150000000E+14   0.6240098757256E-17
  0.2721830000000E+14   0.6390487655003E-17
  0.2790180000000E+14   0.6537145408134E-17
  0.2860240000000E+14   0.6616095216936E-17
  0.2932070000000E+14   0.6622830871173E-17
  0.3005700000000E+14   0.6602299459175E-17
  0.3081180000000E+14   0.6447016264959E-17
  0.3158550000000E+14   0.6297190180796E-17
  0.3237870000000E+14   0.5651821016958E-17
  0.3319170000000E+14   0.4898825456743E-17
  0.3402530000000E+14   0.4206019422638E-17
  0.3487970000000E+14   0.3568313401995E-17
  0.3575560000000E+14   0.2972706164396E-17
  0.3665350000000E+14   0.2437648595547E-17
  0.3757390000000E+14   0.1921637065720E-17
  0.3851740000000E+14   0.1609882015279E-17
  0.3948470000000E+14   0.1356051282292E-17
  0.4047620000000E+14   0.1192943743416E-17
  0.4149260000000E+14   0.1137129474043E-17
  0.4253460000000E+14   0.1089821411708E-17
  0.4360270000000E+14   0.1077722062505E-17
  0.4469770000000E+14   0.1067493594395E-17
  0.4582010000000E+14   0.1059348212258E-17
  0.4697070000000E+14   0.1052726630606E-17
  0.4815020000000E+14   0.1046274484545E-17
  0.4935940000000E+14   0.1039844978860E-17
  0.5059890000000E+14   0.1034459892263E-17
  0.5186950000000E+14   0.1030586667712E-17
  0.5317200000000E+14   0.1027237769604E-17
  0.5450730000000E+14   0.1025870927267E-17
  0.6258450000000E+14   0.1031066152717E-17
  0.7185870000000E+14   0.1044650339481E-17
  0.8250720000000E+14   0.1046949096709E-17
  0.9473370000000E+14   0.1033978475589E-17
  0.1087720000000E+15   0.1011713329365E-17
  0.1248910000000E+15   0.9900001372804E-18
  0.1433980000000E+15   0.9778091010503E-18
  0.1646470000000E+15   0.9840944451725E-18
  0.1890460000000E+15   0.1017356632788E-17
  0.2170600000000E+15   0.1079263193874E-17
  0.2492250000000E+15   0.1171027756956E-17
  0.2861570000000E+15   0.1290867442022E-17
  0.3285620000000E+15   0.1432344699616E-17
  0.3772500000000E+15   0.1583965242842E-17
  0.4331540000000E+15   0.1727641341324E-17
  0.4973410000000E+15   0.1839272292770E-17
  0.5710410000000E+15   0.1892078618155E-17
  0.6556610000000E+15   0.1862614503737E-17
  0.7528220000000E+15   0.1737343689121E-17
  0.8643800000000E+15   0.1520340304034E-17
  0.9924690000000E+15   0.1234799167017E-17
  0.1139540000000E+16   0.9172285569331E-18
  0.1308400000000E+16   0.6161820813893E-18
  0.1502290000000E+16   0.3677669975959E-18
  0.1724910000000E+16   0.1913905008029E-18
  0.1980520000000E+16   0.8492592066829E-19
  0.2274010000000E+16   0.3143309706029E-19
  0.2610990000000E+16   0.9442743345050E-20
  0.2997900000000E+16   0.2232230775735E-20
