mstar = 2 Msun, Rstar = 2.5 Rsun, Tstar = 10000, mdisk = 0.00013789 Msun, Rc = 150 AU, Rin = 0.5 AU, Rout = 250 AU, inclination = 45 degree, powerlaw = -0.5 
         130
  
  0.2997900000000E+11   0.2883264237584E-24
  0.3951060000000E+11   0.6432486894917E-24
  0.5207280000000E+11   0.1441383113652E-23
  0.6862910000000E+11   0.3239551658820E-23
  0.9044930000000E+11   0.7293703814359E-23
  0.1192070000000E+12   0.1643049145559E-22
  0.1571080000000E+12   0.3698951008039E-22
  0.2070600000000E+12   0.8311411810814E-22
  0.2728930000000E+12   0.1861233978623E-21
  0.3596580000000E+12   0.4519377880703E-21
  0.4740100000000E+12   0.1315901621608E-20
  0.6247180000000E+12   0.3799789159424E-20
  0.8233440000000E+12   0.1082346719196E-19
  0.1085120000000E+13   0.3030402068391E-19
  0.1430130000000E+13   0.8277199312932E-19
  0.1884830000000E+13   0.2189414571046E-18
  0.2484100000000E+13   0.5548325491639E-18
  0.3273910000000E+13   0.1322098375253E-17
  0.4314820000000E+13   0.2905602575669E-17
  0.5686700000000E+13   0.5680842737408E-17
  0.7494750000000E+13   0.9396901275700E-17
  0.7682960000000E+13   0.9734864597880E-17
  0.7875890000000E+13   0.1006163190626E-16
  0.8073670000000E+13   0.1037283104770E-16
  0.8276410000000E+13   0.1066732718634E-16
  0.8484250000000E+13   0.1094709056888E-16
  0.8697300000000E+13   0.1123816147097E-16
  0.8915700000000E+13   0.1150566262931E-16
  0.9139590000000E+13   0.1179206271088E-16
  0.9369100000000E+13   0.1206018933902E-16
  0.9604380000000E+13   0.1232638810920E-16
  0.9845560000000E+13   0.1258854297740E-16
  0.1009280000000E+14   0.1282177690115E-16
  0.1034620000000E+14   0.1304197540348E-16
  0.1060610000000E+14   0.1322595635248E-16
  0.1087240000000E+14   0.1342131141701E-16
  0.1114540000000E+14   0.1358519500468E-16
  0.1142530000000E+14   0.1373747345084E-16
  0.1171220000000E+14   0.1387147022330E-16
  0.1200630000000E+14   0.1396790215980E-16
  0.1230780000000E+14   0.1404134457188E-16
  0.1261690000000E+14   0.1407123908202E-16
  0.1293370000000E+14   0.1411911430287E-16
  0.1325850000000E+14   0.1412781068039E-16
  0.1359150000000E+14   0.1411889624618E-16
  0.1393280000000E+14   0.1408339860726E-16
  0.1428260000000E+14   0.1402114267292E-16
  0.1464130000000E+14   0.1396917783971E-16
  0.1500900000000E+14   0.1386846301196E-16
  0.1538590000000E+14   0.1364092077381E-16
  0.1577220000000E+14   0.1337731250376E-16
  0.1616830000000E+14   0.1283630473062E-16
  0.1657430000000E+14   0.1215468640639E-16
  0.1699050000000E+14   0.1140643857894E-16
  0.1741720000000E+14   0.1046308360406E-16
  0.1785460000000E+14   0.9574240543108E-17
  0.1830290000000E+14   0.8629861478256E-17
  0.1876260000000E+14   0.7738662542731E-17
  0.1923370000000E+14   0.6942443309417E-17
  0.1971670000000E+14   0.6217130966575E-17
  0.2021180000000E+14   0.5587470643108E-17
  0.2071940000000E+14   0.5103309268893E-17
  0.2123970000000E+14   0.4658598404623E-17
  0.2177310000000E+14   0.4667395450684E-17
  0.2231980000000E+14   0.4654329136982E-17
  0.2288030000000E+14   0.4752285784137E-17
  0.2345490000000E+14   0.4858865330116E-17
  0.2404390000000E+14   0.4954581595157E-17
  0.2464770000000E+14   0.5058765147729E-17
  0.2526660000000E+14   0.5117319125858E-17
  0.2590110000000E+14   0.5173953913353E-17
  0.2655150000000E+14   0.5194114664476E-17
  0.2721830000000E+14   0.5249201470196E-17
  0.2790180000000E+14   0.5295473315476E-17
  0.2860240000000E+14   0.5297575931162E-17
  0.2932070000000E+14   0.5257850585976E-17
  0.3005700000000E+14   0.5206836467398E-17
  0.3081180000000E+14   0.5078833466721E-17
  0.3158550000000E+14   0.4960535871290E-17
  0.3237870000000E+14   0.4535242970537E-17
  0.3319170000000E+14   0.4039980730253E-17
  0.3402530000000E+14   0.3577746398270E-17
  0.3487970000000E+14   0.3142365031969E-17
  0.3575560000000E+14   0.2719508050565E-17
  0.3665350000000E+14   0.2310609996691E-17
  0.3757390000000E+14   0.1854763884243E-17
  0.3851740000000E+14   0.1525549341641E-17
  0.3948470000000E+14   0.1204573336103E-17
  0.4047620000000E+14   0.9684039604636E-18
  0.4149260000000E+14   0.8903842239226E-18
  0.4253460000000E+14   0.8212696056772E-18
  0.4360270000000E+14   0.8109330826760E-18
  0.4469770000000E+14   0.8016676563798E-18
  0.4582010000000E+14   0.7941783500778E-18
  0.4697070000000E+14   0.7877099291618E-18
  0.4815020000000E+14   0.7800583757246E-18
  0.4935940000000E+14   0.7711888364309E-18
  0.5059890000000E+14   0.7632156675081E-18
  0.5186950000000E+14   0.7572914707703E-18
  0.5317200000000E+14   0.7517465139466E-18
  0.5450730000000E+14   0.7495400464023E-18
  0.6258450000000E+14   0.7604430923132E-18
  0.7185870000000E+14   0.7965785063394E-18
  0.8250720000000E+14   0.8302405471920E-18
  0.9473370000000E+14   0.8553464700549E-18
  0.1087720000000E+15   0.8760599434480E-18
  0.1248910000000E+15   0.8970385925550E-18
  0.1433980000000E+15   0.9214595640192E-18
  0.1646470000000E+15   0.9543236299198E-18
  0.1890460000000E+15   0.1003269786182E-17
  0.2170600000000E+15   0.1072675047063E-17
  0.2492250000000E+15   0.1167774586060E-17
  0.2861570000000E+15   0.1289470753848E-17
  0.3285620000000E+15   0.1432111795813E-17
  0.3772500000000E+15   0.1584439918605E-17
  0.4331540000000E+15   0.1728629124076E-17
  0.4973410000000E+15   0.1840716545415E-17
  0.5710410000000E+15   0.1894062386988E-17
  0.6556610000000E+15   0.1865406434750E-17
  0.7528220000000E+15   0.1741461131190E-17
  0.8643800000000E+15   0.1525351541061E-17
  0.9924690000000E+15   0.1239397108563E-17
  0.1139540000000E+16   0.9219485448059E-18
  0.1308400000000E+16   0.6191557093598E-18
  0.1502290000000E+16   0.3692329980497E-18
  0.1724910000000E+16   0.1919621092224E-18
  0.1980520000000E+16   0.8519362857787E-19
  0.2274010000000E+16   0.3152989058776E-19
  0.2610990000000E+16   0.9471283153088E-20
  0.2997900000000E+16   0.2238881428347E-20
