mstar = 2 Msun, Rstar = 2.5 Rsun, Tstar = 10000, mdisk = 0.00084325 Msun, Rc = 150 AU, Rin = 0.5 AU, Rout = 250 AU, inclination = 45 degree, powerlaw = -0.5 
         130
  
  0.2997900000000E+11   0.1331403489461E-23
  0.3951060000000E+11   0.3023075947102E-23
  0.5207280000000E+11   0.6865256444990E-23
  0.6862910000000E+11   0.1558358952519E-22
  0.9044930000000E+11   0.3533439822350E-22
  0.1192070000000E+12   0.7996925812704E-22
  0.1571080000000E+12   0.1804924070358E-21
  0.2070600000000E+12   0.4058016332763E-21
  0.2728930000000E+12   0.9075175764399E-21
  0.3596580000000E+12   0.2197337916262E-20
  0.4740100000000E+12   0.6367087663910E-20
  0.6247180000000E+12   0.1822565360216E-19
  0.8233440000000E+12   0.5123337517049E-19
  0.1085120000000E+13   0.1407566196564E-18
  0.1430130000000E+13   0.3743419088986E-18
  0.1884830000000E+13   0.9537290561042E-18
  0.2484100000000E+13   0.2292502203631E-17
  0.3273910000000E+13   0.5070532911390E-17
  0.4314820000000E+13   0.1003180260280E-16
  0.5686700000000E+13   0.1692379016149E-16
  0.7494750000000E+13   0.2286879067938E-16
  0.7682960000000E+13   0.2319614391646E-16
  0.7875890000000E+13   0.2346512170224E-16
  0.8073670000000E+13   0.2366961573227E-16
  0.8276410000000E+13   0.2381016215615E-16
  0.8484250000000E+13   0.2389265514679E-16
  0.8697300000000E+13   0.2396103950547E-16
  0.8915700000000E+13   0.2395953878879E-16
  0.9139590000000E+13   0.2395508431536E-16
  0.9369100000000E+13   0.2389163534461E-16
  0.9604380000000E+13   0.2379493016312E-16
  0.9845560000000E+13   0.2366303544378E-16
  0.1009280000000E+14   0.2346589256724E-16
  0.1034620000000E+14   0.2322828491161E-16
  0.1060610000000E+14   0.2292587363738E-16
  0.1087240000000E+14   0.2261902303863E-16
  0.1114540000000E+14   0.2226135909943E-16
  0.1142530000000E+14   0.2187938141383E-16
  0.1171220000000E+14   0.2147008453874E-16
  0.1200630000000E+14   0.2101908502652E-16
  0.1230780000000E+14   0.2054629890055E-16
  0.1261690000000E+14   0.2003746955706E-16
  0.1293370000000E+14   0.1955396740122E-16
  0.1325850000000E+14   0.1904720934363E-16
  0.1359150000000E+14   0.1854102016192E-16
  0.1393280000000E+14   0.1803167816789E-16
  0.1428260000000E+14   0.1752278022937E-16
  0.1464130000000E+14   0.1704900574319E-16
  0.1500900000000E+14   0.1656299907404E-16
  0.1538590000000E+14   0.1599919915478E-16
  0.1577220000000E+14   0.1543544899258E-16
  0.1616830000000E+14   0.1465733798285E-16
  0.1657430000000E+14   0.1377902935981E-16
  0.1699050000000E+14   0.1286265069049E-16
  0.1741720000000E+14   0.1179206906549E-16
  0.1785460000000E+14   0.1078865776413E-16
  0.1830290000000E+14   0.9755349441291E-17
  0.1876260000000E+14   0.8787884733095E-17
  0.1923370000000E+14   0.7921262386378E-17
  0.1971670000000E+14   0.7133074129211E-17
  0.2021180000000E+14   0.6442443124691E-17
  0.2071940000000E+14   0.5888154923470E-17
  0.2123970000000E+14   0.5380322595460E-17
  0.2177310000000E+14   0.5257292070245E-17
  0.2231980000000E+14   0.5130847203167E-17
  0.2288030000000E+14   0.5117031609237E-17
  0.2345490000000E+14   0.5135808130102E-17
  0.2404390000000E+14   0.5172888009672E-17
  0.2464770000000E+14   0.5249429339774E-17
  0.2526660000000E+14   0.5308355597624E-17
  0.2590110000000E+14   0.5391803673326E-17
  0.2655150000000E+14   0.5454435242537E-17
  0.2721830000000E+14   0.5578671897310E-17
  0.2790180000000E+14   0.5706098200334E-17
  0.2860240000000E+14   0.5780386777429E-17
  0.2932070000000E+14   0.5795756883069E-17
  0.3005700000000E+14   0.5789633810893E-17
  0.3081180000000E+14   0.5668042281483E-17
  0.3158550000000E+14   0.5551623103670E-17
  0.3237870000000E+14   0.5003575594668E-17
  0.3319170000000E+14   0.4360280147171E-17
  0.3402530000000E+14   0.3767972830608E-17
  0.3487970000000E+14   0.3221986211054E-17
  0.3575560000000E+14   0.2711405367865E-17
  0.3665350000000E+14   0.2252357264408E-17
  0.3757390000000E+14   0.1807221176561E-17
  0.3851740000000E+14   0.1535985008914E-17
  0.3948470000000E+14   0.1310316842065E-17
  0.4047620000000E+14   0.1158041276466E-17
  0.4149260000000E+14   0.1103183180496E-17
  0.4253460000000E+14   0.1054783310857E-17
  0.4360270000000E+14   0.1042627255633E-17
  0.4469770000000E+14   0.1032119024018E-17
  0.4582010000000E+14   0.1023526495847E-17
  0.4697070000000E+14   0.1016275477606E-17
  0.4815020000000E+14   0.1008905011231E-17
  0.4935940000000E+14   0.1001262111856E-17
  0.5059890000000E+14   0.9945107950177E-18
  0.5186950000000E+14   0.9892378518564E-18
  0.5317200000000E+14   0.9843652246375E-18
  0.5450730000000E+14   0.9816210241536E-18
  0.6258450000000E+14   0.9800920821319E-18
  0.7185870000000E+14   0.9895086940353E-18
  0.8250720000000E+14   0.9902676473277E-18
  0.9473370000000E+14   0.9795449414035E-18
  0.1087720000000E+15   0.9638822811309E-18
  0.1248910000000E+15   0.9521571178598E-18
  0.1433980000000E+15   0.9513617143253E-18
  0.1646470000000E+15   0.9682091994922E-18
  0.1890460000000E+15   0.1009563589088E-17
  0.2170600000000E+15   0.1076842450131E-17
  0.2492250000000E+15   0.1171827817254E-17
  0.2861570000000E+15   0.1293314728390E-17
  0.3285620000000E+15   0.1435116440953E-17
  0.3772500000000E+15   0.1586228449528E-17
  0.4331540000000E+15   0.1729286721835E-17
  0.4973410000000E+15   0.1840567706459E-17
  0.5710410000000E+15   0.1893366765414E-17
  0.6556610000000E+15   0.1864231188859E-17
  0.7528220000000E+15   0.1739662409884E-17
  0.8643800000000E+15   0.1523149661883E-17
  0.9924690000000E+15   0.1237375422141E-17
  0.1139540000000E+16   0.9198722369956E-18
  0.1308400000000E+16   0.6178477296695E-18
  0.1502290000000E+16   0.3685883139782E-18
  0.1724910000000E+16   0.1917108105007E-18
  0.1980520000000E+16   0.8507592952745E-19
  0.2274010000000E+16   0.3148733572139E-19
  0.2610990000000E+16   0.9458735946346E-20
  0.2997900000000E+16   0.2235957578608E-20
