mstar = 2 Msun, Rstar = 2.5 Rsun, Tstar = 10000, mdisk = 0.0021122 Msun, Rc = 150 AU, Rin = 0.5 AU, Rout = 250 AU, inclination = 45 degree, powerlaw = -0.5 
         130
  
  0.2997900000000E+11   0.3021267686987E-23
  0.3951060000000E+11   0.6877067110978E-23
  0.5207280000000E+11   0.1564435680157E-22
  0.6862910000000E+11   0.3555002701362E-22
  0.9044930000000E+11   0.8064908669899E-22
  0.1192070000000E+12   0.1825269669275E-21
  0.1571080000000E+12   0.4117518368517E-21
  0.2070600000000E+12   0.9247245794893E-21
  0.2728930000000E+12   0.2064349404802E-20
  0.3596580000000E+12   0.4985539864091E-20
  0.4740100000000E+12   0.1439210527632E-19
  0.6247180000000E+12   0.4096942102108E-19
  0.8233440000000E+12   0.1142516880856E-18
  0.1085120000000E+13   0.3103010568795E-18
  0.1430130000000E+13   0.8115533383159E-18
  0.1884830000000E+13   0.2017213838293E-17
  0.2484100000000E+13   0.4672434333757E-17
  0.3273910000000E+13   0.9768359330315E-17
  0.4314820000000E+13   0.1772552508283E-16
  0.5686700000000E+13   0.2627598296619E-16
  0.7494750000000E+13   0.2987957985210E-16
  0.7682960000000E+13   0.2980828143296E-16
  0.7875890000000E+13   0.2966172863283E-16
  0.8073670000000E+13   0.2943932401261E-16
  0.8276410000000E+13   0.2914689348415E-16
  0.8484250000000E+13   0.2879479574238E-16
  0.8697300000000E+13   0.2842606378327E-16
  0.8915700000000E+13   0.2799615360910E-16
  0.9139590000000E+13   0.2756706140891E-16
  0.9369100000000E+13   0.2709511200520E-16
  0.9604380000000E+13   0.2660660319079E-16
  0.9845560000000E+13   0.2610419664340E-16
  0.1009280000000E+14   0.2556657205850E-16
  0.1034620000000E+14   0.2501818891487E-16
  0.1060610000000E+14   0.2444076320104E-16
  0.1087240000000E+14   0.2388908859467E-16
  0.1114540000000E+14   0.2332451325747E-16
  0.1142530000000E+14   0.2277140686093E-16
  0.1171220000000E+14   0.2222756686413E-16
  0.1200630000000E+14   0.2167833252953E-16
  0.1230780000000E+14   0.2114063514830E-16
  0.1261690000000E+14   0.2059725926417E-16
  0.1293370000000E+14   0.2010855981041E-16
  0.1325850000000E+14   0.1962125999926E-16
  0.1359150000000E+14   0.1915668220908E-16
  0.1393280000000E+14   0.1870650584271E-16
  0.1428260000000E+14   0.1827012926789E-16
  0.1464130000000E+14   0.1788435082978E-16
  0.1500900000000E+14   0.1748870931389E-16
  0.1538590000000E+14   0.1699739718621E-16
  0.1577220000000E+14   0.1650035728171E-16
  0.1616830000000E+14   0.1572945332883E-16
  0.1657430000000E+14   0.1482290449459E-16
  0.1699050000000E+14   0.1385727613759E-16
  0.1741720000000E+14   0.1268898393836E-16
  0.1785460000000E+14   0.1159327465584E-16
  0.1830290000000E+14   0.1045104808393E-16
  0.1876260000000E+14   0.9381742094819E-17
  0.1923370000000E+14   0.8428852238646E-17
  0.1971670000000E+14   0.7565239747984E-17
  0.2021180000000E+14   0.6814138761421E-17
  0.2071940000000E+14   0.6221523567893E-17
  0.2123970000000E+14   0.5679008781518E-17
  0.2177310000000E+14   0.5592783358410E-17
  0.2231980000000E+14   0.5500511572973E-17
  0.2288030000000E+14   0.5542726655267E-17
  0.2345490000000E+14   0.5619918127266E-17
  0.2404390000000E+14   0.5711811404105E-17
  0.2464770000000E+14   0.5842084964041E-17
  0.2526660000000E+14   0.5940772028174E-17
  0.2590110000000E+14   0.6059061434353E-17
  0.2655150000000E+14   0.6144149855410E-17
  0.2721830000000E+14   0.6293634624833E-17
  0.2790180000000E+14   0.6439872949307E-17
  0.2860240000000E+14   0.6519619283149E-17
  0.2932070000000E+14   0.6528459365115E-17
  0.3005700000000E+14   0.6510513219251E-17
  0.3081180000000E+14   0.6360146247841E-17
  0.3158550000000E+14   0.6215014228095E-17
  0.3237870000000E+14   0.5582384198086E-17
  0.3319170000000E+14   0.4843034224818E-17
  0.3402530000000E+14   0.4162140299960E-17
  0.3487970000000E+14   0.3534977834170E-17
  0.3575560000000E+14   0.2948979435375E-17
  0.3665350000000E+14   0.2422648479007E-17
  0.3757390000000E+14   0.1914278268573E-17
  0.3851740000000E+14   0.1606132974914E-17
  0.3948470000000E+14   0.1354410644100E-17
  0.4047620000000E+14   0.1192143164570E-17
  0.4149260000000E+14   0.1136216800937E-17
  0.4253460000000E+14   0.1088665875058E-17
  0.4360270000000E+14   0.1076137679074E-17
  0.4469770000000E+14   0.1065474015954E-17
  0.4582010000000E+14   0.1056887000036E-17
  0.4697070000000E+14   0.1049818772866E-17
  0.4815020000000E+14   0.1042913046410E-17
  0.4935940000000E+14   0.1036020864059E-17
  0.5059890000000E+14   0.1030166359914E-17
  0.5186950000000E+14   0.1025821322624E-17
  0.5317200000000E+14   0.1021997450472E-17
  0.5450730000000E+14   0.1020165536128E-17
  0.6258450000000E+14   0.1022949268687E-17
  0.7185870000000E+14   0.1034612237048E-17
  0.8250720000000E+14   0.1035612027296E-17
  0.9473370000000E+14   0.1022131812901E-17
  0.1087720000000E+15   0.1000241349561E-17
  0.1248910000000E+15   0.9796786790690E-18
  0.1433980000000E+15   0.9691780844751E-18
  0.1646470000000E+15   0.9774001510106E-18
  0.1890460000000E+15   0.1012569388939E-17
  0.2170600000000E+15   0.1076204936152E-17
  0.2492250000000E+15   0.1169344210986E-17
  0.2861570000000E+15   0.1290080872652E-17
  0.3285620000000E+15   0.1432046901934E-17
  0.3772500000000E+15   0.1583929371531E-17
  0.4331540000000E+15   0.1727752798185E-17
  0.4973410000000E+15   0.1839458773627E-17
  0.5710410000000E+15   0.1892323582810E-17
  0.6556610000000E+15   0.1862949272584E-17
  0.7528220000000E+15   0.1737833513199E-17
  0.8643800000000E+15   0.1520935721681E-17
  0.9924690000000E+15   0.1235345366815E-17
  0.1139540000000E+16   0.9177889102186E-18
  0.1308400000000E+16   0.6165351584208E-18
  0.1502290000000E+16   0.3679411289970E-18
  0.1724910000000E+16   0.1914584262206E-18
  0.1980520000000E+16   0.8495773064085E-19
  0.2274010000000E+16   0.3144459876783E-19
  0.2610990000000E+16   0.9446134736475E-20
  0.2997900000000E+16   0.2233021089136E-20
