mstar = 2 Msun, Rstar = 2.5 Rsun, Tstar = 10000, mdisk = 0.00027555 Msun, Rc = 150 AU, Rin = 0.5 AU, Rout = 250 AU, inclination = 45 degree, powerlaw = -0.5 
         130
  
  0.2997900000000E+11   0.5093286719901E-24
  0.3951060000000E+11   0.1147611602141E-23
  0.5207280000000E+11   0.2591289034974E-23
  0.6862910000000E+11   0.5857824555257E-23
  0.9044930000000E+11   0.1324507954904E-22
  0.1192070000000E+12   0.2992714417595E-22
  0.1571080000000E+12   0.6750520980425E-22
  0.2070600000000E+12   0.1518329746492E-21
  0.2728930000000E+12   0.3400472671393E-21
  0.3596580000000E+12   0.8253232830917E-21
  0.4740100000000E+12   0.2400339112009E-20
  0.6247180000000E+12   0.6911993992968E-20
  0.8233440000000E+12   0.1960009674784E-19
  0.1085120000000E+13   0.5451819359286E-19
  0.1430130000000E+13   0.1475366015947E-18
  0.1884830000000E+13   0.3852328741611E-18
  0.2484100000000E+13   0.9588140371723E-18
  0.3273910000000E+13   0.2228441397528E-17
  0.4314820000000E+13   0.4732504887664E-17
  0.5686700000000E+13   0.8833352411971E-17
  0.7494750000000E+13   0.1374111182554E-16
  0.7682960000000E+13   0.1414511157893E-16
  0.7875890000000E+13   0.1452552453106E-16
  0.8073670000000E+13   0.1487650937518E-16
  0.8276410000000E+13   0.1519681297923E-16
  0.8484250000000E+13   0.1548936796950E-16
  0.8697300000000E+13   0.1578876387515E-16
  0.8915700000000E+13   0.1604860770453E-16
  0.9139590000000E+13   0.1632428207437E-16
  0.9369100000000E+13   0.1656709098780E-16
  0.9604380000000E+13   0.1679796266486E-16
  0.9845560000000E+13   0.1701385107103E-16
  0.1009280000000E+14   0.1718388448035E-16
  0.1034620000000E+14   0.1732820270905E-16
  0.1060610000000E+14   0.1741915842262E-16
  0.1087240000000E+14   0.1751421885607E-16
  0.1114540000000E+14   0.1756254757627E-16
  0.1142530000000E+14   0.1758799526790E-16
  0.1171220000000E+14   0.1758328032998E-16
  0.1200630000000E+14   0.1752767209497E-16
  0.1230780000000E+14   0.1743874091460E-16
  0.1261690000000E+14   0.1729547916123E-16
  0.1293370000000E+14   0.1716499641504E-16
  0.1325850000000E+14   0.1698706235600E-16
  0.1359150000000E+14   0.1678585618632E-16
  0.1393280000000E+14   0.1655363845822E-16
  0.1428260000000E+14   0.1629201598248E-16
  0.1464130000000E+14   0.1603880809301E-16
  0.1500900000000E+14   0.1573789969047E-16
  0.1538590000000E+14   0.1531835049389E-16
  0.1577220000000E+14   0.1487041315202E-16
  0.1616830000000E+14   0.1417130971353E-16
  0.1657430000000E+14   0.1335327744098E-16
  0.1699050000000E+14   0.1248626621445E-16
  0.1741720000000E+14   0.1145183584864E-16
  0.1785460000000E+14   0.1048052298105E-16
  0.1830290000000E+14   0.9469788637214E-17
  0.1876260000000E+14   0.8519150490353E-17
  0.1923370000000E+14   0.7666749414540E-17
  0.1971670000000E+14   0.6889634794822E-17
  0.2021180000000E+14   0.6210328164408E-17
  0.2071940000000E+14   0.5674782858561E-17
  0.2123970000000E+14   0.5183568333345E-17
  0.2177310000000E+14   0.5117636034733E-17
  0.2231980000000E+14   0.5032504209684E-17
  0.2288030000000E+14   0.5048661196077E-17
  0.2345490000000E+14   0.5074757000895E-17
  0.2404390000000E+14   0.5096736649704E-17
  0.2464770000000E+14   0.5135693324581E-17
  0.2526660000000E+14   0.5145499659707E-17
  0.2590110000000E+14   0.5167892773585E-17
  0.2655150000000E+14   0.5170372098329E-17
  0.2721830000000E+14   0.5223409286375E-17
  0.2790180000000E+14   0.5283286869307E-17
  0.2860240000000E+14   0.5307676368435E-17
  0.2932070000000E+14   0.5292288778555E-17
  0.3005700000000E+14   0.5266640652375E-17
  0.3081180000000E+14   0.5152617683308E-17
  0.3158550000000E+14   0.5047296731092E-17
  0.3237870000000E+14   0.4585746981915E-17
  0.3319170000000E+14   0.4044506996820E-17
  0.3402530000000E+14   0.3545007243919E-17
  0.3487970000000E+14   0.3082885852704E-17
  0.3575560000000E+14   0.2647336811499E-17
  0.3665350000000E+14   0.2248780644380E-17
  0.3757390000000E+14   0.1843789096006E-17
  0.3851740000000E+14   0.1570498750130E-17
  0.3948470000000E+14   0.1307324503619E-17
  0.4047620000000E+14   0.1102581352023E-17
  0.4149260000000E+14   0.1029097186619E-17
  0.4253460000000E+14   0.9626473651906E-18
  0.4360270000000E+14   0.9505063095836E-18
  0.4469770000000E+14   0.9396593881145E-18
  0.4582010000000E+14   0.9307088569721E-18
  0.4697070000000E+14   0.9229106295517E-18
  0.4815020000000E+14   0.9141672940990E-18
  0.4935940000000E+14   0.9043980301517E-18
  0.5059890000000E+14   0.8955351872284E-18
  0.5186950000000E+14   0.8886233262910E-18
  0.5317200000000E+14   0.8820812436909E-18
  0.5450730000000E+14   0.8786615655364E-18
  0.6258450000000E+14   0.8803730258826E-18
  0.7185870000000E+14   0.9021109725270E-18
  0.8250720000000E+14   0.9171563726364E-18
  0.9473370000000E+14   0.9211355194555E-18
  0.1087720000000E+15   0.9201211789219E-18
  0.1248910000000E+15   0.9214799564632E-18
  0.1433980000000E+15   0.9310760804200E-18
  0.1646470000000E+15   0.9554812567400E-18
  0.1890460000000E+15   0.1002040808727E-17
  0.2170600000000E+15   0.1072788228318E-17
  0.2492250000000E+15   0.1169764161473E-17
  0.2861570000000E+15   0.1292174311372E-17
  0.3285620000000E+15   0.1434548101820E-17
  0.3772500000000E+15   0.1586204431393E-17
  0.4331540000000E+15   0.1729613727756E-17
  0.4973410000000E+15   0.1841056386162E-17
  0.5710410000000E+15   0.1894013204288E-17
  0.6556610000000E+15   0.1865131145393E-17
  0.7528220000000E+15   0.1740985823073E-17
  0.8643800000000E+15   0.1524759486587E-17
  0.9924690000000E+15   0.1238852484841E-17
  0.1139540000000E+16   0.9213889643148E-18
  0.1308400000000E+16   0.6188032113921E-18
  0.1502290000000E+16   0.3690592800581E-18
  0.1724910000000E+16   0.1918944045269E-18
  0.1980520000000E+16   0.8516191735573E-19
  0.2274010000000E+16   0.3151842532035E-19
  0.2610990000000E+16   0.9467902675545E-20
  0.2997900000000E+16   0.2238093688051E-20
