mstar = 2 Msun, Rstar = 2.5 Rsun, Tstar = 10000, mdisk = 0.002808 Msun, Rc = 150 AU, Rin = 0.5 AU, Rout = 250 AU, inclination = 45 degree, powerlaw = -0.5 
         130
  
  0.2997900000000E+11   0.3898560280107E-23
  0.3951060000000E+11   0.8877403703200E-23
  0.5207280000000E+11   0.2019958347647E-22
  0.6862910000000E+11   0.4590586964464E-22
  0.9044930000000E+11   0.1041395765735E-21
  0.1192070000000E+12   0.2356538377298E-21
  0.1571080000000E+12   0.5314362714547E-21
  0.2070600000000E+12   0.1192949310946E-20
  0.2728930000000E+12   0.2661306303549E-20
  0.3596580000000E+12   0.6421012133894E-20
  0.4740100000000E+12   0.1850954877388E-19
  0.6247180000000E+12   0.5258118070259E-19
  0.8233440000000E+12   0.1461927666521E-18
  0.1085120000000E+13   0.3953019531970E-18
  0.1430130000000E+13   0.1027093334266E-17
  0.1884830000000E+13   0.2527672265381E-17
  0.2484100000000E+13   0.5765687018736E-17
  0.3273910000000E+13   0.1177066280042E-16
  0.4314820000000E+13   0.2059222346065E-16
  0.5686700000000E+13   0.2897096826698E-16
  0.7494750000000E+13   0.3103860583227E-16
  0.7682960000000E+13   0.3081658928249E-16
  0.7875890000000E+13   0.3052641079119E-16
  0.8073670000000E+13   0.3016943325099E-16
  0.8276410000000E+13   0.2975278736681E-16
  0.8484250000000E+13   0.2928756363732E-16
  0.8697300000000E+13   0.2881539968231E-16
  0.8915700000000E+13   0.2829569443240E-16
  0.9139590000000E+13   0.2778802645136E-16
  0.9369100000000E+13   0.2725184903935E-16
  0.9604380000000E+13   0.2671274119903E-16
  0.9845560000000E+13   0.2617358078515E-16
  0.1009280000000E+14   0.2561299997544E-16
  0.1034620000000E+14   0.2505424819176E-16
  0.1060610000000E+14   0.2447765465400E-16
  0.1087240000000E+14   0.2393754085511E-16
  0.1114540000000E+14   0.2339308325413E-16
  0.1142530000000E+14   0.2286769495452E-16
  0.1171220000000E+14   0.2235738948518E-16
  0.1200630000000E+14   0.2184477025098E-16
  0.1230780000000E+14   0.2134587009460E-16
  0.1261690000000E+14   0.2084067833418E-16
  0.1293370000000E+14   0.2039232642763E-16
  0.1325850000000E+14   0.1994262414402E-16
  0.1359150000000E+14   0.1951337627207E-16
  0.1393280000000E+14   0.1909483481618E-16
  0.1428260000000E+14   0.1868583283859E-16
  0.1464130000000E+14   0.1832531107277E-16
  0.1500900000000E+14   0.1794865296184E-16
  0.1538590000000E+14   0.1746535421205E-16
  0.1577220000000E+14   0.1697158187741E-16
  0.1616830000000E+14   0.1618527009629E-16
  0.1657430000000E+14   0.1525377567125E-16
  0.1699050000000E+14   0.1425846021202E-16
  0.1741720000000E+14   0.1304856662237E-16
  0.1785460000000E+14   0.1191375887075E-16
  0.1830290000000E+14   0.1072867007248E-16
  0.1876260000000E+14   0.9619208353061E-17
  0.1923370000000E+14   0.8631289621562E-17
  0.1971670000000E+14   0.7736466582885E-17
  0.2021180000000E+14   0.6959451620527E-17
  0.2071940000000E+14   0.6348908374705E-17
  0.2123970000000E+14   0.5790302492203E-17
  0.2177310000000E+14   0.5712030994436E-17
  0.2231980000000E+14   0.5625049696504E-17
  0.2288030000000E+14   0.5676550054321E-17
  0.2345490000000E+14   0.5761670059082E-17
  0.2404390000000E+14   0.5859386521314E-17
  0.2464770000000E+14   0.5994553613485E-17
  0.2526660000000E+14   0.6095204895423E-17
  0.2590110000000E+14   0.6214698473776E-17
  0.2655150000000E+14   0.6298860166408E-17
  0.2721830000000E+14   0.6448384602969E-17
  0.2790180000000E+14   0.6593825559430E-17
  0.2860240000000E+14   0.6670858518330E-17
  0.2932070000000E+14   0.6674940989822E-17
  0.3005700000000E+14   0.6651542214512E-17
  0.3081180000000E+14   0.6492866289091E-17
  0.3158550000000E+14   0.6339678375361E-17
  0.3237870000000E+14   0.5689472542398E-17
  0.3319170000000E+14   0.4931282308239E-17
  0.3402530000000E+14   0.4233698051967E-17
  0.3487970000000E+14   0.3591441232634E-17
  0.3575560000000E+14   0.2991510244387E-17
  0.3665350000000E+14   0.2452411147521E-17
  0.3757390000000E+14   0.1932191361500E-17
  0.3851740000000E+14   0.1617617895204E-17
  0.3948470000000E+14   0.1361563562112E-17
  0.4047620000000E+14   0.1196809046754E-17
  0.4149260000000E+14   0.1139888060544E-17
  0.4253460000000E+14   0.1091594939753E-17
  0.4360270000000E+14   0.1078731633797E-17
  0.4469770000000E+14   0.1067794740235E-17
  0.4582010000000E+14   0.1058999169199E-17
  0.4697070000000E+14   0.1051785719188E-17
  0.4815020000000E+14   0.1044800000622E-17
  0.4935940000000E+14   0.1037898393661E-17
  0.5059890000000E+14   0.1032101295022E-17
  0.5186950000000E+14   0.1027871697972E-17
  0.5317200000000E+14   0.1024220442134E-17
  0.5450730000000E+14   0.1022595056433E-17
  0.6258450000000E+14   0.1027004759027E-17
  0.7185870000000E+14   0.1040456037129E-17
  0.8250720000000E+14   0.1042928193318E-17
  0.9473370000000E+14   0.1030218360853E-17
  0.1087720000000E+15   0.1008166882170E-17
  0.1248910000000E+15   0.9865724253016E-18
  0.1433980000000E+15   0.9744213029052E-18
  0.1646470000000E+15   0.9806877713114E-18
  0.1890460000000E+15   0.1013883571379E-17
  0.2170600000000E+15   0.1075782674820E-17
  0.2492250000000E+15   0.1167755233477E-17
  0.2861570000000E+15   0.1288105198576E-17
  0.3285620000000E+15   0.1430306647545E-17
  0.3772500000000E+15   0.1582656943885E-17
  0.4331540000000E+15   0.1726906850289E-17
  0.4973410000000E+15   0.1838892999762E-17
  0.5710410000000E+15   0.1891856263827E-17
  0.6556610000000E+15   0.1862415083265E-17
  0.7528220000000E+15   0.1737085138954E-17
  0.8643800000000E+15   0.1520031997142E-17
  0.9924690000000E+15   0.1234516934067E-17
  0.1139540000000E+16   0.9169391187194E-18
  0.1308400000000E+16   0.6159997056810E-18
  0.1502290000000E+16   0.3676770464471E-18
  0.1724910000000E+16   0.1913554093872E-18
  0.1980520000000E+16   0.8490948734542E-19
  0.2274010000000E+16   0.3142715513397E-19
  0.2610990000000E+16   0.9440991300744E-20
  0.2997900000000E+16   0.2231822486251E-20
