mstar = 2 Msun, Rstar = 2.5 Rsun, Tstar = 10000, mdisk = 0.00026919 Msun, Rc = 150 AU, Rin = 0.5 AU, Rout = 250 AU, inclination = 45 degree, powerlaw = -0.5 
         130
  
  0.2997900000000E+11   0.4993500897431E-24
  0.3951060000000E+11   0.1124840540112E-23
  0.5207280000000E+11   0.2539377941870E-23
  0.6862910000000E+11   0.5739640967929E-23
  0.9044930000000E+11   0.1297649196369E-22
  0.1192070000000E+12   0.2931817260597E-22
  0.1571080000000E+12   0.6612874469631E-22
  0.2070600000000E+12   0.1487345104270E-21
  0.2728930000000E+12   0.3331106280221E-21
  0.3596580000000E+12   0.8085083360990E-21
  0.4740100000000E+12   0.2351549625948E-20
  0.6247180000000E+12   0.6772156333475E-20
  0.8233440000000E+12   0.1920644720027E-19
  0.1085120000000E+13   0.5343480713814E-19
  0.1430130000000E+13   0.1446487949015E-18
  0.1884830000000E+13   0.3778533834484E-18
  0.2484100000000E+13   0.9410088589694E-18
  0.3273910000000E+13   0.2188884306075E-17
  0.4314820000000E+13   0.4653915092983E-17
  0.5686700000000E+13   0.8700789584841E-17
  0.7494750000000E+13   0.1356521471825E-16
  0.7682960000000E+13   0.1396734814114E-16
  0.7875890000000E+13   0.1434644949210E-16
  0.8073670000000E+13   0.1469672811020E-16
  0.8276410000000E+13   0.1501693052934E-16
  0.8484250000000E+13   0.1530994812863E-16
  0.8697300000000E+13   0.1561006493466E-16
  0.8915700000000E+13   0.1587129624626E-16
  0.9139590000000E+13   0.1614857474597E-16
  0.9369100000000E+13   0.1639360169577E-16
  0.9604380000000E+13   0.1662714679732E-16
  0.9845560000000E+13   0.1684619112231E-16
  0.1009280000000E+14   0.1702004255270E-16
  0.1034620000000E+14   0.1716869300075E-16
  0.1060610000000E+14   0.1726461205602E-16
  0.1087240000000E+14   0.1736496897168E-16
  0.1114540000000E+14   0.1741913546733E-16
  0.1142530000000E+14   0.1745083499323E-16
  0.1171220000000E+14   0.1745277691256E-16
  0.1200630000000E+14   0.1740422310685E-16
  0.1230780000000E+14   0.1732264097328E-16
  0.1261690000000E+14   0.1718697848186E-16
  0.1293370000000E+14   0.1706425236612E-16
  0.1325850000000E+14   0.1689420215574E-16
  0.1359150000000E+14   0.1670093508332E-16
  0.1393280000000E+14   0.1647663540629E-16
  0.1428260000000E+14   0.1622282579986E-16
  0.1464130000000E+14   0.1597733325094E-16
  0.1500900000000E+14   0.1568382382353E-16
  0.1538590000000E+14   0.1527102543518E-16
  0.1577220000000E+14   0.1482936357690E-16
  0.1616830000000E+14   0.1413524673331E-16
  0.1657430000000E+14   0.1332130488920E-16
  0.1699050000000E+14   0.1245773190557E-16
  0.1741720000000E+14   0.1142568185962E-16
  0.1785460000000E+14   0.1045651126053E-16
  0.1830290000000E+14   0.9447378073537E-17
  0.1876260000000E+14   0.8498158261710E-17
  0.1923370000000E+14   0.7647107124856E-17
  0.1971670000000E+14   0.6871246635395E-17
  0.2021180000000E+14   0.6193189282782E-17
  0.2071940000000E+14   0.5659084208765E-17
  0.2123970000000E+14   0.5169198049243E-17
  0.2177310000000E+14   0.5105981703718E-17
  0.2231980000000E+14   0.5023348854046E-17
  0.2288030000000E+14   0.5042224778783E-17
  0.2345490000000E+14   0.5070751216755E-17
  0.2404390000000E+14   0.5094705343426E-17
  0.2464770000000E+14   0.5135101565752E-17
  0.2526660000000E+14   0.5145699190603E-17
  0.2590110000000E+14   0.5168363079286E-17
  0.2655150000000E+14   0.5170614026687E-17
  0.2721830000000E+14   0.5222872460410E-17
  0.2790180000000E+14   0.5281632134585E-17
  0.2860240000000E+14   0.5304896173573E-17
  0.2932070000000E+14   0.5288524414845E-17
  0.3005700000000E+14   0.5262008316942E-17
  0.3081180000000E+14   0.5147659234247E-17
  0.3158550000000E+14   0.5042090983957E-17
  0.3237870000000E+14   0.4582098047276E-17
  0.3319170000000E+14   0.4042644720667E-17
  0.3402530000000E+14   0.3544637186671E-17
  0.3487970000000E+14   0.3083605078527E-17
  0.3575560000000E+14   0.2648805963946E-17
  0.3665350000000E+14   0.2250461388826E-17
  0.3757390000000E+14   0.1844714214359E-17
  0.3851740000000E+14   0.1569965554073E-17
  0.3948470000000E+14   0.1304741473395E-17
  0.4047620000000E+14   0.1098499451182E-17
  0.4149260000000E+14   0.1024680410957E-17
  0.4253460000000E+14   0.9579713174383E-18
  0.4360270000000E+14   0.9458667164373E-18
  0.4469770000000E+14   0.9350514337797E-18
  0.4582010000000E+14   0.9261334594836E-18
  0.4697070000000E+14   0.9183667067157E-18
  0.4815020000000E+14   0.9096450299725E-18
  0.4935940000000E+14   0.8998894186932E-18
  0.5059890000000E+14   0.8910433310720E-18
  0.5186950000000E+14   0.8841573280574E-18
  0.5317200000000E+14   0.8776432373032E-18
  0.5450730000000E+14   0.8742668690529E-18
  0.6258450000000E+14   0.8763442237356E-18
  0.7185870000000E+14   0.8986199672136E-18
  0.8250720000000E+14   0.9142614785371E-18
  0.9473370000000E+14   0.9188552802978E-18
  0.1087720000000E+15   0.9184644002313E-18
  0.1248910000000E+15   0.9204148584266E-18
  0.1433980000000E+15   0.9305135522242E-18
  0.1646470000000E+15   0.9552838476730E-18
  0.1890460000000E+15   0.1002059729965E-17
  0.2170600000000E+15   0.1072906420589E-17
  0.2492250000000E+15   0.1169903213866E-17
  0.2861570000000E+15   0.1292275164245E-17
  0.3285620000000E+15   0.1434584509791E-17
  0.3772500000000E+15   0.1586193993779E-17
  0.4331540000000E+15   0.1729591195465E-17
  0.4973410000000E+15   0.1841042799757E-17
  0.5710410000000E+15   0.1894012170014E-17
  0.6556610000000E+15   0.1865139986662E-17
  0.7528220000000E+15   0.1741003184098E-17
  0.8643800000000E+15   0.1524781559174E-17
  0.9924690000000E+15   0.1238872837174E-17
  0.1139540000000E+16   0.9214098800310E-18
  0.1308400000000E+16   0.6188163874488E-18
  0.1502290000000E+16   0.3690657738010E-18
  0.1724910000000E+16   0.1918969355366E-18
  0.1980520000000E+16   0.8516310280759E-19
  0.2274010000000E+16   0.3151885392505E-19
  0.2610990000000E+16   0.9468029047934E-20
  0.2997900000000E+16   0.2238123136218E-20
