mstar = 2 Msun, Rstar = 2.5 Rsun, Tstar = 10000, mdisk = 0.0033417 Msun, Rc = 150 AU, Rin = 0.5 AU, Rout = 250 AU, inclination = 45 degree, powerlaw = -0.5 
         130
  
  0.2997900000000E+11   0.4564770492001E-23
  0.3951060000000E+11   0.1039636635662E-22
  0.5207280000000E+11   0.2365837012727E-22
  0.6862910000000E+11   0.5376834567995E-22
  0.9044930000000E+11   0.1219721170790E-21
  0.1192070000000E+12   0.2759780114304E-21
  0.1571080000000E+12   0.6222593133435E-21
  0.2070600000000E+12   0.1396434816603E-20
  0.2728930000000E+12   0.3114008424191E-20
  0.3596580000000E+12   0.7508995142909E-20
  0.4740100000000E+12   0.2162732043638E-19
  0.6247180000000E+12   0.6136087027202E-19
  0.8233440000000E+12   0.1702878070760E-18
  0.1085120000000E+13   0.4591834400491E-18
  0.1430130000000E+13   0.1188081497600E-17
  0.1884830000000E+13   0.2904965164050E-17
  0.2484100000000E+13   0.6559146664756E-17
  0.3273910000000E+13   0.1317775787735E-16
  0.4314820000000E+13   0.2249257413489E-16
  0.5686700000000E+13   0.3057792455526E-16
  0.7494750000000E+13   0.3162361070746E-16
  0.7682960000000E+13   0.3131947149875E-16
  0.7875890000000E+13   0.3095427448144E-16
  0.8073670000000E+13   0.3053019835578E-16
  0.8276410000000E+13   0.3005473743347E-16
  0.8484250000000E+13   0.2953903798986E-16
  0.8697300000000E+13   0.2902411595403E-16
  0.8915700000000E+13   0.2847054701198E-16
  0.9139590000000E+13   0.2793709331225E-16
  0.9369100000000E+13   0.2738365706178E-16
  0.9604380000000E+13   0.2683531757893E-16
  0.9845560000000E+13   0.2629454586938E-16
  0.1009280000000E+14   0.2573881967811E-16
  0.1034620000000E+14   0.2519070693839E-16
  0.1060610000000E+14   0.2462883725809E-16
  0.1087240000000E+14   0.2410809452449E-16
  0.1114540000000E+14   0.2358519068712E-16
  0.1142530000000E+14   0.2308330778292E-16
  0.1171220000000E+14   0.2259727930655E-16
  0.1200630000000E+14   0.2210794653266E-16
  0.1230780000000E+14   0.2163127457222E-16
  0.1261690000000E+14   0.2114568273732E-16
  0.1293370000000E+14   0.2071668839321E-16
  0.1325850000000E+14   0.2028310961931E-16
  0.1359150000000E+14   0.1986752742166E-16
  0.1393280000000E+14   0.1945969640809E-16
  0.1428260000000E+14   0.1905847967733E-16
  0.1464130000000E+14   0.1870440040456E-16
  0.1500900000000E+14   0.1833058548249E-16
  0.1538590000000E+14   0.1784391428632E-16
  0.1577220000000E+14   0.1734438863752E-16
  0.1616830000000E+14   0.1654154356352E-16
  0.1657430000000E+14   0.1558806945370E-16
  0.1699050000000E+14   0.1456808311187E-16
  0.1741720000000E+14   0.1332628753926E-16
  0.1785460000000E+14   0.1216139734990E-16
  0.1830290000000E+14   0.1094406476529E-16
  0.1876260000000E+14   0.9804069187719E-17
  0.1923370000000E+14   0.8788780197844E-17
  0.1971670000000E+14   0.7869046810827E-17
  0.2021180000000E+14   0.7070449424360E-17
  0.2071940000000E+14   0.6443637235990E-17
  0.2123970000000E+14   0.5870131872437E-17
  0.2177310000000E+14   0.5793870818702E-17
  0.2231980000000E+14   0.5707468489668E-17
  0.2288030000000E+14   0.5762814309658E-17
  0.2345490000000E+14   0.5851363533361E-17
  0.2404390000000E+14   0.5951782585456E-17
  0.2464770000000E+14   0.6089740290400E-17
  0.2526660000000E+14   0.6191758661632E-17
  0.2590110000000E+14   0.6312811431579E-17
  0.2655150000000E+14   0.6397555653663E-17
  0.2721830000000E+14   0.6548928750701E-17
  0.2790180000000E+14   0.6695908292168E-17
  0.2860240000000E+14   0.6772757212610E-17
  0.2932070000000E+14   0.6775052757663E-17
  0.3005700000000E+14   0.6749232307707E-17
  0.3081180000000E+14   0.6585309113484E-17
  0.3158550000000E+14   0.6427050797653E-17
  0.3237870000000E+14   0.5761983423180E-17
  0.3319170000000E+14   0.4987303003229E-17
  0.3402530000000E+14   0.4274872497455E-17
  0.3487970000000E+14   0.3619669101610E-17
  0.3575560000000E+14   0.3008620676163E-17
  0.3665350000000E+14   0.2459794898951E-17
  0.3757390000000E+14   0.1930271899465E-17
  0.3851740000000E+14   0.1610371528242E-17
  0.3948470000000E+14   0.1350541550063E-17
  0.4047620000000E+14   0.1184161548107E-17
  0.4149260000000E+14   0.1127510960757E-17
  0.4253460000000E+14   0.1079684542423E-17
  0.4360270000000E+14   0.1067722626888E-17
  0.4469770000000E+14   0.1057672036307E-17
  0.4582010000000E+14   0.1049746475930E-17
  0.4697070000000E+14   0.1043378232102E-17
  0.4815020000000E+14   0.1037205953643E-17
  0.4935940000000E+14   0.1031086909906E-17
  0.5059890000000E+14   0.1026047645155E-17
  0.5186950000000E+14   0.1022551300845E-17
  0.5317200000000E+14   0.1019604939007E-17
  0.5450730000000E+14   0.1018657752285E-17
  0.6258450000000E+14   0.1026333754307E-17
  0.7185870000000E+14   0.1042283503428E-17
  0.8250720000000E+14   0.1046605440300E-17
  0.9473370000000E+14   0.1035081749952E-17
  0.1087720000000E+15   0.1013485065323E-17
  0.1248910000000E+15   0.9916746718776E-18
  0.1433980000000E+15   0.9788179914370E-18
  0.1646470000000E+15   0.9840948955502E-18
  0.1890460000000E+15   0.1016203383552E-17
  0.2170600000000E+15   0.1077064563238E-17
  0.2492250000000E+15   0.1168242901240E-17
  0.2861570000000E+15   0.1288137487532E-17
  0.3285620000000E+15   0.1430133639394E-17
  0.3772500000000E+15   0.1582408006424E-17
  0.4331540000000E+15   0.1726648296638E-17
  0.4973410000000E+15   0.1838643015234E-17
  0.5710410000000E+15   0.1891576557665E-17
  0.6556610000000E+15   0.1862042009380E-17
  0.7528220000000E+15   0.1736538294302E-17
  0.8643800000000E+15   0.1519366436567E-17
  0.9924690000000E+15   0.1233906314608E-17
  0.1139540000000E+16   0.9163128276101E-18
  0.1308400000000E+16   0.6156050571594E-18
  0.1502290000000E+16   0.3674823821785E-18
  0.1724910000000E+16   0.1912794602923E-18
  0.1980520000000E+16   0.8487392092729E-19
  0.2274010000000E+16   0.3141429501238E-19
  0.2610990000000E+16   0.9437199327221E-20
  0.2997900000000E+16   0.2230938816032E-20
