mstar = 2 Msun, Rstar = 2.5 Rsun, Tstar = 10000, mdisk = 0.0037281 Msun, Rc = 150 AU, Rin = 0.5 AU, Rout = 250 AU, inclination = 45 degree, powerlaw = -0.5 
         130
  
  0.2997900000000E+11   0.5032327885551E-23
  0.3951060000000E+11   0.1146225309618E-22
  0.5207280000000E+11   0.2608503002878E-22
  0.6862910000000E+11   0.5928327875566E-22
  0.9044930000000E+11   0.1344763266649E-21
  0.1192070000000E+12   0.3042415047806E-21
  0.1571080000000E+12   0.6858823507910E-21
  0.2070600000000E+12   0.1538874422402E-20
  0.2728930000000E+12   0.3430588275321E-20
  0.3596580000000E+12   0.8268807121160E-20
  0.4740100000000E+12   0.2380037481487E-19
  0.6247180000000E+12   0.6746313544659E-19
  0.8233440000000E+12   0.1869670267847E-18
  0.1085120000000E+13   0.5031396099254E-18
  0.1430130000000E+13   0.1297847998578E-17
  0.1884830000000E+13   0.3158582330678E-17
  0.2484100000000E+13   0.7080400012865E-17
  0.3273910000000E+13   0.1406711033576E-16
  0.4314820000000E+13   0.2361199256968E-16
  0.5686700000000E+13   0.3139393237211E-16
  0.7494750000000E+13   0.3180997572231E-16
  0.7682960000000E+13   0.3146536209758E-16
  0.7875890000000E+13   0.3106532060564E-16
  0.8073670000000E+13   0.3061226207158E-16
  0.8276410000000E+13   0.3011362852078E-16
  0.8484250000000E+13   0.2958034223217E-16
  0.8697300000000E+13   0.2905286769807E-16
  0.8915700000000E+13   0.2849216312512E-16
  0.9139590000000E+13   0.2795642603245E-16
  0.9369100000000E+13   0.2740545654458E-16
  0.9604380000000E+13   0.2686388720036E-16
  0.9845560000000E+13   0.2633374985049E-16
  0.1009280000000E+14   0.2579157898799E-16
  0.1034620000000E+14   0.2525945384521E-16
  0.1060610000000E+14   0.2471484515788E-16
  0.1087240000000E+14   0.2421306084401E-16
  0.1114540000000E+14   0.2370926910236E-16
  0.1142530000000E+14   0.2322660545159E-16
  0.1171220000000E+14   0.2275923846955E-16
  0.1200630000000E+14   0.2228710416887E-16
  0.1230780000000E+14   0.2182623161816E-16
  0.1261690000000E+14   0.2135429539352E-16
  0.1293370000000E+14   0.2093827101277E-16
  0.1325850000000E+14   0.2051543098305E-16
  0.1359150000000E+14   0.2010889021262E-16
  0.1393280000000E+14   0.1970824093055E-16
  0.1428260000000E+14   0.1931241263368E-16
  0.1464130000000E+14   0.1896283948596E-16
  0.1500900000000E+14   0.1859152680451E-16
  0.1538590000000E+14   0.1810398409650E-16
  0.1577220000000E+14   0.1760224384484E-16
  0.1616830000000E+14   0.1679115192269E-16
  0.1657430000000E+14   0.1582620575995E-16
  0.1699050000000E+14   0.1479301500475E-16
  0.1741720000000E+14   0.1353364195501E-16
  0.1785460000000E+14   0.1235175451057E-16
  0.1830290000000E+14   0.1111572908645E-16
  0.1876260000000E+14   0.9957720294394E-17
  0.1923370000000E+14   0.8926192506737E-17
  0.1971670000000E+14   0.7991441756506E-17
  0.2021180000000E+14   0.7179859322287E-17
  0.2071940000000E+14   0.6543066636924E-17
  0.2123970000000E+14   0.5960265466012E-17
  0.2177310000000E+14   0.5883950154991E-17
  0.2231980000000E+14   0.5796652178504E-17
  0.2288030000000E+14   0.5852974554027E-17
  0.2345490000000E+14   0.5942630411246E-17
  0.2404390000000E+14   0.6043934605454E-17
  0.2464770000000E+14   0.6183006658690E-17
  0.2526660000000E+14   0.6285283654945E-17
  0.2590110000000E+14   0.6406527485818E-17
  0.2655150000000E+14   0.6490510832587E-17
  0.2721830000000E+14   0.6641719921082E-17
  0.2790180000000E+14   0.6788243733451E-17
  0.2860240000000E+14   0.6863600302106E-17
  0.2932070000000E+14   0.6863406024930E-17
  0.3005700000000E+14   0.6834701366837E-17
  0.3081180000000E+14   0.6666189446656E-17
  0.3158550000000E+14   0.6503478553760E-17
  0.3237870000000E+14   0.5827859477684E-17
  0.3319170000000E+14   0.5041674609374E-17
  0.3402530000000E+14   0.4318824732317E-17
  0.3487970000000E+14   0.3653839770180E-17
  0.3575560000000E+14   0.3034200145543E-17
  0.3665350000000E+14   0.2478822040219E-17
  0.3757390000000E+14   0.1944019436328E-17
  0.3851740000000E+14   0.1620908732622E-17
  0.3948470000000E+14   0.1359248296074E-17
  0.4047620000000E+14   0.1192477245855E-17
  0.4149260000000E+14   0.1135799076042E-17
  0.4253460000000E+14   0.1088129902945E-17
  0.4360270000000E+14   0.1076151961260E-17
  0.4469770000000E+14   0.1066124418710E-17
  0.4582010000000E+14   0.1058249592327E-17
  0.4697070000000E+14   0.1051958951540E-17
  0.4815020000000E+14   0.1045905300481E-17
  0.4935940000000E+14   0.1039944851079E-17
  0.5059890000000E+14   0.1035078096981E-17
  0.5186950000000E+14   0.1031749668268E-17
  0.5317200000000E+14   0.1028980417135E-17
  0.5450730000000E+14   0.1028178199025E-17
  0.6258450000000E+14   0.1036313179976E-17
  0.7185870000000E+14   0.1052036776394E-17
  0.8250720000000E+14   0.1055706914248E-17
  0.9473370000000E+14   0.1043172066786E-17
  0.1087720000000E+15   0.1020194649318E-17
  0.1248910000000E+15   0.9967520130939E-18
  0.1433980000000E+15   0.9822045716715E-18
  0.1646470000000E+15   0.9859215535067E-18
  0.1890460000000E+15   0.1016759599526E-17
  0.2170600000000E+15   0.1076730822749E-17
  0.2492250000000E+15   0.1167451977145E-17
  0.2861570000000E+15   0.1287240762896E-17
  0.3285620000000E+15   0.1429339003098E-17
  0.3772500000000E+15   0.1581807328819E-17
  0.4331540000000E+15   0.1726253832574E-17
  0.4973410000000E+15   0.1838400898772E-17
  0.5710410000000E+15   0.1891396688728E-17
  0.6556610000000E+15   0.1861845754795E-17
  0.7528220000000E+15   0.1736265284044E-17
  0.8643800000000E+15   0.1519036846056E-17
  0.9924690000000E+15   0.1233604200152E-17
  0.1139540000000E+16   0.9160030340954E-18
  0.1308400000000E+16   0.6154098404848E-18
  0.1502290000000E+16   0.3673860816782E-18
  0.1724910000000E+16   0.1912418845198E-18
  0.1980520000000E+16   0.8485632475095E-19
  0.2274010000000E+16   0.3140793253294E-19
  0.2610990000000E+16   0.9435323257104E-20
  0.2997900000000E+16   0.2230501620372E-20
