mstar = 2 Msun, Rstar = 2.5 Rsun, Tstar = 10000, mdisk = 0.0083968 Msun, Rc = 150 AU, Rin = 0.5 AU, Rout = 250 AU, inclination = 45 degree, powerlaw = -0.5 
         130
  
  0.2997900000000E+11   0.1043902012345E-22
  0.3951060000000E+11   0.2378489698618E-22
  0.5207280000000E+11   0.5413061545847E-22
  0.6862910000000E+11   0.1229942770527E-21
  0.9044930000000E+11   0.2788507559763E-21
  0.1192070000000E+12   0.6303347172085E-21
  0.1571080000000E+12   0.1419227020316E-20
  0.2070600000000E+12   0.3178569407738E-20
  0.2728930000000E+12   0.7068622635808E-20
  0.3596580000000E+12   0.1697844625253E-19
  0.4740100000000E+12   0.4860522573729E-19
  0.6247180000000E+12   0.1366690202105E-18
  0.8233440000000E+12   0.3742153161651E-18
  0.1085120000000E+13   0.9886328782256E-18
  0.1430130000000E+13   0.2478411970403E-17
  0.1884830000000E+13   0.5768239412655E-17
  0.2484100000000E+13   0.1205769088179E-16
  0.3273910000000E+13   0.2154053570464E-16
  0.4314820000000E+13   0.3113405650576E-16
  0.5686700000000E+13   0.3506577865302E-16
  0.7494750000000E+13   0.3243524466292E-16
  0.7682960000000E+13   0.3203409834923E-16
  0.7875890000000E+13   0.3161162755057E-16
  0.8073670000000E+13   0.3116613641092E-16
  0.8276410000000E+13   0.3070062559756E-16
  0.8484250000000E+13   0.3022194851811E-16
  0.8697300000000E+13   0.2977077437242E-16
  0.8915700000000E+13   0.2929916208963E-16
  0.9139590000000E+13   0.2886915958772E-16
  0.9369100000000E+13   0.2843017232580E-16
  0.9604380000000E+13   0.2800642659894E-16
  0.9845560000000E+13   0.2759620701454E-16
  0.1009280000000E+14   0.2716774176024E-16
  0.1034620000000E+14   0.2674390147983E-16
  0.1060610000000E+14   0.2629545329726E-16
  0.1087240000000E+14   0.2588576110860E-16
  0.1114540000000E+14   0.2546039573008E-16
  0.1142530000000E+14   0.2504576697213E-16
  0.1171220000000E+14   0.2463457822218E-16
  0.1200630000000E+14   0.2420385012372E-16
  0.1230780000000E+14   0.2377279508589E-16
  0.1261690000000E+14   0.2331685609998E-16
  0.1293370000000E+14   0.2291295816192E-16
  0.1325850000000E+14   0.2249100981503E-16
  0.1359150000000E+14   0.2207823133870E-16
  0.1393280000000E+14   0.2166406844001E-16
  0.1428260000000E+14   0.2124849504167E-16
  0.1464130000000E+14   0.2087832349054E-16
  0.1500900000000E+14   0.2047931992267E-16
  0.1538590000000E+14   0.1994889188584E-16
  0.1577220000000E+14   0.1940029514858E-16
  0.1616830000000E+14   0.1851109963772E-16
  0.1657430000000E+14   0.1745253434097E-16
  0.1699050000000E+14   0.1631857873927E-16
  0.1741720000000E+14   0.1493633242355E-16
  0.1785460000000E+14   0.1363826579276E-16
  0.1830290000000E+14   0.1228008974186E-16
  0.1876260000000E+14   0.1100655639819E-16
  0.1923370000000E+14   0.9871194894910E-17
  0.1971670000000E+14   0.8841488973393E-17
  0.2021180000000E+14   0.7946587202395E-17
  0.2071940000000E+14   0.7244304384466E-17
  0.2123970000000E+14   0.6601261143337E-17
  0.2177310000000E+14   0.6518350263859E-17
  0.2231980000000E+14   0.6421380011554E-17
  0.2288030000000E+14   0.6480537660193E-17
  0.2345490000000E+14   0.6573967064382E-17
  0.2404390000000E+14   0.6678356294992E-17
  0.2464770000000E+14   0.6822696348659E-17
  0.2526660000000E+14   0.6926033568577E-17
  0.2590110000000E+14   0.7049277823607E-17
  0.2655150000000E+14   0.7131708640799E-17
  0.2721830000000E+14   0.7286733539240E-17
  0.2790180000000E+14   0.7435971341963E-17
  0.2860240000000E+14   0.7507647746454E-17
  0.2932070000000E+14   0.7497467149078E-17
  0.3005700000000E+14   0.7456344549736E-17
  0.3081180000000E+14   0.7264379217830E-17
  0.3158550000000E+14   0.7078684979415E-17
  0.3237870000000E+14   0.6340832992158E-17
  0.3319170000000E+14   0.5483533696582E-17
  0.3402530000000E+14   0.4693768330594E-17
  0.3487970000000E+14   0.3966580387817E-17
  0.3575560000000E+14   0.3288101714598E-17
  0.3665350000000E+14   0.2678735681033E-17
  0.3757390000000E+14   0.2091290635632E-17
  0.3851740000000E+14   0.1733646591630E-17
  0.3948470000000E+14   0.1442772657592E-17
  0.4047620000000E+14   0.1256298039115E-17
  0.4149260000000E+14   0.1190823232325E-17
  0.4253460000000E+14   0.1135877186899E-17
  0.4360270000000E+14   0.1119727137424E-17
  0.4469770000000E+14   0.1105982151649E-17
  0.4582010000000E+14   0.1094855362433E-17
  0.4697070000000E+14   0.1085735899887E-17
  0.4815020000000E+14   0.1077211855783E-17
  0.4935940000000E+14   0.1069138756751E-17
  0.5059890000000E+14   0.1062542692885E-17
  0.5186950000000E+14   0.1057850134344E-17
  0.5317200000000E+14   0.1054029924633E-17
  0.5450730000000E+14   0.1052473363615E-17
  0.6258450000000E+14   0.1060071538419E-17
  0.7185870000000E+14   0.1078448376838E-17
  0.8250720000000E+14   0.1085244279703E-17
  0.9473370000000E+14   0.1074409660269E-17
  0.1087720000000E+15   0.1050455855197E-17
  0.1248910000000E+15   0.1022934134082E-17
  0.1433980000000E+15   0.1001553076252E-17
  0.1646470000000E+15   0.9968419438223E-18
  0.1890460000000E+15   0.1019431872220E-17
  0.2170600000000E+15   0.1073013303615E-17
  0.2492250000000E+15   0.1160161102488E-17
  0.2861570000000E+15   0.1278988426164E-17
  0.3285620000000E+15   0.1422018784498E-17
  0.3772500000000E+15   0.1576469971608E-17
  0.4331540000000E+15   0.1722961289301E-17
  0.4973410000000E+15   0.1836406715712E-17
  0.5710410000000E+15   0.1889747486180E-17
  0.6556610000000E+15   0.1859848316616E-17
  0.7528220000000E+15   0.1733389278175E-17
  0.8643800000000E+15   0.1515546003202E-17
  0.9924690000000E+15   0.1230402947520E-17
  0.1139540000000E+16   0.9127219607272E-18
  0.1308400000000E+16   0.6133420065393E-18
  0.1502290000000E+16   0.3663656915241E-18
  0.1724910000000E+16   0.1908435838221E-18
  0.1980520000000E+16   0.8466981822450E-19
  0.2274010000000E+16   0.3134049305683E-19
  0.2610990000000E+16   0.9415437309531E-20
  0.2997900000000E+16   0.2225867362555E-20
