mstar = 2 Msun, Rstar = 2.5 Rsun, Tstar = 10000, mdisk = 0.0080158 Msun, Rc = 150 AU, Rin = 0.5 AU, Rout = 250 AU, inclination = 45 degree, powerlaw = -0.5 
         130
  
  0.2997900000000E+11   0.1000362880482E-22
  0.3951060000000E+11   0.2279268225358E-22
  0.5207280000000E+11   0.5187271347806E-22
  0.6862910000000E+11   0.1178659681065E-21
  0.9044930000000E+11   0.2672324375808E-21
  0.1192070000000E+12   0.6041013901617E-21
  0.1571080000000E+12   0.1360256835565E-20
  0.2070600000000E+12   0.3046792985185E-20
  0.2728930000000E+12   0.6776472534981E-20
  0.3596580000000E+12   0.1627986078073E-19
  0.4740100000000E+12   0.4662013826425E-19
  0.6247180000000E+12   0.1311507783653E-18
  0.8233440000000E+12   0.3593749370775E-18
  0.1085120000000E+13   0.9505436300283E-18
  0.1430130000000E+13   0.2387378983913E-17
  0.1884830000000E+13   0.5572934009736E-17
  0.2484100000000E+13   0.1170402428702E-16
  0.3273910000000E+13   0.2105534567813E-16
  0.4314820000000E+13   0.3071527676410E-16
  0.5686700000000E+13   0.3489285405749E-16
  0.7494750000000E+13   0.3236619701783E-16
  0.7682960000000E+13   0.3196501604485E-16
  0.7875890000000E+13   0.3154202141595E-16
  0.8073670000000E+13   0.3109580792013E-16
  0.8276410000000E+13   0.3062959719691E-16
  0.8484250000000E+13   0.3015035500925E-16
  0.8697300000000E+13   0.2969839550278E-16
  0.8915700000000E+13   0.2922654517870E-16
  0.9139590000000E+13   0.2879620159515E-16
  0.9369100000000E+13   0.2835748485638E-16
  0.9604380000000E+13   0.2793441027642E-16
  0.9845560000000E+13   0.2752532347366E-16
  0.1009280000000E+14   0.2709873450761E-16
  0.1034620000000E+14   0.2667724364939E-16
  0.1060610000000E+14   0.2623180587915E-16
  0.1087240000000E+14   0.2582523891987E-16
  0.1114540000000E+14   0.2540342646376E-16
  0.1142530000000E+14   0.2499254600544E-16
  0.1171220000000E+14   0.2458524737877E-16
  0.1200630000000E+14   0.2415857444144E-16
  0.1230780000000E+14   0.2373155673381E-16
  0.1261690000000E+14   0.2327967358735E-16
  0.1293370000000E+14   0.2287955475641E-16
  0.1325850000000E+14   0.2246125089469E-16
  0.1359150000000E+14   0.2205189067324E-16
  0.1393280000000E+14   0.2164090652590E-16
  0.1428260000000E+14   0.2122827298540E-16
  0.1464130000000E+14   0.2086076166396E-16
  0.1500900000000E+14   0.2046417724239E-16
  0.1538590000000E+14   0.1993592305359E-16
  0.1577220000000E+14   0.1938914100370E-16
  0.1616830000000E+14   0.1850139033415E-16
  0.1657430000000E+14   0.1744377880533E-16
  0.1699050000000E+14   0.1631026253239E-16
  0.1741720000000E+14   0.1492783788213E-16
  0.1785460000000E+14   0.1362928431750E-16
  0.1830290000000E+14   0.1227005044065E-16
  0.1876260000000E+14   0.1099523522715E-16
  0.1923370000000E+14   0.9858506352524E-17
  0.1971670000000E+14   0.8827533372595E-17
  0.2021180000000E+14   0.7931425743272E-17
  0.2071940000000E+14   0.7227974562804E-17
  0.2123970000000E+14   0.6583933748906E-17
  0.2177310000000E+14   0.6499733022946E-17
  0.2231980000000E+14   0.6401603827936E-17
  0.2288030000000E+14   0.6459650696513E-17
  0.2345490000000E+14   0.6552081199982E-17
  0.2404390000000E+14   0.6655654004110E-17
  0.2464770000000E+14   0.6799297755673E-17
  0.2526660000000E+14   0.6902037458433E-17
  0.2590110000000E+14   0.7024556495463E-17
  0.2655150000000E+14   0.7106250995687E-17
  0.2721830000000E+14   0.7260382921307E-17
  0.2790180000000E+14   0.7408937416846E-17
  0.2860240000000E+14   0.7479805831391E-17
  0.2932070000000E+14   0.7468427610003E-17
  0.3005700000000E+14   0.7425919519263E-17
  0.3081180000000E+14   0.7232854677990E-17
  0.3158550000000E+14   0.7046175573536E-17
  0.3237870000000E+14   0.6308962465668E-17
  0.3319170000000E+14   0.5452396909725E-17
  0.3402530000000E+14   0.4664078002078E-17
  0.3487970000000E+14   0.3938885908077E-17
  0.3575560000000E+14   0.3263387296704E-17
  0.3665350000000E+14   0.2658219601224E-17
  0.3757390000000E+14   0.2076589147798E-17
  0.3851740000000E+14   0.1723474783360E-17
  0.3948470000000E+14   0.1436970372549E-17
  0.4047620000000E+14   0.1253927453394E-17
  0.4149260000000E+14   0.1189735465818E-17
  0.4253460000000E+14   0.1135901771012E-17
  0.4360270000000E+14   0.1120072713750E-17
  0.4469770000000E+14   0.1106615459668E-17
  0.4582010000000E+14   0.1095733046350E-17
  0.4697070000000E+14   0.1086826227404E-17
  0.4815020000000E+14   0.1078508344120E-17
  0.4935940000000E+14   0.1070633178828E-17
  0.5059890000000E+14   0.1064209553285E-17
  0.5186950000000E+14   0.1059652432044E-17
  0.5317200000000E+14   0.1055950902758E-17
  0.5450730000000E+14   0.1054470461480E-17
  0.6258450000000E+14   0.1062172903076E-17
  0.7185870000000E+14   0.1080383002552E-17
  0.8250720000000E+14   0.1086953372736E-17
  0.9473370000000E+14   0.1075853775821E-17
  0.1087720000000E+15   0.1051629132780E-17
  0.1248910000000E+15   0.1023925550079E-17
  0.1433980000000E+15   0.1002537537620E-17
  0.1646470000000E+15   0.9980120359735E-18
  0.1890460000000E+15   0.1020902227682E-17
  0.2170600000000E+15   0.1074737674953E-17
  0.2492250000000E+15   0.1161946267072E-17
  0.2861570000000E+15   0.1280591308492E-17
  0.3285620000000E+15   0.1423248459666E-17
  0.3772500000000E+15   0.1577260618412E-17
  0.4331540000000E+15   0.1723388363114E-17
  0.4973410000000E+15   0.1836619211335E-17
  0.5710410000000E+15   0.1889877066683E-17
  0.6556610000000E+15   0.1859974108177E-17
  0.7528220000000E+15   0.1733557632702E-17
  0.8643800000000E+15   0.1515747546166E-17
  0.9924690000000E+15   0.1230587447171E-17
  0.1139540000000E+16   0.9129109341460E-18
  0.1308400000000E+16   0.6134611137884E-18
  0.1502290000000E+16   0.3664244821199E-18
  0.1724910000000E+16   0.1908665397661E-18
  0.1980520000000E+16   0.8468056688846E-19
  0.2274010000000E+16   0.3134437979281E-19
  0.2610990000000E+16   0.9416583416800E-20
  0.2997900000000E+16   0.2226134457277E-20
