mstar = 2 Msun, Rstar = 2.5 Rsun, Tstar = 10000, mdisk = 0.00077562 Msun, Rc = 150 AU, Rin = 0.5 AU, Rout = 250 AU, inclination = 45 degree, powerlaw = -0.5 
         130
  
  0.2997900000000E+11   0.1237206382873E-23
  0.3951060000000E+11   0.2808206957803E-23
  0.5207280000000E+11   0.6375685984712E-23
  0.6862910000000E+11   0.1446980600865E-22
  0.9044930000000E+11   0.3280557859012E-22
  0.1192070000000E+12   0.7424283018521E-22
  0.1571080000000E+12   0.1675704325717E-21
  0.2070600000000E+12   0.3767781439886E-21
  0.2728930000000E+12   0.8427327869259E-21
  0.3596580000000E+12   0.2040917642090E-20
  0.4740100000000E+12   0.5915714867459E-20
  0.6247180000000E+12   0.1694170219912E-19
  0.8233440000000E+12   0.4765679268916E-19
  0.1085120000000E+13   0.1310578471240E-18
  0.1430130000000E+13   0.3490303817463E-18
  0.1884830000000E+13   0.8910040740337E-18
  0.2484100000000E+13   0.2147872084413E-17
  0.3273910000000E+13   0.4770534551291E-17
  0.4314820000000E+13   0.9496698363387E-17
  0.5686700000000E+13   0.1616753705995E-16
  0.7494750000000E+13   0.2212778988875E-16
  0.7682960000000E+13   0.2247417401870E-16
  0.7875890000000E+13   0.2276510406055E-16
  0.8073670000000E+13   0.2299427948710E-16
  0.8276410000000E+13   0.2316193677213E-16
  0.8484250000000E+13   0.2327364360610E-16
  0.8697300000000E+13   0.2337301470080E-16
  0.8915700000000E+13   0.2340416171355E-16
  0.9139590000000E+13   0.2343382146198E-16
  0.9369100000000E+13   0.2340561207906E-16
  0.9604380000000E+13   0.2334505192522E-16
  0.9845560000000E+13   0.2324989444940E-16
  0.1009280000000E+14   0.2308940986391E-16
  0.1034620000000E+14   0.2288816832838E-16
  0.1060610000000E+14   0.2262110095069E-16
  0.1087240000000E+14   0.2234892176691E-16
  0.1114540000000E+14   0.2202422101724E-16
  0.1142530000000E+14   0.2167346710295E-16
  0.1171220000000E+14   0.2129320134405E-16
  0.1200630000000E+14   0.2086846292377E-16
  0.1230780000000E+14   0.2041917860395E-16
  0.1261690000000E+14   0.1993068053742E-16
  0.1293370000000E+14   0.1946492397007E-16
  0.1325850000000E+14   0.1897261670253E-16
  0.1359150000000E+14   0.1847779115616E-16
  0.1393280000000E+14   0.1797671309690E-16
  0.1428260000000E+14   0.1747313071961E-16
  0.1464130000000E+14   0.1700183396944E-16
  0.1500900000000E+14   0.1651577016376E-16
  0.1538590000000E+14   0.1595051815544E-16
  0.1577220000000E+14   0.1538406622662E-16
  0.1616830000000E+14   0.1460539661974E-16
  0.1657430000000E+14   0.1372827451631E-16
  0.1699050000000E+14   0.1281428868759E-16
  0.1741720000000E+14   0.1174915968269E-16
  0.1785460000000E+14   0.1075095493130E-16
  0.1830290000000E+14   0.9723926272908E-17
  0.1876260000000E+14   0.8762293857308E-17
  0.1923370000000E+14   0.7900518186699E-17
  0.1971670000000E+14   0.7116493574372E-17
  0.2021180000000E+14   0.6429240350567E-17
  0.2071940000000E+14   0.5877329196140E-17
  0.2123970000000E+14   0.5371659773233E-17
  0.2177310000000E+14   0.5247745940159E-17
  0.2231980000000E+14   0.5119694048584E-17
  0.2288030000000E+14   0.5101923792536E-17
  0.2345490000000E+14   0.5115411625360E-17
  0.2404390000000E+14   0.5146528432992E-17
  0.2464770000000E+14   0.5216376221644E-17
  0.2526660000000E+14   0.5269553128157E-17
  0.2590110000000E+14   0.5347700380934E-17
  0.2655150000000E+14   0.5406420259862E-17
  0.2721830000000E+14   0.5526620178897E-17
  0.2790180000000E+14   0.5651001514544E-17
  0.2860240000000E+14   0.5724132963779E-17
  0.2932070000000E+14   0.5739931102665E-17
  0.3005700000000E+14   0.5735006337209E-17
  0.3081180000000E+14   0.5616505865048E-17
  0.3158550000000E+14   0.5503304194138E-17
  0.3237870000000E+14   0.4963587400631E-17
  0.3319170000000E+14   0.4329295937467E-17
  0.3402530000000E+14   0.3745146516941E-17
  0.3487970000000E+14   0.3206631168365E-17
  0.3575560000000E+14   0.2703197470343E-17
  0.3665350000000E+14   0.2250359798012E-17
  0.3757390000000E+14   0.1810507799523E-17
  0.3851740000000E+14   0.1541890416671E-17
  0.3948470000000E+14   0.1316914053374E-17
  0.4047620000000E+14   0.1163287759300E-17
  0.4149260000000E+14   0.1107533908019E-17
  0.4253460000000E+14   0.1058071929159E-17
  0.4360270000000E+14   0.1045760139405E-17
  0.4469770000000E+14   0.1035065264936E-17
  0.4582010000000E+14   0.1026273726085E-17
  0.4697070000000E+14   0.1018802506583E-17
  0.4815020000000E+14   0.1011153258576E-17
  0.4935940000000E+14   0.1003175903693E-17
  0.5059890000000E+14   0.9960805153584E-18
  0.5186950000000E+14   0.9904827128186E-18
  0.5317200000000E+14   0.9852756720634E-18
  0.5450730000000E+14   0.9822516130102E-18
  0.6258450000000E+14   0.9794943150764E-18
  0.7185870000000E+14   0.9880733602640E-18
  0.8250720000000E+14   0.9880476386671E-18
  0.9473370000000E+14   0.9766904058041E-18
  0.1087720000000E+15   0.9607075915821E-18
  0.1248910000000E+15   0.9490641405888E-18
  0.1433980000000E+15   0.9487593347451E-18
  0.1646470000000E+15   0.9663911261349E-18
  0.1890460000000E+15   0.1008598538136E-17
  0.2170600000000E+15   0.1076584220347E-17
  0.2492250000000E+15   0.1172011926133E-17
  0.2861570000000E+15   0.1293705082464E-17
  0.3285620000000E+15   0.1435548296334E-17
  0.3772500000000E+15   0.1586579949212E-17
  0.4331540000000E+15   0.1729510355274E-17
  0.4973410000000E+15   0.1840696735925E-17
  0.5710410000000E+15   0.1893456387420E-17
  0.6556610000000E+15   0.1864322882598E-17
  0.7528220000000E+15   0.1739786149244E-17
  0.8643800000000E+15   0.1523298058661E-17
  0.9924690000000E+15   0.1237511358901E-17
  0.1139540000000E+16   0.9200117687406E-18
  0.1308400000000E+16   0.6179356320973E-18
  0.1502290000000E+16   0.3686316471530E-18
  0.1724910000000E+16   0.1917277052758E-18
  0.1980520000000E+16   0.8508384214896E-19
  0.2274010000000E+16   0.3149019662438E-19
  0.2610990000000E+16   0.9459579486977E-20
  0.2997900000000E+16   0.2236154148872E-20
