mstar = 2 Msun, Rstar = 2.5 Rsun, Tstar = 10000, mdisk = 0.00079846 Msun, Rc = 150 AU, Rin = 0.5 AU, Rout = 250 AU, inclination = 45 degree, powerlaw = -0.5 
         130
  
  0.2997900000000E+11   0.1269818022343E-23
  0.3951060000000E+11   0.2882602468401E-23
  0.5207280000000E+11   0.6545212705231E-23
  0.6862910000000E+11   0.1485554170284E-22
  0.9044930000000E+11   0.3368155869708E-22
  0.1192070000000E+12   0.7622698626453E-22
  0.1571080000000E+12   0.1720493600792E-21
  0.2070600000000E+12   0.3868427782456E-21
  0.2728930000000E+12   0.8652125377889E-21
  0.3596580000000E+12   0.2095239206055E-20
  0.4740100000000E+12   0.6072642809237E-20
  0.6247180000000E+12   0.1738876543160E-19
  0.8233440000000E+12   0.4890468286193E-19
  0.1085120000000E+13   0.1344512675946E-18
  0.1430130000000E+13   0.3579199885888E-18
  0.1884830000000E+13   0.9131473849625E-18
  0.2484100000000E+13   0.2199285687353E-17
  0.3273910000000E+13   0.4878187653496E-17
  0.4314820000000E+13   0.9691174598696E-17
  0.5686700000000E+13   0.1644747408336E-16
  0.7494750000000E+13   0.2241088491210E-16
  0.7682960000000E+13   0.2275114681544E-16
  0.7875890000000E+13   0.2303485563069E-16
  0.8073670000000E+13   0.2325576702871E-16
  0.8276410000000E+13   0.2341422213535E-16
  0.8484250000000E+13   0.2351591185726E-16
  0.8697300000000E+13   0.2360462335897E-16
  0.8915700000000E+13   0.2362442798317E-16
  0.9139590000000E+13   0.2364222375227E-16
  0.9369100000000E+13   0.2360166951834E-16
  0.9604380000000E+13   0.2352839410796E-16
  0.9845560000000E+13   0.2342025420989E-16
  0.1009280000000E+14   0.2324670932828E-16
  0.1034620000000E+14   0.2303243516041E-16
  0.1060610000000E+14   0.2275259053264E-16
  0.1087240000000E+14   0.2246782980548E-16
  0.1114540000000E+14   0.2213104710633E-16
  0.1142530000000E+14   0.2176876219758E-16
  0.1171220000000E+14   0.2137766790054E-16
  0.1200630000000E+14   0.2094300219203E-16
  0.1230780000000E+14   0.2048470778673E-16
  0.1261690000000E+14   0.1998825290428E-16
  0.1293370000000E+14   0.1951541603394E-16
  0.1325850000000E+14   0.1901715803519E-16
  0.1359150000000E+14   0.1851745886917E-16
  0.1393280000000E+14   0.1801257607316E-16
  0.1428260000000E+14   0.1750622552349E-16
  0.1464130000000E+14   0.1703317765396E-16
  0.1500900000000E+14   0.1654627486825E-16
  0.1538590000000E+14   0.1598071742551E-16
  0.1577220000000E+14   0.1541445157879E-16
  0.1616830000000E+14   0.1463533509105E-16
  0.1657430000000E+14   0.1375724662973E-16
  0.1699050000000E+14   0.1284194946793E-16
  0.1741720000000E+14   0.1177454371930E-16
  0.1785460000000E+14   0.1077419416970E-16
  0.1830290000000E+14   0.9744787818049E-17
  0.1876260000000E+14   0.8780999041874E-17
  0.1923370000000E+14   0.7917451915070E-17
  0.1971670000000E+14   0.7131868411351E-17
  0.2021180000000E+14   0.6443261600889E-17
  0.2071940000000E+14   0.5890277058690E-17
  0.2123970000000E+14   0.5383589628809E-17
  0.2177310000000E+14   0.5259609507425E-17
  0.2231980000000E+14   0.5131726246121E-17
  0.2288030000000E+14   0.5114847680112E-17
  0.2345490000000E+14   0.5129600199034E-17
  0.2404390000000E+14   0.5162146349002E-17
  0.2464770000000E+14   0.5233636731460E-17
  0.2526660000000E+14   0.5288195058986E-17
  0.2590110000000E+14   0.5367628452903E-17
  0.2655150000000E+14   0.5427201192392E-17
  0.2721830000000E+14   0.5548216386166E-17
  0.2790180000000E+14   0.5673007669478E-17
  0.2860240000000E+14   0.5745903525082E-17
  0.2932070000000E+14   0.5760914565939E-17
  0.3005700000000E+14   0.5754962253813E-17
  0.3081180000000E+14   0.5634936532882E-17
  0.3158550000000E+14   0.5520190805465E-17
  0.3237870000000E+14   0.4977800174866E-17
  0.3319170000000E+14   0.4340934525514E-17
  0.3402530000000E+14   0.3754450033548E-17
  0.3487970000000E+14   0.3213953889338E-17
  0.3575560000000E+14   0.2708846573701E-17
  0.3665350000000E+14   0.2254389393580E-17
  0.3757390000000E+14   0.1813215347566E-17
  0.3851740000000E+14   0.1543706137601E-17
  0.3948470000000E+14   0.1318321890885E-17
  0.4047620000000E+14   0.1165041634670E-17
  0.4149260000000E+14   0.1109597681571E-17
  0.4253460000000E+14   0.1060530128926E-17
  0.4360270000000E+14   0.1048338736048E-17
  0.4469770000000E+14   0.1037781880716E-17
  0.4582010000000E+14   0.1029138120892E-17
  0.4697070000000E+14   0.1021825589109E-17
  0.4815020000000E+14   0.1014357180261E-17
  0.4935940000000E+14   0.1006581156037E-17
  0.5059890000000E+14   0.9996907413415E-18
  0.5186950000000E+14   0.9942893496105E-18
  0.5317200000000E+14   0.9892795699143E-18
  0.5450730000000E+14   0.9864291457753E-18
  0.6258450000000E+14   0.9843814263969E-18
  0.7185870000000E+14   0.9931660666055E-18
  0.8250720000000E+14   0.9928835563360E-18
  0.9473370000000E+14   0.9808047750714E-18
  0.1087720000000E+15   0.9636974182961E-18
  0.1248910000000E+15   0.9507117944280E-18
  0.1433980000000E+15   0.9490955325712E-18
  0.1646470000000E+15   0.9656771658448E-18
  0.1890460000000E+15   0.1007230432328E-17
  0.2170600000000E+15   0.1074971325086E-17
  0.2492250000000E+15   0.1170469815800E-17
  0.2861570000000E+15   0.1292413016530E-17
  0.3285620000000E+15   0.1434584309149E-17
  0.3772500000000E+15   0.1585953604078E-17
  0.4331540000000E+15   0.1729166309914E-17
  0.4973410000000E+15   0.1840534464360E-17
  0.5710410000000E+15   0.1893382339179E-17
  0.6556610000000E+15   0.1864277822497E-17
  0.7528220000000E+15   0.1739739760149E-17
  0.8643800000000E+15   0.1523245590425E-17
  0.9924690000000E+15   0.1237463635213E-17
  0.1139540000000E+16   0.9199628253900E-18
  0.1308400000000E+16   0.6179048011533E-18
  0.1502290000000E+16   0.3686164486607E-18
  0.1724910000000E+16   0.1917217797356E-18
  0.1980520000000E+16   0.8508106693425E-19
  0.2274010000000E+16   0.3148919321299E-19
  0.2610990000000E+16   0.9459283630104E-20
  0.2997900000000E+16   0.2236085205376E-20
