mstar = 2 Msun, Rstar = 2.5 Rsun, Tstar = 10000, mdisk = 0.002546 Msun, Rc = 150 AU, Rin = 0.5 AU, Rout = 250 AU, inclination = 45 degree, powerlaw = -0.5 
         130
  
  0.2997900000000E+11   0.3576560824974E-23
  0.3951060000000E+11   0.8143283015330E-23
  0.5207280000000E+11   0.1852805735732E-22
  0.6862910000000E+11   0.4210653425119E-22
  0.9044930000000E+11   0.9552355121723E-22
  0.1192070000000E+12   0.2161739385082E-21
  0.1571080000000E+12   0.4875709967590E-21
  0.2070600000000E+12   0.1094699922526E-20
  0.2728930000000E+12   0.2442813599444E-20
  0.3596580000000E+12   0.5896170843328E-20
  0.4740100000000E+12   0.1700638688228E-19
  0.6247180000000E+12   0.4835107640417E-19
  0.8233440000000E+12   0.1345924360981E-18
  0.1085120000000E+13   0.3645703989137E-18
  0.1430130000000E+13   0.9496918236583E-18
  0.1884830000000E+13   0.2346277700804E-17
  0.2484100000000E+13   0.5383758146434E-17
  0.3273910000000E+13   0.1109129919743E-16
  0.4314820000000E+13   0.1967206644586E-16
  0.5686700000000E+13   0.2821014388205E-16
  0.7494750000000E+13   0.3085048298992E-16
  0.7682960000000E+13   0.3067710218633E-16
  0.7875890000000E+13   0.3043182583688E-16
  0.8073670000000E+13   0.3011542960513E-16
  0.8276410000000E+13   0.2973472234317E-16
  0.8484250000000E+13   0.2930069046754E-16
  0.8697300000000E+13   0.2885560477329E-16
  0.8915700000000E+13   0.2835759731967E-16
  0.9139590000000E+13   0.2786719259384E-16
  0.9369100000000E+13   0.2734294386347E-16
  0.9604380000000E+13   0.2681079562091E-16
  0.9845560000000E+13   0.2627370478500E-16
  0.1009280000000E+14   0.2571057822467E-16
  0.1034620000000E+14   0.2514519044183E-16
  0.1060610000000E+14   0.2455856352433E-16
  0.1087240000000E+14   0.2400512076108E-16
  0.1114540000000E+14   0.2344503665350E-16
  0.1142530000000E+14   0.2290205231449E-16
  0.1171220000000E+14   0.2237286825487E-16
  0.1200630000000E+14   0.2184110038123E-16
  0.1230780000000E+14   0.2132303506018E-16
  0.1261690000000E+14   0.2079961250478E-16
  0.1293370000000E+14   0.2033286046939E-16
  0.1325850000000E+14   0.1986630593460E-16
  0.1359150000000E+14   0.1942146638077E-16
  0.1393280000000E+14   0.1898898271696E-16
  0.1428260000000E+14   0.1856783653994E-16
  0.1464130000000E+14   0.1819617340228E-16
  0.1500900000000E+14   0.1781066618125E-16
  0.1538590000000E+14   0.1732228369093E-16
  0.1577220000000E+14   0.1682509037288E-16
  0.1616830000000E+14   0.1604158951313E-16
  0.1657430000000E+14   0.1511616053545E-16
  0.1699050000000E+14   0.1412860297035E-16
  0.1741720000000E+14   0.1293065502977E-16
  0.1785460000000E+14   0.1180724549859E-16
  0.1830290000000E+14   0.1063513886907E-16
  0.1876260000000E+14   0.9538137246943E-17
  0.1923370000000E+14   0.8561193996198E-17
  0.1971670000000E+14   0.7676215835936E-17
  0.2021180000000E+14   0.6907373642967E-17
  0.2071940000000E+14   0.6302110532677E-17
  0.2123970000000E+14   0.5748230495450E-17
  0.2177310000000E+14   0.5665490311835E-17
  0.2231980000000E+14   0.5575063999616E-17
  0.2288030000000E+14   0.5621440659910E-17
  0.2345490000000E+14   0.5701911883242E-17
  0.2404390000000E+14   0.5795858529243E-17
  0.2464770000000E+14   0.5927681618332E-17
  0.2526660000000E+14   0.6026460130860E-17
  0.2590110000000E+14   0.6144687684801E-17
  0.2655150000000E+14   0.6228654619691E-17
  0.2721830000000E+14   0.6377924480719E-17
  0.2790180000000E+14   0.6523546697331E-17
  0.2860240000000E+14   0.6601606997985E-17
  0.2932070000000E+14   0.6607675799648E-17
  0.3005700000000E+14   0.6586552121761E-17
  0.3081180000000E+14   0.6431158665143E-17
  0.3158550000000E+14   0.6281223282983E-17
  0.3237870000000E+14   0.5637242182773E-17
  0.3319170000000E+14   0.4885780642588E-17
  0.3402530000000E+14   0.4194224552485E-17
  0.3487970000000E+14   0.3557765270219E-17
  0.3575560000000E+14   0.2964193126743E-17
  0.3665350000000E+14   0.2431463375957E-17
  0.3757390000000E+14   0.1917385761497E-17
  0.3851740000000E+14   0.1606788589500E-17
  0.3948470000000E+14   0.1354056812626E-17
  0.4047620000000E+14   0.1191617069749E-17
  0.4149260000000E+14   0.1135809960751E-17
  0.4253460000000E+14   0.1088504465370E-17
  0.4360270000000E+14   0.1076180947977E-17
  0.4469770000000E+14   0.1065749737124E-17
  0.4582010000000E+14   0.1057419357037E-17
  0.4697070000000E+14   0.1050632291699E-17
  0.4815020000000E+14   0.1044041759137E-17
  0.4935940000000E+14   0.1037499578749E-17
  0.5059890000000E+14   0.1032018671122E-17
  0.5186950000000E+14   0.1028060905213E-17
  0.5317200000000E+14   0.1024644416448E-17
  0.5450730000000E+14   0.1023215427860E-17
  0.6258450000000E+14   0.1028248118469E-17
  0.7185870000000E+14   0.1041910986326E-17
  0.8250720000000E+14   0.1044449692064E-17
  0.9473370000000E+14   0.1031774290369E-17
  0.1087720000000E+15   0.1009767441933E-17
  0.1248910000000E+15   0.9882141178891E-18
  0.1433980000000E+15   0.9760859824072E-18
  0.1646470000000E+15   0.9823886507290E-18
  0.1890460000000E+15   0.1015691500132E-17
  0.2170600000000E+15   0.1077716926638E-17
  0.2492250000000E+15   0.1169688430992E-17
  0.2861570000000E+15   0.1289798096227E-17
  0.3285620000000E+15   0.1431576610370E-17
  0.3772500000000E+15   0.1583484369973E-17
  0.4331540000000E+15   0.1727389327579E-17
  0.4973410000000E+15   0.1839167369694E-17
  0.5710410000000E+15   0.1892049284670E-17
  0.6556610000000E+15   0.1862618190849E-17
  0.7528220000000E+15   0.1737363982544E-17
  0.8643800000000E+15   0.1520367858434E-17
  0.9924690000000E+15   0.1234824740175E-17
  0.1139540000000E+16   0.9172548280834E-18
  0.1308400000000E+16   0.6161986370797E-18
  0.1502290000000E+16   0.3677751630330E-18
  0.1724910000000E+16   0.1913936861715E-18
  0.1980520000000E+16   0.8492741238599E-19
  0.2274010000000E+16   0.3143363643112E-19
  0.2610990000000E+16   0.9442902384349E-20
  0.2997900000000E+16   0.2232267837572E-20
