mstar = 2 Msun, Rstar = 2.5 Rsun, Tstar = 10000, mdisk = 0.00065535 Msun, Rc = 150 AU, Rin = 0.5 AU, Rout = 250 AU, inclination = 45 degree, powerlaw = -0.5 
         130
  
  0.2997900000000E+11   0.1067630637071E-23
  0.3951060000000E+11   0.2421377695491E-23
  0.5207280000000E+11   0.5494258584077E-23
  0.6862910000000E+11   0.1246438270418E-22
  0.9044930000000E+11   0.2825184231590E-22
  0.1192070000000E+12   0.6392964064759E-22
  0.1571080000000E+12   0.1442940058115E-21
  0.2070600000000E+12   0.3244855046581E-21
  0.2728930000000E+12   0.7259709356104E-21
  0.3596580000000E+12   0.1758880952965E-20
  0.4740100000000E+12   0.5101374128711E-20
  0.6247180000000E+12   0.1462337674582E-19
  0.8233440000000E+12   0.4119150985153E-19
  0.1085120000000E+13   0.1134978273685E-18
  0.1430130000000E+13   0.3030993557275E-18
  0.1884830000000E+13   0.7768163852156E-18
  0.2484100000000E+13   0.1883372723845E-17
  0.3273910000000E+13   0.4218304445004E-17
  0.4314820000000E+13   0.8502283659949E-17
  0.5686700000000E+13   0.1474277848628E-16
  0.7494750000000E+13   0.2071081007066E-16
  0.7682960000000E+13   0.2109245190605E-16
  0.7875890000000E+13   0.2142466052792E-16
  0.8073670000000E+13   0.2170084594258E-16
  0.8276410000000E+13   0.2192071544505E-16
  0.8484250000000E+13   0.2208922511287E-16
  0.8697300000000E+13   0.2224922874640E-16
  0.8915700000000E+13   0.2234487334707E-16
  0.9139590000000E+13   0.2244237333352E-16
  0.9369100000000E+13   0.2248491569704E-16
  0.9604380000000E+13   0.2249758247525E-16
  0.9845560000000E+13   0.2247758519498E-16
  0.1009280000000E+14   0.2239292692395E-16
  0.1034620000000E+14   0.2226773141114E-16
  0.1060610000000E+14   0.2207545769316E-16
  0.1087240000000E+14   0.2187758468175E-16
  0.1114540000000E+14   0.2162450262982E-16
  0.1142530000000E+14   0.2134265960557E-16
  0.1171220000000E+14   0.2102761523781E-16
  0.1200630000000E+14   0.2066300115734E-16
  0.1230780000000E+14   0.2026873566147E-16
  0.1261690000000E+14   0.1982894510081E-16
  0.1293370000000E+14   0.1940731902721E-16
  0.1325850000000E+14   0.1895228480540E-16
  0.1359150000000E+14   0.1848839643577E-16
  0.1393280000000E+14   0.1801160655399E-16
  0.1428260000000E+14   0.1752580724438E-16
  0.1464130000000E+14   0.1706647350100E-16
  0.1500900000000E+14   0.1658604251996E-16
  0.1538590000000E+14   0.1602092720266E-16
  0.1577220000000E+14   0.1545082992352E-16
  0.1616830000000E+14   0.1466727834719E-16
  0.1657430000000E+14   0.1378555736389E-16
  0.1699050000000E+14   0.1286755365794E-16
  0.1741720000000E+14   0.1180041185320E-16
  0.1785460000000E+14   0.1080003279643E-16
  0.1830290000000E+14   0.9771217918327E-17
  0.1876260000000E+14   0.8807209417816E-17
  0.1923370000000E+14   0.7942417798811E-17
  0.1971670000000E+14   0.7154938565994E-17
  0.2021180000000E+14   0.6464051600211E-17
  0.2071940000000E+14   0.5909046698330E-17
  0.2123970000000E+14   0.5400433530790E-17
  0.2177310000000E+14   0.5275660254801E-17
  0.2231980000000E+14   0.5144672303238E-17
  0.2288030000000E+14   0.5121024460972E-17
  0.2345490000000E+14   0.5125702640795E-17
  0.2404390000000E+14   0.5145931523393E-17
  0.2464770000000E+14   0.5203148023736E-17
  0.2526660000000E+14   0.5244422076313E-17
  0.2590110000000E+14   0.5310932789844E-17
  0.2655150000000E+14   0.5360064308912E-17
  0.2721830000000E+14   0.5470649750309E-17
  0.2790180000000E+14   0.5587156631500E-17
  0.2860240000000E+14   0.5655158338811E-17
  0.2932070000000E+14   0.5668213479914E-17
  0.3005700000000E+14   0.5661858914538E-17
  0.3081180000000E+14   0.5544859237550E-17
  0.3158550000000E+14   0.5433442163349E-17
  0.3237870000000E+14   0.4904006401962E-17
  0.3319170000000E+14   0.4281624958738E-17
  0.3402530000000E+14   0.3708342740640E-17
  0.3487970000000E+14   0.3180192200015E-17
  0.3575560000000E+14   0.2686563915394E-17
  0.3665350000000E+14   0.2242358432305E-17
  0.3757390000000E+14   0.1810907469812E-17
  0.3851740000000E+14   0.1545993689740E-17
  0.3948470000000E+14   0.1321377000981E-17
  0.4047620000000E+14   0.1164024400484E-17
  0.4149260000000E+14   0.1106037808967E-17
  0.4253460000000E+14   0.1054122659325E-17
  0.4360270000000E+14   0.1041503838753E-17
  0.4469770000000E+14   0.1030482778874E-17
  0.4582010000000E+14   0.1021385054180E-17
  0.4697070000000E+14   0.1013604159200E-17
  0.4815020000000E+14   0.1005560751072E-17
  0.4935940000000E+14   0.9971113718945E-18
  0.5059890000000E+14   0.9895592501662E-18
  0.5186950000000E+14   0.9835758627633E-18
  0.5317200000000E+14   0.9779896298298E-18
  0.5450730000000E+14   0.9747219495062E-18
  0.6258450000000E+14   0.9715686718178E-18
  0.7185870000000E+14   0.9807549712858E-18
  0.8250720000000E+14   0.9813799843507E-18
  0.9473370000000E+14   0.9707014705623E-18
  0.1087720000000E+15   0.9555693790569E-18
  0.1248910000000E+15   0.9449853740642E-18
  0.1433980000000E+15   0.9459322657858E-18
  0.1646470000000E+15   0.9648806057476E-18
  0.1890460000000E+15   0.1008212581768E-17
  0.2170600000000E+15   0.1076896258992E-17
  0.2492250000000E+15   0.1172562127521E-17
  0.2861570000000E+15   0.1294238304936E-17
  0.3285620000000E+15   0.1436015222026E-17
  0.3772500000000E+15   0.1586957274723E-17
  0.4331540000000E+15   0.1729769140737E-17
  0.4973410000000E+15   0.1840869550096E-17
  0.5710410000000E+15   0.1893603515882E-17
  0.6556610000000E+15   0.1864494109789E-17
  0.7528220000000E+15   0.1740026144061E-17
  0.8643800000000E+15   0.1523587579799E-17
  0.9924690000000E+15   0.1237776741735E-17
  0.1139540000000E+16   0.9202842073920E-18
  0.1308400000000E+16   0.6181072620853E-18
  0.1502290000000E+16   0.3687162523735E-18
  0.1724910000000E+16   0.1917606897995E-18
  0.1980520000000E+16   0.8509929047136E-19
  0.2274010000000E+16   0.3149578213249E-19
  0.2610990000000E+16   0.9461226376576E-20
  0.2997900000000E+16   0.2236537922818E-20
