mstar = 2 Msun, Rstar = 2.5 Rsun, Tstar = 10000, mdisk = 0.00060481 Msun, Rc = 150 AU, Rin = 0.5 AU, Rout = 250 AU, inclination = 45 degree, powerlaw = -0.5 
         130
  
  0.2997900000000E+11   0.9955655504946E-24
  0.3951060000000E+11   0.2256978967220E-23
  0.5207280000000E+11   0.5119640011065E-23
  0.6862910000000E+11   0.1161198929873E-22
  0.9044930000000E+11   0.2631611861370E-22
  0.1192070000000E+12   0.5954510488374E-22
  0.1571080000000E+12   0.1343966246335E-21
  0.2070600000000E+12   0.3022451112543E-21
  0.2728930000000E+12   0.6762963469602E-21
  0.3596580000000E+12   0.1638842917349E-20
  0.4740100000000E+12   0.4754577535459E-20
  0.6247180000000E+12   0.1363527309096E-19
  0.8233440000000E+12   0.3843263827458E-19
  0.1085120000000E+13   0.1059914558259E-18
  0.1430130000000E+13   0.2834130581037E-18
  0.1884830000000E+13   0.7276715579797E-18
  0.2484100000000E+13   0.1768762775840E-17
  0.3273910000000E+13   0.3976283915535E-17
  0.4314820000000E+13   0.8057523868260E-17
  0.5686700000000E+13   0.1408069239634E-16
  0.7494750000000E+13   0.1999830757818E-16
  0.7682960000000E+13   0.2039016420473E-16
  0.7875890000000E+13   0.2073539295417E-16
  0.8073670000000E+13   0.2102735288980E-16
  0.8276410000000E+13   0.2126556114285E-16
  0.8484250000000E+13   0.2145471721765E-16
  0.8697300000000E+13   0.2163710585853E-16
  0.8915700000000E+13   0.2175729052299E-16
  0.9139590000000E+13   0.2188086266552E-16
  0.9369100000000E+13   0.2195123565018E-16
  0.9604380000000E+13   0.2199318454301E-16
  0.9845560000000E+13   0.2200374263101E-16
  0.1009280000000E+14   0.2195059836681E-16
  0.1034620000000E+14   0.2185756440004E-16
  0.1060610000000E+14   0.2169763283828E-16
  0.1087240000000E+14   0.2153227845877E-16
  0.1114540000000E+14   0.2131123213343E-16
  0.1142530000000E+14   0.2106078982558E-16
  0.1171220000000E+14   0.2077608939779E-16
  0.1200630000000E+14   0.2044019234968E-16
  0.1230780000000E+14   0.2007287480777E-16
  0.1261690000000E+14   0.1965774501791E-16
  0.1293370000000E+14   0.1925894979797E-16
  0.1325850000000E+14   0.1882404618728E-16
  0.1359150000000E+14   0.1837765562190E-16
  0.1393280000000E+14   0.1791552470209E-16
  0.1428260000000E+14   0.1744150256347E-16
  0.1464130000000E+14   0.1699116839666E-16
  0.1500900000000E+14   0.1651682998115E-16
  0.1538590000000E+14   0.1595550695987E-16
  0.1577220000000E+14   0.1538735092385E-16
  0.1616830000000E+14   0.1460609020883E-16
  0.1657430000000E+14   0.1372729525365E-16
  0.1699050000000E+14   0.1281273454910E-16
  0.1741720000000E+14   0.1175081079103E-16
  0.1785460000000E+14   0.1075523127823E-16
  0.1830290000000E+14   0.9731495442895E-17
  0.1876260000000E+14   0.8771868860309E-17
  0.1923370000000E+14   0.7910643286059E-17
  0.1971670000000E+14   0.7126142494835E-17
  0.2021180000000E+14   0.6437691982347E-17
  0.2071940000000E+14   0.5884757311494E-17
  0.2123970000000E+14   0.5378012747592E-17
  0.2177310000000E+14   0.5254677424930E-17
  0.2231980000000E+14   0.5124056261341E-17
  0.2288030000000E+14   0.5098778976263E-17
  0.2345490000000E+14   0.5100035885597E-17
  0.2404390000000E+14   0.5115521208494E-17
  0.2464770000000E+14   0.5166637247661E-17
  0.2526660000000E+14   0.5201965638261E-17
  0.2590110000000E+14   0.5262204321867E-17
  0.2655150000000E+14   0.5306091284716E-17
  0.2721830000000E+14   0.5410930432973E-17
  0.2790180000000E+14   0.5522606103152E-17
  0.2860240000000E+14   0.5587779393271E-17
  0.2932070000000E+14   0.5599980882666E-17
  0.3005700000000E+14   0.5593822046940E-17
  0.3081180000000E+14   0.5479429258839E-17
  0.3158550000000E+14   0.5370819128496E-17
  0.3237870000000E+14   0.4851094242567E-17
  0.3319170000000E+14   0.4239870210086E-17
  0.3402530000000E+14   0.3676770245780E-17
  0.3487970000000E+14   0.3157660184175E-17
  0.3575560000000E+14   0.2671938265446E-17
  0.3665350000000E+14   0.2234594438038E-17
  0.3757390000000E+14   0.1808950341216E-17
  0.3851740000000E+14   0.1546696223880E-17
  0.3948470000000E+14   0.1322637768744E-17
  0.4047620000000E+14   0.1163670925542E-17
  0.4149260000000E+14   0.1104901446423E-17
  0.4253460000000E+14   0.1052044116479E-17
  0.4360270000000E+14   0.1039582601894E-17
  0.4469770000000E+14   0.1028669421261E-17
  0.4582010000000E+14   0.1019654146642E-17
  0.4697070000000E+14   0.1011919173911E-17
  0.4815020000000E+14   0.1003841006972E-17
  0.4935940000000E+14   0.9952799294347E-18
  0.5059890000000E+14   0.9875934129938E-18
  0.5186950000000E+14   0.9814878727844E-18
  0.5317200000000E+14   0.9757574649206E-18
  0.5450730000000E+14   0.9724006766642E-18
  0.6258450000000E+14   0.9690191409961E-18
  0.7185870000000E+14   0.9783732563236E-18
  0.8250720000000E+14   0.9792236424063E-18
  0.9473370000000E+14   0.9688619010114E-18
  0.1087720000000E+15   0.9541499211161E-18
  0.1248910000000E+15   0.9439689492783E-18
  0.1433980000000E+15   0.9451815453072E-18
  0.1646470000000E+15   0.9642083133483E-18
  0.1890460000000E+15   0.1007455131468E-17
  0.2170600000000E+15   0.1075979487334E-17
  0.2492250000000E+15   0.1171533756833E-17
  0.2861570000000E+15   0.1293247244308E-17
  0.3285620000000E+15   0.1435231879435E-17
  0.3772500000000E+15   0.1586455704012E-17
  0.4331540000000E+15   0.1729507039328E-17
  0.4973410000000E+15   0.1840769615025E-17
  0.5710410000000E+15   0.1893600283139E-17
  0.6556610000000E+15   0.1864547325415E-17
  0.7528220000000E+15   0.1740125365237E-17
  0.8643800000000E+15   0.1523712666510E-17
  0.9924690000000E+15   0.1237891985937E-17
  0.1139540000000E+16   0.9204025975813E-18
  0.1308400000000E+16   0.6181818483488E-18
  0.1502290000000E+16   0.3687530186496E-18
  0.1724910000000E+16   0.1917750230613E-18
  0.1980520000000E+16   0.8510600350968E-19
  0.2274010000000E+16   0.3149820929684E-19
  0.2610990000000E+16   0.9461942025402E-20
  0.2997900000000E+16   0.2236704689847E-20
