mstar = 2 Msun, Rstar = 2.5 Rsun, Tstar = 10000, mdisk = 0.0038088 Msun, Rc = 150 AU, Rin = 0.5 AU, Rout = 250 AU, inclination = 45 degree, powerlaw = -0.5 
         130
  
  0.2997900000000E+11   0.5129819499880E-23
  0.3951060000000E+11   0.1168450177758E-22
  0.5207280000000E+11   0.2659100759157E-22
  0.6862910000000E+11   0.6043316448553E-22
  0.9044930000000E+11   0.1370834419000E-21
  0.1192070000000E+12   0.3101342344231E-21
  0.1571080000000E+12   0.6991467424170E-21
  0.2070600000000E+12   0.1568569185952E-20
  0.2728930000000E+12   0.3496581602717E-20
  0.3596580000000E+12   0.8427177508531E-20
  0.4740100000000E+12   0.2425318868368E-19
  0.6247180000000E+12   0.6873405455938E-19
  0.8233440000000E+12   0.1904379811872E-18
  0.1085120000000E+13   0.5122728611647E-18
  0.1430130000000E+13   0.1320589254318E-17
  0.1884830000000E+13   0.3210845965350E-17
  0.2484100000000E+13   0.7186759438170E-17
  0.3273910000000E+13   0.1424511264116E-16
  0.4314820000000E+13   0.2382729196110E-16
  0.5686700000000E+13   0.3153566279383E-16
  0.7494750000000E+13   0.3182664628922E-16
  0.7682960000000E+13   0.3147502014879E-16
  0.7875890000000E+13   0.3106918048116E-16
  0.8073670000000E+13   0.3061155166084E-16
  0.8276410000000E+13   0.3010954034883E-16
  0.8484250000000E+13   0.2957401493530E-16
  0.8697300000000E+13   0.2904538844902E-16
  0.8915700000000E+13   0.2848456453755E-16
  0.9139590000000E+13   0.2794972481526E-16
  0.9369100000000E+13   0.2740052713218E-16
  0.9604380000000E+13   0.2686155643531E-16
  0.9845560000000E+13   0.2633470797606E-16
  0.1009280000000E+14   0.2579623420066E-16
  0.1034620000000E+14   0.2526815052751E-16
  0.1060610000000E+14   0.2472766532710E-16
  0.1087240000000E+14   0.2423025962126E-16
  0.1114540000000E+14   0.2373069699229E-16
  0.1142530000000E+14   0.2325213057956E-16
  0.1171220000000E+14   0.2278861053348E-16
  0.1200630000000E+14   0.2231987463147E-16
  0.1230780000000E+14   0.2186201191164E-16
  0.1261690000000E+14   0.2139254606453E-16
  0.1293370000000E+14   0.2097876803981E-16
  0.1325850000000E+14   0.2055764845043E-16
  0.1359150000000E+14   0.2015243842025E-16
  0.1393280000000E+14   0.1975269098145E-16
  0.1428260000000E+14   0.1935741226325E-16
  0.1464130000000E+14   0.1900821113647E-16
  0.1500900000000E+14   0.1863692297379E-16
  0.1538590000000E+14   0.1814881539603E-16
  0.1577220000000E+14   0.1764631910237E-16
  0.1616830000000E+14   0.1683353710621E-16
  0.1657430000000E+14   0.1586646911110E-16
  0.1699050000000E+14   0.1483096148278E-16
  0.1741720000000E+14   0.1356874624441E-16
  0.1785460000000E+14   0.1238428196049E-16
  0.1830290000000E+14   0.1114561273379E-16
  0.1876260000000E+14   0.9985078850648E-17
  0.1923370000000E+14   0.8951353002890E-17
  0.1971670000000E+14   0.8014688072878E-17
  0.2021180000000E+14   0.7201460922623E-17
  0.2071940000000E+14   0.6563559316351E-17
  0.2123970000000E+14   0.5979853015697E-17
  0.2177310000000E+14   0.5904129112178E-17
  0.2231980000000E+14   0.5817202351536E-17
  0.2288030000000E+14   0.5874046956955E-17
  0.2345490000000E+14   0.5963932236572E-17
  0.2404390000000E+14   0.6065144410686E-17
  0.2464770000000E+14   0.6203994558593E-17
  0.2526660000000E+14   0.6305725842892E-17
  0.2590110000000E+14   0.6426240501651E-17
  0.2655150000000E+14   0.6509469267268E-17
  0.2721830000000E+14   0.6659976571710E-17
  0.2790180000000E+14   0.6805657256405E-17
  0.2860240000000E+14   0.6880026154517E-17
  0.2932070000000E+14   0.6878621557881E-17
  0.3005700000000E+14   0.6848613560626E-17
  0.3081180000000E+14   0.6678906545562E-17
  0.3158550000000E+14   0.6515011546777E-17
  0.3237870000000E+14   0.5839232057655E-17
  0.3319170000000E+14   0.5053290454248E-17
  0.3402530000000E+14   0.4330897224430E-17
  0.3487970000000E+14   0.3666847273640E-17
  0.3575560000000E+14   0.3047763370350E-17
  0.3665350000000E+14   0.2492425332140E-17
  0.3757390000000E+14   0.1957308389914E-17
  0.3851740000000E+14   0.1633474528914E-17
  0.3948470000000E+14   0.1370552265950E-17
  0.4047620000000E+14   0.1202082284740E-17
  0.4149260000000E+14   0.1144476224852E-17
  0.4253460000000E+14   0.1095921262577E-17
  0.4360270000000E+14   0.1083508161829E-17
  0.4469770000000E+14   0.1073071844191E-17
  0.4582010000000E+14   0.1064824114881E-17
  0.4697070000000E+14   0.1058194311738E-17
  0.4815020000000E+14   0.1051820243639E-17
  0.4935940000000E+14   0.1045560543716E-17
  0.5059890000000E+14   0.1040434390980E-17
  0.5186950000000E+14   0.1036894351413E-17
  0.5317200000000E+14   0.1033948552626E-17
  0.5450730000000E+14   0.1033025934951E-17
  0.6258450000000E+14   0.1041135116273E-17
  0.7185870000000E+14   0.1057487463773E-17
  0.8250720000000E+14   0.1061812364564E-17
  0.9473370000000E+14   0.1049608059262E-17
  0.1087720000000E+15   0.1026504520625E-17
  0.1248910000000E+15   0.1002512886663E-17
  0.1433980000000E+15   0.9871309134237E-18
  0.1646470000000E+15   0.9899162786217E-18
  0.1890460000000E+15   0.1019895955961E-17
  0.2170600000000E+15   0.1079125127628E-17
  0.2492250000000E+15   0.1169217662792E-17
  0.2861570000000E+15   0.1288463458590E-17
  0.3285620000000E+15   0.1430094940690E-17
  0.3772500000000E+15   0.1582200975844E-17
  0.4331540000000E+15   0.1726411299620E-17
  0.4973410000000E+15   0.1838433523330E-17
  0.5710410000000E+15   0.1891370039196E-17
  0.6556610000000E+15   0.1861784107254E-17
  0.7528220000000E+15   0.1736167187355E-17
  0.8643800000000E+15   0.1518916233531E-17
  0.9924690000000E+15   0.1233493442148E-17
  0.1139540000000E+16   0.9158894442318E-18
  0.1308400000000E+16   0.6153382595650E-18
  0.1502290000000E+16   0.3673507693985E-18
  0.1724910000000E+16   0.1912281052986E-18
  0.1980520000000E+16   0.8484987219416E-19
  0.2274010000000E+16   0.3140559939003E-19
  0.2610990000000E+16   0.9434635294033E-20
  0.2997900000000E+16   0.2230341298512E-20
