mstar = 2 Msun, Rstar = 2.5 Rsun, Tstar = 10000, mdisk = 0.00063794 Msun, Rc = 150 AU, Rin = 0.5 AU, Rout = 250 AU, inclination = 45 degree, powerlaw = -0.5 
         130
  
  0.2997900000000E+11   0.1042509632078E-23
  0.3951060000000E+11   0.2364067943185E-23
  0.5207280000000E+11   0.5363658618437E-23
  0.6862910000000E+11   0.1216719876976E-22
  0.9044930000000E+11   0.2757689446392E-22
  0.1192070000000E+12   0.6240064637648E-22
  0.1571080000000E+12   0.1408419634936E-21
  0.2070600000000E+12   0.3167266724355E-21
  0.2728930000000E+12   0.7086361051701E-21
  0.3596580000000E+12   0.1716974508698E-20
  0.4740100000000E+12   0.4980237496096E-20
  0.6247180000000E+12   0.1427797186005E-19
  0.8233440000000E+12   0.4022612567096E-19
  0.1085120000000E+13   0.1108674851047E-18
  0.1430130000000E+13   0.2961870253150E-18
  0.1884830000000E+13   0.7595108911468E-18
  0.2484100000000E+13   0.1842851832653E-17
  0.3273910000000E+13   0.4132233327371E-17
  0.4314820000000E+13   0.8342776589660E-17
  0.5686700000000E+13   0.1450250580783E-16
  0.7494750000000E+13   0.2044784334834E-16
  0.7682960000000E+13   0.2083278861519E-16
  0.7875890000000E+13   0.2116934451216E-16
  0.8073670000000E+13   0.2145091546508E-16
  0.8276410000000E+13   0.2167714249807E-16
  0.8484250000000E+13   0.2185289148887E-16
  0.8697300000000E+13   0.2202077009375E-16
  0.8915700000000E+13   0.2212513439358E-16
  0.9139590000000E+13   0.2223190555601E-16
  0.9369100000000E+13   0.2228440851693E-16
  0.9604380000000E+13   0.2230758731453E-16
  0.9845560000000E+13   0.2229858532485E-16
  0.1009280000000E+14   0.2222533700609E-16
  0.1034620000000E+14   0.2211182523474E-16
  0.1060610000000E+14   0.2193138202261E-16
  0.1087240000000E+14   0.2174539417407E-16
  0.1114540000000E+14   0.2150409620519E-16
  0.1142530000000E+14   0.2123384160903E-16
  0.1171220000000E+14   0.2093004899182E-16
  0.1200630000000E+14   0.2057617571278E-16
  0.1230780000000E+14   0.2019205882347E-16
  0.1261690000000E+14   0.1976168497174E-16
  0.1293370000000E+14   0.1934878168931E-16
  0.1325850000000E+14   0.1890157627256E-16
  0.1359150000000E+14   0.1844460757307E-16
  0.1393280000000E+14   0.1797377224017E-16
  0.1428260000000E+14   0.1749294281181E-16
  0.1464130000000E+14   0.1703757521141E-16
  0.1500900000000E+14   0.1656014234775E-16
  0.1538590000000E+14   0.1599735732447E-16
  0.1577220000000E+14   0.1542894534479E-16
  0.1616830000000E+14   0.1464747842229E-16
  0.1657430000000E+14   0.1376811615286E-16
  0.1699050000000E+14   0.1285258711426E-16
  0.1741720000000E+14   0.1178856499212E-16
  0.1785460000000E+14   0.1079096225834E-16
  0.1830290000000E+14   0.9764955167592E-17
  0.1876260000000E+14   0.8803332280063E-17
  0.1923370000000E+14   0.7940435774266E-17
  0.1971670000000E+14   0.7154455394743E-17
  0.2021180000000E+14   0.6464668130130E-17
  0.2071940000000E+14   0.5910443485312E-17
  0.2123970000000E+14   0.5402450960556E-17
  0.2177310000000E+14   0.5277885147601E-17
  0.2231980000000E+14   0.5146727370664E-17
  0.2288030000000E+14   0.5122178179706E-17
  0.2345490000000E+14   0.5125323708537E-17
  0.2404390000000E+14   0.5143619032177E-17
  0.2464770000000E+14   0.5198478538809E-17
  0.2526660000000E+14   0.5237532779392E-17
  0.2590110000000E+14   0.5301779460476E-17
  0.2655150000000E+14   0.5349023894359E-17
  0.2721830000000E+14   0.5457554087309E-17
  0.2790180000000E+14   0.5572308705665E-17
  0.2860240000000E+14   0.5639260075331E-17
  0.2932070000000E+14   0.5651957700143E-17
  0.3005700000000E+14   0.5645610703747E-17
  0.3081180000000E+14   0.5529267072195E-17
  0.3158550000000E+14   0.5418556809398E-17
  0.3237870000000E+14   0.4891383245637E-17
  0.3319170000000E+14   0.4271902798166E-17
  0.3402530000000E+14   0.3701458974731E-17
  0.3487970000000E+14   0.3175823555948E-17
  0.3575560000000E+14   0.2684506526498E-17
  0.3665350000000E+14   0.2242472171348E-17
  0.3757390000000E+14   0.1813082511404E-17
  0.3851740000000E+14   0.1549121024740E-17
  0.3948470000000E+14   0.1324771218097E-17
  0.4047620000000E+14   0.1166879182890E-17
  0.4149260000000E+14   0.1108476352712E-17
  0.4253460000000E+14   0.1056075696182E-17
  0.4360270000000E+14   0.1043303435593E-17
  0.4469770000000E+14   0.1032108046995E-17
  0.4582010000000E+14   0.1022823181259E-17
  0.4697070000000E+14   0.1014839159086E-17
  0.4815020000000E+14   0.1006563762205E-17
  0.4935940000000E+14   0.9978547748548E-18
  0.5059890000000E+14   0.9900327682258E-18
  0.5186950000000E+14   0.9837801835667E-18
  0.5317200000000E+14   0.9779150268725E-18
  0.5450730000000E+14   0.9743832406458E-18
  0.6258450000000E+14   0.9698453818490E-18
  0.7185870000000E+14   0.9779155230266E-18
  0.8250720000000E+14   0.9777928811376E-18
  0.9473370000000E+14   0.9668725866957E-18
  0.1087720000000E+15   0.9520117871142E-18
  0.1248910000000E+15   0.9420473589517E-18
  0.1433980000000E+15   0.9437235119205E-18
  0.1646470000000E+15   0.9632990458012E-18
  0.1890460000000E+15   0.1007041321391E-17
  0.2170600000000E+15   0.1075938745833E-17
  0.2492250000000E+15   0.1171714892207E-17
  0.2861570000000E+15   0.1293500981851E-17
  0.3285620000000E+15   0.1435441360536E-17
  0.3772500000000E+15   0.1586575610975E-17
  0.4331540000000E+15   0.1729556827112E-17
  0.4973410000000E+15   0.1840777142972E-17
  0.5710410000000E+15   0.1893581698850E-17
  0.6556610000000E+15   0.1864509420805E-17
  0.7528220000000E+15   0.1740065631422E-17
  0.8643800000000E+15   0.1523639243271E-17
  0.9924690000000E+15   0.1237824542623E-17
  0.1139540000000E+16   0.9203333395541E-18
  0.1308400000000E+16   0.6181382171529E-18
  0.1502290000000E+16   0.3687315114022E-18
  0.1724910000000E+16   0.1917666385489E-18
  0.1980520000000E+16   0.8510207658776E-19
  0.2274010000000E+16   0.3149678948053E-19
  0.2610990000000E+16   0.9461523393028E-20
  0.2997900000000E+16   0.2236607136328E-20
