mstar = 2 Msun, Rstar = 2.5 Rsun, Tstar = 10000, mdisk = 0.0031632 Msun, Rc = 150 AU, Rin = 0.5 AU, Rout = 250 AU, inclination = 45 degree, powerlaw = -0.5 
         130
  
  0.2997900000000E+11   0.4342787946866E-23
  0.3951060000000E+11   0.9890254337078E-23
  0.5207280000000E+11   0.2250594482366E-22
  0.6862910000000E+11   0.5114874911040E-22
  0.9044930000000E+11   0.1160309745190E-21
  0.1192070000000E+12   0.2625442386202E-21
  0.1571080000000E+12   0.5920043662816E-21
  0.2070600000000E+12   0.1328656430242E-20
  0.2728930000000E+12   0.2963238942018E-20
  0.3596580000000E+12   0.7146718257318E-20
  0.4740100000000E+12   0.2058949130785E-19
  0.6247180000000E+12   0.5843972705319E-19
  0.8233440000000E+12   0.1622766774234E-18
  0.1085120000000E+13   0.4379699724018E-18
  0.1430130000000E+13   0.1134722274451E-17
  0.1884830000000E+13   0.2780300694234E-17
  0.2484100000000E+13   0.6298404711144E-17
  0.3273910000000E+13   0.1272005985984E-16
  0.4314820000000E+13   0.2188717434244E-16
  0.5686700000000E+13   0.3009176545370E-16
  0.7494750000000E+13   0.3148421685567E-16
  0.7682960000000E+13   0.3120697173759E-16
  0.7875890000000E+13   0.3086623289535E-16
  0.8073670000000E+13   0.3046394206339E-16
  0.8276410000000E+13   0.3000750229654E-16
  0.8484250000000E+13   0.2950805574463E-16
  0.8697300000000E+13   0.2900673526120E-16
  0.8915700000000E+13   0.2846389043713E-16
  0.9139590000000E+13   0.2793840173166E-16
  0.9369100000000E+13   0.2739018410489E-16
  0.9604380000000E+13   0.2684443888536E-16
  0.9845560000000E+13   0.2630379378621E-16
  0.1009280000000E+14   0.2574619509651E-16
  0.1034620000000E+14   0.2519438511288E-16
  0.1060610000000E+14   0.2462760597708E-16
  0.1087240000000E+14   0.2410042767668E-16
  0.1114540000000E+14   0.2357044752185E-16
  0.1142530000000E+14   0.2306088503299E-16
  0.1171220000000E+14   0.2256695216596E-16
  0.1200630000000E+14   0.2207007202355E-16
  0.1230780000000E+14   0.2158619661867E-16
  0.1261690000000E+14   0.2109424647371E-16
  0.1293370000000E+14   0.2065891662838E-16
  0.1325850000000E+14   0.2022000063807E-16
  0.1359150000000E+14   0.1979984537374E-16
  0.1393280000000E+14   0.1938835950088E-16
  0.1428260000000E+14   0.1898439499781E-16
  0.1464130000000E+14   0.1862797284275E-16
  0.1500900000000E+14   0.1825289990554E-16
  0.1538590000000E+14   0.1776686755910E-16
  0.1577220000000E+14   0.1726869282239E-16
  0.1616830000000E+14   0.1647038293342E-16
  0.1657430000000E+14   0.1552296893475E-16
  0.1699050000000E+14   0.1450973489458E-16
  0.1741720000000E+14   0.1327659955206E-16
  0.1785460000000E+14   0.1211973818436E-16
  0.1830290000000E+14   0.1091096132050E-16
  0.1876260000000E+14   0.9778926809293E-17
  0.1923370000000E+14   0.8770620814253E-17
  0.1971670000000E+14   0.7856910239344E-17
  0.2021180000000E+14   0.7063372145159E-17
  0.2071940000000E+14   0.6440076143425E-17
  0.2123970000000E+14   0.5869713985070E-17
  0.2177310000000E+14   0.5791853422481E-17
  0.2231980000000E+14   0.5704342189667E-17
  0.2288030000000E+14   0.5757835604278E-17
  0.2345490000000E+14   0.5844829271718E-17
  0.2404390000000E+14   0.5943967974599E-17
  0.2464770000000E+14   0.6080633120118E-17
  0.2526660000000E+14   0.6181813053628E-17
  0.2590110000000E+14   0.6302068721398E-17
  0.2655150000000E+14   0.6386336004040E-17
  0.2721830000000E+14   0.6536928992094E-17
  0.2790180000000E+14   0.6683363478461E-17
  0.2860240000000E+14   0.6759984825279E-17
  0.2932070000000E+14   0.6762402687489E-17
  0.3005700000000E+14   0.6736702279384E-17
  0.3081180000000E+14   0.6573392525134E-17
  0.3158550000000E+14   0.6415699438349E-17
  0.3237870000000E+14   0.5753082187731E-17
  0.3319170000000E+14   0.4981126725464E-17
  0.3402530000000E+14   0.4271505088880E-17
  0.3487970000000E+14   0.3619028443000E-17
  0.3575560000000E+14   0.3010577469873E-17
  0.3665350000000E+14   0.2464694626412E-17
  0.3757390000000E+14   0.1938687842673E-17
  0.3851740000000E+14   0.1620845342623E-17
  0.3948470000000E+14   0.1362412100845E-17
  0.4047620000000E+14   0.1196371079929E-17
  0.4149260000000E+14   0.1139577905802E-17
  0.4253460000000E+14   0.1091533140805E-17
  0.4360270000000E+14   0.1079423340035E-17
  0.4469770000000E+14   0.1069228640961E-17
  0.4582010000000E+14   0.1061163485212E-17
  0.4697070000000E+14   0.1054657890220E-17
  0.4815020000000E+14   0.1048342872303E-17
  0.4935940000000E+14   0.1042073726834E-17
  0.5059890000000E+14   0.1036880065888E-17
  0.5186950000000E+14   0.1033226110901E-17
  0.5317200000000E+14   0.1030114266483E-17
  0.5450730000000E+14   0.1029002156812E-17
  0.6258450000000E+14   0.1035602799476E-17
  0.7185870000000E+14   0.1050089147690E-17
  0.8250720000000E+14   0.1052534725954E-17
  0.9473370000000E+14   0.1038928216687E-17
  0.1087720000000E+15   0.1015319649581E-17
  0.1248910000000E+15   0.9918116177803E-18
  0.1433980000000E+15   0.9777352563020E-18
  0.1646470000000E+15   0.9823393050654E-18
  0.1890460000000E+15   0.1014263383392E-17
  0.2170600000000E+15   0.1075304915574E-17
  0.2492250000000E+15   0.1166833298206E-17
  0.2861570000000E+15   0.1287101391896E-17
  0.3285620000000E+15   0.1429450626300E-17
  0.3772500000000E+15   0.1582032909741E-17
  0.4331540000000E+15   0.1726498443595E-17
  0.4973410000000E+15   0.1838623689011E-17
  0.5710410000000E+15   0.1891626368771E-17
  0.6556610000000E+15   0.1862140099626E-17
  0.7528220000000E+15   0.1736692379860E-17
  0.8643800000000E+15   0.1519555845455E-17
  0.9924690000000E+15   0.1234080272603E-17
  0.1139540000000E+16   0.9164912622139E-18
  0.1308400000000E+16   0.6157174981336E-18
  0.1502290000000E+16   0.3675378470485E-18
  0.1724910000000E+16   0.1913011011763E-18
  0.1980520000000E+16   0.8488405511900E-19
  0.2274010000000E+16   0.3141795935068E-19
  0.2610990000000E+16   0.9438279807782E-20
  0.2997900000000E+16   0.2231190608519E-20
