mstar = 2 Msun, Rstar = 2.5 Rsun, Tstar = 10000, mdisk = 0.00043561 Msun, Rc = 150 AU, Rin = 0.5 AU, Rout = 250 AU, inclination = 45 degree, powerlaw = -0.5 
         130
  
  0.2997900000000E+11   0.7504175597080E-24
  0.3951060000000E+11   0.1697701960465E-23
  0.5207280000000E+11   0.3845107912491E-23
  0.6862910000000E+11   0.8711673236932E-23
  0.9044930000000E+11   0.1972883472841E-22
  0.1192070000000E+12   0.4462186940358E-22
  0.1571080000000E+12   0.1007019853259E-21
  0.2070600000000E+12   0.2265065418326E-21
  0.2728930000000E+12   0.5070626034466E-21
  0.3596580000000E+12   0.1229665082105E-20
  0.4740100000000E+12   0.3571524761286E-20
  0.6247180000000E+12   0.1026087556410E-19
  0.8233440000000E+12   0.2899698224076E-19
  0.1085120000000E+13   0.8026504140530E-19
  0.1430130000000E+13   0.2157414664724E-18
  0.1884830000000E+13   0.5580085925895E-18
  0.2484100000000E+13   0.1370607345570E-17
  0.3273910000000E+13   0.3127522855659E-17
  0.4314820000000E+13   0.6474832267827E-17
  0.5686700000000E+13   0.1166804082116E-16
  0.7494750000000E+13   0.1730003221903E-16
  0.7682960000000E+13   0.1771893786726E-16
  0.7875890000000E+13   0.1810197117381E-16
  0.8073670000000E+13   0.1844254187833E-16
  0.8276410000000E+13   0.1873960870365E-16
  0.8484250000000E+13   0.1899698784192E-16
  0.8697300000000E+13   0.1925440681062E-16
  0.8915700000000E+13   0.1945891024717E-16
  0.9139590000000E+13   0.1967308528379E-16
  0.9369100000000E+13   0.1984213277088E-16
  0.9604380000000E+13   0.1998955954433E-16
  0.9845560000000E+13   0.2011202397851E-16
  0.1009280000000E+14   0.2017656578688E-16
  0.1034620000000E+14   0.2020576030009E-16
  0.1060610000000E+14   0.2017115629945E-16
  0.1087240000000E+14   0.2013403103695E-16
  0.1114540000000E+14   0.2004198561384E-16
  0.1142530000000E+14   0.1992073020030E-16
  0.1171220000000E+14   0.1976387995687E-16
  0.1200630000000E+14   0.1955211166385E-16
  0.1230780000000E+14   0.1930461431968E-16
  0.1261690000000E+14   0.1900248035483E-16
  0.1293370000000E+14   0.1871250091075E-16
  0.1325850000000E+14   0.1837761187169E-16
  0.1359150000000E+14   0.1802280143964E-16
  0.1393280000000E+14   0.1764238194278E-16
  0.1428260000000E+14   0.1723953850620E-16
  0.1464130000000E+14   0.1685118938278E-16
  0.1500900000000E+14   0.1642631874392E-16
  0.1538590000000E+14   0.1589993817185E-16
  0.1577220000000E+14   0.1535711260225E-16
  0.1616830000000E+14   0.1458827303105E-16
  0.1657430000000E+14   0.1371597137408E-16
  0.1699050000000E+14   0.1280495428456E-16
  0.1741720000000E+14   0.1174265363862E-16
  0.1785460000000E+14   0.1074641180703E-16
  0.1830290000000E+14   0.9719635946737E-17
  0.1876260000000E+14   0.8756039074610E-17
  0.1923370000000E+14   0.7890971053996E-17
  0.1971670000000E+14   0.7102394396051E-17
  0.2021180000000E+14   0.6410839571202E-17
  0.2071940000000E+14   0.5858292911412E-17
  0.2123970000000E+14   0.5351910349857E-17
  0.2177310000000E+14   0.5243701310271E-17
  0.2231980000000E+14   0.5122910935419E-17
  0.2288030000000E+14   0.5103674545333E-17
  0.2345490000000E+14   0.5103399144256E-17
  0.2404390000000E+14   0.5110020799865E-17
  0.2464770000000E+14   0.5145152392498E-17
  0.2526660000000E+14   0.5161476372695E-17
  0.2590110000000E+14   0.5199672700649E-17
  0.2655150000000E+14   0.5222714444766E-17
  0.2721830000000E+14   0.5304003089030E-17
  0.2790180000000E+14   0.5394014982633E-17
  0.2860240000000E+14   0.5443622814964E-17
  0.2932070000000E+14   0.5446601161702E-17
  0.3005700000000E+14   0.5434935706274E-17
  0.3081180000000E+14   0.5323282390271E-17
  0.3158550000000E+14   0.5218475240666E-17
  0.3237870000000E+14   0.4724858468600E-17
  0.3319170000000E+14   0.4144664721219E-17
  0.3402530000000E+14   0.3609555217732E-17
  0.3487970000000E+14   0.3115650454189E-17
  0.3575560000000E+14   0.2652673120536E-17
  0.3665350000000E+14   0.2233966437360E-17
  0.3757390000000E+14   0.1821953172570E-17
  0.3851740000000E+14   0.1561037580185E-17
  0.3948470000000E+14   0.1327291229935E-17
  0.4047620000000E+14   0.1151904830847E-17
  0.4149260000000E+14   0.1086958199596E-17
  0.4253460000000E+14   0.1028018997888E-17
  0.4360270000000E+14   0.1015586972042E-17
  0.4469770000000E+14   0.1004592314594E-17
  0.4582010000000E+14   0.9954948451250E-18
  0.4697070000000E+14   0.9876168106556E-18
  0.4815020000000E+14   0.9791157142279E-18
  0.4935940000000E+14   0.9698739968654E-18
  0.5059890000000E+14   0.9615085391706E-18
  0.5186950000000E+14   0.9548802689173E-18
  0.5317200000000E+14   0.9486101045124E-18
  0.5450730000000E+14   0.9450458008398E-18
  0.6258450000000E+14   0.9427234458874E-18
  0.7185870000000E+14   0.9558281480346E-18
  0.8250720000000E+14   0.9606802556897E-18
  0.9473370000000E+14   0.9541750567152E-18
  0.1087720000000E+15   0.9431802386750E-18
  0.1248910000000E+15   0.9362767587612E-18
  0.1433980000000E+15   0.9401623342094E-18
  0.1646470000000E+15   0.9613261169805E-18
  0.1890460000000E+15   0.1006245732656E-17
  0.2170600000000E+15   0.1075907395827E-17
  0.2492250000000E+15   0.1171959016055E-17
  0.2861570000000E+15   0.1293706040639E-17
  0.3285620000000E+15   0.1435611793008E-17
  0.3772500000000E+15   0.1586807026361E-17
  0.4331540000000E+15   0.1729805824345E-17
  0.4973410000000E+15   0.1841005174404E-17
  0.5710410000000E+15   0.1893827897668E-17
  0.6556610000000E+15   0.1864830370258E-17
  0.7528220000000E+15   0.1740529975531E-17
  0.8643800000000E+15   0.1524202518886E-17
  0.9924690000000E+15   0.1238341195321E-17
  0.1139540000000E+16   0.9208638384284E-18
  0.1308400000000E+16   0.6184724110753E-18
  0.1502290000000E+16   0.3688962396604E-18
  0.1724910000000E+16   0.1918308540568E-18
  0.1980520000000E+16   0.8513215243508E-19
  0.2274010000000E+16   0.3150766365317E-19
  0.2610990000000E+16   0.9464729630397E-20
  0.2997900000000E+16   0.2237354281329E-20
