mstar = 2 Msun, Rstar = 2.5 Rsun, Tstar = 10000, mdisk = 0.0085736 Msun, Rc = 150 AU, Rin = 0.5 AU, Rout = 250 AU, inclination = 45 degree, powerlaw = -0.5 
         130
  
  0.2997900000000E+11   0.1064622264424E-22
  0.3951060000000E+11   0.2425713740266E-22
  0.5207280000000E+11   0.5520539207518E-22
  0.6862910000000E+11   0.1254357962931E-21
  0.9044930000000E+11   0.2843833012398E-21
  0.1192070000000E+12   0.6428304995440E-21
  0.1571080000000E+12   0.1447327628169E-20
  0.2070600000000E+12   0.3241398538372E-20
  0.2728930000000E+12   0.7208025053138E-20
  0.3596580000000E+12   0.1731212644332E-19
  0.4740100000000E+12   0.4955445687372E-19
  0.6247180000000E+12   0.1393117893163E-18
  0.8233440000000E+12   0.3813370868045E-18
  0.1085120000000E+13   0.1006957726855E-17
  0.1430130000000E+13   0.2522354030187E-17
  0.1884830000000E+13   0.5863030550632E-17
  0.2484100000000E+13   0.1223089662564E-16
  0.3273910000000E+13   0.2178323738169E-16
  0.4314820000000E+13   0.3135964210022E-16
  0.5686700000000E+13   0.3520150517447E-16
  0.7494750000000E+13   0.3256309984122E-16
  0.7682960000000E+13   0.3216624876822E-16
  0.7875890000000E+13   0.3174841373460E-16
  0.8073670000000E+13   0.3130772276069E-16
  0.8276410000000E+13   0.3084706003477E-16
  0.8484250000000E+13   0.3037318862961E-16
  0.8697300000000E+13   0.2992688171271E-16
  0.8915700000000E+13   0.2945985620359E-16
  0.9139590000000E+13   0.2903440973840E-16
  0.9369100000000E+13   0.2859963889664E-16
  0.9604380000000E+13   0.2817984128962E-16
  0.9845560000000E+13   0.2777327692336E-16
  0.1009280000000E+14   0.2734796787524E-16
  0.1034620000000E+14   0.2692688089123E-16
  0.1060610000000E+14   0.2648064805824E-16
  0.1087240000000E+14   0.2607299448937E-16
  0.1114540000000E+14   0.2564917061450E-16
  0.1142530000000E+14   0.2523574977715E-16
  0.1171220000000E+14   0.2482541612944E-16
  0.1200630000000E+14   0.2439507077775E-16
  0.1230780000000E+14   0.2396405397101E-16
  0.1261690000000E+14   0.2350766819592E-16
  0.1293370000000E+14   0.2310331925116E-16
  0.1325850000000E+14   0.2268046967608E-16
  0.1359150000000E+14   0.2226652879192E-16
  0.1393280000000E+14   0.2185092551055E-16
  0.1428260000000E+14   0.2143366518216E-16
  0.1464130000000E+14   0.2106187029602E-16
  0.1500900000000E+14   0.2066071025327E-16
  0.1538590000000E+14   0.2012684848383E-16
  0.1577220000000E+14   0.1957437371252E-16
  0.1616830000000E+14   0.1867825476421E-16
  0.1657430000000E+14   0.1761099915976E-16
  0.1699050000000E+14   0.1646732028587E-16
  0.1741720000000E+14   0.1507274467772E-16
  0.1785460000000E+14   0.1376276757563E-16
  0.1830290000000E+14   0.1239181383168E-16
  0.1876260000000E+14   0.1110596995694E-16
  0.1923370000000E+14   0.9959427617940E-17
  0.1971670000000E+14   0.8919430367026E-17
  0.2021180000000E+14   0.8015560920966E-17
  0.2071940000000E+14   0.7305973370373E-17
  0.2123970000000E+14   0.6656125609703E-17
  0.2177310000000E+14   0.6570805221602E-17
  0.2231980000000E+14   0.6471235271201E-17
  0.2288030000000E+14   0.6528881023767E-17
  0.2345490000000E+14   0.6621109846160E-17
  0.2404390000000E+14   0.6724435621557E-17
  0.2464770000000E+14   0.6867963972192E-17
  0.2526660000000E+14   0.6970132876617E-17
  0.2590110000000E+14   0.7092280929185E-17
  0.2655150000000E+14   0.7173263499424E-17
  0.2721830000000E+14   0.7327138422909E-17
  0.2790180000000E+14   0.7475098079240E-17
  0.2860240000000E+14   0.7544684982590E-17
  0.2932070000000E+14   0.7531574959902E-17
  0.3005700000000E+14   0.7487147020602E-17
  0.3081180000000E+14   0.7291044048272E-17
  0.3158550000000E+14   0.7101314611732E-17
  0.3237870000000E+14   0.6357531718884E-17
  0.3319170000000E+14   0.5494226068239E-17
  0.3402530000000E+14   0.4699605853587E-17
  0.3487970000000E+14   0.3968953677753E-17
  0.3575560000000E+14   0.3288470455556E-17
  0.3665350000000E+14   0.2678399010391E-17
  0.3757390000000E+14   0.2091281610110E-17
  0.3851740000000E+14   0.1734329844177E-17
  0.3948470000000E+14   0.1444437479130E-17
  0.4047620000000E+14   0.1259026816927E-17
  0.4149260000000E+14   0.1193683828880E-17
  0.4253460000000E+14   0.1138885517211E-17
  0.4360270000000E+14   0.1122384203286E-17
  0.4469770000000E+14   0.1108312401016E-17
  0.4582010000000E+14   0.1096870988405E-17
  0.4697070000000E+14   0.1087455923258E-17
  0.4815020000000E+14   0.1078676493670E-17
  0.4935940000000E+14   0.1070388992035E-17
  0.5059890000000E+14   0.1063597230118E-17
  0.5186950000000E+14   0.1058712600253E-17
  0.5317200000000E+14   0.1054717549298E-17
  0.5450730000000E+14   0.1052975466234E-17
  0.6258450000000E+14   0.1059700681065E-17
  0.7185870000000E+14   0.1077511884910E-17
  0.8250720000000E+14   0.1084083972346E-17
  0.9473370000000E+14   0.1073199365013E-17
  0.1087720000000E+15   0.1049171132157E-17
  0.1248910000000E+15   0.1021431299409E-17
  0.1433980000000E+15   0.9996933089430E-18
  0.1646470000000E+15   0.9946085022800E-18
  0.1890460000000E+15   0.1016979604319E-17
  0.2170600000000E+15   0.1070636027321E-17
  0.2492250000000E+15   0.1158148239069E-17
  0.2861570000000E+15   0.1277504694536E-17
  0.3285620000000E+15   0.1421085284223E-17
  0.3772500000000E+15   0.1575983339235E-17
  0.4331540000000E+15   0.1722753904188E-17
  0.4973410000000E+15   0.1836321104927E-17
  0.5710410000000E+15   0.1889688398463E-17
  0.6556610000000E+15   0.1859774913089E-17
  0.7528220000000E+15   0.1733280778796E-17
  0.8643800000000E+15   0.1515413495415E-17
  0.9924690000000E+15   0.1230281349475E-17
  0.1139540000000E+16   0.9125973821524E-18
  0.1308400000000E+16   0.6132634834989E-18
  0.1502290000000E+16   0.3663269318805E-18
  0.1724910000000E+16   0.1908284488491E-18
  0.1980520000000E+16   0.8466273161360E-19
  0.2274010000000E+16   0.3133793051951E-19
  0.2610990000000E+16   0.9414681675950E-20
  0.2997900000000E+16   0.2225691265572E-20
