mstar = 2 Msun, Rstar = 2.5 Rsun, Tstar = 10000, mdisk = 0.00015453 Msun, Rc = 150 AU, Rin = 0.5 AU, Rout = 250 AU, inclination = 45 degree, powerlaw = -0.5 
         130
  
  0.2997900000000E+11   0.3160678269303E-24
  0.3951060000000E+11   0.7065664197030E-24
  0.5207280000000E+11   0.1585764394529E-23
  0.6862910000000E+11   0.3568366411926E-23
  0.9044930000000E+11   0.8041305263500E-23
  0.1192070000000E+12   0.1812651750187E-22
  0.1571080000000E+12   0.4082599671051E-22
  0.2070600000000E+12   0.9175895781948E-22
  0.2728930000000E+12   0.2055031028634E-21
  0.3596580000000E+12   0.4990009657498E-21
  0.4740100000000E+12   0.1452795023828E-20
  0.6247180000000E+12   0.4193459789613E-20
  0.8233440000000E+12   0.1193674422807E-19
  0.1085120000000E+13   0.3338728978322E-19
  0.1430130000000E+13   0.9106270822201E-19
  0.1884830000000E+13   0.2403880322383E-18
  0.2484100000000E+13   0.6074841962343E-18
  0.3273910000000E+13   0.1441998763876E-17
  0.4314820000000E+13   0.3152506224568E-17
  0.5686700000000E+13   0.6120457950774E-17
  0.7494750000000E+13   0.1003238080473E-16
  0.7682960000000E+13   0.1038356251793E-16
  0.7875890000000E+13   0.1072198612294E-16
  0.8073670000000E+13   0.1104303596484E-16
  0.8276410000000E+13   0.1134554028550E-16
  0.8484250000000E+13   0.1163160763356E-16
  0.8697300000000E+13   0.1192868651968E-16
  0.8915700000000E+13   0.1219999380034E-16
  0.9139590000000E+13   0.1249017921200E-16
  0.9369100000000E+13   0.1276011808588E-16
  0.9604380000000E+13   0.1302694245019E-16
  0.9845560000000E+13   0.1328837792985E-16
  0.1009280000000E+14   0.1351842688681E-16
  0.1034620000000E+14   0.1373370794712E-16
  0.1060610000000E+14   0.1391012276740E-16
  0.1087240000000E+14   0.1409715176438E-16
  0.1114540000000E+14   0.1425030078719E-16
  0.1142530000000E+14   0.1439018302752E-16
  0.1171220000000E+14   0.1450990263426E-16
  0.1200630000000E+14   0.1458968106076E-16
  0.1230780000000E+14   0.1464462892886E-16
  0.1261690000000E+14   0.1465380651817E-16
  0.1293370000000E+14   0.1468021459020E-16
  0.1325850000000E+14   0.1466549120219E-16
  0.1359150000000E+14   0.1463175608777E-16
  0.1393280000000E+14   0.1457003374017E-16
  0.1428260000000E+14   0.1448033447029E-16
  0.1464130000000E+14   0.1440013055183E-16
  0.1500900000000E+14   0.1427012145141E-16
  0.1538590000000E+14   0.1401260753096E-16
  0.1577220000000E+14   0.1371922259402E-16
  0.1616830000000E+14   0.1314970168988E-16
  0.1657430000000E+14   0.1244163238024E-16
  0.1699050000000E+14   0.1166912175473E-16
  0.1741720000000E+14   0.1070444828908E-16
  0.1785460000000E+14   0.9796044779154E-17
  0.1830290000000E+14   0.8834205312955E-17
  0.1876260000000E+14   0.7926958843099E-17
  0.1923370000000E+14   0.7115831090815E-17
  0.1971670000000E+14   0.6376761746012E-17
  0.2021180000000E+14   0.5734371290152E-17
  0.2071940000000E+14   0.5238419377746E-17
  0.2123970000000E+14   0.4782952483556E-17
  0.2177310000000E+14   0.4780644120701E-17
  0.2231980000000E+14   0.4756167037047E-17
  0.2288030000000E+14   0.4841155664415E-17
  0.2345490000000E+14   0.4933847359081E-17
  0.2404390000000E+14   0.5015455828909E-17
  0.2464770000000E+14   0.5105601096805E-17
  0.2526660000000E+14   0.5151854714799E-17
  0.2590110000000E+14   0.5197803540797E-17
  0.2655150000000E+14   0.5209885314215E-17
  0.2721830000000E+14   0.5259128122679E-17
  0.2790180000000E+14   0.5302560541863E-17
  0.2860240000000E+14   0.5304340688801E-17
  0.2932070000000E+14   0.5265741532126E-17
  0.3005700000000E+14   0.5216847299289E-17
  0.3081180000000E+14   0.5090173895685E-17
  0.3158550000000E+14   0.4973418796919E-17
  0.3237870000000E+14   0.4542958917916E-17
  0.3319170000000E+14   0.4041321674588E-17
  0.3402530000000E+14   0.3574377683840E-17
  0.3487970000000E+14   0.3136554747591E-17
  0.3575560000000E+14   0.2714345040995E-17
  0.3665350000000E+14   0.2310430456794E-17
  0.3757390000000E+14   0.1866109419076E-17
  0.3851740000000E+14   0.1545801644390E-17
  0.3948470000000E+14   0.1231427581245E-17
  0.4047620000000E+14   0.9968742436997E-18
  0.4149260000000E+14   0.9182170582003E-18
  0.4253460000000E+14   0.8482989566140E-18
  0.4360270000000E+14   0.8373354045012E-18
  0.4469770000000E+14   0.8274834709772E-18
  0.4582010000000E+14   0.8194451482433E-18
  0.4697070000000E+14   0.8124579994899E-18
  0.4815020000000E+14   0.8043076977375E-18
  0.4935940000000E+14   0.7949556195460E-18
  0.5059890000000E+14   0.7865184960885E-18
  0.5186950000000E+14   0.7801474046096E-18
  0.5317200000000E+14   0.7741665668988E-18
  0.5450730000000E+14   0.7715383083243E-18
  0.6258450000000E+14   0.7801227614979E-18
  0.7185870000000E+14   0.8136397801102E-18
  0.8250720000000E+14   0.8442368322554E-18
  0.9473370000000E+14   0.8659714189703E-18
  0.1087720000000E+15   0.8831824583653E-18
  0.1248910000000E+15   0.9008231296461E-18
  0.1433980000000E+15   0.9224583303718E-18
  0.1646470000000E+15   0.9534521447776E-18
  0.1890460000000E+15   0.1001632011310E-17
  0.2170600000000E+15   0.1071223416482E-17
  0.2492250000000E+15   0.1166927420598E-17
  0.2861570000000E+15   0.1289111104742E-17
  0.3285620000000E+15   0.1431990743052E-17
  0.3772500000000E+15   0.1584421411701E-17
  0.4331540000000E+15   0.1728640745873E-17
  0.4973410000000E+15   0.1840714723598E-17
  0.5710410000000E+15   0.1894038457419E-17
  0.6556610000000E+15   0.1865362913560E-17
  0.7528220000000E+15   0.1741393811772E-17
  0.8643800000000E+15   0.1525269017321E-17
  0.9924690000000E+15   0.1239321329544E-17
  0.1139540000000E+16   0.9218706961973E-18
  0.1308400000000E+16   0.6191066716943E-18
  0.1502290000000E+16   0.3692088323772E-18
  0.1724910000000E+16   0.1919526913940E-18
  0.1980520000000E+16   0.8518921746054E-19
  0.2274010000000E+16   0.3152829574375E-19
  0.2610990000000E+16   0.9470812922558E-20
  0.2997900000000E+16   0.2238771852489E-20
