mstar = 2 Msun, Rstar = 2.5 Rsun, Tstar = 10000, mdisk = 0.0020878 Msun, Rc = 150 AU, Rin = 0.5 AU, Rout = 250 AU, inclination = 45 degree, powerlaw = -0.5 
         130
  
  0.2997900000000E+11   0.2993126107122E-23
  0.3951060000000E+11   0.6812923680480E-23
  0.5207280000000E+11   0.1549835627196E-22
  0.6862910000000E+11   0.3521831642845E-22
  0.9044930000000E+11   0.7989727709151E-22
  0.1192070000000E+12   0.1808285059773E-21
  0.1571080000000E+12   0.4079310854766E-21
  0.2070600000000E+12   0.9161784098789E-21
  0.2728930000000E+12   0.2045378061137E-20
  0.3596580000000E+12   0.4940076604454E-20
  0.4740100000000E+12   0.1426228826105E-19
  0.6247180000000E+12   0.4060552735398E-19
  0.8233440000000E+12   0.1132589174847E-18
  0.1085120000000E+13   0.3076882153331E-18
  0.1430130000000E+13   0.8050267434278E-18
  0.1884830000000E+13   0.2002069734992E-17
  0.2484100000000E+13   0.4640936855319E-17
  0.3273910000000E+13   0.9713150526190E-17
  0.4314820000000E+13   0.1765274841667E-16
  0.5686700000000E+13   0.2622286983288E-16
  0.7494750000000E+13   0.2988852778922E-16
  0.7682960000000E+13   0.2982273718361E-16
  0.7875890000000E+13   0.2968129992293E-16
  0.8073670000000E+13   0.2946353106209E-16
  0.8276410000000E+13   0.2917520873849E-16
  0.8484250000000E+13   0.2882667490562E-16
  0.8697300000000E+13   0.2846109504595E-16
  0.8915700000000E+13   0.2803366535850E-16
  0.9139590000000E+13   0.2760659110848E-16
  0.9369100000000E+13   0.2713596431476E-16
  0.9604380000000E+13   0.2664815361822E-16
  0.9845560000000E+13   0.2614578840149E-16
  0.1009280000000E+14   0.2560749960078E-16
  0.1034620000000E+14   0.2505782584185E-16
  0.1060610000000E+14   0.2447850091097E-16
  0.1087240000000E+14   0.2392440652583E-16
  0.1114540000000E+14   0.2335694544953E-16
  0.1142530000000E+14   0.2280055084751E-16
  0.1171220000000E+14   0.2225309356846E-16
  0.1200630000000E+14   0.2170002630353E-16
  0.1230780000000E+14   0.2115832253297E-16
  0.1261690000000E+14   0.2061092339006E-16
  0.1293370000000E+14   0.2011810066059E-16
  0.1325850000000E+14   0.1962679957601E-16
  0.1359150000000E+14   0.1915832576719E-16
  0.1393280000000E+14   0.1870443260395E-16
  0.1428260000000E+14   0.1826455137276E-16
  0.1464130000000E+14   0.1787539547719E-16
  0.1500900000000E+14   0.1747673102109E-16
  0.1538590000000E+14   0.1698303946421E-16
  0.1577220000000E+14   0.1648398382170E-16
  0.1616830000000E+14   0.1571221430574E-16
  0.1657430000000E+14   0.1480550852803E-16
  0.1699050000000E+14   0.1384022594746E-16
  0.1741720000000E+14   0.1267324096562E-16
  0.1785460000000E+14   0.1157884530464E-16
  0.1830290000000E+14   0.1043843499737E-16
  0.1876260000000E+14   0.9371171214171E-17
  0.1923370000000E+14   0.8420254843146E-17
  0.1971670000000E+14   0.7558682439891E-17
  0.2021180000000E+14   0.6809412000915E-17
  0.2071940000000E+14   0.6218032630134E-17
  0.2123970000000E+14   0.5676697785176E-17
  0.2177310000000E+14   0.5589416602243E-17
  0.2231980000000E+14   0.5496295999095E-17
  0.2288030000000E+14   0.5537181037164E-17
  0.2345490000000E+14   0.5613086112326E-17
  0.2404390000000E+14   0.5704009695662E-17
  0.2464770000000E+14   0.5833566231370E-17
  0.2526660000000E+14   0.5932019139212E-17
  0.2590110000000E+14   0.6050377998406E-17
  0.2655150000000E+14   0.6135706522904E-17
  0.2721830000000E+14   0.6285508862696E-17
  0.2790180000000E+14   0.6432326821865E-17
  0.2860240000000E+14   0.6513120862580E-17
  0.2932070000000E+14   0.6523096397993E-17
  0.3005700000000E+14   0.6506393921725E-17
  0.3081180000000E+14   0.6357338075353E-17
  0.3158550000000E+14   0.6213502588040E-17
  0.3237870000000E+14   0.5581856081017E-17
  0.3319170000000E+14   0.4843162417934E-17
  0.3402530000000E+14   0.4162967834327E-17
  0.3487970000000E+14   0.3536079665307E-17
  0.3575560000000E+14   0.2950592201386E-17
  0.3665350000000E+14   0.2424591464673E-17
  0.3757390000000E+14   0.1916333344653E-17
  0.3851740000000E+14   0.1608398520182E-17
  0.3948470000000E+14   0.1356774795091E-17
  0.4047620000000E+14   0.1194382162453E-17
  0.4149260000000E+14   0.1138104422832E-17
  0.4253460000000E+14   0.1090159326874E-17
  0.4360270000000E+14   0.1077269558534E-17
  0.4469770000000E+14   0.1066263878470E-17
  0.4582010000000E+14   0.1057355492756E-17
  0.4697070000000E+14   0.1049986643232E-17
  0.4815020000000E+14   0.1042799158099E-17
  0.4935940000000E+14   0.1035644355151E-17
  0.5059890000000E+14   0.1029548656441E-17
  0.5186950000000E+14   0.1024984986569E-17
  0.5317200000000E+14   0.1020962236753E-17
  0.5450730000000E+14   0.1018952213312E-17
  0.6258450000000E+14   0.1021030254914E-17
  0.7185870000000E+14   0.1032316214490E-17
  0.8250720000000E+14   0.1033157551839E-17
  0.9473370000000E+14   0.1019707348542E-17
  0.1087720000000E+15   0.9980175615974E-18
  0.1248910000000E+15   0.9777897453839E-18
  0.1433980000000E+15   0.9677020319928E-18
  0.1646470000000E+15   0.9763394105560E-18
  0.1890460000000E+15   0.1011851812083E-17
  0.2170600000000E+15   0.1075729746359E-17
  0.2492250000000E+15   0.1169020044697E-17
  0.2861570000000E+15   0.1289851574513E-17
  0.3285620000000E+15   0.1431888745383E-17
  0.3772500000000E+15   0.1583831841821E-17
  0.4331540000000E+15   0.1727704256705E-17
  0.4973410000000E+15   0.1839443027098E-17
  0.5710410000000E+15   0.1892327034366E-17
  0.6556610000000E+15   0.1862964838829E-17
  0.7528220000000E+15   0.1737860480066E-17
  0.8643800000000E+15   0.1520969443562E-17
  0.9924690000000E+15   0.1235376407964E-17
  0.1139540000000E+16   0.9178207721740E-18
  0.1308400000000E+16   0.6165552349106E-18
  0.1502290000000E+16   0.3679510298767E-18
  0.1724910000000E+16   0.1914622881288E-18
  0.1980520000000E+16   0.8495953921970E-19
  0.2274010000000E+16   0.3144525270269E-19
  0.2610990000000E+16   0.9446327554902E-20
  0.2997900000000E+16   0.2233066022485E-20
