mstar = 0.2455 Msun, Rstar = 2.1739 Rsun, Tstar = 2602.1, mdisk = 0.0017546 Msun, Rc = 47.542 AU, Rin = 0.0252 AU, Rout = 114.16 AU, inclination = 45 degree, powerlaw = -1 
         130
  
  0.2997900000000E+11   0.1469644661633E-23
  0.3951060000000E+11   0.3327497330113E-23
  0.5207280000000E+11   0.7512744416351E-23
  0.6862910000000E+11   0.1689859313080E-22
  0.9044930000000E+11   0.3782266323158E-22
  0.1192070000000E+12   0.8410457622945E-22
  0.1571080000000E+12   0.1854149002303E-21
  0.2070600000000E+12   0.4041050394411E-21
  0.2728930000000E+12   0.8673414409790E-21
  0.3596580000000E+12   0.1948433056431E-20
  0.4740100000000E+12   0.4938696711558E-20
  0.6247180000000E+12   0.1208718310841E-19
  0.8233440000000E+12   0.2795840087538E-19
  0.1085120000000E+13   0.5951418019003E-19
  0.1430130000000E+13   0.1122405493314E-18
  0.1884830000000E+13   0.1792275076995E-18
  0.2484100000000E+13   0.2313670017607E-18
  0.3273910000000E+13   0.2371508218507E-18
  0.4314820000000E+13   0.2058475951171E-18
  0.5686700000000E+13   0.1678060231282E-18
  0.7494750000000E+13   0.1287958038991E-18
  0.7682960000000E+13   0.1251708019287E-18
  0.7875890000000E+13   0.1214960185167E-18
  0.8073670000000E+13   0.1177646964690E-18
  0.8276410000000E+13   0.1139991691220E-18
  0.8484250000000E+13   0.1102404782004E-18
  0.8697300000000E+13   0.1066812425961E-18
  0.8915700000000E+13   0.1030968953452E-18
  0.9139590000000E+13   0.9976248852753E-19
  0.9369100000000E+13   0.9645671939678E-19
  0.9604380000000E+13   0.9328311915245E-19
  0.9845560000000E+13   0.9023360572163E-19
  0.1009280000000E+14   0.8719410640766E-19
  0.1034620000000E+14   0.8425602440621E-19
  0.1060610000000E+14   0.8132457774667E-19
  0.1087240000000E+14   0.7861583563652E-19
  0.1114540000000E+14   0.7595124588641E-19
  0.1142530000000E+14   0.7341664758089E-19
  0.1171220000000E+14   0.7098925375485E-19
  0.1200630000000E+14   0.6860626960915E-19
  0.1230780000000E+14   0.6632482754202E-19
  0.1261690000000E+14   0.6408172768893E-19
  0.1293370000000E+14   0.6207337936654E-19
  0.1325850000000E+14   0.6011678709845E-19
  0.1359150000000E+14   0.5827786860827E-19
  0.1393280000000E+14   0.5652943157908E-19
  0.1428260000000E+14   0.5486929354879E-19
  0.1464130000000E+14   0.5339426011945E-19
  0.1500900000000E+14   0.5194177260658E-19
  0.1538590000000E+14   0.5030961091056E-19
  0.1577220000000E+14   0.4873565655749E-19
  0.1616830000000E+14   0.4660522382928E-19
  0.1657430000000E+14   0.4427406853446E-19
  0.1699050000000E+14   0.4192218917761E-19
  0.1741720000000E+14   0.3922851574470E-19
  0.1785460000000E+14   0.3678847417490E-19
  0.1830290000000E+14   0.3432257574039E-19
  0.1876260000000E+14   0.3207532679738E-19
  0.1923370000000E+14   0.3012537112596E-19
  0.1971670000000E+14   0.2839933913485E-19
  0.2021180000000E+14   0.2693879474412E-19
  0.2071940000000E+14   0.2584716102254E-19
  0.2123970000000E+14   0.2487262245337E-19
  0.2177310000000E+14   0.2496600222187E-19
  0.2231980000000E+14   0.2504603557488E-19
  0.2288030000000E+14   0.2543561224552E-19
  0.2345490000000E+14   0.2590245750253E-19
  0.2404390000000E+14   0.2640197112880E-19
  0.2464770000000E+14   0.2698747559432E-19
  0.2526660000000E+14   0.2750671302247E-19
  0.2590110000000E+14   0.2806851404835E-19
  0.2655150000000E+14   0.2855749381980E-19
  0.2721830000000E+14   0.2917626921190E-19
  0.2790180000000E+14   0.2977385014200E-19
  0.2860240000000E+14   0.3022751639932E-19
  0.2932070000000E+14   0.3054128597504E-19
  0.3005700000000E+14   0.3080070234403E-19
  0.3081180000000E+14   0.3080791822767E-19
  0.3158550000000E+14   0.3082181882251E-19
  0.3237870000000E+14   0.2987187024642E-19
  0.3319170000000E+14   0.2858823775759E-19
  0.3402530000000E+14   0.2724270361912E-19
  0.3487970000000E+14   0.2582518326089E-19
  0.3575560000000E+14   0.2431581908641E-19
  0.3665350000000E+14   0.2281762524297E-19
  0.3757390000000E+14   0.2113364327351E-19
  0.3851740000000E+14   0.1997764003192E-19
  0.3948470000000E+14   0.1884889429402E-19
  0.4047620000000E+14   0.1800154842619E-19
  0.4149260000000E+14   0.1776730688274E-19
  0.4253460000000E+14   0.1757198200083E-19
  0.4360270000000E+14   0.1762894461981E-19
  0.4469770000000E+14   0.1769623035393E-19
  0.4582010000000E+14   0.1777730998212E-19
  0.4697070000000E+14   0.1786937064486E-19
  0.4815020000000E+14   0.1796470158329E-19
  0.4935940000000E+14   0.1806477960752E-19
  0.5059890000000E+14   0.1817861267663E-19
  0.5186950000000E+14   0.1831048469895E-19
  0.5317200000000E+14   0.1845476223956E-19
  0.5450730000000E+14   0.1862178926714E-19
  0.6258450000000E+14   0.1982836127959E-19
  0.7185870000000E+14   0.2141459938566E-19
  0.8250720000000E+14   0.2320590730586E-19
  0.9473370000000E+14   0.2502700975359E-19
  0.1087720000000E+15   0.2663785279281E-19
  0.1248910000000E+15   0.2773858191731E-19
  0.1433980000000E+15   0.2801049359146E-19
  0.1646470000000E+15   0.2719485778882E-19
  0.1890460000000E+15   0.2517376699181E-19
  0.2170600000000E+15   0.2200638767217E-19
  0.2492250000000E+15   0.1797925734094E-19
  0.2861570000000E+15   0.1355577247225E-19
  0.3285620000000E+15   0.9293193753704E-20
  0.3772500000000E+15   0.5695801459165E-20
  0.4331540000000E+15   0.3061885585808E-20
  0.4973410000000E+15   0.1413488679812E-20
  0.5710410000000E+15   0.5472237847586E-21
  0.6556610000000E+15   0.1729165403157E-21
  0.7528220000000E+15   0.4316218979472E-22
  0.8643800000000E+15   0.8259516763838E-23
  0.9924690000000E+15   0.1171924738335E-23
  0.1139540000000E+16   0.1158541685676E-24
  0.1308400000000E+16   0.7815794124083E-26
  0.1502290000000E+16   0.3342825143404E-27
  0.1724910000000E+16   0.8431801144548E-29
  0.1980520000000E+16   0.1142190026387E-30
  0.2274010000000E+16   0.7714727746527E-33
  0.2610990000000E+16   0.2336010737094E-35
  0.2997900000000E+16   0.2815942212201E-38
