mstar = 0.6855 Msun, Rstar = 0.8462 Rsun, Tstar = 3880.6, mdisk = 0.0017463 Msun, Rc = 37.997 AU, Rin = 0.3426 AU, Rout = 76.023 AU, inclination = 45 degree, powerlaw = -1 
         130
  
  0.2997900000000E+11   0.1219150491024E-23
  0.3951060000000E+11   0.2762427447741E-23
  0.5207280000000E+11   0.6239473802927E-23
  0.6862910000000E+11   0.1403352137020E-22
  0.9044930000000E+11   0.3138561955191E-22
  0.1192070000000E+12   0.6966600796416E-22
  0.1571080000000E+12   0.1530886427248E-21
  0.2070600000000E+12   0.3319042971058E-21
  0.2728930000000E+12   0.7066551785643E-21
  0.3596580000000E+12   0.1569337511222E-20
  0.4740100000000E+12   0.3910724026504E-20
  0.6247180000000E+12   0.9316590341766E-20
  0.8233440000000E+12   0.2068149072174E-19
  0.1085120000000E+13   0.4142477928733E-19
  0.1430130000000E+13   0.7163307393777E-19
  0.1884830000000E+13   0.1018266200312E-18
  0.2484100000000E+13   0.1146131813935E-18
  0.3273910000000E+13   0.1042393258747E-18
  0.4314820000000E+13   0.8571136855516E-19
  0.5686700000000E+13   0.6878114342480E-19
  0.7494750000000E+13   0.5145440762335E-19
  0.7682960000000E+13   0.4986312603306E-19
  0.7875890000000E+13   0.4825593017775E-19
  0.8073670000000E+13   0.4663055843844E-19
  0.8276410000000E+13   0.4499753611071E-19
  0.8484250000000E+13   0.4337536681910E-19
  0.8697300000000E+13   0.4184795197025E-19
  0.8915700000000E+13   0.4031755756453E-19
  0.9139590000000E+13   0.3890235922797E-19
  0.9369100000000E+13   0.3750655564776E-19
  0.9604380000000E+13   0.3617399547470E-19
  0.9845560000000E+13   0.3490054135558E-19
  0.1009280000000E+14   0.3363816223940E-19
  0.1034620000000E+14   0.3242511431467E-19
  0.1060610000000E+14   0.3122242511139E-19
  0.1087240000000E+14   0.3011801004671E-19
  0.1114540000000E+14   0.2903878079616E-19
  0.1142530000000E+14   0.2801886866905E-19
  0.1171220000000E+14   0.2704878363878E-19
  0.1200630000000E+14   0.2610379439954E-19
  0.1230780000000E+14   0.2520593656940E-19
  0.1261690000000E+14   0.2433121900543E-19
  0.1293370000000E+14   0.2355210329565E-19
  0.1325850000000E+14   0.2279992025139E-19
  0.1359150000000E+14   0.2209835542065E-19
  0.1393280000000E+14   0.2143705595609E-19
  0.1428260000000E+14   0.2081487297734E-19
  0.1464130000000E+14   0.2026302782018E-19
  0.1500900000000E+14   0.1972574914431E-19
  0.1538590000000E+14   0.1913991484490E-19
  0.1577220000000E+14   0.1858451168313E-19
  0.1616830000000E+14   0.1787640746970E-19
  0.1657430000000E+14   0.1713638534078E-19
  0.1699050000000E+14   0.1642272070855E-19
  0.1741720000000E+14   0.1565511838355E-19
  0.1785460000000E+14   0.1499627222101E-19
  0.1830290000000E+14   0.1437211711901E-19
  0.1876260000000E+14   0.1383750974539E-19
  0.1923370000000E+14   0.1339995478056E-19
  0.1971670000000E+14   0.1303347221155E-19
  0.2021180000000E+14   0.1273735400901E-19
  0.2071940000000E+14   0.1252072840242E-19
  0.2123970000000E+14   0.1232994565297E-19
  0.2177310000000E+14   0.1232113439123E-19
  0.2231980000000E+14   0.1230017531726E-19
  0.2288030000000E+14   0.1231831785043E-19
  0.2345490000000E+14   0.1233557501642E-19
  0.2404390000000E+14   0.1234409691505E-19
  0.2464770000000E+14   0.1235144278238E-19
  0.2526660000000E+14   0.1233487564104E-19
  0.2590110000000E+14   0.1231099329585E-19
  0.2655150000000E+14   0.1226363792284E-19
  0.2721830000000E+14   0.1222141927661E-19
  0.2790180000000E+14   0.1216358517872E-19
  0.2860240000000E+14   0.1207309860389E-19
  0.2932070000000E+14   0.1195005893458E-19
  0.3005700000000E+14   0.1180710361216E-19
  0.3081180000000E+14   0.1161855708769E-19
  0.3158550000000E+14   0.1141994390156E-19
  0.3237870000000E+14   0.1109015489147E-19
  0.3319170000000E+14   0.1071751623871E-19
  0.3402530000000E+14   0.1034069215226E-19
  0.3487970000000E+14   0.9957361748855E-20
  0.3575560000000E+14   0.9561919749025E-20
  0.3665350000000E+14   0.9158442766492E-20
  0.3757390000000E+14   0.8722628571522E-20
  0.3851740000000E+14   0.8341682211248E-20
  0.3948470000000E+14   0.7955247525844E-20
  0.4047620000000E+14   0.7600133640907E-20
  0.4149260000000E+14   0.7335120107615E-20
  0.4253460000000E+14   0.7077818727506E-20
  0.4360270000000E+14   0.6863321864515E-20
  0.4469770000000E+14   0.6654875831980E-20
  0.4582010000000E+14   0.6454194574393E-20
  0.4697070000000E+14   0.6262127492222E-20
  0.4815020000000E+14   0.6078620170813E-20
  0.4935940000000E+14   0.5904969424518E-20
  0.5059890000000E+14   0.5743483706139E-20
  0.5186950000000E+14   0.5595535406610E-20
  0.5317200000000E+14   0.5461292552000E-20
  0.5450730000000E+14   0.5342510234037E-20
  0.6258450000000E+14   0.4968315095593E-20
  0.7185870000000E+14   0.5088400372723E-20
  0.8250720000000E+14   0.5650238024917E-20
  0.9473370000000E+14   0.6553960036933E-20
  0.1087720000000E+15   0.7683496058772E-20
  0.1248910000000E+15   0.8927371896374E-20
  0.1433980000000E+15   0.1017581482780E-19
  0.1646470000000E+15   0.1130745545601E-19
  0.1890460000000E+15   0.1218133222984E-19
  0.2170600000000E+15   0.1264420306721E-19
  0.2492250000000E+15   0.1255600009987E-19
  0.2861570000000E+15   0.1182879988237E-19
  0.3285620000000E+15   0.1047019988279E-19
  0.3772500000000E+15   0.8611299899276E-20
  0.4331540000000E+15   0.6498239919025E-20
  0.4973410000000E+15   0.4435679939509E-20
  0.5710410000000E+15   0.2695299958591E-20
  0.6556610000000E+15   0.1431899974250E-20
  0.7528220000000E+15   0.6516479852091E-21
  0.8643800000000E+15   0.2482269931654E-21
  0.9924690000000E+15   0.7707589770695E-22
  0.1139540000000E+16   0.1892539929799E-22
  0.1308400000000E+16   0.3549279874206E-23
  0.1502290000000E+16   0.4884349848061E-24
  0.1724910000000E+16   0.4711569877772E-25
  0.1980520000000E+16   0.3022289919008E-26
  0.2274010000000E+16   0.1213549967937E-27
  0.2610990000000E+16   0.2845739925656E-29
  0.2997900000000E+16   0.3598809906783E-31
