mstar = 0.4671 Msun, Rstar = 2.6106 Rsun, Tstar = 3774.5, mdisk = 0.0030444 Msun, Rc = 40.853 AU, Rin = 0.0382 AU, Rout = 78.151 AU, inclination = 45 degree, powerlaw = -1 
         130
  
  0.2997900000000E+11   0.3574789519808E-23
  0.3951060000000E+11   0.8095356710548E-23
  0.5207280000000E+11   0.1828627088098E-22
  0.6862910000000E+11   0.4117209637887E-22
  0.9044930000000E+11   0.9231369482109E-22
  0.1192070000000E+12   0.2058681275804E-21
  0.1571080000000E+12   0.4559062251308E-21
  0.2070600000000E+12   0.1000422783238E-20
  0.2728930000000E+12   0.2168879686642E-20
  0.3596580000000E+12   0.4933198847949E-20
  0.4740100000000E+12   0.1265522071663E-19
  0.6247180000000E+12   0.3148142723118E-19
  0.8233440000000E+12   0.7444147010800E-19
  0.1085120000000E+13   0.1632821373545E-18
  0.1430130000000E+13   0.3209438086500E-18
  0.1884830000000E+13   0.5429214798521E-18
  0.2484100000000E+13   0.7606149316665E-18
  0.3273910000000E+13   0.8761905601989E-18
  0.4314820000000E+13   0.8823874269355E-18
  0.5686700000000E+13   0.8337308620794E-18
  0.7494750000000E+13   0.7336364903372E-18
  0.7682960000000E+13   0.7217148964037E-18
  0.7875890000000E+13   0.7090876737643E-18
  0.8073670000000E+13   0.6956828595488E-18
  0.8276410000000E+13   0.6815838032259E-18
  0.8484250000000E+13   0.6669860157071E-18
  0.8697300000000E+13   0.6529679383883E-18
  0.8915700000000E+13   0.6382554081693E-18
  0.9139590000000E+13   0.6244450288531E-18
  0.9369100000000E+13   0.6102484719660E-18
  0.9604380000000E+13   0.5962843268843E-18
  0.9845560000000E+13   0.5825171769222E-18
  0.1009280000000E+14   0.5682342107821E-18
  0.1034620000000E+14   0.5540086027443E-18
  0.1060610000000E+14   0.5392302988855E-18
  0.1087240000000E+14   0.5253188735971E-18
  0.1114540000000E+14   0.5111218606637E-18
  0.1142530000000E+14   0.4972276468661E-18
  0.1171220000000E+14   0.4835076168111E-18
  0.1200630000000E+14   0.4695396094416E-18
  0.1230780000000E+14   0.4557401336506E-18
  0.1261690000000E+14   0.4416810258390E-18
  0.1293370000000E+14   0.4288054760092E-18
  0.1325850000000E+14   0.4158333040417E-18
  0.1359150000000E+14   0.4032767837278E-18
  0.1393280000000E+14   0.3909679312449E-18
  0.1428260000000E+14   0.3789254406278E-18
  0.1464130000000E+14   0.3679122321167E-18
  0.1500900000000E+14   0.3567304114190E-18
  0.1538590000000E+14   0.3438600371560E-18
  0.1577220000000E+14   0.3311416713963E-18
  0.1616830000000E+14   0.3138884881547E-18
  0.1657430000000E+14   0.2948655318447E-18
  0.1699050000000E+14   0.2755153771395E-18
  0.1741720000000E+14   0.2534713071334E-18
  0.1785460000000E+14   0.2333823902936E-18
  0.1830290000000E+14   0.2131951957286E-18
  0.1876260000000E+14   0.1947904134485E-18
  0.1923370000000E+14   0.1787254775099E-18
  0.1971670000000E+14   0.1644943903233E-18
  0.2021180000000E+14   0.1524013336137E-18
  0.2071940000000E+14   0.1431250198028E-18
  0.2123970000000E+14   0.1348402376014E-18
  0.2177310000000E+14   0.1341120783954E-18
  0.2231980000000E+14   0.1332943439279E-18
  0.2288030000000E+14   0.1345746569422E-18
  0.2345490000000E+14   0.1363389494272E-18
  0.2404390000000E+14   0.1382899007004E-18
  0.2464770000000E+14   0.1407843966596E-18
  0.2526660000000E+14   0.1428225606173E-18
  0.2590110000000E+14   0.1451440555909E-18
  0.2655150000000E+14   0.1470245839998E-18
  0.2721830000000E+14   0.1497908893916E-18
  0.2790180000000E+14   0.1525244014903E-18
  0.2860240000000E+14   0.1544323207633E-18
  0.2932070000000E+14   0.1555020773263E-18
  0.3005700000000E+14   0.1562865416292E-18
  0.3081180000000E+14   0.1554971664186E-18
  0.3158550000000E+14   0.1548506324398E-18
  0.3237870000000E+14   0.1480003550965E-18
  0.3319170000000E+14   0.1392550592546E-18
  0.3402530000000E+14   0.1306123100550E-18
  0.3487970000000E+14   0.1217982645223E-18
  0.3575560000000E+14   0.1126739737729E-18
  0.3665350000000E+14   0.1034855046801E-18
  0.3757390000000E+14   0.9300951608276E-19
  0.3851740000000E+14   0.8551853037195E-19
  0.3948470000000E+14   0.7852924129878E-19
  0.4047620000000E+14   0.7362942762508E-19
  0.4149260000000E+14   0.7196700876636E-19
  0.4253460000000E+14   0.7045798427270E-19
  0.4360270000000E+14   0.7012343732703E-19
  0.4469770000000E+14   0.6980483305479E-19
  0.4582010000000E+14   0.6952217535319E-19
  0.4697070000000E+14   0.6926702934293E-19
  0.4815020000000E+14   0.6899534930788E-19
  0.4935940000000E+14   0.6871292425513E-19
  0.5059890000000E+14   0.6846678585548E-19
  0.5186950000000E+14   0.6828174940667E-19
  0.5317200000000E+14   0.6813144747011E-19
  0.5450730000000E+14   0.6808238560336E-19
  0.6258450000000E+14   0.6907753905890E-19
  0.7185870000000E+14   0.7220846369853E-19
  0.8250720000000E+14   0.7717019607151E-19
  0.9473370000000E+14   0.8380509799203E-19
  0.1087720000000E+15   0.9173578996743E-19
  0.1248910000000E+15   0.1002529596002E-18
  0.1433980000000E+15   0.1083361010435E-18
  0.1646470000000E+15   0.1148157128519E-18
  0.1890460000000E+15   0.1185607579517E-18
  0.2170600000000E+15   0.1184681030782E-18
  0.2492250000000E+15   0.1137918423245E-18
  0.2861570000000E+15   0.1041720769360E-18
  0.3285620000000E+15   0.8992219765994E-19
  0.3772500000000E+15   0.7227762997662E-19
  0.4331540000000E+15   0.5332014803263E-19
  0.4973410000000E+15   0.3553738819619E-19
  0.5710410000000E+15   0.2103133429729E-19
  0.6556610000000E+15   0.1084372813024E-19
  0.7528220000000E+15   0.4768266689110E-20
  0.8643800000000E+15   0.1746321651910E-20
  0.9924690000000E+15   0.5185039790698E-21
  0.1139540000000E+16   0.1208781996775E-21
  0.1308400000000E+16   0.2138062291985E-22
  0.1502290000000E+16   0.2751747268369E-23
  0.1724910000000E+16   0.2458027492365E-24
  0.1980520000000E+16   0.1442545233090E-25
  0.2274010000000E+16   0.5230664113611E-27
  0.2610990000000E+16   0.1091014032237E-28
  0.2997900000000E+16   0.1206125270544E-30
