mstar = 0.3012 Msun, Rstar = 2.4786 Rsun, Tstar = 4064.7, mdisk = 0.00054547 Msun, Rc = 54.274 AU, Rin = 0.225 AU, Rout = 66.892 AU, inclination = 45 degree, powerlaw = -1 
         130
  
  0.2997900000000E+11   0.7965068153750E-24
  0.3951060000000E+11   0.1808983005424E-23
  0.5207280000000E+11   0.4105610625129E-23
  0.6862910000000E+11   0.9305316028004E-23
  0.9044930000000E+11   0.2104524367387E-22
  0.1192070000000E+12   0.4744974833824E-22
  0.1571080000000E+12   0.1065244810976E-21
  0.2070600000000E+12   0.2377488803682E-21
  0.2728930000000E+12   0.5264310490955E-21
  0.3596580000000E+12   0.1233381163869E-20
  0.4740100000000E+12   0.3320057929427E-20
  0.6247180000000E+12   0.8834991969352E-20
  0.8233440000000E+12   0.2296699640734E-19
  0.1085120000000E+13   0.5757677728052E-19
  0.1430130000000E+13   0.1364834805327E-18
  0.1884830000000E+13   0.2984829186446E-18
  0.2484100000000E+13   0.5818908865212E-18
  0.3273910000000E+13   0.9643082198528E-18
  0.4314820000000E+13   0.1294339101990E-17
  0.5686700000000E+13   0.1360722843160E-17
  0.7494750000000E+13   0.1159769662608E-17
  0.7682960000000E+13   0.1135297911212E-17
  0.7875890000000E+13   0.1110103013315E-17
  0.8073670000000E+13   0.1084177640942E-17
  0.8276410000000E+13   0.1057696742961E-17
  0.8484250000000E+13   0.1030964107556E-17
  0.8697300000000E+13   0.1005446051375E-17
  0.8915700000000E+13   0.9794669895768E-18
  0.9139590000000E+13   0.9551737968373E-18
  0.9369100000000E+13   0.9308411267832E-18
  0.9604380000000E+13   0.9072908170878E-18
  0.9845560000000E+13   0.8844607031642E-18
  0.1009280000000E+14   0.8613447570842E-18
  0.1034620000000E+14   0.8386914991183E-18
  0.1060610000000E+14   0.8156057712302E-18
  0.1087240000000E+14   0.7940348261692E-18
  0.1114540000000E+14   0.7723171406038E-18
  0.1142530000000E+14   0.7512413946731E-18
  0.1171220000000E+14   0.7305867637130E-18
  0.1200630000000E+14   0.7097045292698E-18
  0.1230780000000E+14   0.6891519592839E-18
  0.1261690000000E+14   0.6682664644983E-18
  0.1293370000000E+14   0.6491298923393E-18
  0.1325850000000E+14   0.6298387029705E-18
  0.1359150000000E+14   0.6111194236389E-18
  0.1393280000000E+14   0.5927018803476E-18
  0.1428260000000E+14   0.5745919560888E-18
  0.1464130000000E+14   0.5579194125582E-18
  0.1500900000000E+14   0.5408748910126E-18
  0.1538590000000E+14   0.5211359394465E-18
  0.1577220000000E+14   0.5014592757757E-18
  0.1616830000000E+14   0.4746935491736E-18
  0.1657430000000E+14   0.4449866828811E-18
  0.1699050000000E+14   0.4145240279149E-18
  0.1741720000000E+14   0.3796449562293E-18
  0.1785460000000E+14   0.3475229675572E-18
  0.1830290000000E+14   0.3150208878792E-18
  0.1876260000000E+14   0.2851281757756E-18
  0.1923370000000E+14   0.2588584739037E-18
  0.1971670000000E+14   0.2354320045773E-18
  0.2021180000000E+14   0.2153649054254E-18
  0.2071940000000E+14   0.1997441511015E-18
  0.2123970000000E+14   0.1857608173441E-18
  0.2177310000000E+14   0.1833504960360E-18
  0.2231980000000E+14   0.1807720191324E-18
  0.2288030000000E+14   0.1812739584617E-18
  0.2345490000000E+14   0.1823869649551E-18
  0.2404390000000E+14   0.1836352318813E-18
  0.2464770000000E+14   0.1854979837175E-18
  0.2526660000000E+14   0.1865479834354E-18
  0.2590110000000E+14   0.1878417469772E-18
  0.2655150000000E+14   0.1883931495559E-18
  0.2721830000000E+14   0.1899857874761E-18
  0.2790180000000E+14   0.1913632938716E-18
  0.2860240000000E+14   0.1915337427722E-18
  0.2932070000000E+14   0.1905655930199E-18
  0.3005700000000E+14   0.1892472597257E-18
  0.3081180000000E+14   0.1861080886396E-18
  0.3158550000000E+14   0.1832615234805E-18
  0.3237870000000E+14   0.1739234844228E-18
  0.3319170000000E+14   0.1634677739522E-18
  0.3402530000000E+14   0.1540667309544E-18
  0.3487970000000E+14   0.1454972755078E-18
  0.3575560000000E+14   0.1373606306927E-18
  0.3665350000000E+14   0.1296637881338E-18
  0.3757390000000E+14   0.1212133896783E-18
  0.3851740000000E+14   0.1157852729137E-18
  0.3948470000000E+14   0.1107998763020E-18
  0.4047620000000E+14   0.1075305021045E-18
  0.4149260000000E+14   0.1070879516175E-18
  0.4253460000000E+14   0.1067360532866E-18
  0.4360270000000E+14   0.1074057506407E-18
  0.4469770000000E+14   0.1080433751793E-18
  0.4582010000000E+14   0.1086556438498E-18
  0.4697070000000E+14   0.1092255233395E-18
  0.4815020000000E+14   0.1097029252614E-18
  0.4935940000000E+14   0.1100817318061E-18
  0.5059890000000E+14   0.1104027301843E-18
  0.5186950000000E+14   0.1106865109263E-18
  0.5317200000000E+14   0.1109007758330E-18
  0.5450730000000E+14   0.1111060448792E-18
  0.6258450000000E+14   0.1113827136616E-18
  0.7185870000000E+14   0.1102033621072E-18
  0.8250720000000E+14   0.1077018477591E-18
  0.9473370000000E+14   0.1049571258064E-18
  0.1087720000000E+15   0.1034410047075E-18
  0.1248910000000E+15   0.1043520004809E-18
  0.1433980000000E+15   0.1080346474285E-18
  0.1646470000000E+15   0.1138036044174E-18
  0.1890460000000E+15   0.1200111623597E-18
  0.2170600000000E+15   0.1243929456192E-18
  0.2492250000000E+15   0.1247326518577E-18
  0.2861570000000E+15   0.1193946330618E-18
  0.3285620000000E+15   0.1078025968342E-18
  0.3772500000000E+15   0.9072844125828E-19
  0.4331540000000E+15   0.7024890108584E-19
  0.4973410000000E+15   0.4932257011944E-19
  0.5710410000000E+15   0.3089622059974E-19
  0.6556610000000E+15   0.1693542010917E-19
  0.7528220000000E+15   0.7907654239161E-20
  0.8643800000000E+15   0.3113436768202E-20
  0.9924690000000E+15   0.1024734208148E-20
  0.1139540000000E+16   0.2612921112924E-21
  0.1308400000000E+16   0.5440746339377E-22
  0.1502290000000E+16   0.8569124495499E-23
  0.1724910000000E+16   0.9662452317335E-24
  0.1980520000000E+16   0.7115060414229E-25
  0.2274010000000E+16   0.3375124292251E-26
  0.2610990000000E+16   0.9576042086200E-28
  0.2997900000000E+16   0.1506108715113E-29
