mstar = 1.4688 Msun, Rstar = 1.2668 Rsun, Tstar = 4010.6, mdisk = 0.00341 Msun, Rc = 120.254 AU, Rin = 0.0258 AU, Rout = 149.26 AU, inclination = 45 degree, powerlaw = -1 
         130
  
  0.2997900000000E+11   0.2244465608476E-23
  0.3951060000000E+11   0.5082021474455E-23
  0.5207280000000E+11   0.1146902057848E-22
  0.6862910000000E+11   0.2576974957409E-22
  0.9044930000000E+11   0.5756540875505E-22
  0.1192070000000E+12   0.1275990605578E-21
  0.1571080000000E+12   0.2799311058844E-21
  0.2070600000000E+12   0.6056862618237E-21
  0.2728930000000E+12   0.1286343809995E-20
  0.3596580000000E+12   0.2850714314694E-20
  0.4740100000000E+12   0.7120778826008E-20
  0.6247180000000E+12   0.1709674182849E-19
  0.8233440000000E+12   0.3858341658762E-19
  0.1085120000000E+13   0.7964163738411E-19
  0.1430130000000E+13   0.1447781710546E-18
  0.1884830000000E+13   0.2220956968932E-18
  0.2484100000000E+13   0.2752055555666E-18
  0.3273910000000E+13   0.2685250842640E-18
  0.4314820000000E+13   0.2138278839369E-18
  0.5686700000000E+13   0.1515388674693E-18
  0.7494750000000E+13   0.1013504598499E-18
  0.7682960000000E+13   0.9754902759345E-19
  0.7875890000000E+13   0.9382822397377E-19
  0.8073670000000E+13   0.9017823412921E-19
  0.8276410000000E+13   0.8661134569841E-19
  0.8484250000000E+13   0.8315377118075E-19
  0.8697300000000E+13   0.7995177608105E-19
  0.8915700000000E+13   0.7682049665945E-19
  0.9139590000000E+13   0.7396858458648E-19
  0.9369100000000E+13   0.7121507741728E-19
  0.9604380000000E+13   0.6863466901463E-19
  0.9845560000000E+13   0.6621435287043E-19
  0.1009280000000E+14   0.6385902876804E-19
  0.1034620000000E+14   0.6163374424484E-19
  0.1060610000000E+14   0.5945976798332E-19
  0.1087240000000E+14   0.5750095659359E-19
  0.1114540000000E+14   0.5561248958999E-19
  0.1142530000000E+14   0.5385634105140E-19
  0.1171220000000E+14   0.5221143802838E-19
  0.1200630000000E+14   0.5062643052887E-19
  0.1230780000000E+14   0.4914267672500E-19
  0.1261690000000E+14   0.4770434722341E-19
  0.1293370000000E+14   0.4646758965831E-19
  0.1325850000000E+14   0.4528506504890E-19
  0.1359150000000E+14   0.4420742310913E-19
  0.1393280000000E+14   0.4321099923366E-19
  0.1428260000000E+14   0.4229390938340E-19
  0.1464130000000E+14   0.4153666859157E-19
  0.1500900000000E+14   0.4080177700737E-19
  0.1538590000000E+14   0.3990760786931E-19
  0.1577220000000E+14   0.3905414201920E-19
  0.1616830000000E+14   0.3767293545792E-19
  0.1657430000000E+14   0.3605980586663E-19
  0.1699050000000E+14   0.3436903335489E-19
  0.1741720000000E+14   0.3228292006894E-19
  0.1785460000000E+14   0.3037004545799E-19
  0.1830290000000E+14   0.2835524255772E-19
  0.1876260000000E+14   0.2647764873872E-19
  0.1923370000000E+14   0.2483854495683E-19
  0.1971670000000E+14   0.2338112179685E-19
  0.2021180000000E+14   0.2214035817758E-19
  0.2071940000000E+14   0.2119117035411E-19
  0.2123970000000E+14   0.2031389056452E-19
  0.2177310000000E+14   0.2050554204685E-19
  0.2231980000000E+14   0.2068545011324E-19
  0.2288030000000E+14   0.2121600815695E-19
  0.2345490000000E+14   0.2184063938714E-19
  0.2404390000000E+14   0.2253128755042E-19
  0.2464770000000E+14   0.2337990545754E-19
  0.2526660000000E+14   0.2421012670008E-19
  0.2590110000000E+14   0.2516451108785E-19
  0.2655150000000E+14   0.2607480503781E-19
  0.2721830000000E+14   0.2726060045200E-19
  0.2790180000000E+14   0.2850709344453E-19
  0.2860240000000E+14   0.2958344888017E-19
  0.2932070000000E+14   0.3043088025264E-19
  0.3005700000000E+14   0.3120191414930E-19
  0.3081180000000E+14   0.3143864165201E-19
  0.3158550000000E+14   0.3166494328845E-19
  0.3237870000000E+14   0.2966806547209E-19
  0.3319170000000E+14   0.2698781320347E-19
  0.3402530000000E+14   0.2439453070770E-19
  0.3487970000000E+14   0.2187351065463E-19
  0.3575560000000E+14   0.1945957342783E-19
  0.3665350000000E+14   0.1732245587296E-19
  0.3757390000000E+14   0.1545603632023E-19
  0.3851740000000E+14   0.1452063724264E-19
  0.3948470000000E+14   0.1388058203399E-19
  0.4047620000000E+14   0.1355335306831E-19
  0.4149260000000E+14   0.1348946207055E-19
  0.4253460000000E+14   0.1344977862644E-19
  0.4360270000000E+14   0.1347986809807E-19
  0.4469770000000E+14   0.1351582376894E-19
  0.4582010000000E+14   0.1355837965495E-19
  0.4697070000000E+14   0.1360787687572E-19
  0.4815020000000E+14   0.1366254391691E-19
  0.4935940000000E+14   0.1372193343130E-19
  0.5059890000000E+14   0.1378952720002E-19
  0.5186950000000E+14   0.1386609698926E-19
  0.5317200000000E+14   0.1395101492864E-19
  0.5450730000000E+14   0.1404654352722E-19
  0.6258450000000E+14   0.1476632171164E-19
  0.7185870000000E+14   0.1584490007836E-19
  0.8250720000000E+14   0.1732316152939E-19
  0.9473370000000E+14   0.1922491547934E-19
  0.1087720000000E+15   0.2151287606416E-19
  0.1248910000000E+15   0.2406167348195E-19
  0.1433980000000E+15   0.2666177693862E-19
  0.1646470000000E+15   0.2903960750086E-19
  0.1890460000000E+15   0.3088894857520E-19
  0.2170600000000E+15   0.3187083540201E-19
  0.2492250000000E+15   0.3166948749129E-19
  0.2861570000000E+15   0.3003958605196E-19
  0.3285620000000E+15   0.2691552107571E-19
  0.3772500000000E+15   0.2251251224652E-19
  0.4331540000000E+15   0.1734850084601E-19
  0.4973410000000E+15   0.1214182090076E-19
  0.5710410000000E+15   0.7596388701257E-20
  0.6556610000000E+15   0.4174204058625E-20
  0.7528220000000E+15   0.1974966016597E-20
  0.8643800000000E+15   0.7866953894727E-21
  0.9924690000000E+15   0.2571420092127E-21
  0.1139540000000E+16   0.6697339600626E-22
  0.1308400000000E+16   0.1343989908217E-22
  0.1502290000000E+16   0.1999019881403E-23
  0.1724910000000E+16   0.2108299900238E-24
  0.1980520000000E+16   0.1498319926007E-25
  0.2274010000000E+16   0.6767369671848E-27
  0.2610990000000E+16   0.1816449913198E-28
  0.2997900000000E+16   0.2682539873227E-30
