mstar = 0.3637 Msun, Rstar = 1.3573 Rsun, Tstar = 4863.2, mdisk = 0.001049 Msun, Rc = 32.373 AU, Rin = 0.0406 AU, Rout = 96.819 AU, inclination = 45 degree, powerlaw = -1 
         130
  
  0.2997900000000E+11   0.1370432991678E-23
  0.3951060000000E+11   0.3112358682509E-23
  0.5207280000000E+11   0.7054018464032E-23
  0.6862910000000E+11   0.1594422488678E-22
  0.9044930000000E+11   0.3591024317421E-22
  0.1192070000000E+12   0.8050233978519E-22
  0.1571080000000E+12   0.1793772301490E-21
  0.2070600000000E+12   0.3965399327599E-21
  0.2728930000000E+12   0.8675351457560E-21
  0.3596580000000E+12   0.1998648011005E-20
  0.4740100000000E+12   0.5234547455657E-20
  0.6247180000000E+12   0.1340679708396E-19
  0.8233440000000E+12   0.3303847730980E-19
  0.1085120000000E+13   0.7681037420721E-19
  0.1430130000000E+13   0.1636415500106E-18
  0.1884830000000E+13   0.3080271425127E-18
  0.2484100000000E+13   0.4900390070092E-18
  0.3273910000000E+13   0.6337515591407E-18
  0.4314820000000E+13   0.6731048443357E-18
  0.5686700000000E+13   0.6346767292870E-18
  0.7494750000000E+13   0.5606964697134E-18
  0.7682960000000E+13   0.5523016304145E-18
  0.7875890000000E+13   0.5434133733843E-18
  0.8073670000000E+13   0.5339676726061E-18
  0.8276410000000E+13   0.5240136300688E-18
  0.8484250000000E+13   0.5136881022135E-18
  0.8697300000000E+13   0.5037978453828E-18
  0.8915700000000E+13   0.4933740557534E-18
  0.9139590000000E+13   0.4836247435634E-18
  0.9369100000000E+13   0.4735665506705E-18
  0.9604380000000E+13   0.4636666080300E-18
  0.9845560000000E+13   0.4538960349671E-18
  0.1009280000000E+14   0.4437000037991E-18
  0.1034620000000E+14   0.4335151128105E-18
  0.1060610000000E+14   0.4228599980074E-18
  0.1087240000000E+14   0.4128390771121E-18
  0.1114540000000E+14   0.4025455958351E-18
  0.1142530000000E+14   0.3924385926810E-18
  0.1171220000000E+14   0.3824135885370E-18
  0.1200630000000E+14   0.3721302915251E-18
  0.1230780000000E+14   0.3619145735322E-18
  0.1261690000000E+14   0.3514161083403E-18
  0.1293370000000E+14   0.3417994213879E-18
  0.1325850000000E+14   0.3320268118386E-18
  0.1359150000000E+14   0.3225112629010E-18
  0.1393280000000E+14   0.3131127272572E-18
  0.1428260000000E+14   0.3038436789302E-18
  0.1464130000000E+14   0.2953379101833E-18
  0.1500900000000E+14   0.2866047826771E-18
  0.1538590000000E+14   0.2763653706358E-18
  0.1577220000000E+14   0.2661449956109E-18
  0.1616830000000E+14   0.2519923149672E-18
  0.1657430000000E+14   0.2362080046693E-18
  0.1699050000000E+14   0.2200072188497E-18
  0.1741720000000E+14   0.2013899291879E-18
  0.1785460000000E+14   0.1843038835913E-18
  0.1830290000000E+14   0.1670203872289E-18
  0.1876260000000E+14   0.1511732990609E-18
  0.1923370000000E+14   0.1372882195546E-18
  0.1971670000000E+14   0.1249197455354E-18
  0.2021180000000E+14   0.1143233407405E-18
  0.2071940000000E+14   0.1060686842015E-18
  0.2123970000000E+14   0.9862595806382E-19
  0.2177310000000E+14   0.9741303651421E-19
  0.2231980000000E+14   0.9608962328872E-19
  0.2288030000000E+14   0.9646694432303E-19
  0.2345490000000E+14   0.9721571261360E-19
  0.2404390000000E+14   0.9808438852214E-19
  0.2464770000000E+14   0.9936091452027E-19
  0.2526660000000E+14   0.1002270221250E-18
  0.2590110000000E+14   0.1012991142451E-18
  0.2655150000000E+14   0.1019707561988E-18
  0.2721830000000E+14   0.1033659020486E-18
  0.2790180000000E+14   0.1047124185856E-18
  0.2860240000000E+14   0.1053392156876E-18
  0.2932070000000E+14   0.1052196820556E-18
  0.3005700000000E+14   0.1048441772481E-18
  0.3081180000000E+14   0.1031051224390E-18
  0.3158550000000E+14   0.1014608704679E-18
  0.3237870000000E+14   0.9463313396263E-19
  0.3319170000000E+14   0.8642845486166E-19
  0.3402530000000E+14   0.7858864609088E-19
  0.3487970000000E+14   0.7102778531328E-19
  0.3575560000000E+14   0.6355505514147E-19
  0.3665350000000E+14   0.5637156747387E-19
  0.3757390000000E+14   0.4872945012600E-19
  0.3851740000000E+14   0.4344544966327E-19
  0.3948470000000E+14   0.3877005138038E-19
  0.4047620000000E+14   0.3552362615464E-19
  0.4149260000000E+14   0.3422790045007E-19
  0.4253460000000E+14   0.3307440578608E-19
  0.4360270000000E+14   0.3258445632475E-19
  0.4469770000000E+14   0.3212982939306E-19
  0.4582010000000E+14   0.3172043284937E-19
  0.4697070000000E+14   0.3135127781271E-19
  0.4815020000000E+14   0.3100181728796E-19
  0.4935940000000E+14   0.3067424965060E-19
  0.5059890000000E+14   0.3039174944671E-19
  0.5186950000000E+14   0.3016540104351E-19
  0.5317200000000E+14   0.2998302161130E-19
  0.5450730000000E+14   0.2987184409595E-19
  0.6258450000000E+14   0.3021459739312E-19
  0.7185870000000E+14   0.3203083577227E-19
  0.8250720000000E+14   0.3497615045795E-19
  0.9473370000000E+14   0.3876112583655E-19
  0.1087720000000E+15   0.4307254607091E-19
  0.1248910000000E+15   0.4760966316822E-19
  0.1433980000000E+15   0.5209928987745E-19
  0.1646470000000E+15   0.5633213105975E-19
  0.1890460000000E+15   0.6015162953379E-19
  0.2170600000000E+15   0.6326198471365E-19
  0.2492250000000E+15   0.6524209161644E-19
  0.2861570000000E+15   0.6543779424645E-19
  0.3285620000000E+15   0.6314424679519E-19
  0.3772500000000E+15   0.5791605123520E-19
  0.4331540000000E+15   0.4985358197490E-19
  0.4973410000000E+15   0.3974760072034E-19
  0.5710410000000E+15   0.2894377080594E-19
  0.6556610000000E+15   0.1895859486447E-19
  0.7528220000000E+15   0.1098101688092E-19
  0.8643800000000E+15   0.5521049574712E-20
  0.9924690000000E+15   0.2359757756591E-20
  0.1139540000000E+16   0.8356212271307E-21
  0.1308400000000E+16   0.2390405254993E-21
  0.1502290000000E+16   0.5344166071841E-22
  0.1724910000000E+16   0.8999571062754E-23
  0.1980520000000E+16   0.1093232597254E-23
  0.2274010000000E+16   0.9140171300630E-25
  0.2610990000000E+16   0.4975095980244E-26
  0.2997900000000E+16   0.1654445206941E-27
