mstar = 3.1651 Msun, Rstar = 2.9428 Rsun, Tstar = 3976.2, mdisk = 0.0017641 Msun, Rc = 47.937 AU, Rin = 0.0369 AU, Rout = 99.648 AU, inclination = 45 degree, powerlaw = -1 
         130
  
  0.2997900000000E+11   0.1800400728372E-23
  0.3951060000000E+11   0.4076452280807E-23
  0.5207280000000E+11   0.9209250067380E-23
  0.6862910000000E+11   0.2073976183634E-22
  0.9044930000000E+11   0.4651016021401E-22
  0.1192070000000E+12   0.1037206477476E-21
  0.1571080000000E+12   0.2296057097137E-21
  0.2070600000000E+12   0.5033458267599E-21
  0.2728930000000E+12   0.1089252053175E-20
  0.3596580000000E+12   0.2473957316861E-20
  0.4740100000000E+12   0.6362295699646E-20
  0.6247180000000E+12   0.1590620284292E-19
  0.8233440000000E+12   0.3795435503616E-19
  0.1085120000000E+13   0.8450478120253E-19
  0.1430130000000E+13   0.1697681171920E-18
  0.1884830000000E+13   0.2948383273927E-18
  0.2484100000000E+13   0.4216996776087E-18
  0.3273910000000E+13   0.4792306221294E-18
  0.4314820000000E+13   0.4462760369339E-18
  0.5686700000000E+13   0.3816023794684E-18
  0.7494750000000E+13   0.3196747241918E-18
  0.7682960000000E+13   0.3140272014898E-18
  0.7875890000000E+13   0.3082399647383E-18
  0.8073670000000E+13   0.3022756335987E-18
  0.8276410000000E+13   0.2961643768092E-18
  0.8484250000000E+13   0.2899926443537E-18
  0.8697300000000E+13   0.2842360825340E-18
  0.8915700000000E+13   0.2783236874654E-18
  0.9139590000000E+13   0.2729628339735E-18
  0.9369100000000E+13   0.2675728149853E-18
  0.9604380000000E+13   0.2624260501488E-18
  0.9845560000000E+13   0.2575035151779E-18
  0.1009280000000E+14   0.2524855866885E-18
  0.1034620000000E+14   0.2476271161807E-18
  0.1060610000000E+14   0.2426503412192E-18
  0.1087240000000E+14   0.2381837476089E-18
  0.1114540000000E+14   0.2337054435575E-18
  0.1142530000000E+14   0.2294808148167E-18
  0.1171220000000E+14   0.2254461975123E-18
  0.1200630000000E+14   0.2213994005461E-18
  0.1230780000000E+14   0.2175282036731E-18
  0.1261690000000E+14   0.2136278605026E-18
  0.1293370000000E+14   0.2103752080393E-18
  0.1325850000000E+14   0.2071642458502E-18
  0.1359150000000E+14   0.2042392608282E-18
  0.1393280000000E+14   0.2015115359267E-18
  0.1428260000000E+14   0.1989868511011E-18
  0.1464130000000E+14   0.1970689798400E-18
  0.1500900000000E+14   0.1951372098690E-18
  0.1538590000000E+14   0.1923341384186E-18
  0.1577220000000E+14   0.1896096144702E-18
  0.1616830000000E+14   0.1842159318402E-18
  0.1657430000000E+14   0.1775762693565E-18
  0.1699050000000E+14   0.1704503439636E-18
  0.1741720000000E+14   0.1613218299615E-18
  0.1785460000000E+14   0.1529522520901E-18
  0.1830290000000E+14   0.1440236373690E-18
  0.1876260000000E+14   0.1357607009689E-18
  0.1923370000000E+14   0.1285873660372E-18
  0.1971670000000E+14   0.1221708882235E-18
  0.2021180000000E+14   0.1167151089298E-18
  0.2071940000000E+14   0.1127358512280E-18
  0.2123970000000E+14   0.1090942421864E-18
  0.2177310000000E+14   0.1105096634972E-18
  0.2231980000000E+14   0.1118817429789E-18
  0.2288030000000E+14   0.1149299638163E-18
  0.2345490000000E+14   0.1186155117799E-18
  0.2404390000000E+14   0.1227646204845E-18
  0.2464770000000E+14   0.1278222936164E-18
  0.2526660000000E+14   0.1329255899099E-18
  0.2590110000000E+14   0.1388291185800E-18
  0.2655150000000E+14   0.1447508134414E-18
  0.2721830000000E+14   0.1524132060076E-18
  0.2790180000000E+14   0.1607347556389E-18
  0.2860240000000E+14   0.1682863788596E-18
  0.2932070000000E+14   0.1747338675917E-18
  0.3005700000000E+14   0.1808957244745E-18
  0.3081180000000E+14   0.1839611440864E-18
  0.3158550000000E+14   0.1870417076047E-18
  0.3237870000000E+14   0.1765699078791E-18
  0.3319170000000E+14   0.1617559710955E-18
  0.3402530000000E+14   0.1472502052042E-18
  0.3487970000000E+14   0.1332277560520E-18
  0.3575560000000E+14   0.1198887428470E-18
  0.3665350000000E+14   0.1083937746610E-18
  0.3757390000000E+14   0.9846352253017E-19
  0.3851740000000E+14   0.9374339093119E-19
  0.3948470000000E+14   0.9061728661456E-19
  0.4047620000000E+14   0.8917674568684E-19
  0.4149260000000E+14   0.8917742324450E-19
  0.4253460000000E+14   0.8927858069847E-19
  0.4360270000000E+14   0.8978721565284E-19
  0.4469770000000E+14   0.9031554369275E-19
  0.4582010000000E+14   0.9086757059652E-19
  0.4697070000000E+14   0.9143894006120E-19
  0.4815020000000E+14   0.9201414253128E-19
  0.4935940000000E+14   0.9259263712399E-19
  0.5059890000000E+14   0.9318946897423E-19
  0.5186950000000E+14   0.9380970148417E-19
  0.5317200000000E+14   0.9444557504227E-19
  0.5450730000000E+14   0.9511279481300E-19
  0.6258450000000E+14   0.9925644571386E-19
  0.7185870000000E+14   0.1042165054554E-18
  0.8250720000000E+14   0.1101456802994E-18
  0.9473370000000E+14   0.1173491004143E-18
  0.1087720000000E+15   0.1260422598030E-18
  0.1248910000000E+15   0.1361451511025E-18
  0.1433980000000E+15   0.1470533835483E-18
  0.1646470000000E+15   0.1575642245620E-18
  0.1890460000000E+15   0.1659516884683E-18
  0.2170600000000E+15   0.1700914668760E-18
  0.2492250000000E+15   0.1680399488423E-18
  0.2861570000000E+15   0.1584291856760E-18
  0.3285620000000E+15   0.1410305525555E-18
  0.3772500000000E+15   0.1171620216889E-18
  0.4331540000000E+15   0.8965325194531E-19
  0.4973410000000E+15   0.6228367219870E-19
  0.5710410000000E+15   0.3865489735317E-19
  0.6556610000000E+15   0.2105129510986E-19
  0.7528220000000E+15   0.9859397455583E-20
  0.8643800000000E+15   0.3882034275798E-20
  0.9924690000000E+15   0.1252160863416E-20
  0.1139540000000E+16   0.3211998691082E-21
  0.1308400000000E+16   0.6333944403147E-22
  0.1502290000000E+16   0.9233772858664E-23
  0.1724910000000E+16   0.9516680970757E-24
  0.1980520000000E+16   0.6586650015110E-25
  0.2274010000000E+16   0.2885919973314E-26
  0.2610990000000E+16   0.7480629923026E-28
  0.2997900000000E+16   0.1061369989012E-29
