mstar = 0.4467 Msun, Rstar = 1.803 Rsun, Tstar = 4220.3, mdisk = 0.0052252 Msun, Rc = 40.476 AU, Rin = 0.1238 AU, Rout = 161.119 AU, inclination = 45 degree, powerlaw = -1 
         130
  
  0.2997900000000E+11   0.5567506223589E-23
  0.3951060000000E+11   0.1260820684775E-22
  0.5207280000000E+11   0.2846550475520E-22
  0.6862910000000E+11   0.6401330511863E-22
  0.9044930000000E+11   0.1432235300016E-21
  0.1192070000000E+12   0.3183601918760E-21
  0.1571080000000E+12   0.7017127258588E-21
  0.2070600000000E+12   0.1529795019360E-20
  0.2728930000000E+12   0.3287466641327E-20
  0.3596580000000E+12   0.7377052823832E-20
  0.4740100000000E+12   0.1847123705189E-19
  0.6247180000000E+12   0.4437557266482E-19
  0.8233440000000E+12   0.9993887126005E-19
  0.1085120000000E+13   0.2050436197569E-18
  0.1430130000000E+13   0.3691047241045E-18
  0.1884830000000E+13   0.5617853002059E-18
  0.2484100000000E+13   0.7111406759293E-18
  0.3273910000000E+13   0.7759473275569E-18
  0.4314820000000E+13   0.7835829019370E-18
  0.5686700000000E+13   0.7483040420905E-18
  0.7494750000000E+13   0.6577266669688E-18
  0.7682960000000E+13   0.6467173315782E-18
  0.7875890000000E+13   0.6350522216925E-18
  0.8073670000000E+13   0.6226728410200E-18
  0.8276410000000E+13   0.6096552424365E-18
  0.8484250000000E+13   0.5961762050773E-18
  0.8697300000000E+13   0.5831973448417E-18
  0.8915700000000E+13   0.5695829268306E-18
  0.9139590000000E+13   0.5567564682248E-18
  0.9369100000000E+13   0.5435735005844E-18
  0.9604380000000E+13   0.5305842191981E-18
  0.9845560000000E+13   0.5177578950926E-18
  0.1009280000000E+14   0.5044615562220E-18
  0.1034620000000E+14   0.4912042795118E-18
  0.1060610000000E+14   0.4774424280673E-18
  0.1087240000000E+14   0.4644370510566E-18
  0.1114540000000E+14   0.4511593890562E-18
  0.1142530000000E+14   0.4381319174237E-18
  0.1171220000000E+14   0.4252405628417E-18
  0.1200630000000E+14   0.4121086532798E-18
  0.1230780000000E+14   0.3991040470313E-18
  0.1261690000000E+14   0.3858422728903E-18
  0.1293370000000E+14   0.3736037048363E-18
  0.1325850000000E+14   0.3612448728582E-18
  0.1359150000000E+14   0.3492178470513E-18
  0.1393280000000E+14   0.3373714016968E-18
  0.1428260000000E+14   0.3257205279305E-18
  0.1464130000000E+14   0.3149391350690E-18
  0.1500900000000E+14   0.3039659169074E-18
  0.1538590000000E+14   0.2914528562965E-18
  0.1577220000000E+14   0.2790263852420E-18
  0.1616830000000E+14   0.2625476621112E-18
  0.1657430000000E+14   0.2444681811123E-18
  0.1699050000000E+14   0.2260722396399E-18
  0.1741720000000E+14   0.2052937371484E-18
  0.1785460000000E+14   0.1862399018597E-18
  0.1830290000000E+14   0.1671256560474E-18
  0.1876260000000E+14   0.1496280591792E-18
  0.1923370000000E+14   0.1342897277040E-18
  0.1971670000000E+14   0.1206485668461E-18
  0.2021180000000E+14   0.1089523946297E-18
  0.2071940000000E+14   0.9975851958443E-19
  0.2123970000000E+14   0.9151995990906E-19
  0.2177310000000E+14   0.8951356491282E-19
  0.2231980000000E+14   0.8741350433746E-19
  0.2288030000000E+14   0.8694755262346E-19
  0.2345490000000E+14   0.8679642168472E-19
  0.2404390000000E+14   0.8671090808933E-19
  0.2464770000000E+14   0.8695099594286E-19
  0.2526660000000E+14   0.8676023427337E-19
  0.2590110000000E+14   0.8669327804445E-19
  0.2655150000000E+14   0.8623723708734E-19
  0.2721830000000E+14   0.8634623334711E-19
  0.2790180000000E+14   0.8635534998947E-19
  0.2860240000000E+14   0.8572577133022E-19
  0.2932070000000E+14   0.8448931765716E-19
  0.3005700000000E+14   0.8306792732532E-19
  0.3081180000000E+14   0.8067311726479E-19
  0.3158550000000E+14   0.7844333966407E-19
  0.3237870000000E+14   0.7278328776179E-19
  0.3319170000000E+14   0.6663080413283E-19
  0.3402530000000E+14   0.6118791931949E-19
  0.3487970000000E+14   0.5635964231631E-19
  0.3575560000000E+14   0.5200429544051E-19
  0.3665350000000E+14   0.4821684047379E-19
  0.3757390000000E+14   0.4462912091560E-19
  0.3851740000000E+14   0.4260022095323E-19
  0.3948470000000E+14   0.4106296377880E-19
  0.4047620000000E+14   0.4028222118859E-19
  0.4149260000000E+14   0.4037865627080E-19
  0.4253460000000E+14   0.4055948576863E-19
  0.4360270000000E+14   0.4103384288100E-19
  0.4469770000000E+14   0.4153168815778E-19
  0.4582010000000E+14   0.4205185748904E-19
  0.4697070000000E+14   0.4258808808395E-19
  0.4815020000000E+14   0.4312721558940E-19
  0.4935940000000E+14   0.4366586829418E-19
  0.5059890000000E+14   0.4421057215512E-19
  0.5186950000000E+14   0.4476231720008E-19
  0.5317200000000E+14   0.4531280063514E-19
  0.5450730000000E+14   0.4587079633914E-19
  0.6258450000000E+14   0.4889127041504E-19
  0.7185870000000E+14   0.5155422489824E-19
  0.8250720000000E+14   0.5368634598332E-19
  0.9473370000000E+14   0.5544051722666E-19
  0.1087720000000E+15   0.5720986766983E-19
  0.1248910000000E+15   0.5948118736433E-19
  0.1433980000000E+15   0.6255655786200E-19
  0.1646470000000E+15   0.6635898047336E-19
  0.1890460000000E+15   0.7031381884217E-19
  0.2170600000000E+15   0.7337658291060E-19
  0.2492250000000E+15   0.7434620453593E-19
  0.2861570000000E+15   0.7218925339342E-19
  0.3285620000000E+15   0.6638446287785E-19
  0.3772500000000E+15   0.5715232380930E-19
  0.4331540000000E+15   0.4550762045299E-19
  0.4973410000000E+15   0.3306775149265E-19
  0.5710410000000E+15   0.2160195469402E-19
  0.6556610000000E+15   0.1247533292807E-19
  0.7528220000000E+15   0.6248638013490E-20
  0.8643800000000E+15   0.2657759951529E-20
  0.9924690000000E+15   0.9371550138864E-21
  0.1139540000000E+16   0.2661061577170E-21
  0.1308400000000E+16   0.5905468751932E-22
  0.1502290000000E+16   0.9863148884461E-23
  0.1724910000000E+16   0.1188338653843E-23
  0.1980520000000E+16   0.9830219548815E-25
  0.2274010000000E+16   0.5286743983241E-26
  0.2610990000000E+16   0.1733911725194E-27
  0.2997900000000E+16   0.3223096042578E-29
