mstar = 0.1432 Msun, Rstar = 1.2345 Rsun, Tstar = 3765.2, mdisk = 0.0073075 Msun, Rc = 23.034 AU, Rin = 0.0908 AU, Rout = 175.696 AU, inclination = 45 degree, powerlaw = -1 
         130
  
  0.2997900000000E+11   0.7545948376880E-23
  0.3951060000000E+11   0.1691536765554E-22
  0.5207280000000E+11   0.3773118759166E-22
  0.6862910000000E+11   0.8365192721903E-22
  0.9044930000000E+11   0.1840639719055E-21
  0.1192070000000E+12   0.4011909875086E-21
  0.1571080000000E+12   0.8640635029799E-21
  0.2070600000000E+12   0.1832869278563E-20
  0.2728930000000E+12   0.3812663018980E-20
  0.3596580000000E+12   0.8149841825900E-20
  0.4740100000000E+12   0.1868180678088E-19
  0.6247180000000E+12   0.3988613385981E-19
  0.8233440000000E+12   0.7714611475811E-19
  0.1085120000000E+13   0.1319209924286E-18
  0.1430130000000E+13   0.1974799413455E-18
  0.1884830000000E+13   0.2636073412344E-18
  0.2484100000000E+13   0.3236753960333E-18
  0.3273910000000E+13   0.3709267693250E-18
  0.4314820000000E+13   0.3974098391841E-18
  0.5686700000000E+13   0.3943307952792E-18
  0.7494750000000E+13   0.3542345107113E-18
  0.7682960000000E+13   0.3487884782375E-18
  0.7875890000000E+13   0.3429625105561E-18
  0.8073670000000E+13   0.3367310288090E-18
  0.8276410000000E+13   0.3301325135893E-18
  0.8484250000000E+13   0.3232528117085E-18
  0.8697300000000E+13   0.3165450904873E-18
  0.8915700000000E+13   0.3094824763611E-18
  0.9139590000000E+13   0.3027337769214E-18
  0.9369100000000E+13   0.2957667540328E-18
  0.9604380000000E+13   0.2888421602557E-18
  0.9845560000000E+13   0.2819484258173E-18
  0.1009280000000E+14   0.2747947151861E-18
  0.1034620000000E+14   0.2676223878249E-18
  0.1060610000000E+14   0.2601821540501E-18
  0.1087240000000E+14   0.2530641556025E-18
  0.1114540000000E+14   0.2457941740404E-18
  0.1142530000000E+14   0.2386173525049E-18
  0.1171220000000E+14   0.2314843195288E-18
  0.1200630000000E+14   0.2242259970779E-18
  0.1230780000000E+14   0.2170152152991E-18
  0.1261690000000E+14   0.2096811205317E-18
  0.1293370000000E+14   0.2028109066935E-18
  0.1325850000000E+14   0.1958873763730E-18
  0.1359150000000E+14   0.1891186895949E-18
  0.1393280000000E+14   0.1824393922986E-18
  0.1428260000000E+14   0.1758590544128E-18
  0.1464130000000E+14   0.1696788464096E-18
  0.1500900000000E+14   0.1634282281969E-18
  0.1538590000000E+14   0.1565212273406E-18
  0.1577220000000E+14   0.1496839899271E-18
  0.1616830000000E+14   0.1411085269153E-18
  0.1657430000000E+14   0.1318687855161E-18
  0.1699050000000E+14   0.1225197440975E-18
  0.1741720000000E+14   0.1121216290490E-18
  0.1785460000000E+14   0.1024909682484E-18
  0.1830290000000E+14   0.9281568203265E-19
  0.1876260000000E+14   0.8385727366235E-19
  0.1923370000000E+14   0.7588347879688E-19
  0.1971670000000E+14   0.6869792722541E-19
  0.2021180000000E+14   0.6244368338002E-19
  0.2071940000000E+14   0.5741704487480E-19
  0.2123970000000E+14   0.5286963724016E-19
  0.2177310000000E+14   0.5144916007612E-19
  0.2231980000000E+14   0.4998801107701E-19
  0.2288030000000E+14   0.4932278178524E-19
  0.2345490000000E+14   0.4879370147946E-19
  0.2404390000000E+14   0.4827773663310E-19
  0.2464770000000E+14   0.4788865140044E-19
  0.2526660000000E+14   0.4728351653143E-19
  0.2590110000000E+14   0.4672098119659E-19
  0.2655150000000E+14   0.4597910988569E-19
  0.2721830000000E+14   0.4545949363428E-19
  0.2790180000000E+14   0.4488121280029E-19
  0.2860240000000E+14   0.4404548297881E-19
  0.2932070000000E+14   0.4298645713811E-19
  0.3005700000000E+14   0.4187752662735E-19
  0.3081180000000E+14   0.4044412447835E-19
  0.3158550000000E+14   0.3910980327476E-19
  0.3237870000000E+14   0.3661246113436E-19
  0.3319170000000E+14   0.3398289507262E-19
  0.3402530000000E+14   0.3163649315320E-19
  0.3487970000000E+14   0.2953780701932E-19
  0.3575560000000E+14   0.2762484338271E-19
  0.3665350000000E+14   0.2592032269907E-19
  0.3757390000000E+14   0.2425061801140E-19
  0.3851740000000E+14   0.2322267451603E-19
  0.3948470000000E+14   0.2237424706692E-19
  0.4047620000000E+14   0.2185785923833E-19
  0.4149260000000E+14   0.2179404745858E-19
  0.4253460000000E+14   0.2177006975461E-19
  0.4360270000000E+14   0.2190249732386E-19
  0.4469770000000E+14   0.2204236463639E-19
  0.4582010000000E+14   0.2218865570089E-19
  0.4697070000000E+14   0.2233766926618E-19
  0.4815020000000E+14   0.2248185273575E-19
  0.4935940000000E+14   0.2261929462210E-19
  0.5059890000000E+14   0.2275332743084E-19
  0.5186950000000E+14   0.2288430474698E-19
  0.5317200000000E+14   0.2300773070371E-19
  0.5450730000000E+14   0.2312802925320E-19
  0.6258450000000E+14   0.2362071460957E-19
  0.7185870000000E+14   0.2372286742483E-19
  0.8250720000000E+14   0.2341856909034E-19
  0.9473370000000E+14   0.2289496267433E-19
  0.1087720000000E+15   0.2244858291559E-19
  0.1248910000000E+15   0.2236520088778E-19
  0.1433980000000E+15   0.2276417639205E-19
  0.1646470000000E+15   0.2352355164607E-19
  0.1890460000000E+15   0.2428871523359E-19
  0.2170600000000E+15   0.2457171611858E-19
  0.2492250000000E+15   0.2392861382855E-19
  0.2861570000000E+15   0.2209337409844E-19
  0.3285620000000E+15   0.1907152312850E-19
  0.3772500000000E+15   0.1517122235935E-19
  0.4331540000000E+15   0.1093243557262E-19
  0.4973410000000E+15   0.7005385418932E-20
  0.5710410000000E+15   0.3908703428369E-20
  0.6556610000000E+15   0.1842927036519E-20
  0.7528220000000E+15   0.6907861230559E-21
  0.8643800000000E+15   0.2146735480642E-21
  0.9924690000000E+15   0.5897341218946E-22
  0.1139540000000E+16   0.1072054900476E-22
  0.1308400000000E+16   0.1992652393798E-23
  0.1502290000000E+16   0.2944207640536E-24
  0.1724910000000E+16   0.3100949559628E-25
  0.1980520000000E+16   0.1754644732682E-26
  0.2274010000000E+16   0.6383461221688E-28
  0.2610990000000E+16   0.1330504651294E-29
  0.2997900000000E+16   0.1463900424746E-31
