mstar = 0.2176 Msun, Rstar = 1.6965 Rsun, Tstar = 5498.4, mdisk = 0.0040309 Msun, Rc = 13.212 AU, Rin = 0.1184 AU, Rout = 59.368 AU, inclination = 45 degree, powerlaw = -1 
         130
  
  0.2997900000000E+11   0.8299386326418E-23
  0.3951060000000E+11   0.1851853010652E-22
  0.5207280000000E+11   0.4109209011291E-22
  0.6862910000000E+11   0.9059270194784E-22
  0.9044930000000E+11   0.1982090045424E-21
  0.1192070000000E+12   0.4297796605683E-21
  0.1571080000000E+12   0.9219336278131E-21
  0.2070600000000E+12   0.1952088036541E-20
  0.2728930000000E+12   0.4067813125618E-20
  0.3596580000000E+12   0.8703614576083E-20
  0.4740100000000E+12   0.1975796224138E-19
  0.6247180000000E+12   0.4194127668581E-19
  0.8233440000000E+12   0.8176852956649E-19
  0.1085120000000E+13   0.1454810824703E-18
  0.1430130000000E+13   0.2386293327599E-18
  0.1884830000000E+13   0.3680278351108E-18
  0.2484100000000E+13   0.5382193735080E-18
  0.3273910000000E+13   0.7440591389102E-18
  0.4314820000000E+13   0.9705367948316E-18
  0.5686700000000E+13   0.1189641118377E-17
  0.7494750000000E+13   0.1354570454698E-17
  0.7682960000000E+13   0.1364782678743E-17
  0.7875890000000E+13   0.1373792872693E-17
  0.8073670000000E+13   0.1381446691235E-17
  0.8276410000000E+13   0.1387747778369E-17
  0.8484250000000E+13   0.1392840375019E-17
  0.8697300000000E+13   0.1397965362576E-17
  0.8915700000000E+13   0.1401558894050E-17
  0.9139590000000E+13   0.1405592379785E-17
  0.9369100000000E+13   0.1408420132754E-17
  0.9604380000000E+13   0.1410823224513E-17
  0.9845560000000E+13   0.1412750500306E-17
  0.1009280000000E+14   0.1413150624587E-17
  0.1034620000000E+14   0.1412781088293E-17
  0.1060610000000E+14   0.1410663519248E-17
  0.1087240000000E+14   0.1408954708925E-17
  0.1114540000000E+14   0.1405810864009E-17
  0.1142530000000E+14   0.1402155443528E-17
  0.1171220000000E+14   0.1397747282724E-17
  0.1200630000000E+14   0.1391772513130E-17
  0.1230780000000E+14   0.1384917044285E-17
  0.1261690000000E+14   0.1376286441864E-17
  0.1293370000000E+14   0.1368714185326E-17
  0.1325850000000E+14   0.1359637779794E-17
  0.1359150000000E+14   0.1350077677177E-17
  0.1393280000000E+14   0.1339648219545E-17
  0.1428260000000E+14   0.1328357461724E-17
  0.1464130000000E+14   0.1318036450369E-17
  0.1500900000000E+14   0.1305825609992E-17
  0.1538590000000E+14   0.1287650198499E-17
  0.1577220000000E+14   0.1267904813921E-17
  0.1616830000000E+14   0.1233496038114E-17
  0.1657430000000E+14   0.1190842962238E-17
  0.1699050000000E+14   0.1143485235999E-17
  0.1741720000000E+14   0.1083539539183E-17
  0.1785460000000E+14   0.1025000825205E-17
  0.1830290000000E+14   0.9612643401263E-18
  0.1876260000000E+14   0.8988894030794E-18
  0.1923370000000E+14   0.8408168187137E-18
  0.1971670000000E+14   0.7858684886113E-18
  0.2021180000000E+14   0.7360490625546E-18
  0.2071940000000E+14   0.6952362249059E-18
  0.2123970000000E+14   0.6565231751619E-18
  0.2177310000000E+14   0.6498226573300E-18
  0.2231980000000E+14   0.6420610901501E-18
  0.2288030000000E+14   0.6431491916567E-18
  0.2345490000000E+14   0.6458782333166E-18
  0.2404390000000E+14   0.6488507889638E-18
  0.2464770000000E+14   0.6536302668792E-18
  0.2526660000000E+14   0.6556924310800E-18
  0.2590110000000E+14   0.6584107910472E-18
  0.2655150000000E+14   0.6585259616286E-18
  0.2721830000000E+14   0.6620333418641E-18
  0.2790180000000E+14   0.6647556652876E-18
  0.2860240000000E+14   0.6631401132270E-18
  0.2932070000000E+14   0.6571681533914E-18
  0.3005700000000E+14   0.6494893934881E-18
  0.3081180000000E+14   0.6343217423105E-18
  0.3158550000000E+14   0.6194013353909E-18
  0.3237870000000E+14   0.5768945781468E-18
  0.3319170000000E+14   0.5267408883486E-18
  0.3402530000000E+14   0.4780544861963E-18
  0.3487970000000E+14   0.4305442820152E-18
  0.3575560000000E+14   0.3833168785820E-18
  0.3665350000000E+14   0.3376445457947E-18
  0.3757390000000E+14   0.2899835542003E-18
  0.3851740000000E+14   0.2571333653061E-18
  0.3948470000000E+14   0.2280164052602E-18
  0.4047620000000E+14   0.2070111867671E-18
  0.4149260000000E+14   0.1970729284018E-18
  0.4253460000000E+14   0.1881214006041E-18
  0.4360270000000E+14   0.1830089664416E-18
  0.4469770000000E+14   0.1782026239017E-18
  0.4582010000000E+14   0.1737441804047E-18
  0.4697070000000E+14   0.1695953786142E-18
  0.4815020000000E+14   0.1656427732611E-18
  0.4935940000000E+14   0.1618953854509E-18
  0.5059890000000E+14   0.1584655823792E-18
  0.5186950000000E+14   0.1553993657931E-18
  0.5317200000000E+14   0.1526152547633E-18
  0.5450730000000E+14   0.1502295725369E-18
  0.6258450000000E+14   0.1419465186198E-18
  0.7185870000000E+14   0.1396459277799E-18
  0.8250720000000E+14   0.1396721542853E-18
  0.9473370000000E+14   0.1395727492021E-18
  0.1087720000000E+15   0.1380497044043E-18
  0.1248910000000E+15   0.1351661018883E-18
  0.1433980000000E+15   0.1319822174146E-18
  0.1646470000000E+15   0.1301367487513E-18
  0.1890460000000E+15   0.1310883118840E-18
  0.2170600000000E+15   0.1348909104115E-18
  0.2492250000000E+15   0.1402981411196E-18
  0.2861570000000E+15   0.1448073360902E-18
  0.3285620000000E+15   0.1455963041008E-18
  0.3772500000000E+15   0.1404074829857E-18
  0.4331540000000E+15   0.1281614743898E-18
  0.4973410000000E+15   0.1093655349808E-18
  0.5710410000000E+15   0.8613923436534E-19
  0.6556610000000E+15   0.6172919912177E-19
  0.7528220000000E+15   0.3954323077699E-19
  0.8643800000000E+15   0.2235649563436E-19
  0.9924690000000E+15   0.1100796593038E-19
  0.1139540000000E+16   0.4544011522580E-20
  0.1308400000000E+16   0.1580839769132E-20
  0.1502290000000E+16   0.4445728398680E-21
  0.1724910000000E+16   0.9746777699589E-22
  0.1980520000000E+16   0.1581913339488E-22
  0.2274010000000E+16   0.1849496748176E-23
  0.2610990000000E+16   0.1479081956095E-24
  0.2997900000000E+16   0.7648807629897E-26
