mstar = 1.1206 Msun, Rstar = 2.325 Rsun, Tstar = 3506.8, mdisk = 0.0043421 Msun, Rc = 42.122 AU, Rin = 0.1123 AU, Rout = 87.597 AU, inclination = 45 degree, powerlaw = -1 
         130
  
  0.2997900000000E+11   0.3820967214696E-23
  0.3951060000000E+11   0.8648588530343E-23
  0.5207280000000E+11   0.1951404223021E-22
  0.6862910000000E+11   0.4384803057136E-22
  0.9044930000000E+11   0.9799509101401E-22
  0.1192070000000E+12   0.2174697481710E-21
  0.1571080000000E+12   0.4781860487292E-21
  0.2070600000000E+12   0.1038820045928E-20
  0.2728930000000E+12   0.2220870304980E-20
  0.3596580000000E+12   0.4953250719135E-20
  0.4740100000000E+12   0.1234314844009E-19
  0.6247180000000E+12   0.2944504400880E-19
  0.8233440000000E+12   0.6559654170888E-19
  0.1085120000000E+13   0.1323187777456E-18
  0.1430130000000E+13   0.2319013620968E-18
  0.1884830000000E+13   0.3380983619626E-18
  0.2484100000000E+13   0.3999263582787E-18
  0.3273910000000E+13   0.3979824419620E-18
  0.4314820000000E+13   0.3669448315229E-18
  0.5686700000000E+13   0.3258558793930E-18
  0.7494750000000E+13   0.2686398178196E-18
  0.7682960000000E+13   0.2626585572297E-18
  0.7875890000000E+13   0.2564648961908E-18
  0.8073670000000E+13   0.2500378198474E-18
  0.8276410000000E+13   0.2434185405027E-18
  0.8484250000000E+13   0.2366903791301E-18
  0.8697300000000E+13   0.2302852798873E-18
  0.8915700000000E+13   0.2236936236043E-18
  0.9139590000000E+13   0.2175432989468E-18
  0.9369100000000E+13   0.2113259871396E-18
  0.9604380000000E+13   0.2052825469032E-18
  0.9845560000000E+13   0.1993968890641E-18
  0.1009280000000E+14   0.1933967112281E-18
  0.1034620000000E+14   0.1874997878144E-18
  0.1060610000000E+14   0.1814750590713E-18
  0.1087240000000E+14   0.1758529487813E-18
  0.1114540000000E+14   0.1701998899530E-18
  0.1142530000000E+14   0.1647292689865E-18
  0.1171220000000E+14   0.1593910562156E-18
  0.1200630000000E+14   0.1540295958560E-18
  0.1230780000000E+14   0.1487935425119E-18
  0.1261690000000E+14   0.1435308667823E-18
  0.1293370000000E+14   0.1387437653053E-18
  0.1325850000000E+14   0.1339765126879E-18
  0.1359150000000E+14   0.1294039038188E-18
  0.1393280000000E+14   0.1249598921394E-18
  0.1428260000000E+14   0.1206472453206E-18
  0.1464130000000E+14   0.1167169210835E-18
  0.1500900000000E+14   0.1127640592752E-18
  0.1538590000000E+14   0.1082884934766E-18
  0.1577220000000E+14   0.1039022972167E-18
  0.1616830000000E+14   0.9809519390884E-19
  0.1657430000000E+14   0.9179273430614E-19
  0.1699050000000E+14   0.8546683444828E-19
  0.1741720000000E+14   0.7837989201894E-19
  0.1785460000000E+14   0.7200344767892E-19
  0.1830290000000E+14   0.6568897063887E-19
  0.1876260000000E+14   0.6000266127137E-19
  0.1923370000000E+14   0.5511777388878E-19
  0.1971670000000E+14   0.5083507188744E-19
  0.2021180000000E+14   0.4723343426019E-19
  0.2071940000000E+14   0.4448762757668E-19
  0.2123970000000E+14   0.4204753612479E-19
  0.2177310000000E+14   0.4175289332329E-19
  0.2231980000000E+14   0.4141328158300E-19
  0.2288030000000E+14   0.4162122612057E-19
  0.2345490000000E+14   0.4192568475516E-19
  0.2404390000000E+14   0.4223850420275E-19
  0.2464770000000E+14   0.4263719595015E-19
  0.2526660000000E+14   0.4288109184122E-19
  0.2590110000000E+14   0.4315813006243E-19
  0.2655150000000E+14   0.4329854255564E-19
  0.2721830000000E+14   0.4363065726498E-19
  0.2790180000000E+14   0.4393190038357E-19
  0.2860240000000E+14   0.4402473567915E-19
  0.2932070000000E+14   0.4390713811017E-19
  0.3005700000000E+14   0.4372466245753E-19
  0.3081180000000E+14   0.4318865063025E-19
  0.3158550000000E+14   0.4270002484509E-19
  0.3237870000000E+14   0.4090320362249E-19
  0.3319170000000E+14   0.3886410470597E-19
  0.3402530000000E+14   0.3703778654842E-19
  0.3487970000000E+14   0.3538919992484E-19
  0.3575560000000E+14   0.3385395952249E-19
  0.3665350000000E+14   0.3242662288567E-19
  0.3757390000000E+14   0.3083456945876E-19
  0.3851740000000E+14   0.2972143880451E-19
  0.3948470000000E+14   0.2870461024700E-19
  0.4047620000000E+14   0.2819257655514E-19
  0.4149260000000E+14   0.2835240960001E-19
  0.4253460000000E+14   0.2858194405675E-19
  0.4360270000000E+14   0.2905181516284E-19
  0.4469770000000E+14   0.2954958121726E-19
  0.4582010000000E+14   0.3007604049115E-19
  0.4697070000000E+14   0.3062772243766E-19
  0.4815020000000E+14   0.3119572900845E-19
  0.4935940000000E+14   0.3177892735071E-19
  0.5059890000000E+14   0.3238309899074E-19
  0.5186950000000E+14   0.3301031797708E-19
  0.5317200000000E+14   0.3365473949126E-19
  0.5450730000000E+14   0.3432322964052E-19
  0.6258450000000E+14   0.3832006981280E-19
  0.7185870000000E+14   0.4260895023694E-19
  0.8250720000000E+14   0.4699819263809E-19
  0.9473370000000E+14   0.5144420401609E-19
  0.1087720000000E+15   0.5596273643529E-19
  0.1248910000000E+15   0.6052742362548E-19
  0.1433980000000E+15   0.6491816966418E-19
  0.1646470000000E+15   0.6863377160722E-19
  0.1890460000000E+15   0.7088854138120E-19
  0.2170600000000E+15   0.7074672376597E-19
  0.2492250000000E+15   0.6744082091550E-19
  0.2861570000000E+15   0.6069241571044E-19
  0.3285620000000E+15   0.5094857328672E-19
  0.3772500000000E+15   0.3938990703481E-19
  0.4331540000000E+15   0.2765797471413E-19
  0.4973410000000E+15   0.1736540549972E-19
  0.5710410000000E+15   0.9580450197285E-20
  0.6556610000000E+15   0.4553729961651E-20
  0.7528220000000E+15   0.1823449980218E-20
  0.8643800000000E+15   0.5996259932833E-21
  0.9924690000000E+15   0.1572619982206E-21
  0.1139540000000E+16   0.3180919962854E-22
  0.1308400000000E+16   0.4775009944628E-23
  0.1502290000000E+16   0.5089079942077E-24
  0.1724910000000E+16   0.3660549959272E-25
  0.1980520000000E+16   0.1676409981277E-26
  0.2274010000000E+16   0.4571689949026E-28
  0.2610990000000E+16   0.6875299923441E-30
  0.2997900000000E+16   0.5220929941921E-32
