mstar = 0.2585 Msun, Rstar = 2.7555 Rsun, Tstar = 4134.4, mdisk = 6.43E-05 Msun, Rc = 43.985 AU, Rin = 0.1091 AU, Rout = 78.288 AU, inclination = 45 degree, powerlaw = -1 
         130
  
  0.2997900000000E+11   0.1401415849530E-24
  0.3951060000000E+11   0.3122217173682E-24
  0.5207280000000E+11   0.6986190577175E-24
  0.6862910000000E+11   0.1567685838601E-23
  0.9044930000000E+11   0.3523007072658E-23
  0.1192070000000E+12   0.7918478243245E-23
  0.1571080000000E+12   0.1777646179929E-22
  0.2070600000000E+12   0.3979892294503E-22
  0.2728930000000E+12   0.8870689535620E-22
  0.3596580000000E+12   0.2095610909640E-21
  0.4740100000000E+12   0.5699275082376E-21
  0.6247180000000E+12   0.1548037326981E-20
  0.8233440000000E+12   0.4162724337582E-20
  0.1085120000000E+13   0.1098996391798E-19
  0.1430130000000E+13   0.2811599360207E-19
  0.1884830000000E+13   0.6868614440030E-19
  0.2484100000000E+13   0.1570251869304E-18
  0.3273910000000E+13   0.3257163747503E-18
  0.4314820000000E+13   0.5910140188728E-18
  0.5686700000000E+13   0.8872567042812E-18
  0.7494750000000E+13   0.1036057927075E-17
  0.7682960000000E+13   0.1036313482571E-17
  0.7875890000000E+13   0.1033858335277E-17
  0.8073670000000E+13   0.1028607794328E-17
  0.8276410000000E+13   0.1020718616835E-17
  0.8484250000000E+13   0.1010525246886E-17
  0.8697300000000E+13   0.9996127944602E-18
  0.8915700000000E+13   0.9862387792642E-18
  0.9139590000000E+13   0.9727147602904E-18
  0.9369100000000E+13   0.9573269450702E-18
  0.9604380000000E+13   0.9410280640161E-18
  0.9845560000000E+13   0.9238706644662E-18
  0.1009280000000E+14   0.9050199965043E-18
  0.1034620000000E+14   0.8853723961860E-18
  0.1060610000000E+14   0.8642517429688E-18
  0.1087240000000E+14   0.8436482561809E-18
  0.1114540000000E+14   0.8221697476719E-18
  0.1142530000000E+14   0.8007022428360E-18
  0.1171220000000E+14   0.7791926217780E-18
  0.1200630000000E+14   0.7572006354340E-18
  0.1230780000000E+14   0.7353560384384E-18
  0.1261690000000E+14   0.7131792953339E-18
  0.1293370000000E+14   0.6926254612502E-18
  0.1325850000000E+14   0.6720771705394E-18
  0.1359150000000E+14   0.6522514499591E-18
  0.1393280000000E+14   0.6329584613690E-18
  0.1428260000000E+14   0.6142393712569E-18
  0.1464130000000E+14   0.5971659713935E-18
  0.1500900000000E+14   0.5800816920347E-18
  0.1538590000000E+14   0.5607343392749E-18
  0.1577220000000E+14   0.5416564066609E-18
  0.1616830000000E+14   0.5157603597711E-18
  0.1657430000000E+14   0.4868397482881E-18
  0.1699050000000E+14   0.4569239455482E-18
  0.1741720000000E+14   0.4221924030505E-18
  0.1785460000000E+14   0.3898323215069E-18
  0.1830290000000E+14   0.3566141758120E-18
  0.1876260000000E+14   0.3256182128182E-18
  0.1923370000000E+14   0.2979595075052E-18
  0.1971670000000E+14   0.2728753021797E-18
  0.2021180000000E+14   0.2509756607015E-18
  0.2071940000000E+14   0.2335355079434E-18
  0.2123970000000E+14   0.2175833936925E-18
  0.2177310000000E+14   0.2143947705304E-18
  0.2231980000000E+14   0.2111116165426E-18
  0.2288030000000E+14   0.2115618392003E-18
  0.2345490000000E+14   0.2129773073573E-18
  0.2404390000000E+14   0.2148038304240E-18
  0.2464770000000E+14   0.2176624336096E-18
  0.2526660000000E+14   0.2196953064188E-18
  0.2590110000000E+14   0.2222413799749E-18
  0.2655150000000E+14   0.2239195580304E-18
  0.2721830000000E+14   0.2272116965701E-18
  0.2790180000000E+14   0.2303585900210E-18
  0.2860240000000E+14   0.2317948171700E-18
  0.2932070000000E+14   0.2314647021153E-18
  0.3005700000000E+14   0.2304759677527E-18
  0.3081180000000E+14   0.2263241938295E-18
  0.3158550000000E+14   0.2223455537773E-18
  0.3237870000000E+14   0.2067898128415E-18
  0.3319170000000E+14   0.1885293525912E-18
  0.3402530000000E+14   0.1714758776993E-18
  0.3487970000000E+14   0.1554968487611E-18
  0.3575560000000E+14   0.1402323068010E-18
  0.3665350000000E+14   0.1260986984152E-18
  0.3757390000000E+14   0.1117898426868E-18
  0.3851740000000E+14   0.1029533417012E-18
  0.3948470000000E+14   0.9561030786637E-19
  0.4047620000000E+14   0.9104101402791E-19
  0.4149260000000E+14   0.9002179921947E-19
  0.4253460000000E+14   0.8931962130784E-19
  0.4360270000000E+14   0.8984766597843E-19
  0.4469770000000E+14   0.9048651240073E-19
  0.4582010000000E+14   0.9124323856591E-19
  0.4697070000000E+14   0.9209941264233E-19
  0.4815020000000E+14   0.9300796923195E-19
  0.4935940000000E+14   0.9396313397654E-19
  0.5059890000000E+14   0.9499948152271E-19
  0.5186950000000E+14   0.9613133608268E-19
  0.5317200000000E+14   0.9732489811086E-19
  0.5450730000000E+14   0.9862761176414E-19
  0.6258450000000E+14   0.1070057556048E-18
  0.7185870000000E+14   0.1165137960760E-18
  0.8250720000000E+14   0.1259727976958E-18
  0.9473370000000E+14   0.1347701465004E-18
  0.1087720000000E+15   0.1427110903057E-18
  0.1248910000000E+15   0.1498771617837E-18
  0.1433980000000E+15   0.1563347006515E-18
  0.1646470000000E+15   0.1620265815236E-18
  0.1890460000000E+15   0.1665370127187E-18
  0.2170600000000E+15   0.1686199270917E-18
  0.2492250000000E+15   0.1665836399297E-18
  0.2861570000000E+15   0.1585894406233E-18
  0.3285620000000E+15   0.1435132895869E-18
  0.3772500000000E+15   0.1217376937229E-18
  0.4331540000000E+15   0.9541935197078E-19
  0.4973410000000E+15   0.6808732414438E-19
  0.5710410000000E+15   0.4352525221540E-19
  0.6556610000000E+15   0.2447814994940E-19
  0.7528220000000E+15   0.1184100770111E-19
  0.8643800000000E+15   0.4845875145580E-20
  0.9924690000000E+15   0.1648526761615E-20
  0.1139540000000E+16   0.4438018604212E-21
  0.1308400000000E+16   0.9503262532600E-22
  0.1502290000000E+16   0.1532846754730E-22
  0.1724910000000E+16   0.1775217290586E-23
  0.1980520000000E+16   0.1379444544925E-24
  0.2274010000000E+16   0.6928343532745E-26
  0.2610990000000E+16   0.2099987256153E-27
  0.2997900000000E+16   0.3564558845308E-29
