mstar = 0.4556 Msun, Rstar = 1.6978 Rsun, Tstar = 5791.4, mdisk = 0.0086065 Msun, Rc = 86.932 AU, Rin = 0.1081 AU, Rout = 148.853 AU, inclination = 45 degree, powerlaw = -1 
         130
  
  0.2997900000000E+11   0.1019365035284E-22
  0.3951060000000E+11   0.2315048090431E-22
  0.5207280000000E+11   0.5245432763110E-22
  0.6862910000000E+11   0.1184918356306E-21
  0.9044930000000E+11   0.2666163008517E-21
  0.1192070000000E+12   0.5968505957824E-21
  0.1571080000000E+12   0.1327274935197E-20
  0.2070600000000E+12   0.2926068826887E-20
  0.2728930000000E+12   0.6377390218935E-20
  0.3596580000000E+12   0.1461585250020E-19
  0.4740100000000E+12   0.3798254550380E-19
  0.6247180000000E+12   0.9615325255573E-19
  0.8233440000000E+12   0.2329180103671E-18
  0.1085120000000E+13   0.5283056570874E-18
  0.1430130000000E+13   0.1087240244663E-17
  0.1884830000000E+13   0.1952949390311E-17
  0.2484100000000E+13   0.2930517134662E-17
  0.3273910000000E+13   0.3566861008196E-17
  0.4314820000000E+13   0.3635514466891E-17
  0.5686700000000E+13   0.3378704471001E-17
  0.7494750000000E+13   0.2942195516138E-17
  0.7682960000000E+13   0.2892812413509E-17
  0.7875890000000E+13   0.2840787242527E-17
  0.8073670000000E+13   0.2785828891510E-17
  0.8276410000000E+13   0.2728244787895E-17
  0.8484250000000E+13   0.2668780351876E-17
  0.8697300000000E+13   0.2611611409042E-17
  0.8915700000000E+13   0.2551774886248E-17
  0.9139590000000E+13   0.2495462155124E-17
  0.9369100000000E+13   0.2437660932430E-17
  0.9604380000000E+13   0.2380761658178E-17
  0.9845560000000E+13   0.2324618922669E-17
  0.1009280000000E+14   0.2266461796900E-17
  0.1034620000000E+14   0.2208504088106E-17
  0.1060610000000E+14   0.2148359426834E-17
  0.1087240000000E+14   0.2091541479496E-17
  0.1114540000000E+14   0.2033545266285E-17
  0.1142530000000E+14   0.1976648225747E-17
  0.1171220000000E+14   0.1920343390041E-17
  0.1200630000000E+14   0.1862975438417E-17
  0.1230780000000E+14   0.1806152279269E-17
  0.1261690000000E+14   0.1748185889619E-17
  0.1293370000000E+14   0.1694710860281E-17
  0.1325850000000E+14   0.1640702133683E-17
  0.1359150000000E+14   0.1588149261216E-17
  0.1393280000000E+14   0.1536384729326E-17
  0.1428260000000E+14   0.1485469631918E-17
  0.1464130000000E+14   0.1438389533777E-17
  0.1500900000000E+14   0.1390434070884E-17
  0.1538590000000E+14   0.1335599297219E-17
  0.1577220000000E+14   0.1281106067115E-17
  0.1616830000000E+14   0.1208446370159E-17
  0.1657430000000E+14   0.1128442072112E-17
  0.1699050000000E+14   0.1046753329371E-17
  0.1741720000000E+14   0.9539261625656E-18
  0.1785460000000E+14   0.8684718853679E-18
  0.1830290000000E+14   0.7822484523488E-18
  0.1876260000000E+14   0.7029000254890E-18
  0.1923370000000E+14   0.6329601034315E-18
  0.1971670000000E+14   0.5703690079913E-18
  0.2021180000000E+14   0.5163997054877E-18
  0.2071940000000E+14   0.4737926278865E-18
  0.2123970000000E+14   0.4352827096379E-18
  0.2177310000000E+14   0.4264302143662E-18
  0.2231980000000E+14   0.4170603762424E-18
  0.2288030000000E+14   0.4155977651039E-18
  0.2345490000000E+14   0.4157266303319E-18
  0.2404390000000E+14   0.4162381920504E-18
  0.2464770000000E+14   0.4184196591436E-18
  0.2526660000000E+14   0.4185343849407E-18
  0.2590110000000E+14   0.4193863691874E-18
  0.2655150000000E+14   0.4183271805770E-18
  0.2721830000000E+14   0.4202111037820E-18
  0.2790180000000E+14   0.4216135727091E-18
  0.2860240000000E+14   0.4197185865989E-18
  0.2932070000000E+14   0.4145980580379E-18
  0.3005700000000E+14   0.4083848312678E-18
  0.3081180000000E+14   0.3966923229502E-18
  0.3158550000000E+14   0.3855481375945E-18
  0.3237870000000E+14   0.3543335735806E-18
  0.3319170000000E+14   0.3185754128082E-18
  0.3402530000000E+14   0.2849726670917E-18
  0.3487970000000E+14   0.2532762802655E-18
  0.3575560000000E+14   0.2227731616827E-18
  0.3665350000000E+14   0.1941999574654E-18
  0.3757390000000E+14   0.1652202063010E-18
  0.3851740000000E+14   0.1461240460843E-18
  0.3948470000000E+14   0.1296582646040E-18
  0.4047620000000E+14   0.1183999362373E-18
  0.4149260000000E+14   0.1137421988833E-18
  0.4253460000000E+14   0.1096788225896E-18
  0.4360270000000E+14   0.1078241650965E-18
  0.4469770000000E+14   0.1061492820259E-18
  0.4582010000000E+14   0.1046738936873E-18
  0.4697070000000E+14   0.1033735051670E-18
  0.4815020000000E+14   0.1021798217177E-18
  0.4935940000000E+14   0.1010962856371E-18
  0.5059890000000E+14   0.1001859589635E-18
  0.5186950000000E+14   0.9947540539760E-19
  0.5317200000000E+14   0.9891578784757E-19
  0.5450730000000E+14   0.9857712619110E-19
  0.6258450000000E+14   0.9941457623084E-19
  0.7185870000000E+14   0.1035781286179E-18
  0.8250720000000E+14   0.1091209943388E-18
  0.9473370000000E+14   0.1147542665836E-18
  0.1087720000000E+15   0.1197771433907E-18
  0.1248910000000E+15   0.1241813617107E-18
  0.1433980000000E+15   0.1284679256368E-18
  0.1646470000000E+15   0.1335175988981E-18
  0.1890460000000E+15   0.1402010648701E-18
  0.2170600000000E+15   0.1484618463451E-18
  0.2492250000000E+15   0.1572791542063E-18
  0.2861570000000E+15   0.1644210634521E-18
  0.3285620000000E+15   0.1670423514631E-18
  0.3772500000000E+15   0.1625318520408E-18
  0.4331540000000E+15   0.1492423776725E-18
  0.4973410000000E+15   0.1274994131214E-18
  0.5710410000000E+15   0.9980956284634E-19
  0.6556610000000E+15   0.7009373435586E-19
  0.7528220000000E+15   0.4229944457196E-19
  0.8643800000000E+15   0.2261880433796E-19
  0.9924690000000E+15   0.1123136076593E-19
  0.1139540000000E+16   0.4220083017084E-20
  0.1308400000000E+16   0.1639324291927E-20
  0.1502290000000E+16   0.5516296804565E-21
  0.1724910000000E+16   0.1492142124429E-21
  0.1980520000000E+16   0.2661375525473E-22
  0.2274010000000E+16   0.3571115723191E-23
  0.2610990000000E+16   0.3335453579642E-24
  0.2997900000000E+16   0.2056120950549E-25
