         130
  
  0.2997900000000E+11   0.7035107739026E-23
  0.3951060000000E+11   0.1602753957623E-22
  0.5207280000000E+11   0.3647732006038E-22
  0.6862910000000E+11   0.8289732152955E-22
  0.9044930000000E+11   0.1880055203973E-21
  0.1192070000000E+12   0.4251992486850E-21
  0.1571080000000E+12   0.9580610615222E-21
  0.2070600000000E+12   0.2147915923615E-20
  0.2728930000000E+12   0.4783286268985E-20
  0.3596580000000E+12   0.1151212017502E-19
  0.4740100000000E+12   0.3306054898267E-19
  0.6247180000000E+12   0.9339890013219E-19
  0.8233440000000E+12   0.2575648438091E-18
  0.1085120000000E+13   0.6879548694296E-18
  0.1430130000000E+13   0.1754349417765E-17
  0.1884830000000E+13   0.4194086297285E-17
  0.2484100000000E+13   0.9142426872211E-17
  0.3273910000000E+13   0.1739681569792E-16
  0.4314820000000E+13   0.2741053917113E-16
  0.5686700000000E+13   0.3370951810189E-16
  0.7494750000000E+13   0.3225569855607E-16
  0.7682960000000E+13   0.3183388526590E-16
  0.7875890000000E+13   0.3137649430190E-16
  0.8073670000000E+13   0.3088502040008E-16
  0.8276410000000E+13   0.3036539759624E-16
  0.8484250000000E+13   0.2982686043529E-16
  0.8697300000000E+13   0.2930919656079E-16
  0.8915700000000E+13   0.2877075240787E-16
  0.9139590000000E+13   0.2827022667279E-16
  0.9369100000000E+13   0.2776348624661E-16
  0.9604380000000E+13   0.2727427383170E-16
  0.9845560000000E+13   0.2680246945451E-16
  0.1009280000000E+14   0.2632014025459E-16
  0.1034620000000E+14   0.2584883423881E-16
  0.1060610000000E+14   0.2536195770859E-16
  0.1087240000000E+14   0.2491811171981E-16
  0.1114540000000E+14   0.2446686882148E-16
  0.1142530000000E+14   0.2403239590608E-16
  0.1171220000000E+14   0.2360748043318E-16
  0.1200630000000E+14   0.2316991404618E-16
  0.1230780000000E+14   0.2273703422118E-16
  0.1261690000000E+14   0.2228498681848E-16
  0.1293370000000E+14   0.2188594885223E-16
  0.1325850000000E+14   0.2147299778635E-16
  0.1359150000000E+14   0.2107143358563E-16
  0.1393280000000E+14   0.2067078053573E-16
  0.1428260000000E+14   0.2027059869311E-16
  0.1464130000000E+14   0.1991521681327E-16
  0.1500900000000E+14   0.1953346414142E-16
  0.1538590000000E+14   0.1902689054199E-16
  0.1577220000000E+14   0.1850351377933E-16
  0.1616830000000E+14   0.1765454929608E-16
  0.1657430000000E+14   0.1664364080738E-16
  0.1699050000000E+14   0.1556066102924E-16
  0.1741720000000E+14   0.1424007700193E-16
  0.1785460000000E+14   0.1300028882752E-16
  0.1830290000000E+14   0.1170328053060E-16
  0.1876260000000E+14   0.1048742988287E-16
  0.1923370000000E+14   0.9403779329692E-17
  0.1971670000000E+14   0.8421482123768E-17
  0.2021180000000E+14   0.7568344792997E-17
  0.2071940000000E+14   0.6899121999982E-17
  0.2123970000000E+14   0.6286605437823E-17
  0.2177310000000E+14   0.6207441367772E-17
  0.2231980000000E+14   0.6115441627492E-17
  0.2288030000000E+14   0.6172966022265E-17
  0.2345490000000E+14   0.6264048273976E-17
  0.2404390000000E+14   0.6366401652114E-17
  0.2464770000000E+14   0.6507450452027E-17
  0.2526660000000E+14   0.6609516501063E-17
  0.2590110000000E+14   0.6730996352646E-17
  0.2655150000000E+14   0.6813661160080E-17
  0.2721830000000E+14   0.6966095808356E-17
  0.2790180000000E+14   0.7113547508190E-17
  0.2860240000000E+14   0.7186744594815E-17
  0.2932070000000E+14   0.7181182264922E-17
  0.3005700000000E+14   0.7145805616867E-17
  0.3081180000000E+14   0.6965373947161E-17
  0.3158550000000E+14   0.6791047446754E-17
  0.3237870000000E+14   0.6084855135760E-17
  0.3319170000000E+14   0.5263515831212E-17
  0.3402530000000E+14   0.4508031147994E-17
  0.3487970000000E+14   0.3813164617856E-17
  0.3575560000000E+14   0.3165527647262E-17
  0.3665350000000E+14   0.2585031946581E-17
  0.3757390000000E+14   0.2025453259825E-17
  0.3851740000000E+14   0.1685542042418E-17
  0.3948470000000E+14   0.1409530268027E-17
  0.4047620000000E+14   0.1233112454169E-17
  0.4149260000000E+14   0.1171906213308E-17
  0.4253460000000E+14   0.1120434736905E-17
  0.4360270000000E+14   0.1106121541776E-17
  0.4469770000000E+14   0.1093995752542E-17
  0.4582010000000E+14   0.1084262347663E-17
  0.4697070000000E+14   0.1076332001801E-17
  0.4815020000000E+14   0.1068827362423E-17
  0.4935940000000E+14   0.1061604596949E-17
  0.5059890000000E+14   0.1055674407394E-17
  0.5186950000000E+14   0.1051467492196E-17
  0.5317200000000E+14   0.1047979472046E-17
  0.5450730000000E+14   0.1046604716562E-17
  0.6258450000000E+14   0.1053310168953E-17
  0.7185870000000E+14   0.1068932100701E-17
  0.8250720000000E+14   0.1072529585026E-17
  0.9473370000000E+14   0.1059291094813E-17
  0.1087720000000E+15   0.1034686373706E-17
  0.1248910000000E+15   0.1008718454155E-17
  0.1433980000000E+15   0.9909415347780E-18
  0.1646470000000E+15   0.9910864458655E-18
  0.1890460000000E+15   0.1018562095910E-17
  0.2170600000000E+15   0.1075960252650E-17
  0.2492250000000E+15   0.1165252313324E-17
  0.2861570000000E+15   0.1284602104311E-17
  0.3285620000000E+15   0.1426893481757E-17
  0.3772500000000E+15   0.1579907270779E-17
  0.4331540000000E+15   0.1724990652619E-17
  0.4973410000000E+15   0.1837595792930E-17
  0.5710410000000E+15   0.1890731018903E-17
  0.6556610000000E+15   0.1861051377273E-17
  0.7528220000000E+15   0.1735126879978E-17
  0.8643800000000E+15   0.1517655688464E-17
  0.9924690000000E+15   0.1232337566577E-17
  0.1139540000000E+16   0.9147044330311E-18
  0.1308400000000E+16   0.6145914769641E-18
  0.1502290000000E+16   0.3669823245650E-18
  0.1724910000000E+16   0.1910843144923E-18
  0.1980520000000E+16   0.8478253913140E-19
  0.2274010000000E+16   0.3138125257045E-19
  0.2610990000000E+16   0.9427456203516E-20
  0.2997900000000E+16   0.2228668284343E-20
