         130
  
  0.2997900000000E+11   0.4940073167640E-24
  0.3951060000000E+11   0.1112649635845E-23
  0.5207280000000E+11   0.2511590226801E-23
  0.6862910000000E+11   0.5676389551864E-23
  0.9044930000000E+11   0.1283277957151E-22
  0.1192070000000E+12   0.2899243598389E-22
  0.1571080000000E+12   0.6539279083064E-22
  0.2070600000000E+12   0.1470787857339E-21
  0.2728930000000E+12   0.3294066705116E-21
  0.3596580000000E+12   0.7995386063700E-21
  0.4740100000000E+12   0.2325558154208E-20
  0.6247180000000E+12   0.6697794277018E-20
  0.8233440000000E+12   0.1899761877268E-19
  0.1085120000000E+13   0.5286194386464E-19
  0.1430130000000E+13   0.1431285203856E-18
  0.1884830000000E+13   0.3739912945971E-18
  0.2484100000000E+13   0.9317613565352E-18
  0.3273910000000E+13   0.2168539569584E-17
  0.4314820000000E+13   0.4613937111317E-17
  0.5686700000000E+13   0.8633907957540E-17
  0.7494750000000E+13   0.1347638752635E-16
  0.7682960000000E+13   0.1387749796439E-16
  0.7875890000000E+13   0.1425583642431E-16
  0.8073670000000E+13   0.1460563880111E-16
  0.8276410000000E+13   0.1492565097925E-16
  0.8484250000000E+13   0.1521874687915E-16
  0.8697300000000E+13   0.1551906116924E-16
  0.8915700000000E+13   0.1578081091840E-16
  0.9139590000000E+13   0.1605871144164E-16
  0.9369100000000E+13   0.1630465783588E-16
  0.9604380000000E+13   0.1653934688650E-16
  0.9845560000000E+13   0.1675977825749E-16
  0.1009280000000E+14   0.1693534894269E-16
  0.1034620000000E+14   0.1708598348621E-16
  0.1060610000000E+14   0.1718420794852E-16
  0.1087240000000E+14   0.1728705276409E-16
  0.1114540000000E+14   0.1734399307864E-16
  0.1142530000000E+14   0.1737869272146E-16
  0.1171220000000E+14   0.1738386272574E-16
  0.1200630000000E+14   0.1733876376099E-16
  0.1230780000000E+14   0.1726081397130E-16
  0.1261690000000E+14   0.1712894035850E-16
  0.1293370000000E+14   0.1701012556582E-16
  0.1325850000000E+14   0.1684408811006E-16
  0.1359150000000E+14   0.1665491119114E-16
  0.1393280000000E+14   0.1643472778511E-16
  0.1428260000000E+14   0.1618501790953E-16
  0.1464130000000E+14   0.1594362311263E-16
  0.1500900000000E+14   0.1565408967356E-16
  0.1538590000000E+14   0.1524495317644E-16
  0.1577220000000E+14   0.1480673707731E-16
  0.1616830000000E+14   0.1411537880818E-16
  0.1657430000000E+14   0.1330372363757E-16
  0.1699050000000E+14   0.1244209326839E-16
  0.1741720000000E+14   0.1141137962149E-16
  0.1785460000000E+14   0.1044340388007E-16
  0.1830290000000E+14   0.9435129009810E-17
  0.1876260000000E+14   0.8486659681876E-17
  0.1923370000000E+14   0.7636327099403E-17
  0.1971670000000E+14   0.6861101202322E-17
  0.2021180000000E+14   0.6183667556266E-17
  0.2071940000000E+14   0.5650315121598E-17
  0.2123970000000E+14   0.5161077880306E-17
  0.2177310000000E+14   0.5099516559510E-17
  0.2231980000000E+14   0.5018409628889E-17
  0.2288030000000E+14   0.5039023150808E-17
  0.2345490000000E+14   0.5069167691400E-17
  0.2404390000000E+14   0.5094493823089E-17
  0.2464770000000E+14   0.5135994297570E-17
  0.2526660000000E+14   0.5147323687168E-17
  0.2590110000000E+14   0.5170425517169E-17
  0.2655150000000E+14   0.5172775166118E-17
  0.2721830000000E+14   0.5224824779794E-17
  0.2790180000000E+14   0.5283103662909E-17
  0.2860240000000E+14   0.5305755468345E-17
  0.2932070000000E+14   0.5288791092664E-17
  0.3005700000000E+14   0.5261710338960E-17
  0.3081180000000E+14   0.5147008723770E-17
  0.3158550000000E+14   0.5041107881213E-17
  0.3237870000000E+14   0.4581585203127E-17
  0.3319170000000E+14   0.4042771240815E-17
  0.3402530000000E+14   0.3545157167985E-17
  0.3487970000000E+14   0.3084263937058E-17
  0.3575560000000E+14   0.2649325898520E-17
  0.3665350000000E+14   0.2250314350646E-17
  0.3757390000000E+14   0.1843181135631E-17
  0.3851740000000E+14   0.1567124775559E-17
  0.3948470000000E+14   0.1300588357902E-17
  0.4047620000000E+14   0.1093594978551E-17
  0.4149260000000E+14   0.1019618139023E-17
  0.4253460000000E+14   0.9528154483388E-18
  0.4360270000000E+14   0.9407106471662E-18
  0.4469770000000E+14   0.9298989150378E-18
  0.4582010000000E+14   0.9209901470089E-18
  0.4697070000000E+14   0.9132382735210E-18
  0.4815020000000E+14   0.9045362217352E-18
  0.4935940000000E+14   0.8948059976565E-18
  0.5059890000000E+14   0.8859931407693E-18
  0.5186950000000E+14   0.8791492180310E-18
  0.5317200000000E+14   0.8726853964472E-18
  0.5450730000000E+14   0.8693682907943E-18
  0.6258450000000E+14   0.8719218092488E-18
  0.7185870000000E+14   0.8948865078107E-18
  0.8250720000000E+14   0.9113224667549E-18
  0.9473370000000E+14   0.9166853085009E-18
  0.1087720000000E+15   0.9169587858783E-18
  0.1248910000000E+15   0.9194321518438E-18
  0.1433980000000E+15   0.9299076851729E-18
  0.1646470000000E+15   0.9549205640615E-18
  0.1890460000000E+15   0.1001828503835E-17
  0.2170600000000E+15   0.1072743911209E-17
  0.2492250000000E+15   0.1169788404562E-17
  0.2861570000000E+15   0.1292202159403E-17
  0.3285620000000E+15   0.1434545702484E-17
  0.3772500000000E+15   0.1586178639970E-17
  0.4331540000000E+15   0.1729589475430E-17
  0.4973410000000E+15   0.1841047024180E-17
  0.5710410000000E+15   0.1894018994503E-17
  0.6556610000000E+15   0.1865149510784E-17
  0.7528220000000E+15   0.1741017132956E-17
  0.8643800000000E+15   0.1524798515773E-17
  0.9924690000000E+15   0.1238888395325E-17
  0.1139540000000E+16   0.9214258596192E-18
  0.1308400000000E+16   0.6188264534679E-18
  0.1502290000000E+16   0.3690707347476E-18
  0.1724910000000E+16   0.1918988691133E-18
  0.1980520000000E+16   0.8516400843965E-19
  0.2274010000000E+16   0.3151918135973E-19
  0.2610990000000E+16   0.9468125590724E-20
  0.2997900000000E+16   0.2238145633282E-20
