mstar = 2 Msun, Rstar = 2.5 Rsun, Tstar = 10000, mdisk = 0.0073419 Msun, Rc = 150 AU, Rin = 0.5 AU, Rout = 250 AU, inclination = 45 degree, powerlaw = -1 
         130
  
  0.2997900000000E+11   0.9274176935036E-23
  0.3951060000000E+11   0.2113071740825E-22
  0.5207280000000E+11   0.4809187495814E-22
  0.6862910000000E+11   0.1092821392478E-21
  0.9044930000000E+11   0.2477960064666E-21
  0.1192070000000E+12   0.5602466929086E-21
  0.1571080000000E+12   0.1261769110191E-20
  0.2070600000000E+12   0.2826987612331E-20
  0.2728930000000E+12   0.6289979395891E-20
  0.3596580000000E+12   0.1511917150868E-19
  0.4740100000000E+12   0.4333199849376E-19
  0.6247180000000E+12   0.1220481660683E-18
  0.8233440000000E+12   0.3350349439741E-18
  0.1085120000000E+13   0.8885883501321E-18
  0.1430130000000E+13   0.2241121721721E-17
  0.1884830000000E+13   0.5265250126727E-17
  0.2484100000000E+13   0.1116668886919E-16
  0.3273910000000E+13   0.2037734827063E-16
  0.4314820000000E+13   0.3027822630965E-16
  0.5686700000000E+13   0.3495493477549E-16
  0.7494750000000E+13   0.3246247904795E-16
  0.7682960000000E+13   0.3203765702107E-16
  0.7875890000000E+13   0.3158922127069E-16
  0.8073670000000E+13   0.3111660778893E-16
  0.8276410000000E+13   0.3062371343663E-16
  0.8484250000000E+13   0.3011802507919E-16
  0.8697300000000E+13   0.2963958458040E-16
  0.8915700000000E+13   0.2914266745922E-16
  0.9139590000000E+13   0.2868780830903E-16
  0.9369100000000E+13   0.2822651043453E-16
  0.9604380000000E+13   0.2778256313441E-16
  0.9845560000000E+13   0.2735454790354E-16
  0.1009280000000E+14   0.2691163419483E-16
  0.1034620000000E+14   0.2647603336729E-16
  0.1060610000000E+14   0.2601909658802E-16
  0.1087240000000E+14   0.2560257950181E-16
  0.1114540000000E+14   0.2517303500353E-16
  0.1142530000000E+14   0.2475609568726E-16
  0.1171220000000E+14   0.2434436054153E-16
  0.1200630000000E+14   0.2391496198984E-16
  0.1230780000000E+14   0.2348652383141E-16
  0.1261690000000E+14   0.2303459746795E-16
  0.1293370000000E+14   0.2263484356657E-16
  0.1325850000000E+14   0.2221789732098E-16
  0.1359150000000E+14   0.2181048706681E-16
  0.1393280000000E+14   0.2140207911632E-16
  0.1428260000000E+14   0.2099251058849E-16
  0.1464130000000E+14   0.2062794605076E-16
  0.1500900000000E+14   0.2023489718180E-16
  0.1538590000000E+14   0.1971167629590E-16
  0.1577220000000E+14   0.1917029397825E-16
  0.1616830000000E+14   0.1829139160728E-16
  0.1657430000000E+14   0.1724441285140E-16
  0.1699050000000E+14   0.1612240678380E-16
  0.1741720000000E+14   0.1475408417012E-16
  0.1785460000000E+14   0.1346884353425E-16
  0.1830290000000E+14   0.1212392318121E-16
  0.1876260000000E+14   0.1086277147854E-16
  0.1923370000000E+14   0.9738560060106E-17
  0.1971670000000E+14   0.8719012708337E-17
  0.2021180000000E+14   0.7833040408997E-17
  0.2071940000000E+14   0.7137736002405E-17
  0.2123970000000E+14   0.6501258920842E-17
  0.2177310000000E+14   0.6418247277095E-17
  0.2231980000000E+14   0.6321437198458E-17
  0.2288030000000E+14   0.6378946177456E-17
  0.2345490000000E+14   0.6470390632341E-17
  0.2404390000000E+14   0.6572634420818E-17
  0.2464770000000E+14   0.6714331124549E-17
  0.2526660000000E+14   0.6815571417211E-17
  0.2590110000000E+14   0.6936457988564E-17
  0.2655150000000E+14   0.7016914374312E-17
  0.2721830000000E+14   0.7168913584257E-17
  0.2790180000000E+14   0.7315385365897E-17
  0.2860240000000E+14   0.7385253742570E-17
  0.2932070000000E+14   0.7373949825936E-17
  0.3005700000000E+14   0.7331892110110E-17
  0.3081180000000E+14   0.7140854249191E-17
  0.3158550000000E+14   0.6956150639626E-17
  0.3237870000000E+14   0.6226804812786E-17
  0.3319170000000E+14   0.5380344778849E-17
  0.3402530000000E+14   0.4602579377833E-17
  0.3487970000000E+14   0.3888107319009E-17
  0.3575560000000E+14   0.3223628953429E-17
  0.3665350000000E+14   0.2628723840085E-17
  0.3757390000000E+14   0.2056425582194E-17
  0.3851740000000E+14   0.1708262138990E-17
  0.3948470000000E+14   0.1425635469230E-17
  0.4047620000000E+14   0.1245517951767E-17
  0.4149260000000E+14   0.1182948430972E-17
  0.4253460000000E+14   0.1130558449586E-17
  0.4360270000000E+14   0.1115719804434E-17
  0.4469770000000E+14   0.1103184688557E-17
  0.4582010000000E+14   0.1093150530144E-17
  0.4697070000000E+14   0.1085022590498E-17
  0.4815020000000E+14   0.1077424582632E-17
  0.4935940000000E+14   0.1070214378310E-17
  0.5059890000000E+14   0.1064388382821E-17
  0.5186950000000E+14   0.1060357878831E-17
  0.5317200000000E+14   0.1057123727466E-17
  0.5450730000000E+14   0.1056041772548E-17
  0.6258450000000E+14   0.1065004496224E-17
  0.7185870000000E+14   0.1083222350863E-17
  0.8250720000000E+14   0.1089081600630E-17
  0.9473370000000E+14   0.1076968093271E-17
  0.1087720000000E+15   0.1051730581717E-17
  0.1248910000000E+15   0.1023259192580E-17
  0.1433980000000E+15   0.1001486280067E-17
  0.1646470000000E+15   0.9969485014948E-18
  0.1890460000000E+15   0.1020079311895E-17
  0.2170600000000E+15   0.1074277680382E-17
  0.2492250000000E+15   0.1161861123495E-17
  0.2861570000000E+15   0.1280797738811E-17
  0.3285620000000E+15   0.1423590179877E-17
  0.3772500000000E+15   0.1577578011119E-17
  0.4331540000000E+15   0.1723612781995E-17
  0.4973410000000E+15   0.1836785043262E-17
  0.5710410000000E+15   0.1890053892468E-17
  0.6556610000000E+15   0.1860216327945E-17
  0.7528220000000E+15   0.1733917007683E-17
  0.8643800000000E+15   0.1516185704271E-17
  0.9924690000000E+15   0.1230989421006E-17
  0.1139540000000E+16   0.9133228014732E-18
  0.1308400000000E+16   0.6137207086783E-18
  0.1502290000000E+16   0.3665526098965E-18
  0.1724910000000E+16   0.1909165665918E-18
  0.1980520000000E+16   0.8470399120241E-19
  0.2274010000000E+16   0.3135285002686E-19
  0.2610990000000E+16   0.9419081081047E-20
  0.2997900000000E+16   0.2226716524178E-20
