         130
  
  0.2997900000000E+11   0.6908034606162E-23
  0.3951060000000E+11   0.1573790643260E-22
  0.5207280000000E+11   0.3581808893132E-22
  0.6862910000000E+11   0.8139962089154E-22
  0.9044930000000E+11   0.1846112227374E-21
  0.1192070000000E+12   0.4175315133963E-21
  0.1571080000000E+12   0.9408137595011E-21
  0.2070600000000E+12   0.2109342237830E-20
  0.2728930000000E+12   0.4697672408317E-20
  0.3596580000000E+12   0.1130705004206E-19
  0.4740100000000E+12   0.3247592226762E-19
  0.6247180000000E+12   0.9176537583212E-19
  0.8233440000000E+12   0.2531350604986E-18
  0.1085120000000E+13   0.6764284359430E-18
  0.1430130000000E+13   0.1726145728981E-17
  0.1884830000000E+13   0.4131114038887E-17
  0.2484100000000E+13   0.9020471545753E-17
  0.3273910000000E+13   0.1720946862117E-16
  0.4314820000000E+13   0.2721626411929E-16
  0.5686700000000E+13   0.3361359203960E-16
  0.7494750000000E+13   0.3224445542509E-16
  0.7682960000000E+13   0.3182430956813E-16
  0.7875890000000E+13   0.3136763555430E-16
  0.8073670000000E+13   0.3087606538543E-16
  0.8276410000000E+13   0.3035564238526E-16
  0.8484250000000E+13   0.2981569771769E-16
  0.8697300000000E+13   0.2929584587243E-16
  0.8915700000000E+13   0.2875489498653E-16
  0.9139590000000E+13   0.2825121377540E-16
  0.9369100000000E+13   0.2774118744214E-16
  0.9604380000000E+13   0.2724847889011E-16
  0.9845560000000E+13   0.2677311095037E-16
  0.1009280000000E+14   0.2628751130060E-16
  0.1034620000000E+14   0.2581314580099E-16
  0.1060610000000E+14   0.2532369105198E-16
  0.1087240000000E+14   0.2487736329075E-16
  0.1114540000000E+14   0.2442414890877E-16
  0.1142530000000E+14   0.2398806032871E-16
  0.1171220000000E+14   0.2356196669450E-16
  0.1200630000000E+14   0.2312378018390E-16
  0.1230780000000E+14   0.2269071405381E-16
  0.1261690000000E+14   0.2223894712515E-16
  0.1293370000000E+14   0.2184033493685E-16
  0.1325850000000E+14   0.2142821612074E-16
  0.1359150000000E+14   0.2102774217970E-16
  0.1393280000000E+14   0.2062839390944E-16
  0.1428260000000E+14   0.2022971942974E-16
  0.1464130000000E+14   0.1987590613433E-16
  0.1500900000000E+14   0.1949591610016E-16
  0.1538590000000E+14   0.1899138910868E-16
  0.1577220000000E+14   0.1847008466259E-16
  0.1616830000000E+14   0.1762353212532E-16
  0.1657430000000E+14   0.1661510163385E-16
  0.1699050000000E+14   0.1553456802069E-16
  0.1741720000000E+14   0.1421668614329E-16
  0.1785460000000E+14   0.1297935669470E-16
  0.1830290000000E+14   0.1168478931452E-16
  0.1876260000000E+14   0.1047123727527E-16
  0.1923370000000E+14   0.9389806993286E-17
  0.1971670000000E+14   0.8409451388609E-17
  0.2021180000000E+14   0.7557850364923E-17
  0.2071940000000E+14   0.6889769156105E-17
  0.2123970000000E+14   0.6278282245359E-17
  0.2177310000000E+14   0.6199306311463E-17
  0.2231980000000E+14   0.6107616765998E-17
  0.2288030000000E+14   0.6165308003534E-17
  0.2345490000000E+14   0.6256460906560E-17
  0.2404390000000E+14   0.6358701766418E-17
  0.2464770000000E+14   0.6499640916324E-17
  0.2526660000000E+14   0.6601730635180E-17
  0.2590110000000E+14   0.6723142940737E-17
  0.2655150000000E+14   0.6805623344599E-17
  0.2721830000000E+14   0.6957843571729E-17
  0.2790180000000E+14   0.7104836667415E-17
  0.2860240000000E+14   0.7177440392913E-17
  0.2932070000000E+14   0.7171530871509E-17
  0.3005700000000E+14   0.7135946871507E-17
  0.3081180000000E+14   0.6955514069268E-17
  0.3158550000000E+14   0.6781167506610E-17
  0.3237870000000E+14   0.6076124942067E-17
  0.3319170000000E+14   0.5256565762474E-17
  0.3402530000000E+14   0.4502476814439E-17
  0.3487970000000E+14   0.3809032756905E-17
  0.3575560000000E+14   0.3163260837983E-17
  0.3665350000000E+14   0.2584239961767E-17
  0.3757390000000E+14   0.2025641952423E-17
  0.3851740000000E+14   0.1685983679306E-17
  0.3948470000000E+14   0.1409983929918E-17
  0.4047620000000E+14   0.1233727624752E-17
  0.4149260000000E+14   0.1172695823570E-17
  0.4253460000000E+14   0.1121376369625E-17
  0.4360270000000E+14   0.1107177386555E-17
  0.4469770000000E+14   0.1095146870661E-17
  0.4582010000000E+14   0.1085494546407E-17
  0.4697070000000E+14   0.1077632800778E-17
  0.4815020000000E+14   0.1070185134091E-17
  0.4935940000000E+14   0.1063009572543E-17
  0.5059890000000E+14   0.1057118868034E-17
  0.5186950000000E+14   0.1052945293197E-17
  0.5317200000000E+14   0.1049487471293E-17
  0.5450730000000E+14   0.1048140116289E-17
  0.6258450000000E+14   0.1054972200963E-17
  0.7185870000000E+14   0.1070675577141E-17
  0.8250720000000E+14   0.1074255823813E-17
  0.9473370000000E+14   0.1060828071172E-17
  0.1087720000000E+15   0.1035814697811E-17
  0.1248910000000E+15   0.1009264121021E-17
  0.1433980000000E+15   0.9908598915895E-18
  0.1646470000000E+15   0.9904852465934E-18
  0.1890460000000E+15   0.1017656044607E-17
  0.2170600000000E+15   0.1074996728868E-17
  0.2492250000000E+15   0.1164433783553E-17
  0.2861570000000E+15   0.1284037868256E-17
  0.3285620000000E+15   0.1426590736666E-17
  0.3772500000000E+15   0.1579791889289E-17
  0.4331540000000E+15   0.1724969185540E-17
  0.4973410000000E+15   0.1837606284093E-17
  0.5710410000000E+15   0.1890750965828E-17
  0.6556610000000E+15   0.1861078006605E-17
  0.7528220000000E+15   0.1735164359032E-17
  0.8643800000000E+15   0.1517700521618E-17
  0.9924690000000E+15   0.1232378572626E-17
  0.1139540000000E+16   0.9147464499816E-18
  0.1308400000000E+16   0.6146179556079E-18
  0.1502290000000E+16   0.3669953897889E-18
  0.1724910000000E+16   0.1910894139967E-18
  0.1980520000000E+16   0.8478492703331E-19
  0.2274010000000E+16   0.3138211601447E-19
  0.2610990000000E+16   0.9427710807023E-20
  0.2997900000000E+16   0.2228727617415E-20
