         130
  
  0.2997900000000E+11   0.7062688360667E-24
  0.3951060000000E+11   0.1596973251373E-23
  0.5207280000000E+11   0.3615532490560E-23
  0.6862910000000E+11   0.8189176403940E-23
  0.9044930000000E+11   0.1854189375456E-22
  0.1192070000000E+12   0.4193220784837E-22
  0.1571080000000E+12   0.9462701583642E-22
  0.2070600000000E+12   0.2128450456667E-21
  0.2728930000000E+12   0.4765181630148E-21
  0.3596580000000E+12   0.1155753131255E-20
  0.4740100000000E+12   0.3357580026797E-20
  0.6247180000000E+12   0.9649684816344E-20
  0.8233440000000E+12   0.2728418096138E-19
  0.1085120000000E+13   0.7558048372981E-19
  0.1430130000000E+13   0.2033633745202E-18
  0.1884830000000E+13   0.5267682597933E-18
  0.2484100000000E+13   0.1296552697637E-17
  0.3273910000000E+13   0.2967145954385E-17
  0.4314820000000E+13   0.6167975831116E-17
  0.5686700000000E+13   0.1117898155585E-16
  0.7494750000000E+13   0.1670703795746E-16
  0.7682960000000E+13   0.1712591549966E-16
  0.7875890000000E+13   0.1751105907637E-16
  0.8073670000000E+13   0.1785596627442E-16
  0.8276410000000E+13   0.1815953379267E-16
  0.8484250000000E+13   0.1842541705823E-16
  0.8697300000000E+13   0.1869259522474E-16
  0.8915700000000E+13   0.1890901662921E-16
  0.9139590000000E+13   0.1913626342710E-16
  0.9369100000000E+13   0.1932033639830E-16
  0.9604380000000E+13   0.1948436929470E-16
  0.9845560000000E+13   0.1962502759317E-16
  0.1009280000000E+14   0.1970952802328E-16
  0.1034620000000E+14   0.1976008928966E-16
  0.1060610000000E+14   0.1974823781723E-16
  0.1087240000000E+14   0.1973482497414E-16
  0.1114540000000E+14   0.1966744956793E-16
  0.1142530000000E+14   0.1957158059065E-16
  0.1171220000000E+14   0.1944060741097E-16
  0.1200630000000E+14   0.1925486076364E-16
  0.1230780000000E+14   0.1903330527112E-16
  0.1261690000000E+14   0.1875661224580E-16
  0.1293370000000E+14   0.1849178672514E-16
  0.1325850000000E+14   0.1818108447722E-16
  0.1359150000000E+14   0.1784941515514E-16
  0.1393280000000E+14   0.1749075391473E-16
  0.1428260000000E+14   0.1710808315556E-16
  0.1464130000000E+14   0.1673847954524E-16
  0.1500900000000E+14   0.1633016178603E-16
  0.1538590000000E+14   0.1581746191993E-16
  0.1577220000000E+14   0.1528632316056E-16
  0.1616830000000E+14   0.1452583499144E-16
  0.1657430000000E+14   0.1366002930353E-16
  0.1699050000000E+14   0.1275437006030E-16
  0.1741720000000E+14   0.1169576046575E-16
  0.1785460000000E+14   0.1070289971396E-16
  0.1830290000000E+14   0.9678539117826E-17
  0.1876260000000E+14   0.8716972756657E-17
  0.1923370000000E+14   0.7853856462679E-17
  0.1971670000000E+14   0.7067123966985E-17
  0.2021180000000E+14   0.6377551474343E-17
  0.2071940000000E+14   0.5827618935730E-17
  0.2123970000000E+14   0.5323663968268E-17
  0.2177310000000E+14   0.5221066180524E-17
  0.2231980000000E+14   0.5104807567506E-17
  0.2288030000000E+14   0.5089552780508E-17
  0.2345490000000E+14   0.5091716368146E-17
  0.2404390000000E+14   0.5099148473786E-17
  0.2464770000000E+14   0.5133402594738E-17
  0.2526660000000E+14   0.5147672770707E-17
  0.2590110000000E+14   0.5182764685215E-17
  0.2655150000000E+14   0.5202499331137E-17
  0.2721830000000E+14   0.5279621530027E-17
  0.2790180000000E+14   0.5365698264047E-17
  0.2860240000000E+14   0.5412517951806E-17
  0.2932070000000E+14   0.5413878430704E-17
  0.3005700000000E+14   0.5401278083934E-17
  0.3081180000000E+14   0.5290381164108E-17
  0.3158550000000E+14   0.5186546979971E-17
  0.3237870000000E+14   0.4698479547813E-17
  0.3319170000000E+14   0.4124480583395E-17
  0.3402530000000E+14   0.3595136714700E-17
  0.3487970000000E+14   0.3106457548333E-17
  0.3575560000000E+14   0.2648204916469E-17
  0.3665350000000E+14   0.2233491165219E-17
  0.3757390000000E+14   0.1824298075120E-17
  0.3851740000000E+14   0.1563241526909E-17
  0.3948470000000E+14   0.1326795215183E-17
  0.4047620000000E+14   0.1147590633035E-17
  0.4149260000000E+14   0.1081382108667E-17
  0.4253460000000E+14   0.1021246662812E-17
  0.4360270000000E+14   0.1008886922066E-17
  0.4469770000000E+14   0.9979380537655E-18
  0.4582010000000E+14   0.9888841581843E-18
  0.4697070000000E+14   0.9810365027647E-18
  0.4815020000000E+14   0.9725095194503E-18
  0.4935940000000E+14   0.9631908921367E-18
  0.5059890000000E+14   0.9547509830000E-18
  0.5186950000000E+14   0.9480823257999E-18
  0.5317200000000E+14   0.9417711289588E-18
  0.5450730000000E+14   0.9382347200227E-18
  0.6258450000000E+14   0.9365274050915E-18
  0.7185870000000E+14   0.9507339676975E-18
  0.8250720000000E+14   0.9565493207592E-18
  0.9473370000000E+14   0.9507216664093E-18
  0.1087720000000E+15   0.9401737457637E-18
  0.1248910000000E+15   0.9335583783144E-18
  0.1433980000000E+15   0.9376906509194E-18
  0.1646470000000E+15   0.9591814406108E-18
  0.1890460000000E+15   0.1004545696425E-17
  0.2170600000000E+15   0.1074710307009E-17
  0.2492250000000E+15   0.1171187991850E-17
  0.2861570000000E+15   0.1293221358771E-17
  0.3285620000000E+15   0.1435317375689E-17
  0.3772500000000E+15   0.1586659208918E-17
  0.4331540000000E+15   0.1729758565730E-17
  0.4973410000000E+15   0.1841008861193E-17
  0.5710410000000E+15   0.1893857168673E-17
  0.6556610000000E+15   0.1864879175694E-17
  0.7528220000000E+15   0.1740603725430E-17
  0.8643800000000E+15   0.1524292426921E-17
  0.9924690000000E+15   0.1238423695742E-17
  0.1139540000000E+16   0.9209485609208E-18
  0.1308400000000E+16   0.6185257820007E-18
  0.1502290000000E+16   0.3689225454120E-18
  0.1724910000000E+16   0.1918411080818E-18
  0.1980520000000E+16   0.8513695504145E-19
  0.2274010000000E+16   0.3150940006722E-19
  0.2610990000000E+16   0.9465241608202E-20
  0.2997900000000E+16   0.2237473586466E-20
