mstar = 2 Msun, Rstar = 2.5 Rsun, Tstar = 10000, mdisk = 0.0041584 Msun, Rc = 150 AU, Rin = 0.5 AU, Rout = 250 AU, inclination = 45 degree, powerlaw = -1 
         130
  
  0.2997900000000E+11   0.5550975376365E-23
  0.3951060000000E+11   0.1264458127289E-22
  0.5207280000000E+11   0.2877670174704E-22
  0.6862910000000E+11   0.6540023143209E-22
  0.9044930000000E+11   0.1483447411579E-21
  0.1192070000000E+12   0.3355862117788E-21
  0.1571080000000E+12   0.7564344266551E-21
  0.2070600000000E+12   0.1696805763988E-20
  0.2728930000000E+12   0.3781535642041E-20
  0.3596580000000E+12   0.9110868398549E-20
  0.4740100000000E+12   0.2620737831405E-19
  0.6247180000000E+12   0.7421630053557E-19
  0.8233440000000E+12   0.2053983222479E-18
  0.1085120000000E+13   0.5515929483846E-18
  0.1430130000000E+13   0.1418327791387E-17
  0.1884830000000E+13   0.3434824824172E-17
  0.2484100000000E+13   0.7640337908682E-17
  0.3273910000000E+13   0.1499785534466E-16
  0.4314820000000E+13   0.2472356707555E-16
  0.5686700000000E+13   0.3210764737866E-16
  0.7494750000000E+13   0.3188501638912E-16
  0.7682960000000E+13   0.3150581194305E-16
  0.7875890000000E+13   0.3107741929222E-16
  0.8073670000000E+13   0.3060226649230E-16
  0.8276410000000E+13   0.3008755412246E-16
  0.8484250000000E+13   0.2954383253361E-16
  0.8697300000000E+13   0.2901111073707E-16
  0.8915700000000E+13   0.2845023052434E-16
  0.9139590000000E+13   0.2791904828729E-16
  0.9369100000000E+13   0.2737678164418E-16
  0.9604380000000E+13   0.2684761607887E-16
  0.9845560000000E+13   0.2633296683796E-16
  0.1009280000000E+14   0.2580819160578E-16
  0.1034620000000E+14   0.2529496145300E-16
  0.1060610000000E+14   0.2476954729240E-16
  0.1087240000000E+14   0.2428779787695E-16
  0.1114540000000E+14   0.2380328486427E-16
  0.1142530000000E+14   0.2333915313265E-16
  0.1171220000000E+14   0.2288901082064E-16
  0.1200630000000E+14   0.2243205679735E-16
  0.1230780000000E+14   0.2198452167724E-16
  0.1261690000000E+14   0.2152351251581E-16
  0.1293370000000E+14   0.2111727483672E-16
  0.1325850000000E+14   0.2070189241252E-16
  0.1359150000000E+14   0.2030101629592E-16
  0.1393280000000E+14   0.1990419413174E-16
  0.1428260000000E+14   0.1951054539428E-16
  0.1464130000000E+14   0.1916222247436E-16
  0.1500900000000E+14   0.1879049788470E-16
  0.1538590000000E+14   0.1830014457022E-16
  0.1577220000000E+14   0.1779465966078E-16
  0.1616830000000E+14   0.1697622042247E-16
  0.1657430000000E+14   0.1600222427745E-16
  0.1699050000000E+14   0.1495922613778E-16
  0.1741720000000E+14   0.1368787270557E-16
  0.1785460000000E+14   0.1249472908591E-16
  0.1830290000000E+14   0.1124691771680E-16
  0.1876260000000E+14   0.1007776092075E-16
  0.1923370000000E+14   0.9036170522251E-17
  0.1971670000000E+14   0.8092165060844E-17
  0.2021180000000E+14   0.7272390759221E-17
  0.2071940000000E+14   0.6629194061528E-17
  0.2123970000000E+14   0.6040502513891E-17
  0.2177310000000E+14   0.5963420279147E-17
  0.2231980000000E+14   0.5874839100081E-17
  0.2288030000000E+14   0.5930834129331E-17
  0.2345490000000E+14   0.6019989635267E-17
  0.2404390000000E+14   0.6120543005475E-17
  0.2464770000000E+14   0.6258858578332E-17
  0.2526660000000E+14   0.6359974340928E-17
  0.2590110000000E+14   0.6480123271252E-17
  0.2655150000000E+14   0.6562791328942E-17
  0.2721830000000E+14   0.6713123631067E-17
  0.2790180000000E+14   0.6858702900385E-17
  0.2860240000000E+14   0.6932512750916E-17
  0.2932070000000E+14   0.6930376135377E-17
  0.3005700000000E+14   0.6899585355118E-17
  0.3081180000000E+14   0.6728295622524E-17
  0.3158550000000E+14   0.6562848289446E-17
  0.3237870000000E+14   0.5882104702715E-17
  0.3319170000000E+14   0.5090260483905E-17
  0.3402530000000E+14   0.4361875273950E-17
  0.3487970000000E+14   0.3691874168245E-17
  0.3575560000000E+14   0.3067444665300E-17
  0.3665350000000E+14   0.2507617676266E-17
  0.3757390000000E+14   0.1967696330888E-17
  0.3851740000000E+14   0.1640854878700E-17
  0.3948470000000E+14   0.1376258117635E-17
  0.4047620000000E+14   0.1207262748835E-17
  0.4149260000000E+14   0.1149357718227E-17
  0.4253460000000E+14   0.1100590177647E-17
  0.4360270000000E+14   0.1088019743098E-17
  0.4469770000000E+14   0.1077477969596E-17
  0.4582010000000E+14   0.1069171437300E-17
  0.4697070000000E+14   0.1062524030757E-17
  0.4815020000000E+14   0.1056171375503E-17
  0.4935940000000E+14   0.1049968399441E-17
  0.5059890000000E+14   0.1044925959913E-17
  0.5186950000000E+14   0.1041489064179E-17
  0.5317200000000E+14   0.1038664723221E-17
  0.5450730000000E+14   0.1037868843191E-17
  0.6258450000000E+14   0.1046691569191E-17
  0.7185870000000E+14   0.1063469162417E-17
  0.8250720000000E+14   0.1067775717707E-17
  0.9473370000000E+14   0.1055042986290E-17
  0.1087720000000E+15   0.1030907938314E-17
  0.1248910000000E+15   0.1005509803448E-17
  0.1433980000000E+15   0.9885643871687E-18
  0.1646470000000E+15   0.9898741502883E-18
  0.1890460000000E+15   0.1018665742553E-17
  0.2170600000000E+15   0.1077154972173E-17
  0.2492250000000E+15   0.1167014893956E-17
  0.2861570000000E+15   0.1286444266262E-17
  0.3285620000000E+15   0.1428509652168E-17
  0.3772500000000E+15   0.1581127247885E-17
  0.4331540000000E+15   0.1725784258596E-17
  0.4973410000000E+15   0.1838096232781E-17
  0.5710410000000E+15   0.1891151659408E-17
  0.6556610000000E+15   0.1861563848644E-17
  0.7528220000000E+15   0.1735867116610E-17
  0.8643800000000E+15   0.1518555124320E-17
  0.9924690000000E+15   0.1233162555105E-17
  0.1139540000000E+16   0.9155502035242E-18
  0.1308400000000E+16   0.6151244809880E-18
  0.1502290000000E+16   0.3672453041054E-18
  0.1724910000000E+16   0.1911869496697E-18
  0.1980520000000E+16   0.8483059992078E-19
  0.2274010000000E+16   0.3139863081510E-19
  0.2610990000000E+16   0.9432580496921E-20
  0.2997900000000E+16   0.2229862450753E-20
