         130
  
  0.2997900000000E+11   0.7542203850651E-23
  0.3951060000000E+11   0.1718336349184E-22
  0.5207280000000E+11   0.3910813881828E-22
  0.6862910000000E+11   0.8887443981799E-22
  0.9044930000000E+11   0.2015522662180E-21
  0.1192070000000E+12   0.4558030621807E-21
  0.1571080000000E+12   0.1026904098251E-20
  0.2070600000000E+12   0.2301898480062E-20
  0.2728930000000E+12   0.5125094934444E-20
  0.3596580000000E+12   0.1233097281550E-19
  0.4740100000000E+12   0.3539503020832E-19
  0.6247180000000E+12   0.9992229348062E-19
  0.8233440000000E+12   0.2752553304800E-18
  0.1085120000000E+13   0.7339808140475E-18
  0.1430130000000E+13   0.1866853366248E-17
  0.1884830000000E+13   0.4444763274405E-17
  0.2484100000000E+13   0.9626304713519E-17
  0.3273910000000E+13   0.1813566007982E-16
  0.4314820000000E+13   0.2816916624934E-16
  0.5686700000000E+13   0.3408369013374E-16
  0.7494750000000E+13   0.3232138105007E-16
  0.7682960000000E+13   0.3189499073438E-16
  0.7875890000000E+13   0.3143661657982E-16
  0.8073670000000E+13   0.3094727637598E-16
  0.8276410000000E+13   0.3043239348316E-16
  0.8484250000000E+13   0.2990074830557E-16
  0.8697300000000E+13   0.2939217250091E-16
  0.8915700000000E+13   0.2886393968136E-16
  0.9139590000000E+13   0.2837522403407E-16
  0.9369100000000E+13   0.2788067868331E-16
  0.9604380000000E+13   0.2740400253155E-16
  0.9845560000000E+13   0.2694464821751E-16
  0.1009280000000E+14   0.2647377078089E-16
  0.1034620000000E+14   0.2601301262007E-16
  0.1060610000000E+14   0.2553510189853E-16
  0.1087240000000E+14   0.2509950925646E-16
  0.1114540000000E+14   0.2465486607439E-16
  0.1142530000000E+14   0.2422570576261E-16
  0.1171220000000E+14   0.2380474023067E-16
  0.1200630000000E+14   0.2336952632689E-16
  0.1230780000000E+14   0.2293776895840E-16
  0.1261690000000E+14   0.2248542776421E-16
  0.1293370000000E+14   0.2208567807655E-16
  0.1325850000000E+14   0.2167094485765E-16
  0.1359150000000E+14   0.2126695302312E-16
  0.1393280000000E+14   0.2086324786186E-16
  0.1428260000000E+14   0.2045949389742E-16
  0.1464130000000E+14   0.2010051499298E-16
  0.1500900000000E+14   0.1971467155590E-16
  0.1538590000000E+14   0.1920283090727E-16
  0.1577220000000E+14   0.1867395312489E-16
  0.1616830000000E+14   0.1781679161154E-16
  0.1657430000000E+14   0.1679637388801E-16
  0.1699050000000E+14   0.1570334640990E-16
  0.1741720000000E+14   0.1437093419639E-16
  0.1785460000000E+14   0.1311977895775E-16
  0.1830290000000E+14   0.1181069238939E-16
  0.1876260000000E+14   0.1058324518730E-16
  0.1923370000000E+14   0.9489090081188E-17
  0.1971670000000E+14   0.8496938144618E-17
  0.2021180000000E+14   0.7635037871063E-17
  0.2071940000000E+14   0.6958830403971E-17
  0.2123970000000E+14   0.6339899218348E-17
  0.2177310000000E+14   0.6259698834580E-17
  0.2231980000000E+14   0.6166449217370E-17
  0.2288030000000E+14   0.6224095002134E-17
  0.2345490000000E+14   0.6315502139015E-17
  0.2404390000000E+14   0.6418106153113E-17
  0.2464770000000E+14   0.6559668535048E-17
  0.2526660000000E+14   0.6661908760311E-17
  0.2590110000000E+14   0.6783610527554E-17
  0.2655150000000E+14   0.6865938409939E-17
  0.2721830000000E+14   0.7018876034976E-17
  0.2790180000000E+14   0.7166882158563E-17
  0.2860240000000E+14   0.7240087479959E-17
  0.2932070000000E+14   0.7234011166471E-17
  0.3005700000000E+14   0.7197960610023E-17
  0.3081180000000E+14   0.7015159407405E-17
  0.3158550000000E+14   0.6838462305374E-17
  0.3237870000000E+14   0.6124113345538E-17
  0.3319170000000E+14   0.5294393079001E-17
  0.3402530000000E+14   0.4531769137752E-17
  0.3487970000000E+14   0.3830355769620E-17
  0.3575560000000E+14   0.3176706534815E-17
  0.3665350000000E+14   0.2591034493315E-17
  0.3757390000000E+14   0.2027349725840E-17
  0.3851740000000E+14   0.1685331695906E-17
  0.3948470000000E+14   0.1408081431938E-17
  0.4047620000000E+14   0.1231113685709E-17
  0.4149260000000E+14   0.1169650497097E-17
  0.4253460000000E+14   0.1118023107840E-17
  0.4360270000000E+14   0.1103586251195E-17
  0.4469770000000E+14   0.1091395612141E-17
  0.4582010000000E+14   0.1081650317198E-17
  0.4697070000000E+14   0.1073758379455E-17
  0.4815020000000E+14   0.1066346343389E-17
  0.4935940000000E+14   0.1059268430036E-17
  0.5059890000000E+14   0.1053522451631E-17
  0.5186950000000E+14   0.1049532070446E-17
  0.5317200000000E+14   0.1046294239783E-17
  0.5450730000000E+14   0.1045184914466E-17
  0.6258450000000E+14   0.1053606184048E-17
  0.7185870000000E+14   0.1071008569598E-17
  0.8250720000000E+14   0.1076172153424E-17
  0.9473370000000E+14   0.1063992675131E-17
  0.1087720000000E+15   0.1039740262326E-17
  0.1248910000000E+15   0.1013407936927E-17
  0.1433980000000E+15   0.9947002387501E-18
  0.1646470000000E+15   0.9936082937364E-18
  0.1890460000000E+15   0.1019839919728E-17
  0.2170600000000E+15   0.1076213683488E-17
  0.2492250000000E+15   0.1164837583957E-17
  0.2861570000000E+15   0.1283881156930E-17
  0.3285620000000E+15   0.1426160204239E-17
  0.3772500000000E+15   0.1579339238297E-17
  0.4331540000000E+15   0.1724622920257E-17
  0.4973410000000E+15   0.1837352657076E-17
  0.5710410000000E+15   0.1890506414300E-17
  0.6556610000000E+15   0.1860764441512E-17
  0.7528220000000E+15   0.1734708346146E-17
  0.8643800000000E+15   0.1517146565165E-17
  0.9924690000000E+15   0.1231870554029E-17
  0.1139540000000E+16   0.9142257467385E-18
  0.1308400000000E+16   0.6142897953320E-18
  0.1502290000000E+16   0.3668334599210E-18
  0.1724910000000E+16   0.1910262077069E-18
  0.1980520000000E+16   0.8475533020554E-19
  0.2274010000000E+16   0.3137141402591E-19
  0.2610990000000E+16   0.9424555105413E-20
  0.2997900000000E+16   0.2227992207742E-20
