         130
  
  0.2997900000000E+11   0.6860145272208E-23
  0.3951060000000E+11   0.1562866001418E-22
  0.5207280000000E+11   0.3556915113044E-22
  0.6862910000000E+11   0.8083320854352E-22
  0.9044930000000E+11   0.1833249761385E-21
  0.1192070000000E+12   0.4146182072061E-21
  0.1571080000000E+12   0.9342378849688E-21
  0.2070600000000E+12   0.2094567231116E-20
  0.2728930000000E+12   0.4664677920981E-20
  0.3596580000000E+12   0.1122736534812E-19
  0.4740100000000E+12   0.3224619254317E-19
  0.6247180000000E+12   0.9111362419791E-19
  0.8233440000000E+12   0.2513300362906E-18
  0.1085120000000E+13   0.6715910824750E-18
  0.1430130000000E+13   0.1713808745452E-17
  0.1884830000000E+13   0.4101857076669E-17
  0.2484100000000E+13   0.8958319856654E-17
  0.3273910000000E+13   0.1709845650087E-16
  0.4314820000000E+13   0.2706344884238E-16
  0.5686700000000E+13   0.3346818258981E-16
  0.7494750000000E+13   0.3214893225724E-16
  0.7682960000000E+13   0.3173316903989E-16
  0.7875890000000E+13   0.3128069113901E-16
  0.8073670000000E+13   0.3079311540460E-16
  0.8276410000000E+13   0.3027646691808E-16
  0.8484250000000E+13   0.2974004641593E-16
  0.8697300000000E+13   0.2922335865872E-16
  0.8915700000000E+13   0.2868533718711E-16
  0.9139590000000E+13   0.2818420011825E-16
  0.9369100000000E+13   0.2767645378403E-16
  0.9604380000000E+13   0.2718573373349E-16
  0.9845560000000E+13   0.2671207981254E-16
  0.1009280000000E+14   0.2622799611775E-16
  0.1034620000000E+14   0.2575492015592E-16
  0.1060610000000E+14   0.2526660963322E-16
  0.1087240000000E+14   0.2482114281458E-16
  0.1114540000000E+14   0.2436866317645E-16
  0.1142530000000E+14   0.2393315126859E-16
  0.1171220000000E+14   0.2350748557235E-16
  0.1200630000000E+14   0.2306963508212E-16
  0.1230780000000E+14   0.2263681144272E-16
  0.1261690000000E+14   0.2218528181013E-16
  0.1293370000000E+14   0.2178675240766E-16
  0.1325850000000E+14   0.2137470761072E-16
  0.1359150000000E+14   0.2097427155249E-16
  0.1393280000000E+14   0.2057497992802E-16
  0.1428260000000E+14   0.2017637201914E-16
  0.1464130000000E+14   0.1982250069563E-16
  0.1500900000000E+14   0.1944256619643E-16
  0.1538590000000E+14   0.1893844313698E-16
  0.1577220000000E+14   0.1841764074706E-16
  0.1616830000000E+14   0.1757235515550E-16
  0.1657430000000E+14   0.1656562408336E-16
  0.1699050000000E+14   0.1548707709604E-16
  0.1741720000000E+14   0.1417190082339E-16
  0.1785460000000E+14   0.1293718847851E-16
  0.1830290000000E+14   0.1164553159123E-16
  0.1876260000000E+14   0.1043507768239E-16
  0.1923370000000E+14   0.9356514279565E-17
  0.1971670000000E+14   0.8378949379953E-17
  0.2021180000000E+14   0.7529957060380E-17
  0.2071940000000E+14   0.6864111812941E-17
  0.2123970000000E+14   0.6254839120720E-17
  0.2177310000000E+14   0.6175861742460E-17
  0.2231980000000E+14   0.6084346170473E-17
  0.2288030000000E+14   0.6141843917341E-17
  0.2345490000000E+14   0.6232853490049E-17
  0.2404390000000E+14   0.6335037389734E-17
  0.2464770000000E+14   0.6475719273734E-17
  0.2526660000000E+14   0.6577725527030E-17
  0.2590110000000E+14   0.6699112997945E-17
  0.2655150000000E+14   0.6781561130756E-17
  0.2721830000000E+14   0.6933651796107E-17
  0.2790180000000E+14   0.7080597688745E-17
  0.2860240000000E+14   0.7153291297633E-17
  0.2932070000000E+14   0.7147478553053E-17
  0.3005700000000E+14   0.7112044026538E-17
  0.3081180000000E+14   0.6932090884463E-17
  0.3158550000000E+14   0.6758158297259E-17
  0.3237870000000E+14   0.6055267406173E-17
  0.3319170000000E+14   0.5238118544055E-17
  0.3402530000000E+14   0.4486453701634E-17
  0.3487970000000E+14   0.3795579554336E-17
  0.3575560000000E+14   0.3152174639277E-17
  0.3665350000000E+14   0.2575128673919E-17
  0.3757390000000E+14   0.2019040130611E-17
  0.3851740000000E+14   0.1681235171922E-17
  0.3948470000000E+14   0.1406657859046E-17
  0.4047620000000E+14   0.1230572931905E-17
  0.4149260000000E+14   0.1169289389534E-17
  0.4253460000000E+14   0.1117658043158E-17
  0.4360270000000E+14   0.1103207661675E-17
  0.4469770000000E+14   0.1090947849451E-17
  0.4582010000000E+14   0.1081088305570E-17
  0.4697070000000E+14   0.1073043525561E-17
  0.4815020000000E+14   0.1065433389288E-17
  0.4935940000000E+14   0.1058113035045E-17
  0.5059890000000E+14   0.1052102379398E-17
  0.5186950000000E+14   0.1047837313496E-17
  0.5317200000000E+14   0.1044310485229E-17
  0.5450730000000E+14   0.1042926716434E-17
  0.6258450000000E+14   0.1049983867040E-17
  0.7185870000000E+14   0.1066402425692E-17
  0.8250720000000E+14   0.1070885032667E-17
  0.9473370000000E+14   0.1058391039556E-17
  0.1087720000000E+15   0.1034266560739E-17
  0.1248910000000E+15   0.1008502059210E-17
  0.1433980000000E+15   0.9907403622815E-18
  0.1646470000000E+15   0.9908395314508E-18
  0.1890460000000E+15   0.1018302057196E-17
  0.2170600000000E+15   0.1075749218122E-17
  0.2492250000000E+15   0.1165133863809E-17
  0.2861570000000E+15   0.1284586286700E-17
  0.3285620000000E+15   0.1426955416979E-17
  0.3772500000000E+15   0.1579998373273E-17
  0.4331540000000E+15   0.1725072072319E-17
  0.4973410000000E+15   0.1837658351653E-17
  0.5710410000000E+15   0.1890788145512E-17
  0.6556610000000E+15   0.1861120147512E-17
  0.7528220000000E+15   0.1735224163558E-17
  0.8643800000000E+15   0.1517773001091E-17
  0.9924690000000E+15   0.1232445033037E-17
  0.1139540000000E+16   0.9148145750755E-18
  0.1308400000000E+16   0.6146608888496E-18
  0.1502290000000E+16   0.3670165739775E-18
  0.1724910000000E+16   0.1910976823312E-18
  0.1980520000000E+16   0.8478879878415E-19
  0.2274010000000E+16   0.3138351600384E-19
  0.2610990000000E+16   0.9428123621235E-20
  0.2997900000000E+16   0.2228823820031E-20
