         130
  
  0.2997900000000E+11   0.2626051151795E-23
  0.3951060000000E+11   0.5975832372626E-23
  0.5207280000000E+11   0.1359176226214E-22
  0.6862910000000E+11   0.3088283322103E-22
  0.9044930000000E+11   0.7005985002605E-22
  0.1192070000000E+12   0.1585705260914E-21
  0.1571080000000E+12   0.3577603192325E-21
  0.2070600000000E+12   0.8036575479053E-21
  0.2728930000000E+12   0.1794706342408E-20
  0.3596580000000E+12   0.4336478460132E-20
  0.4740100000000E+12   0.1252748887406E-19
  0.6247180000000E+12   0.3569909199936E-19
  0.8233440000000E+12   0.9970588209574E-19
  0.1085120000000E+13   0.2713954159152E-18
  0.1430130000000E+13   0.7121215378554E-18
  0.1884830000000E+13   0.1778743281222E-17
  0.2484100000000E+13   0.4150954707148E-17
  0.3273910000000E+13   0.8778628912501E-17
  0.4314820000000E+13   0.1621567666759E-16
  0.5686700000000E+13   0.2467631055853E-16
  0.7494750000000E+13   0.2898965954290E-16
  0.7682960000000E+13   0.2900415620360E-16
  0.7875890000000E+13   0.2894259184984E-16
  0.8073670000000E+13   0.2880313257889E-16
  0.8276410000000E+13   0.2859063395766E-16
  0.8484250000000E+13   0.2831477594138E-16
  0.8697300000000E+13   0.2801929614406E-16
  0.8915700000000E+13   0.2765695769357E-16
  0.9139590000000E+13   0.2729126302979E-16
  0.9369100000000E+13   0.2687601242571E-16
  0.9604380000000E+13   0.2643774445971E-16
  0.9845560000000E+13   0.2597852858796E-16
  0.1009280000000E+14   0.2547610325794E-16
  0.1034620000000E+14   0.2495544320584E-16
  0.1060610000000E+14   0.2439811556683E-16
  0.1087240000000E+14   0.2385974926993E-16
  0.1114540000000E+14   0.2330168469472E-16
  0.1142530000000E+14   0.2274891620075E-16
  0.1171220000000E+14   0.2219988513584E-16
  0.1200630000000E+14   0.2164099929644E-16
  0.1230780000000E+14   0.2108989978179E-16
  0.1261690000000E+14   0.2053076830037E-16
  0.1293370000000E+14   0.2002317042796E-16
  0.1325850000000E+14   0.1951612469978E-16
  0.1359150000000E+14   0.1903110709683E-16
  0.1393280000000E+14   0.1856077815707E-16
  0.1428260000000E+14   0.1810517014461E-16
  0.1464130000000E+14   0.1770022630579E-16
  0.1500900000000E+14   0.1728802302142E-16
  0.1538590000000E+14   0.1678585986898E-16
  0.1577220000000E+14   0.1628049354434E-16
  0.1616830000000E+14   0.1551228487606E-16
  0.1657430000000E+14   0.1461438794168E-16
  0.1699050000000E+14   0.1366069260418E-16
  0.1741720000000E+14   0.1251206427308E-16
  0.1785460000000E+14   0.1143494074282E-16
  0.1830290000000E+14   0.1031407273035E-16
  0.1876260000000E+14   0.9264970555043E-17
  0.1923370000000E+14   0.8329534308184E-17
  0.1971670000000E+14   0.7481416852071E-17
  0.2021180000000E+14   0.6742969275628E-17
  0.2071940000000E+14   0.6158371978496E-17
  0.2123970000000E+14   0.5622981209566E-17
  0.2177310000000E+14   0.5529174022844E-17
  0.2231980000000E+14   0.5430725569413E-17
  0.2288030000000E+14   0.5463814994073E-17
  0.2345490000000E+14   0.5532542230076E-17
  0.2404390000000E+14   0.5617316808416E-17
  0.2464770000000E+14   0.5741104737294E-17
  0.2526660000000E+14   0.5835391393529E-17
  0.2590110000000E+14   0.5949944343824E-17
  0.2655150000000E+14   0.6032783057129E-17
  0.2721830000000E+14   0.6179355683987E-17
  0.2790180000000E+14   0.6323369326385E-17
  0.2860240000000E+14   0.6402710083990E-17
  0.2932070000000E+14   0.6412724479057E-17
  0.3005700000000E+14   0.6396603180784E-17
  0.3081180000000E+14   0.6250414164449E-17
  0.3158550000000E+14   0.6109442926387E-17
  0.3237870000000E+14   0.5489009811862E-17
  0.3319170000000E+14   0.4763510120392E-17
  0.3402530000000E+14   0.4095588564118E-17
  0.3487970000000E+14   0.3480083777252E-17
  0.3575560000000E+14   0.2904790700351E-17
  0.3665350000000E+14   0.2388049979207E-17
  0.3757390000000E+14   0.1888346797800E-17
  0.3851740000000E+14   0.1585571825403E-17
  0.3948470000000E+14   0.1338074935942E-17
  0.4047620000000E+14   0.1178254112663E-17
  0.4149260000000E+14   0.1123094208331E-17
  0.4253460000000E+14   0.1076061277233E-17
  0.4360270000000E+14   0.1063800553990E-17
  0.4469770000000E+14   0.1053384003409E-17
  0.4582010000000E+14   0.1045018271236E-17
  0.4697070000000E+14   0.1038141083087E-17
  0.4815020000000E+14   0.1031391157540E-17
  0.4935940000000E+14   0.1024613649738E-17
  0.5059890000000E+14   0.1018835084755E-17
  0.5186950000000E+14   0.1014533502054E-17
  0.5317200000000E+14   0.1010715625547E-17
  0.5450730000000E+14   0.1008868021926E-17
  0.6258450000000E+14   0.1011168585183E-17
  0.7185870000000E+14   0.1022083794158E-17
  0.8250720000000E+14   0.1022563200985E-17
  0.9473370000000E+14   0.1009297278059E-17
  0.1087720000000E+15   0.9886392028203E-18
  0.1248910000000E+15   0.9701847694529E-18
  0.1433980000000E+15   0.9622123776596E-18
  0.1646470000000E+15   0.9728519833081E-18
  0.1890460000000E+15   0.1009956423637E-17
  0.2170600000000E+15   0.1074992441989E-17
  0.2492250000000E+15   0.1169054810719E-17
  0.2861570000000E+15   0.1290293300250E-17
  0.3285620000000E+15   0.1432420369139E-17
  0.3772500000000E+15   0.1584282471549E-17
  0.4331540000000E+15   0.1728035313786E-17
  0.4973410000000E+15   0.1839681566331E-17
  0.5710410000000E+15   0.1892532086830E-17
  0.6556610000000E+15   0.1863200815454E-17
  0.7528220000000E+15   0.1738190377530E-17
  0.8643800000000E+15   0.1521367423987E-17
  0.9924690000000E+15   0.1235741177026E-17
  0.1139540000000E+16   0.9181950052784E-18
  0.1308400000000E+16   0.6167910276085E-18
  0.1502290000000E+16   0.3680673083000E-18
  0.1724910000000E+16   0.1915076413841E-18
  0.1980520000000E+16   0.8498077885409E-19
  0.2274010000000E+16   0.3145293237551E-19
  0.2610990000000E+16   0.9448591968232E-20
  0.2997900000000E+16   0.2233593707980E-20
