mstar = 2 Msun, Rstar = 2.5 Rsun, Tstar = 10000, mdisk = 0.0010283 Msun, Rc = 150 AU, Rin = 0.5 AU, Rout = 250 AU, inclination = 45 degree, powerlaw = -1 
         130
  
  0.2997900000000E+11   0.1587102259786E-23
  0.3951060000000E+11   0.3606321265930E-23
  0.5207280000000E+11   0.8194102501306E-23
  0.6862910000000E+11   0.1860657692427E-22
  0.9044930000000E+11   0.4219752200929E-22
  0.1192070000000E+12   0.9550907567992E-22
  0.1571080000000E+12   0.2155543014938E-21
  0.2070600000000E+12   0.4845392303433E-21
  0.2728930000000E+12   0.1083231757883E-20
  0.3596580000000E+12   0.2621459241499E-20
  0.4740100000000E+12   0.7590381231243E-20
  0.6247180000000E+12   0.2170305580996E-19
  0.8233440000000E+12   0.6091067511951E-19
  0.1085120000000E+13   0.1669609960826E-18
  0.1430130000000E+13   0.4425788994588E-18
  0.1884830000000E+13   0.1122240503420E-17
  0.2484100000000E+13   0.2678829080766E-17
  0.3273910000000E+13   0.5864082435348E-17
  0.4314820000000E+13   0.1142283627449E-16
  0.5686700000000E+13   0.1882757713063E-16
  0.7494750000000E+13   0.2462484475234E-16
  0.7682960000000E+13   0.2489424225517E-16
  0.7875890000000E+13   0.2509858688993E-16
  0.8073670000000E+13   0.2523245249698E-16
  0.8276410000000E+13   0.2529725565330E-16
  0.8484250000000E+13   0.2529977444012E-16
  0.8697300000000E+13   0.2528448746056E-16
  0.8915700000000E+13   0.2519659042161E-16
  0.9139590000000E+13   0.2510300813449E-16
  0.9369100000000E+13   0.2494920490044E-16
  0.9604380000000E+13   0.2476136861840E-16
  0.9845560000000E+13   0.2453848859150E-16
  0.1009280000000E+14   0.2425243229198E-16
  0.1034620000000E+14   0.2392838880716E-16
  0.1060610000000E+14   0.2354387327881E-16
  0.1087240000000E+14   0.2315820986027E-16
  0.1114540000000E+14   0.2272760787214E-16
  0.1142530000000E+14   0.2227848496501E-16
  0.1171220000000E+14   0.2180878305907E-16
  0.1200630000000E+14   0.2130523486153E-16
  0.1230780000000E+14   0.2078752337054E-16
  0.1261690000000E+14   0.2024197488911E-16
  0.1293370000000E+14   0.1972874361111E-16
  0.1325850000000E+14   0.1920031487669E-16
  0.1359150000000E+14   0.1867990650976E-16
  0.1393280000000E+14   0.1816341085973E-16
  0.1428260000000E+14   0.1765376373920E-16
  0.1464130000000E+14   0.1718554639971E-16
  0.1500900000000E+14   0.1670975993271E-16
  0.1538590000000E+14   0.1615704741873E-16
  0.1577220000000E+14   0.1560590363452E-16
  0.1616830000000E+14   0.1483160900794E-16
  0.1657430000000E+14   0.1395103434807E-16
  0.1699050000000E+14   0.1302840666549E-16
  0.1741720000000E+14   0.1194230350764E-16
  0.1785460000000E+14   0.1092421930156E-16
  0.1830290000000E+14   0.9873258605627E-17
  0.1876260000000E+14   0.8889522343941E-17
  0.1923370000000E+14   0.8009317664934E-17
  0.1971670000000E+14   0.7209356359385E-17
  0.2021180000000E+14   0.6509313711237E-17
  0.2071940000000E+14   0.5948904343790E-17
  0.2123970000000E+14   0.5435450711150E-17
  0.2177310000000E+14   0.5317755547901E-17
  0.2231980000000E+14   0.5197595341173E-17
  0.2288030000000E+14   0.5195692537459E-17
  0.2345490000000E+14   0.5228576739450E-17
  0.2404390000000E+14   0.5280301460802E-17
  0.2464770000000E+14   0.5372181867234E-17
  0.2526660000000E+14   0.5443591035524E-17
  0.2590110000000E+14   0.5538680807501E-17
  0.2655150000000E+14   0.5609807734550E-17
  0.2721830000000E+14   0.5743226319477E-17
  0.2790180000000E+14   0.5877930005413E-17
  0.2860240000000E+14   0.5955673572164E-17
  0.2932070000000E+14   0.5970993421811E-17
  0.3005700000000E+14   0.5963157911162E-17
  0.3081180000000E+14   0.5835297223162E-17
  0.3158550000000E+14   0.5712490981111E-17
  0.3237870000000E+14   0.5143771507511E-17
  0.3319170000000E+14   0.4476608703809E-17
  0.3402530000000E+14   0.3862566193374E-17
  0.3487970000000E+14   0.3297334041569E-17
  0.3575560000000E+14   0.2769186400567E-17
  0.3665350000000E+14   0.2294083327944E-17
  0.3757390000000E+14   0.1833403182994E-17
  0.3851740000000E+14   0.1553552218313E-17
  0.3948470000000E+14   0.1322755856546E-17
  0.4047620000000E+14   0.1170513565993E-17
  0.4149260000000E+14   0.1116659693764E-17
  0.4253460000000E+14   0.1069731798956E-17
  0.4360270000000E+14   0.1057679036500E-17
  0.4469770000000E+14   0.1047302086379E-17
  0.4582010000000E+14   0.1038837372539E-17
  0.4697070000000E+14   0.1031726018280E-17
  0.4815020000000E+14   0.1024569530531E-17
  0.4935940000000E+14   0.1017213955587E-17
  0.5059890000000E+14   0.1010749422858E-17
  0.5186950000000E+14   0.1005712638268E-17
  0.5317200000000E+14   0.1001077789651E-17
  0.5450730000000E+14   0.9984582554619E-18
  0.6258450000000E+14   0.9967378413781E-18
  0.7185870000000E+14   0.1004780486331E-17
  0.8250720000000E+14   0.1003664759210E-17
  0.9473370000000E+14   0.9905811450442E-18
  0.1087720000000E+15   0.9721301967829E-18
  0.1248910000000E+15   0.9575165106507E-18
  0.1433980000000E+15   0.9541264415889E-18
  0.1646470000000E+15   0.9689971219468E-18
  0.1890460000000E+15   0.1009158367615E-17
  0.2170600000000E+15   0.1075968931636E-17
  0.2492250000000E+15   0.1170950760048E-17
  0.2861570000000E+15   0.1292583371042E-17
  0.3285620000000E+15   0.1434542887401E-17
  0.3772500000000E+15   0.1585836972595E-17
  0.4331540000000E+15   0.1729048358325E-17
  0.4973410000000E+15   0.1840394811766E-17
  0.5710410000000E+15   0.1893186700103E-17
  0.6556610000000E+15   0.1863994838507E-17
  0.7528220000000E+15   0.1739318436456E-17
  0.8643800000000E+15   0.1522731753691E-17
  0.9924690000000E+15   0.1236992047290E-17
  0.1139540000000E+16   0.9194786852816E-18
  0.1308400000000E+16   0.6175997912210E-18
  0.1502290000000E+16   0.3684660821048E-18
  0.1724910000000E+16   0.1916631519480E-18
  0.1980520000000E+16   0.8505360898309E-19
  0.2274010000000E+16   0.3147926542838E-19
  0.2610990000000E+16   0.9456356403274E-20
  0.2997900000000E+16   0.2235403072370E-20
