         130
  
  0.2997900000000E+11   0.1857420359900E-23
  0.3951060000000E+11   0.4222879059330E-23
  0.5207280000000E+11   0.9598744277802E-23
  0.6862910000000E+11   0.2180168462050E-22
  0.9044930000000E+11   0.4945048936519E-22
  0.1192070000000E+12   0.1119288311191E-21
  0.1571080000000E+12   0.2525933048087E-21
  0.2070600000000E+12   0.5676921376382E-21
  0.2728930000000E+12   0.1268726295273E-20
  0.3596580000000E+12   0.3068945944783E-20
  0.4740100000000E+12   0.8880059987410E-20
  0.6247180000000E+12   0.2536511504078E-19
  0.8233440000000E+12   0.7108564135559E-19
  0.1085120000000E+13   0.1944485226885E-18
  0.1430130000000E+13   0.5139074050893E-18
  0.1884830000000E+13   0.1297445702932E-17
  0.2484100000000E+13   0.3077126467853E-17
  0.3273910000000E+13   0.6670922814835E-17
  0.4314820000000E+13   0.1280374514778E-16
  0.5686700000000E+13   0.2063828328700E-16
  0.7494750000000E+13   0.2616917773610E-16
  0.7682960000000E+13   0.2637317373563E-16
  0.7875890000000E+13   0.2650677467737E-16
  0.8073670000000E+13   0.2656540735826E-16
  0.8276410000000E+13   0.2655143479132E-16
  0.8484250000000E+13   0.2647251406340E-16
  0.8697300000000E+13   0.2637331405026E-16
  0.8915700000000E+13   0.2620060336527E-16
  0.9139590000000E+13   0.2602085663466E-16
  0.9369100000000E+13   0.2578151039613E-16
  0.9604380000000E+13   0.2550907755212E-16
  0.9845560000000E+13   0.2520350765924E-16
  0.1009280000000E+14   0.2483855566149E-16
  0.1034620000000E+14   0.2443964570247E-16
  0.1060610000000E+14   0.2398587878575E-16
  0.1087240000000E+14   0.2353557740103E-16
  0.1114540000000E+14   0.2304704656722E-16
  0.1142530000000E+14   0.2254651926937E-16
  0.1171220000000E+14   0.2203253622398E-16
  0.1200630000000E+14   0.2149234890722E-16
  0.1230780000000E+14   0.2094526347079E-16
  0.1261690000000E+14   0.2037753240494E-16
  0.1293370000000E+14   0.1984873355247E-16
  0.1325850000000E+14   0.1931123305891E-16
  0.1359150000000E+14   0.1878768039479E-16
  0.1393280000000E+14   0.1827323278798E-16
  0.1428260000000E+14   0.1777000181292E-16
  0.1464130000000E+14   0.1731277709660E-16
  0.1500900000000E+14   0.1685017367777E-16
  0.1538590000000E+14   0.1630873983030E-16
  0.1577220000000E+14   0.1576876322691E-16
  0.1616830000000E+14   0.1499469858951E-16
  0.1657430000000E+14   0.1410765707585E-16
  0.1699050000000E+14   0.1317460556703E-16
  0.1741720000000E+14   0.1206868930841E-16
  0.1785460000000E+14   0.1103207022873E-16
  0.1830290000000E+14   0.9959668169209E-17
  0.1876260000000E+14   0.8956341046381E-17
  0.1923370000000E+14   0.8060014446359E-17
  0.1971670000000E+14   0.7246432096377E-17
  0.2021180000000E+14   0.6535856404888E-17
  0.2071940000000E+14   0.5968863581702E-17
  0.2123970000000E+14   0.5449657056633E-17
  0.2177310000000E+14   0.5337695423040E-17
  0.2231980000000E+14   0.5223465443890E-17
  0.2288030000000E+14   0.5231904254565E-17
  0.2345490000000E+14   0.5276240434162E-17
  0.2404390000000E+14   0.5339247968764E-17
  0.2464770000000E+14   0.5442544452070E-17
  0.2526660000000E+14   0.5522750118610E-17
  0.2590110000000E+14   0.5625505995653E-17
  0.2655150000000E+14   0.5701527065750E-17
  0.2721830000000E+14   0.5839904499571E-17
  0.2790180000000E+14   0.5977762801042E-17
  0.2860240000000E+14   0.6056091578185E-17
  0.2932070000000E+14   0.6069771606612E-17
  0.3005700000000E+14   0.6059357932198E-17
  0.3081180000000E+14   0.5926051297291E-17
  0.3158550000000E+14   0.5797870698446E-17
  0.3237870000000E+14   0.5214824697310E-17
  0.3319170000000E+14   0.4532137681598E-17
  0.3402530000000E+14   0.3903725144263E-17
  0.3487970000000E+14   0.3324894350550E-17
  0.3575560000000E+14   0.2784488395746E-17
  0.3665350000000E+14   0.2299257244860E-17
  0.3757390000000E+14   0.1829609629895E-17
  0.3851740000000E+14   0.1544873153777E-17
  0.3948470000000E+14   0.1310795595153E-17
  0.4047620000000E+14   0.1158063870815E-17
  0.4149260000000E+14   0.1105016946482E-17
  0.4253460000000E+14   0.1059252435581E-17
  0.4360270000000E+14   0.1047804750722E-17
  0.4469770000000E+14   0.1038059923246E-17
  0.4582010000000E+14   0.1030237277019E-17
  0.4697070000000E+14   0.1023782057079E-17
  0.4815020000000E+14   0.1017321634596E-17
  0.4935940000000E+14   0.1010700200137E-17
  0.5059890000000E+14   0.1004972190076E-17
  0.5186950000000E+14   0.1000648605874E-17
  0.5317200000000E+14   0.9967262899167E-18
  0.5450730000000E+14   0.9947617653259E-18
  0.6258450000000E+14   0.9961629643705E-18
  0.7185870000000E+14   0.1006586242209E-17
  0.8250720000000E+14   0.1007339945361E-17
  0.9473370000000E+14   0.9954222223119E-18
  0.1087720000000E+15   0.9772465886682E-18
  0.1248910000000E+15   0.9620343624435E-18
  0.1433980000000E+15   0.9574160413630E-18
  0.1646470000000E+15   0.9708464731719E-18
  0.1890460000000E+15   0.1009787384947E-17
  0.2170600000000E+15   0.1075818719777E-17
  0.2492250000000E+15   0.1170411877321E-17
  0.2861570000000E+15   0.1291884010397E-17
  0.3285620000000E+15   0.1433866069887E-17
  0.3772500000000E+15   0.1585333764155E-17
  0.4331540000000E+15   0.1728732521284E-17
  0.4973410000000E+15   0.1840187254309E-17
  0.5710410000000E+15   0.1893005814770E-17
  0.6556610000000E+15   0.1863779579414E-17
  0.7528220000000E+15   0.1739013909270E-17
  0.8643800000000E+15   0.1522363718340E-17
  0.9924690000000E+15   0.1236654647743E-17
  0.1139540000000E+16   0.9191323939511E-18
  0.1308400000000E+16   0.6173816229597E-18
  0.1502290000000E+16   0.3683585197217E-18
  0.1724910000000E+16   0.1916212097984E-18
  0.1980520000000E+16   0.8503396592984E-19
  0.2274010000000E+16   0.3147216317782E-19
  0.2610990000000E+16   0.9454262280264E-20
  0.2997900000000E+16   0.2234915076086E-20
