mstar = 2 Msun, Rstar = 2.5 Rsun, Tstar = 10000, mdisk = 0.00050771 Msun, Rc = 150 AU, Rin = 0.5 AU, Rout = 250 AU, inclination = 45 degree, powerlaw = -1 
         130
  
  0.2997900000000E+11   0.8557473531969E-24
  0.3951060000000E+11   0.1938006874802E-23
  0.5207280000000E+11   0.4392758115578E-23
  0.6862910000000E+11   0.9957966132757E-23
  0.9044930000000E+11   0.2255964445065E-22
  0.1192070000000E+12   0.5103553489505E-22
  0.1571080000000E+12   0.1151848972941E-21
  0.2070600000000E+12   0.2590662880435E-21
  0.2728930000000E+12   0.5798309574892E-21
  0.3596580000000E+12   0.1405656647056E-20
  0.4740100000000E+12   0.4080570884267E-20
  0.6247180000000E+12   0.1171361984402E-19
  0.8233440000000E+12   0.3306235974600E-19
  0.1085120000000E+13   0.9136153740642E-19
  0.1430130000000E+13   0.2449764584642E-18
  0.1884830000000E+13   0.6314767706195E-18
  0.2484100000000E+13   0.1543624716064E-17
  0.3273910000000E+13   0.3498363670512E-17
  0.4314820000000E+13   0.7172475111312E-17
  0.5686700000000E+13   0.1274765138865E-16
  0.7494750000000E+13   0.1854016406013E-16
  0.7682960000000E+13   0.1895068523666E-16
  0.7875890000000E+13   0.1932049306934E-16
  0.8073670000000E+13   0.1964291215433E-16
  0.8276410000000E+13   0.1991711087511E-16
  0.8484250000000E+13   0.2014728273282E-16
  0.8697300000000E+13   0.2037446436580E-16
  0.8915700000000E+13   0.2054429415377E-16
  0.9139590000000E+13   0.2072097671796E-16
  0.9369100000000E+13   0.2084859905652E-16
  0.9604380000000E+13   0.2095130232841E-16
  0.9845560000000E+13   0.2102584862804E-16
  0.1009280000000E+14   0.2103936821754E-16
  0.1034620000000E+14   0.2101505353213E-16
  0.1060610000000E+14   0.2092494170015E-16
  0.1087240000000E+14   0.2083060759660E-16
  0.1114540000000E+14   0.2068036748037E-16
  0.1142530000000E+14   0.2050025885587E-16
  0.1171220000000E+14   0.2028453939371E-16
  0.1200630000000E+14   0.2001491350218E-16
  0.1230780000000E+14   0.1971089474250E-16
  0.1261690000000E+14   0.1935472409193E-16
  0.1293370000000E+14   0.1901206092861E-16
  0.1325850000000E+14   0.1862795225873E-16
  0.1359150000000E+14   0.1822727704718E-16
  0.1393280000000E+14   0.1780508356247E-16
  0.1428260000000E+14   0.1736495666074E-16
  0.1464130000000E+14   0.1694315929526E-16
  0.1500900000000E+14   0.1649050187150E-16
  0.1538590000000E+14   0.1594343822313E-16
  0.1577220000000E+14   0.1538457544907E-16
  0.1616830000000E+14   0.1460721893086E-16
  0.1657430000000E+14   0.1373016526589E-16
  0.1699050000000E+14   0.1281642107819E-16
  0.1741720000000E+14   0.1175447016383E-16
  0.1785460000000E+14   0.1075863350473E-16
  0.1830290000000E+14   0.9733776326735E-17
  0.1876260000000E+14   0.8772399287756E-17
  0.1923370000000E+14   0.7909231039453E-17
  0.1971670000000E+14   0.7122494030220E-17
  0.2021180000000E+14   0.6432055738998E-17
  0.2071940000000E+14   0.5878640118849E-17
  0.2123970000000E+14   0.5371384715349E-17
  0.2177310000000E+14   0.5254338652109E-17
  0.2231980000000E+14   0.5127235961895E-17
  0.2288030000000E+14   0.5103108850044E-17
  0.2345490000000E+14   0.5101513555601E-17
  0.2404390000000E+14   0.5110536647640E-17
  0.2464770000000E+14   0.5151776411708E-17
  0.2526660000000E+14   0.5176196553348E-17
  0.2590110000000E+14   0.5224361889534E-17
  0.2655150000000E+14   0.5257194272006E-17
  0.2721830000000E+14   0.5349855419879E-17
  0.2790180000000E+14   0.5450683479844E-17
  0.2860240000000E+14   0.5508517426138E-17
  0.2932070000000E+14   0.5516779663060E-17
  0.3005700000000E+14   0.5508630740325E-17
  0.3081180000000E+14   0.5396387603380E-17
  0.3158550000000E+14   0.5290437371563E-17
  0.3237870000000E+14   0.4784098228170E-17
  0.3319170000000E+14   0.4188411134144E-17
  0.3402530000000E+14   0.3639260655442E-17
  0.3487970000000E+14   0.3132273653833E-17
  0.3575560000000E+14   0.2657322519687E-17
  0.3665350000000E+14   0.2228701584362E-17
  0.3757390000000E+14   0.1809346031174E-17
  0.3851740000000E+14   0.1547405014202E-17
  0.3948470000000E+14   0.1318443925510E-17
  0.4047620000000E+14   0.1151153089438E-17
  0.4149260000000E+14   0.1089125109707E-17
  0.4253460000000E+14   0.1033061920276E-17
  0.4360270000000E+14   0.1020547470748E-17
  0.4469770000000E+14   0.1009544541076E-17
  0.4582010000000E+14   0.1000458034572E-17
  0.4697070000000E+14   0.9926381580621E-18
  0.4815020000000E+14   0.9843496527333E-18
  0.4935940000000E+14   0.9754635100226E-18
  0.5059890000000E+14   0.9674674196411E-18
  0.5186950000000E+14   0.9611447805706E-18
  0.5317200000000E+14   0.9552001738542E-18
  0.5450730000000E+14   0.9518073602733E-18
  0.6258450000000E+14   0.9494576882943E-18
  0.7185870000000E+14   0.9612378693846E-18
  0.8250720000000E+14   0.9645761810055E-18
  0.9473370000000E+14   0.9565716429554E-18
  0.1087720000000E+15   0.9441503429294E-18
  0.1248910000000E+15   0.9361249773971E-18
  0.1433980000000E+15   0.9393451908916E-18
  0.1646470000000E+15   0.9602532142421E-18
  0.1890460000000E+15   0.1005169944461E-17
  0.2170600000000E+15   0.1074980234910E-17
  0.2492250000000E+15   0.1171295426219E-17
  0.2861570000000E+15   0.1293333344777E-17
  0.3285620000000E+15   0.1435433207520E-17
  0.3772500000000E+15   0.1586690949517E-17
  0.4331540000000E+15   0.1729706869618E-17
  0.4973410000000E+15   0.1840918243550E-17
  0.5710410000000E+15   0.1893732224738E-17
  0.6556610000000E+15   0.1864701932247E-17
  0.7528220000000E+15   0.1740341471370E-17
  0.8643800000000E+15   0.1523972951898E-17
  0.9924690000000E+15   0.1238130499518E-17
  0.1139540000000E+16   0.9206474668972E-18
  0.1308400000000E+16   0.6183361054443E-18
  0.1502290000000E+16   0.3688290547687E-18
  0.1724910000000E+16   0.1918046644426E-18
  0.1980520000000E+16   0.8511988625214E-19
  0.2274010000000E+16   0.3150322872347E-19
  0.2610990000000E+16   0.9463421998912E-20
  0.2997900000000E+16   0.2237049566231E-20
