         130
  
  0.2997900000000E+11   0.5433199003663E-23
  0.3951060000000E+11   0.1237610410679E-22
  0.5207280000000E+11   0.2816552123085E-22
  0.6862910000000E+11   0.6401138695682E-22
  0.9044930000000E+11   0.1451962144833E-21
  0.1192070000000E+12   0.3284708789556E-21
  0.1571080000000E+12   0.7404213109352E-21
  0.2070600000000E+12   0.1660967369161E-20
  0.2728930000000E+12   0.3701918081576E-20
  0.3596580000000E+12   0.8919906141359E-20
  0.4740100000000E+12   0.2566184827972E-19
  0.6247180000000E+12   0.7268706770667E-19
  0.8233440000000E+12   0.2012296117922E-18
  0.1085120000000E+13   0.5406515058710E-18
  0.1430130000000E+13   0.1391193496981E-17
  0.1884830000000E+13   0.3372869848130E-17
  0.2484100000000E+13   0.7515577590469E-17
  0.3273910000000E+13   0.1479273616053E-16
  0.4314820000000E+13   0.2448349524518E-16
  0.5686700000000E+13   0.3196008405185E-16
  0.7494750000000E+13   0.3187234633818E-16
  0.7682960000000E+13   0.3149977934119E-16
  0.7875890000000E+13   0.3107663267610E-16
  0.8073670000000E+13   0.3060534802254E-16
  0.8276410000000E+13   0.3009321140769E-16
  0.8484250000000E+13   0.2955088843564E-16
  0.8697300000000E+13   0.2901857105232E-16
  0.8915700000000E+13   0.2845706709290E-16
  0.9139590000000E+13   0.2792441761365E-16
  0.9369100000000E+13   0.2737991280822E-16
  0.9604380000000E+13   0.2684789668412E-16
  0.9845560000000E+13   0.2632992420607E-16
  0.1009280000000E+14   0.2580156636989E-16
  0.1034620000000E+14   0.2528461720732E-16
  0.1060610000000E+14   0.2475554770677E-16
  0.1087240000000E+14   0.2427021213577E-16
  0.1114540000000E+14   0.2378241295388E-16
  0.1142530000000E+14   0.2331534509053E-16
  0.1171220000000E+14   0.2286271841551E-16
  0.1200630000000E+14   0.2240380291094E-16
  0.1230780000000E+14   0.2195481613500E-16
  0.1261690000000E+14   0.2149290807454E-16
  0.1293370000000E+14   0.2108622929458E-16
  0.1325850000000E+14   0.2067093422802E-16
  0.1359150000000E+14   0.2027059270539E-16
  0.1393280000000E+14   0.1987471149325E-16
  0.1428260000000E+14   0.1948237243935E-16
  0.1464130000000E+14   0.1913568865404E-16
  0.1500900000000E+14   0.1876584562147E-16
  0.1538590000000E+14   0.1827745811845E-16
  0.1577220000000E+14   0.1777404516356E-16
  0.1616830000000E+14   0.1695735337678E-16
  0.1657430000000E+14   0.1598486169296E-16
  0.1699050000000E+14   0.1494318712675E-16
  0.1741720000000E+14   0.1367268198221E-16
  0.1785460000000E+14   0.1248033317456E-16
  0.1830290000000E+14   0.1123303904356E-16
  0.1876260000000E+14   0.1006440222061E-16
  0.1923370000000E+14   0.9023509371244E-17
  0.1971670000000E+14   0.8080336362582E-17
  0.2021180000000E+14   0.7261336670401E-17
  0.2071940000000E+14   0.6618932630686E-17
  0.2123970000000E+14   0.6030993914702E-17
  0.2177310000000E+14   0.5955246231282E-17
  0.2231980000000E+14   0.5868012309022E-17
  0.2288030000000E+14   0.5925669269711E-17
  0.2345490000000E+14   0.6016493561724E-17
  0.2404390000000E+14   0.6118715696024E-17
  0.2464770000000E+14   0.6258973494185E-17
  0.2526660000000E+14   0.6361948765457E-17
  0.2590110000000E+14   0.6483881305768E-17
  0.2655150000000E+14   0.6568069834660E-17
  0.2721830000000E+14   0.6719984492618E-17
  0.2790180000000E+14   0.6867320364130E-17
  0.2860240000000E+14   0.6942815332270E-17
  0.2932070000000E+14   0.6942037206829E-17
  0.3005700000000E+14   0.6912440382216E-17
  0.3081180000000E+14   0.6741707853566E-17
  0.3158550000000E+14   0.6576800202758E-17
  0.3237870000000E+14   0.5894219401228E-17
  0.3319170000000E+14   0.5099786181644E-17
  0.3402530000000E+14   0.4369488072666E-17
  0.3487970000000E+14   0.3697286691248E-17
  0.3575560000000E+14   0.3070533746848E-17
  0.3665350000000E+14   0.2508213672328E-17
  0.3757390000000E+14   0.1966267579931E-17
  0.3851740000000E+14   0.1638539320936E-17
  0.3948470000000E+14   0.1373061376025E-17
  0.4047620000000E+14   0.1203480627237E-17
  0.4149260000000E+14   0.1145471883859E-17
  0.4253460000000E+14   0.1096644307859E-17
  0.4360270000000E+14   0.1084087686853E-17
  0.4469770000000E+14   0.1073557935424E-17
  0.4582010000000E+14   0.1065260298983E-17
  0.4697070000000E+14   0.1058618699868E-17
  0.4815020000000E+14   0.1052267197089E-17
  0.4935940000000E+14   0.1046061726991E-17
  0.5059890000000E+14   0.1041013887365E-17
  0.5186950000000E+14   0.1037568930334E-17
  0.5317200000000E+14   0.1034731986310E-17
  0.5450730000000E+14   0.1033918708861E-17
  0.6258450000000E+14   0.1042587562736E-17
  0.7185870000000E+14   0.1059184923429E-17
  0.8250720000000E+14   0.1063425965841E-17
  0.9473370000000E+14   0.1050847527846E-17
  0.1087720000000E+15   0.1027126733231E-17
  0.1248910000000E+15   0.1002379403769E-17
  0.1433980000000E+15   0.9862582908606E-18
  0.1646470000000E+15   0.9884729858871E-18
  0.1890460000000E+15   0.1018135591705E-17
  0.2170600000000E+15   0.1077343519150E-17
  0.2492250000000E+15   0.1167657725632E-17
  0.2861570000000E+15   0.1287248457819E-17
  0.3285620000000E+15   0.1429237585476E-17
  0.3772500000000E+15   0.1581652164382E-17
  0.4331540000000E+15   0.1726094976932E-17
  0.4973410000000E+15   0.1838255146037E-17
  0.5710410000000E+15   0.1891237509557E-17
  0.6556610000000E+15   0.1861632897309E-17
  0.7528220000000E+15   0.1735951933711E-17
  0.8643800000000E+15   0.1518654969191E-17
  0.9924690000000E+15   0.1233253789573E-17
  0.1139540000000E+16   0.9156437050188E-18
  0.1308400000000E+16   0.6151834012247E-18
  0.1502290000000E+16   0.3672743723176E-18
  0.1724910000000E+16   0.1911982932247E-18
  0.1980520000000E+16   0.8483591183436E-19
  0.2274010000000E+16   0.3140055152976E-19
  0.2610990000000E+16   0.9433146851569E-20
  0.2997900000000E+16   0.2229994433593E-20
