         130
  
  0.2997900000000E+11   0.1754274336611E-23
  0.3951060000000E+11   0.3987632199685E-23
  0.5207280000000E+11   0.9062849465098E-23
  0.6862910000000E+11   0.2058283008895E-22
  0.9044930000000E+11   0.4668406217012E-22
  0.1192070000000E+12   0.1056672046789E-21
  0.1571080000000E+12   0.2384721592748E-21
  0.2070600000000E+12   0.5360006427494E-21
  0.2728930000000E+12   0.1198061327955E-20
  0.3596580000000E+12   0.2898574766744E-20
  0.4740100000000E+12   0.8389436882656E-20
  0.6247180000000E+12   0.2397349871596E-19
  0.8233440000000E+12   0.6722477490628E-19
  0.1085120000000E+13   0.1840392202306E-18
  0.1430130000000E+13   0.4869689107078E-18
  0.1884830000000E+13   0.1231516853772E-17
  0.2484100000000E+13   0.2927957040647E-17
  0.3273910000000E+13   0.6370460788960E-17
  0.4314820000000E+13   0.1229237628109E-16
  0.5686700000000E+13   0.1996863049138E-16
  0.7494750000000E+13   0.2558474668939E-16
  0.7682960000000E+13   0.2581047705724E-16
  0.7875890000000E+13   0.2596756383689E-16
  0.8073670000000E+13   0.2605113680726E-16
  0.8276410000000E+13   0.2606323523554E-16
  0.8484250000000E+13   0.2601121992724E-16
  0.8697300000000E+13   0.2593969732679E-16
  0.8915700000000E+13   0.2579489749469E-16
  0.9139590000000E+13   0.2564343475451E-16
  0.9369100000000E+13   0.2543209256549E-16
  0.9604380000000E+13   0.2518726010442E-16
  0.9845560000000E+13   0.2490856190218E-16
  0.1009280000000E+14   0.2456915881735E-16
  0.1034620000000E+14   0.2419439317409E-16
  0.1060610000000E+14   0.2376290916183E-16
  0.1087240000000E+14   0.2333326837850E-16
  0.1114540000000E+14   0.2286320173283E-16
  0.1142530000000E+14   0.2237898263686E-16
  0.1171220000000E+14   0.2187899058794E-16
  0.1200630000000E+14   0.2135041619439E-16
  0.1230780000000E+14   0.2081267350858E-16
  0.1261690000000E+14   0.2025216721537E-16
  0.1293370000000E+14   0.1972840944428E-16
  0.1325850000000E+14   0.1919410555565E-16
  0.1359150000000E+14   0.1867200274944E-16
  0.1393280000000E+14   0.1815757785491E-16
  0.1428260000000E+14   0.1765323787571E-16
  0.1464130000000E+14   0.1719349869996E-16
  0.1500900000000E+14   0.1672812697393E-16
  0.1538590000000E+14   0.1618552673564E-16
  0.1577220000000E+14   0.1564481706237E-16
  0.1616830000000E+14   0.1487558827312E-16
  0.1657430000000E+14   0.1399666430161E-16
  0.1699050000000E+14   0.1307358779237E-16
  0.1741720000000E+14   0.1198212582841E-16
  0.1785460000000E+14   0.1095924012594E-16
  0.1830290000000E+14   0.9901859401125E-17
  0.1876260000000E+14   0.8912558428043E-17
  0.1923370000000E+14   0.8028344210201E-17
  0.1971670000000E+14   0.7225390205268E-17
  0.2021180000000E+14   0.6523576793494E-17
  0.2071940000000E+14   0.5962928837230E-17
  0.2123970000000E+14   0.5449283333736E-17
  0.2177310000000E+14   0.5336504268110E-17
  0.2231980000000E+14   0.5221451264063E-17
  0.2288030000000E+14   0.5227046204591E-17
  0.2345490000000E+14   0.5268151903518E-17
  0.2404390000000E+14   0.5328052741240E-17
  0.2464770000000E+14   0.5428203975698E-17
  0.2526660000000E+14   0.5506360462509E-17
  0.2590110000000E+14   0.5607468520344E-17
  0.2655150000000E+14   0.5682947378719E-17
  0.2721830000000E+14   0.5820682215091E-17
  0.2790180000000E+14   0.5958541996059E-17
  0.2860240000000E+14   0.6037798357073E-17
  0.2932070000000E+14   0.6053234739821E-17
  0.3005700000000E+14   0.6044842061750E-17
  0.3081180000000E+14   0.5914671945466E-17
  0.3158550000000E+14   0.5789490215711E-17
  0.3237870000000E+14   0.5212527787429E-17
  0.3319170000000E+14   0.4535671688689E-17
  0.3402530000000E+14   0.3911985932453E-17
  0.3487970000000E+14   0.3337169294878E-17
  0.3575560000000E+14   0.2799748662043E-17
  0.3665350000000E+14   0.2316196866486E-17
  0.3757390000000E+14   0.1847243332942E-17
  0.3851740000000E+14   0.1562005279916E-17
  0.3948470000000E+14   0.1326770640811E-17
  0.4047620000000E+14   0.1172292058437E-17
  0.4149260000000E+14   0.1118001969745E-17
  0.4253460000000E+14   0.1070945273931E-17
  0.4360270000000E+14   0.1058763027692E-17
  0.4469770000000E+14   0.1048306403616E-17
  0.4582010000000E+14   0.1039804494657E-17
  0.4697070000000E+14   0.1032697405468E-17
  0.4815020000000E+14   0.1025592056421E-17
  0.4935940000000E+14   0.1018332840853E-17
  0.5059890000000E+14   0.1011996858483E-17
  0.5186950000000E+14   0.1007108088197E-17
  0.5317200000000E+14   0.1002646164796E-17
  0.5450730000000E+14   0.1000198581423E-17
  0.6258450000000E+14   0.9994991794539E-18
  0.7185870000000E+14   0.1008499102158E-17
  0.8250720000000E+14   0.1008142205381E-17
  0.9473370000000E+14   0.9953863128962E-18
  0.1087720000000E+15   0.9766906069094E-18
  0.1248910000000E+15   0.9612840580246E-18
  0.1433980000000E+15   0.9567387675271E-18
  0.1646470000000E+15   0.9703977745861E-18
  0.1890460000000E+15   0.1009591545352E-17
  0.2170600000000E+15   0.1075819629784E-17
  0.2492250000000E+15   0.1170536786902E-17
  0.2861570000000E+15   0.1292073531130E-17
  0.3285620000000E+15   0.1434054070160E-17
  0.3772500000000E+15   0.1585470007216E-17
  0.4331540000000E+15   0.1728817525346E-17
  0.4973410000000E+15   0.1840247631391E-17
  0.5710410000000E+15   0.1893064653956E-17
  0.6556610000000E+15   0.1863853917627E-17
  0.7528220000000E+15   0.1739120904245E-17
  0.8643800000000E+15   0.1522493415537E-17
  0.9924690000000E+15   0.1236773589399E-17
  0.1139540000000E+16   0.9192544713980E-18
  0.1308400000000E+16   0.6174585342673E-18
  0.1502290000000E+16   0.3683964396735E-18
  0.1724910000000E+16   0.1916359963989E-18
  0.1980520000000E+16   0.8504089101225E-19
  0.2274010000000E+16   0.3147466705309E-19
  0.2610990000000E+16   0.9455000557497E-20
  0.2997900000000E+16   0.2235087117992E-20
