         130
  
  0.2997900000000E+11   0.2244532791839E-23
  0.3951060000000E+11   0.5105749429213E-23
  0.5207280000000E+11   0.1160986184232E-22
  0.6862910000000E+11   0.2637561662430E-22
  0.9044930000000E+11   0.5983127768957E-22
  0.1192070000000E+12   0.1354231368519E-21
  0.1571080000000E+12   0.3055715864356E-21
  0.2070600000000E+12   0.6865716329355E-21
  0.2728930000000E+12   0.1533748469598E-20
  0.3596580000000E+12   0.3707724742172E-20
  0.4740100000000E+12   0.1071873174400E-19
  0.6247180000000E+12   0.3057679978693E-19
  0.8233440000000E+12   0.8552956168146E-19
  0.1085120000000E+13   0.2333246502585E-18
  0.1430130000000E+13   0.6142335713772E-18
  0.1884830000000E+13   0.1541803525723E-17
  0.2484100000000E+13   0.3625270143279E-17
  0.3273910000000E+13   0.7757443747398E-17
  0.4314820000000E+13   0.1459491320961E-16
  0.5686700000000E+13   0.2283235720026E-16
  0.7494750000000E+13   0.2780880452919E-16
  0.7682960000000E+13   0.2791630372024E-16
  0.7875890000000E+13   0.2794911862819E-16
  0.8073670000000E+13   0.2790405940487E-16
  0.8276410000000E+13   0.2778479585732E-16
  0.8484250000000E+13   0.2760007253622E-16
  0.8697300000000E+13   0.2739407157905E-16
  0.8915700000000E+13   0.2711671443246E-16
  0.9139590000000E+13   0.2683282997498E-16
  0.9369100000000E+13   0.2649334935946E-16
  0.9604380000000E+13   0.2612480102469E-16
  0.9845560000000E+13   0.2572834934286E-16
  0.1009280000000E+14   0.2528021737020E-16
  0.1034620000000E+14   0.2480563984128E-16
  0.1060610000000E+14   0.2428549487302E-16
  0.1087240000000E+14   0.2377633423171E-16
  0.1114540000000E+14   0.2323880108846E-16
  0.1142530000000E+14   0.2269845718288E-16
  0.1171220000000E+14   0.2215408559357E-16
  0.1200630000000E+14   0.2159297473320E-16
  0.1230780000000E+14   0.2103353485282E-16
  0.1261690000000E+14   0.2046133578235E-16
  0.1293370000000E+14   0.1993532082205E-16
  0.1325850000000E+14   0.1940687016367E-16
  0.1359150000000E+14   0.1889780438899E-16
  0.1393280000000E+14   0.1840206882741E-16
  0.1428260000000E+14   0.1792061768350E-16
  0.1464130000000E+14   0.1748852153618E-16
  0.1500900000000E+14   0.1705131181398E-16
  0.1538590000000E+14   0.1653083489687E-16
  0.1577220000000E+14   0.1601002307543E-16
  0.1616830000000E+14   0.1524141656041E-16
  0.1657430000000E+14   0.1435165188713E-16
  0.1699050000000E+14   0.1341101125875E-16
  0.1741720000000E+14   0.1228677159111E-16
  0.1785460000000E+14   0.1123287341863E-16
  0.1830290000000E+14   0.1013947988776E-16
  0.1876260000000E+14   0.9116648660821E-17
  0.1923370000000E+14   0.8204093666997E-17
  0.1971670000000E+14   0.7376554473832E-17
  0.2021180000000E+14   0.6654989894697E-17
  0.2071940000000E+14   0.6081438807641E-17
  0.2123970000000E+14   0.5556177268847E-17
  0.2177310000000E+14   0.5452600573810E-17
  0.2231980000000E+14   0.5345950991481E-17
  0.2288030000000E+14   0.5366175532250E-17
  0.2345490000000E+14   0.5422365529809E-17
  0.2404390000000E+14   0.5496060289922E-17
  0.2464770000000E+14   0.5609458417696E-17
  0.2526660000000E+14   0.5696638984491E-17
  0.2590110000000E+14   0.5805093351150E-17
  0.2655150000000E+14   0.5884251719829E-17
  0.2721830000000E+14   0.6026312346783E-17
  0.2790180000000E+14   0.6166839594172E-17
  0.2860240000000E+14   0.6245319553303E-17
  0.2932070000000E+14   0.6256855946199E-17
  0.3005700000000E+14   0.6243340077209E-17
  0.3081180000000E+14   0.6103502957102E-17
  0.3158550000000E+14   0.5968823040940E-17
  0.3237870000000E+14   0.5367221823781E-17
  0.3319170000000E+14   0.4663226477475E-17
  0.3402530000000E+14   0.4015093530138E-17
  0.3487970000000E+14   0.3417920068456E-17
  0.3575560000000E+14   0.2860034138495E-17
  0.3665350000000E+14   0.2358907816287E-17
  0.3757390000000E+14   0.1874187544257E-17
  0.3851740000000E+14   0.1579852612300E-17
  0.3948470000000E+14   0.1338030802319E-17
  0.4047620000000E+14   0.1180549290634E-17
  0.4149260000000E+14   0.1125422780259E-17
  0.4253460000000E+14   0.1078075923901E-17
  0.4360270000000E+14   0.1065359811979E-17
  0.4469770000000E+14   0.1054488086676E-17
  0.4582010000000E+14   0.1045674910690E-17
  0.4697070000000E+14   0.1038361192363E-17
  0.4815020000000E+14   0.1031176002305E-17
  0.4935940000000E+14   0.1023959631812E-17
  0.5059890000000E+14   0.1017752208880E-17
  0.5186950000000E+14   0.1013046754868E-17
  0.5317200000000E+14   0.1008840152977E-17
  0.5450730000000E+14   0.1006654406224E-17
  0.6258450000000E+14   0.1007792176897E-17
  0.7185870000000E+14   0.1018747099440E-17
  0.8250720000000E+14   0.1020054899379E-17
  0.9473370000000E+14   0.1008109348029E-17
  0.1087720000000E+15   0.9890276469209E-18
  0.1248910000000E+15   0.9720926287518E-18
  0.1433980000000E+15   0.9652640021060E-18
  0.1646470000000E+15   0.9764798380869E-18
  0.1890460000000E+15   0.1013621329268E-17
  0.2170600000000E+15   0.1078347145296E-17
  0.2492250000000E+15   0.1171972532991E-17
  0.2861570000000E+15   0.1292691230074E-17
  0.3285620000000E+15   0.1434176469766E-17
  0.3772500000000E+15   0.1585396476118E-17
  0.4331540000000E+15   0.1728672432892E-17
  0.4973410000000E+15   0.1840051096682E-17
  0.5710410000000E+15   0.1892803388729E-17
  0.6556610000000E+15   0.1863490596712E-17
  0.7528220000000E+15   0.1738586817931E-17
  0.8643800000000E+15   0.1521843744851E-17
  0.9924690000000E+15   0.1236177541864E-17
  0.1139540000000E+16   0.9186427180108E-18
  0.1308400000000E+16   0.6170731081259E-18
  0.1502290000000E+16   0.3682064028249E-18
  0.1724910000000E+16   0.1915618891202E-18
  0.1980520000000E+16   0.8500618427785E-19
  0.2274010000000E+16   0.3146211822599E-19
  0.2610990000000E+16   0.9451300476759E-20
  0.2997900000000E+16   0.2234224880433E-20
