         130
  
  0.2997900000000E+11   0.4177287703575E-23
  0.3951060000000E+11   0.9512887760715E-23
  0.5207280000000E+11   0.2164657831039E-22
  0.6862910000000E+11   0.4919501837733E-22
  0.9044930000000E+11   0.1115991186246E-21
  0.1192070000000E+12   0.2525205660082E-21
  0.1571080000000E+12   0.5694216811275E-21
  0.2070600000000E+12   0.1278042503694E-20
  0.2728930000000E+12   0.2850581526500E-20
  0.3596580000000E+12   0.6875789813979E-20
  0.4740100000000E+12   0.1981240994202E-19
  0.6247180000000E+12   0.5624885308637E-19
  0.8233440000000E+12   0.1562546139846E-18
  0.1085120000000E+13   0.4219668665667E-18
  0.1430130000000E+13   0.1094266921256E-17
  0.1884830000000E+13   0.2685067722955E-17
  0.2484100000000E+13   0.6096724378467E-17
  0.3273910000000E+13   0.1235803452430E-16
  0.4314820000000E+13   0.2138550079914E-16
  0.5686700000000E+13   0.2963406876747E-16
  0.7494750000000E+13   0.3124713364196E-16
  0.7682960000000E+13   0.3098774321274E-16
  0.7875890000000E+13   0.3066323036075E-16
  0.8073670000000E+13   0.3027536066020E-16
  0.8276410000000E+13   0.2983145718286E-16
  0.8484250000000E+13   0.2934266047455E-16
  0.8697300000000E+13   0.2885030309202E-16
  0.8915700000000E+13   0.2831442639430E-16
  0.9139590000000E+13   0.2779416845124E-16
  0.9369100000000E+13   0.2724930794832E-16
  0.9604380000000E+13   0.2670519987643E-16
  0.9845560000000E+13   0.2616459121919E-16
  0.1009280000000E+14   0.2560567040416E-16
  0.1034620000000E+14   0.2505135999415E-16
  0.1060610000000E+14   0.2448127199082E-16
  0.1087240000000E+14   0.2394994700044E-16
  0.1114540000000E+14   0.2341550456422E-16
  0.1142530000000E+14   0.2290122945464E-16
  0.1171220000000E+14   0.2240260242707E-16
  0.1200630000000E+14   0.2190143000083E-16
  0.1230780000000E+14   0.2141369850246E-16
  0.1261690000000E+14   0.2091866272461E-16
  0.1293370000000E+14   0.2048051098363E-16
  0.1325850000000E+14   0.2003965649213E-16
  0.1359150000000E+14   0.1961823703004E-16
  0.1393280000000E+14   0.1920625011372E-16
  0.1428260000000E+14   0.1880254692700E-16
  0.1464130000000E+14   0.1844678192571E-16
  0.1500900000000E+14   0.1807324803518E-16
  0.1538590000000E+14   0.1759016237970E-16
  0.1577220000000E+14   0.1709550215217E-16
  0.1616830000000E+14   0.1630321689076E-16
  0.1657430000000E+14   0.1536316558398E-16
  0.1699050000000E+14   0.1435796012182E-16
  0.1741720000000E+14   0.1313464431971E-16
  0.1785460000000E+14   0.1198731281256E-16
  0.1830290000000E+14   0.1078859658232E-16
  0.1876260000000E+14   0.9666435834252E-17
  0.1923370000000E+14   0.8667333915935E-17
  0.1971670000000E+14   0.7762533920242E-17
  0.2021180000000E+14   0.6977074914526E-17
  0.2071940000000E+14   0.6360518783095E-17
  0.2123970000000E+14   0.5796560798900E-17
  0.2177310000000E+14   0.5720381072369E-17
  0.2231980000000E+14   0.5634818646285E-17
  0.2288030000000E+14   0.5689160923240E-17
  0.2345490000000E+14   0.5776868596963E-17
  0.2404390000000E+14   0.5876875918572E-17
  0.2464770000000E+14   0.6014333657199E-17
  0.2526660000000E+14   0.6116683060321E-17
  0.2590110000000E+14   0.6237949301597E-17
  0.2655150000000E+14   0.6323366365611E-17
  0.2721830000000E+14   0.6474533289241E-17
  0.2790180000000E+14   0.6621380126852E-17
  0.2860240000000E+14   0.6698781584960E-17
  0.2932070000000E+14   0.6702482946242E-17
  0.3005700000000E+14   0.6678365430708E-17
  0.3081180000000E+14   0.6517658010524E-17
  0.3158550000000E+14   0.6362499767777E-17
  0.3237870000000E+14   0.5705919435598E-17
  0.3319170000000E+14   0.4940903242093E-17
  0.3402530000000E+14   0.4237105736155E-17
  0.3487970000000E+14   0.3589501608457E-17
  0.3575560000000E+14   0.2985652148675E-17
  0.3665350000000E+14   0.2443946030715E-17
  0.3757390000000E+14   0.1921760229279E-17
  0.3851740000000E+14   0.1606487248198E-17
  0.3948470000000E+14   0.1350297729840E-17
  0.4047620000000E+14   0.1185787744336E-17
  0.4149260000000E+14   0.1129519142732E-17
  0.4253460000000E+14   0.1081903000905E-17
  0.4360270000000E+14   0.1069834388141E-17
  0.4469770000000E+14   0.1059667135000E-17
  0.4582010000000E+14   0.1051617783847E-17
  0.4697070000000E+14   0.1045123321985E-17
  0.4815020000000E+14   0.1038826432045E-17
  0.4935940000000E+14   0.1032583455043E-17
  0.5059890000000E+14   0.1027418514701E-17
  0.5186950000000E+14   0.1023795611224E-17
  0.5317200000000E+14   0.1020723821117E-17
  0.5450730000000E+14   0.1019655220519E-17
  0.6258450000000E+14   0.1026700730951E-17
  0.7185870000000E+14   0.1041959943868E-17
  0.8250720000000E+14   0.1045401071793E-17
  0.9473370000000E+14   0.1032888972915E-17
  0.1087720000000E+15   0.1010390034832E-17
  0.1248910000000E+15   0.9879605061661E-18
  0.1433980000000E+15   0.9749196836679E-18
  0.1646470000000E+15   0.9805063117843E-18
  0.1890460000000E+15   0.1013320890253E-17
  0.2170600000000E+15   0.1075088144578E-17
  0.2492250000000E+15   0.1167081188665E-17
  0.2861570000000E+15   0.1287536648712E-17
  0.3285620000000E+15   0.1429869788145E-17
  0.3772500000000E+15   0.1582340640578E-17
  0.4331540000000E+15   0.1726688162691E-17
  0.4973410000000E+15   0.1838738733349E-17
  0.5710410000000E+15   0.1891720563993E-17
  0.6556610000000E+15   0.1862253357050E-17
  0.7528220000000E+15   0.1736855476318E-17
  0.8643800000000E+15   0.1519754057107E-17
  0.9924690000000E+15   0.1234262108847E-17
  0.1139540000000E+16   0.9166777620921E-18
  0.1308400000000E+16   0.6158350187937E-18
  0.1502290000000E+16   0.3675958157001E-18
  0.1724910000000E+16   0.1913237180915E-18
  0.1980520000000E+16   0.8489464644329E-19
  0.2274010000000E+16   0.3142178896898E-19
  0.2610990000000E+16   0.9439409020932E-20
  0.2997900000000E+16   0.2231453757089E-20
