mstar = 2 Msun, Rstar = 2.5 Rsun, Tstar = 10000, mdisk = 0.0020118 Msun, Rc = 150 AU, Rin = 0.5 AU, Rout = 250 AU, inclination = 45 degree, powerlaw = -1 
         130
  
  0.2997900000000E+11   0.2895808809222E-23
  0.3951060000000E+11   0.6591012713936E-23
  0.5207280000000E+11   0.1499296764908E-22
  0.6862910000000E+11   0.3406922749151E-22
  0.9044930000000E+11   0.7729034276235E-22
  0.1192070000000E+12   0.1749313191701E-21
  0.1571080000000E+12   0.3946421155473E-21
  0.2070600000000E+12   0.8863852631004E-21
  0.2728930000000E+12   0.1979037397234E-20
  0.3596580000000E+12   0.4780436772561E-20
  0.4740100000000E+12   0.1380388243151E-19
  0.6247180000000E+12   0.3931066461252E-19
  0.8233440000000E+12   0.1096882950719E-18
  0.1085120000000E+13   0.2981497909485E-18
  0.1430130000000E+13   0.7806965122042E-18
  0.1884830000000E+13   0.1943869259549E-17
  0.2484100000000E+13   0.4514113625678E-17
  0.3273910000000E+13   0.9473589372907E-17
  0.4314820000000E+13   0.1728904149596E-16
  0.5686700000000E+13   0.2583632484388E-16
  0.7494750000000E+13   0.2965799984438E-16
  0.7682960000000E+13   0.2961067407964E-16
  0.7875890000000E+13   0.2948742136544E-16
  0.8073670000000E+13   0.2928728523062E-16
  0.8276410000000E+13   0.2901583724519E-16
  0.8484250000000E+13   0.2868328641221E-16
  0.8697300000000E+13   0.2833297175232E-16
  0.8915700000000E+13   0.2791949731643E-16
  0.9139590000000E+13   0.2750541044521E-16
  0.9369100000000E+13   0.2704628010507E-16
  0.9604380000000E+13   0.2656852916874E-16
  0.9845560000000E+13   0.2607467709415E-16
  0.1009280000000E+14   0.2554319627766E-16
  0.1034620000000E+14   0.2499874481077E-16
  0.1060610000000E+14   0.2442306892098E-16
  0.1087240000000E+14   0.2387117472163E-16
  0.1114540000000E+14   0.2330454719591E-16
  0.1142530000000E+14   0.2274775257079E-16
  0.1171220000000E+14   0.2219883159338E-16
  0.1200630000000E+14   0.2164351279563E-16
  0.1230780000000E+14   0.2109891095698E-16
  0.1261690000000E+14   0.2054830211588E-16
  0.1293370000000E+14   0.2005163669652E-16
  0.1325850000000E+14   0.1955649227439E-16
  0.1359150000000E+14   0.1908414742152E-16
  0.1393280000000E+14   0.1862657152362E-16
  0.1428260000000E+14   0.1818331121339E-16
  0.1464130000000E+14   0.1779077657256E-16
  0.1500900000000E+14   0.1738940310361E-16
  0.1538590000000E+14   0.1689453404660E-16
  0.1577220000000E+14   0.1639487634490E-16
  0.1616830000000E+14   0.1562555514753E-16
  0.1657430000000E+14   0.1472290981512E-16
  0.1699050000000E+14   0.1376253274681E-16
  0.1741720000000E+14   0.1260264257236E-16
  0.1785460000000E+14   0.1151498939814E-16
  0.1830290000000E+14   0.1038216619683E-16
  0.1876260000000E+14   0.9322063001639E-17
  0.1923370000000E+14   0.8377423713897E-17
  0.1971670000000E+14   0.7521342190049E-17
  0.2021180000000E+14   0.6776593704297E-17
  0.2071940000000E+14   0.6188407136880E-17
  0.2123970000000E+14   0.5650015134411E-17
  0.2177310000000E+14   0.5560897637472E-17
  0.2231980000000E+14   0.5466245923113E-17
  0.2288030000000E+14   0.5504477335446E-17
  0.2345490000000E+14   0.5577725365203E-17
  0.2404390000000E+14   0.5665963085790E-17
  0.2464770000000E+14   0.5792586057269E-17
  0.2526660000000E+14   0.5888620835096E-17
  0.2590110000000E+14   0.6004597604805E-17
  0.2655150000000E+14   0.6088067593428E-17
  0.2721830000000E+14   0.6235599293004E-17
  0.2790180000000E+14   0.6380246385544E-17
  0.2860240000000E+14   0.6459548019368E-17
  0.2932070000000E+14   0.6468832879404E-17
  0.3005700000000E+14   0.6451755418965E-17
  0.3081180000000E+14   0.6303554369504E-17
  0.3158550000000E+14   0.6160642517275E-17
  0.3237870000000E+14   0.5534287518197E-17
  0.3319170000000E+14   0.4802151847219E-17
  0.3402530000000E+14   0.4128208597967E-17
  0.3487970000000E+14   0.3507491659837E-17
  0.3575560000000E+14   0.2927770130104E-17
  0.3665350000000E+14   0.2407004314779E-17
  0.3757390000000E+14   0.1904690034167E-17
  0.3851740000000E+14   0.1600623976635E-17
  0.3948470000000E+14   0.1352186500162E-17
  0.4047620000000E+14   0.1191696082256E-17
  0.4149260000000E+14   0.1135858383876E-17
  0.4253460000000E+14   0.1088194833299E-17
  0.4360270000000E+14   0.1075248816406E-17
  0.4469770000000E+14   0.1064182793668E-17
  0.4582010000000E+14   0.1055209090725E-17
  0.4697070000000E+14   0.1047773430137E-17
  0.4815020000000E+14   0.1040522803526E-17
  0.4935940000000E+14   0.1033306250936E-17
  0.5059890000000E+14   0.1027145462120E-17
  0.5186950000000E+14   0.1022514038271E-17
  0.5317200000000E+14   0.1018423148198E-17
  0.5450730000000E+14   0.1016344958691E-17
  0.6258450000000E+14   0.1018110247539E-17
  0.7185870000000E+14   0.1029210884790E-17
  0.8250720000000E+14   0.1029960236608E-17
  0.9473370000000E+14   0.1016549861164E-17
  0.1087720000000E+15   0.9950979154495E-18
  0.1248910000000E+15   0.9753244194374E-18
  0.1433980000000E+15   0.9658584023128E-18
  0.1646470000000E+15   0.9751762974135E-18
  0.1890460000000E+15   0.1011310894869E-17
  0.2170600000000E+15   0.1075676545994E-17
  0.2492250000000E+15   0.1169280351038E-17
  0.2861570000000E+15   0.1290243378745E-17
  0.3285620000000E+15   0.1432262470221E-17
  0.3772500000000E+15   0.1584110555571E-17
  0.4331540000000E+15   0.1727880108785E-17
  0.4973410000000E+15   0.1839545590169E-17
  0.5710410000000E+15   0.1892395948547E-17
  0.6556610000000E+15   0.1863032551869E-17
  0.7528220000000E+15   0.1737950562645E-17
  0.8643800000000E+15   0.1521077195727E-17
  0.9924690000000E+15   0.1235475074061E-17
  0.1139540000000E+16   0.9179219827890E-18
  0.1308400000000E+16   0.6166190045887E-18
  0.1502290000000E+16   0.3679824778917E-18
  0.1724910000000E+16   0.1914745544707E-18
  0.1980520000000E+16   0.8496528371077E-19
  0.2274010000000E+16   0.3144732975844E-19
  0.2610990000000E+16   0.9446939992512E-20
  0.2997900000000E+16   0.2233208741502E-20
