         130
  
  0.2997900000000E+11   0.6668427332026E-23
  0.3951060000000E+11   0.1519167474571E-22
  0.5207280000000E+11   0.3457450327111E-22
  0.6862910000000E+11   0.7857338551537E-22
  0.9044930000000E+11   0.1782031776746E-21
  0.1192070000000E+12   0.4030472702404E-21
  0.1571080000000E+12   0.9082087651075E-21
  0.2070600000000E+12   0.2036346386950E-20
  0.2728930000000E+12   0.4535437683787E-20
  0.3596580000000E+12   0.1091773648459E-19
  0.4740100000000E+12   0.3136334974665E-19
  0.6247180000000E+12   0.8864585133323E-19
  0.8233440000000E+12   0.2446331162654E-18
  0.1085120000000E+13   0.6541471707242E-18
  0.1430130000000E+13   0.1671089331228E-17
  0.1884830000000E+13   0.4006391708917E-17
  0.2484100000000E+13   0.8773315431632E-17
  0.3273910000000E+13   0.1681474812361E-16
  0.4314820000000E+13   0.2677354864272E-16
  0.5686700000000E+13   0.3333718002624E-16
  0.7494750000000E+13   0.3214049676655E-16
  0.7682960000000E+13   0.3172481508084E-16
  0.7875890000000E+13   0.3127061251654E-16
  0.8073670000000E+13   0.3077969811652E-16
  0.8276410000000E+13   0.3025832317340E-16
  0.8484250000000E+13   0.2971599226578E-16
  0.8697300000000E+13   0.2919217324638E-16
  0.8915700000000E+13   0.2864633116526E-16
  0.9139590000000E+13   0.2813639379776E-16
  0.9369100000000E+13   0.2761952792077E-16
  0.9604380000000E+13   0.2711937455001E-16
  0.9845560000000E+13   0.2663620102829E-16
  0.1009280000000E+14   0.2614303807478E-16
  0.1034620000000E+14   0.2566127767235E-16
  0.1060610000000E+14   0.2516511437449E-16
  0.1087240000000E+14   0.2471210532276E-16
  0.1114540000000E+14   0.2425303001500E-16
  0.1142530000000E+14   0.2381163655593E-16
  0.1171220000000E+14   0.2338093747166E-16
  0.1200630000000E+14   0.2293913525350E-16
  0.1230780000000E+14   0.2250318811287E-16
  0.1261690000000E+14   0.2204954679407E-16
  0.1293370000000E+14   0.2164921695566E-16
  0.1325850000000E+14   0.2123622532103E-16
  0.1359150000000E+14   0.2083538432073E-16
  0.1393280000000E+14   0.2043625441195E-16
  0.1428260000000E+14   0.2003834214205E-16
  0.1464130000000E+14   0.1968535565959E-16
  0.1500900000000E+14   0.1930690397474E-16
  0.1538590000000E+14   0.1880548232394E-16
  0.1577220000000E+14   0.1828775970640E-16
  0.1616830000000E+14   0.1744807463313E-16
  0.1657430000000E+14   0.1644821671249E-16
  0.1699050000000E+14   0.1537710113495E-16
  0.1741720000000E+14   0.1407098403017E-16
  0.1785460000000E+14   0.1284487038603E-16
  0.1830290000000E+14   0.1156212403650E-16
  0.1876260000000E+14   0.1035986386594E-16
  0.1923370000000E+14   0.9288615195034E-17
  0.1971670000000E+14   0.8317504547284E-17
  0.2021180000000E+14   0.7474162187683E-17
  0.2071940000000E+14   0.6812654807365E-17
  0.2123970000000E+14   0.6207293969937E-17
  0.2177310000000E+14   0.6129496940576E-17
  0.2231980000000E+14   0.6039294586273E-17
  0.2288030000000E+14   0.6097329826303E-17
  0.2345490000000E+14   0.6188745222167E-17
  0.2404390000000E+14   0.6291311987451E-17
  0.2464770000000E+14   0.6432221958475E-17
  0.2526660000000E+14   0.6534678376384E-17
  0.2590110000000E+14   0.6656353731397E-17
  0.2655150000000E+14   0.6739444831545E-17
  0.2721830000000E+14   0.6891642551611E-17
  0.2790180000000E+14   0.7038702188933E-17
  0.2860240000000E+14   0.7112039037409E-17
  0.2932070000000E+14   0.7107293959469E-17
  0.3005700000000E+14   0.7072906520863E-17
  0.3081180000000E+14   0.6894611538892E-17
  0.3158550000000E+14   0.6722243852742E-17
  0.3237870000000E+14   0.6023036297146E-17
  0.3319170000000E+14   0.5210238339582E-17
  0.3402530000000E+14   0.4462977827943E-17
  0.3487970000000E+14   0.3776001132452E-17
  0.3575560000000E+14   0.3136218657865E-17
  0.3665350000000E+14   0.2562417122298E-17
  0.3757390000000E+14   0.2009414116457E-17
  0.3851740000000E+14   0.1674152711639E-17
  0.3948470000000E+14   0.1401906155256E-17
  0.4047620000000E+14   0.1227736165519E-17
  0.4149260000000E+14   0.1167599182411E-17
  0.4253460000000E+14   0.1117038671995E-17
  0.4360270000000E+14   0.1103330258097E-17
  0.4469770000000E+14   0.1091751135044E-17
  0.4582010000000E+14   0.1082508131874E-17
  0.4697070000000E+14   0.1075017025370E-17
  0.4815020000000E+14   0.1067910167874E-17
  0.4935940000000E+14   0.1061046825083E-17
  0.5059890000000E+14   0.1055435369241E-17
  0.5186950000000E+14   0.1051509357067E-17
  0.5317200000000E+14   0.1048271166938E-17
  0.5450730000000E+14   0.1047113934289E-17
  0.6258450000000E+14   0.1054669519162E-17
  0.7185870000000E+14   0.1070739887410E-17
  0.8250720000000E+14   0.1074451311449E-17
  0.9473370000000E+14   0.1060926308021E-17
  0.1087720000000E+15   0.1035610912609E-17
  0.1248910000000E+15   0.1008653891143E-17
  0.1433980000000E+15   0.9899048115615E-18
  0.1646470000000E+15   0.9893954682798E-18
  0.1890460000000E+15   0.1016675622167E-17
  0.2170600000000E+15   0.1074281703703E-17
  0.2492250000000E+15   0.1163996315911E-17
  0.2861570000000E+15   0.1283806895890E-17
  0.3285620000000E+15   0.1426488054518E-17
  0.3772500000000E+15   0.1579761285767E-17
  0.4331540000000E+15   0.1724977718162E-17
  0.4973410000000E+15   0.1837639689052E-17
  0.5710410000000E+15   0.1890809505384E-17
  0.6556610000000E+15   0.1861168840479E-17
  0.7528220000000E+15   0.1735302556928E-17
  0.8643800000000E+15   0.1517869677728E-17
  0.9924690000000E+15   0.1232533837319E-17
  0.1139540000000E+16   0.9149056245709E-18
  0.1308400000000E+16   0.6147182699185E-18
  0.1502290000000E+16   0.3670448866684E-18
  0.1724910000000E+16   0.1911087327842E-18
  0.1980520000000E+16   0.8479397331130E-19
  0.2274010000000E+16   0.3138538706280E-19
  0.2610990000000E+16   0.9428675338986E-20
  0.2997900000000E+16   0.2228952392765E-20
