         130
  
  0.2997900000000E+11   0.1771883095672E-23
  0.3951060000000E+11   0.4027788829181E-23
  0.5207280000000E+11   0.9154314856790E-23
  0.6862910000000E+11   0.2079082605820E-22
  0.9044930000000E+11   0.4715604282081E-22
  0.1192070000000E+12   0.1067351835630E-21
  0.1571080000000E+12   0.2408797035763E-21
  0.2070600000000E+12   0.5414009832573E-21
  0.2728930000000E+12   0.1210094610316E-20
  0.3596580000000E+12   0.2927560374770E-20
  0.4740100000000E+12   0.8472808606919E-20
  0.6247180000000E+12   0.2420960912994E-19
  0.8233440000000E+12   0.6787844721151E-19
  0.1085120000000E+13   0.1857966390318E-18
  0.1430130000000E+13   0.4915013923302E-18
  0.1884830000000E+13   0.1242564057257E-17
  0.2484100000000E+13   0.2952859149802E-17
  0.3273910000000E+13   0.6420532774998E-17
  0.4314820000000E+13   0.1237814289918E-16
  0.5686700000000E+13   0.2008444179645E-16
  0.7494750000000E+13   0.2569631628056E-16
  0.7682960000000E+13   0.2591959056764E-16
  0.7875890000000E+13   0.2607395335935E-16
  0.8073670000000E+13   0.2615458117896E-16
  0.8276410000000E+13   0.2616355039575E-16
  0.8484250000000E+13   0.2610826550432E-16
  0.8697300000000E+13   0.2603332351427E-16
  0.8915700000000E+13   0.2588504794662E-16
  0.9139590000000E+13   0.2573000716055E-16
  0.9369100000000E+13   0.2551508718711E-16
  0.9604380000000E+13   0.2526669431973E-16
  0.9845560000000E+13   0.2498449269106E-16
  0.1009280000000E+14   0.2464174693663E-16
  0.1034620000000E+14   0.2426379471769E-16
  0.1060610000000E+14   0.2382936021537E-16
  0.1087240000000E+14   0.2339694232389E-16
  0.1114540000000E+14   0.2292439092935E-16
  0.1142530000000E+14   0.2243795435820E-16
  0.1171220000000E+14   0.2193605225938E-16
  0.1200630000000E+14   0.2140589107670E-16
  0.1230780000000E+14   0.2086685099147E-16
  0.1261690000000E+14   0.2030532757253E-16
  0.1293370000000E+14   0.1978083723729E-16
  0.1325850000000E+14   0.1924604251209E-16
  0.1359150000000E+14   0.1872368336012E-16
  0.1393280000000E+14   0.1820918558151E-16
  0.1428260000000E+14   0.1770490368911E-16
  0.1464130000000E+14   0.1724539778965E-16
  0.1500900000000E+14   0.1678025245365E-16
  0.1538590000000E+14   0.1623751917997E-16
  0.1577220000000E+14   0.1569653237221E-16
  0.1616830000000E+14   0.1492587992033E-16
  0.1657430000000E+14   0.1404479999735E-16
  0.1699050000000E+14   0.1311910007938E-16
  0.1741720000000E+14   0.1202400536858E-16
  0.1785460000000E+14   0.1099749907495E-16
  0.1830290000000E+14   0.9936159022876E-17
  0.1876260000000E+14   0.8943025245721E-17
  0.1923370000000E+14   0.8055365417134E-17
  0.1971670000000E+14   0.7249301336472E-17
  0.2021180000000E+14   0.6544721588557E-17
  0.2071940000000E+14   0.5981794156793E-17
  0.2123970000000E+14   0.5466017789069E-17
  0.2177310000000E+14   0.5352584938619E-17
  0.2231980000000E+14   0.5236879529760E-17
  0.2288030000000E+14   0.5242291603989E-17
  0.2345490000000E+14   0.5283339700865E-17
  0.2404390000000E+14   0.5343239798753E-17
  0.2464770000000E+14   0.5443590333187E-17
  0.2526660000000E+14   0.5521820949535E-17
  0.2590110000000E+14   0.5623028464774E-17
  0.2655150000000E+14   0.5698368983119E-17
  0.2721830000000E+14   0.5836074155482E-17
  0.2790180000000E+14   0.5973880525154E-17
  0.2860240000000E+14   0.6052853633213E-17
  0.2932070000000E+14   0.6067800343211E-17
  0.3005700000000E+14   0.6058920175328E-17
  0.3081180000000E+14   0.5927840825611E-17
  0.3158550000000E+14   0.5801809885983E-17
  0.3237870000000E+14   0.5222505379683E-17
  0.3319170000000E+14   0.4543088244739E-17
  0.3402530000000E+14   0.3917075206435E-17
  0.3487970000000E+14   0.3339909496461E-17
  0.3575560000000E+14   0.2800585120091E-17
  0.3665350000000E+14   0.2315613852637E-17
  0.3757390000000E+14   0.1845424927871E-17
  0.3851740000000E+14   0.1559777297615E-17
  0.3948470000000E+14   0.1324601875000E-17
  0.4047620000000E+14   0.1170476129974E-17
  0.4149260000000E+14   0.1116325773080E-17
  0.4253460000000E+14   0.1069454003245E-17
  0.4360270000000E+14   0.1057306987968E-17
  0.4469770000000E+14   0.1046895945256E-17
  0.4582010000000E+14   0.1038445341283E-17
  0.4697070000000E+14   0.1031396590934E-17
  0.4815020000000E+14   0.1024365305703E-17
  0.4935940000000E+14   0.1017195705134E-17
  0.5059890000000E+14   0.1010954106589E-17
  0.5186950000000E+14   0.1006156965282E-17
  0.5317200000000E+14   0.1001790951489E-17
  0.5450730000000E+14   0.9994260160393E-18
  0.6258450000000E+14   0.9990878664558E-18
  0.7185870000000E+14   0.1008272786041E-17
  0.8250720000000E+14   0.1008023113217E-17
  0.9473370000000E+14   0.9953192101521E-18
  0.1087720000000E+15   0.9766297461451E-18
  0.1248910000000E+15   0.9612313833428E-18
  0.1433980000000E+15   0.9567465824613E-18
  0.1646470000000E+15   0.9705249013204E-18
  0.1890460000000E+15   0.1009856198219E-17
  0.2170600000000E+15   0.1076175911756E-17
  0.2492250000000E+15   0.1170898648892E-17
  0.2861570000000E+15   0.1292368624740E-17
  0.3285620000000E+15   0.1434251802559E-17
  0.3772500000000E+15   0.1585577906160E-17
  0.4331540000000E+15   0.1728861644021E-17
  0.4973410000000E+15   0.1840257423021E-17
  0.5710410000000E+15   0.1893060795986E-17
  0.6556610000000E+15   0.1863844823585E-17
  0.7528220000000E+15   0.1739107392410E-17
  0.8643800000000E+15   0.1522477172372E-17
  0.9924690000000E+15   0.1236758720798E-17
  0.1139540000000E+16   0.9192392148232E-18
  0.1308400000000E+16   0.6174489226122E-18
  0.1502290000000E+16   0.3683917008479E-18
  0.1724910000000E+16   0.1916341485508E-18
  0.1980520000000E+16   0.8504002559872E-19
  0.2274010000000E+16   0.3147435414913E-19
  0.2610990000000E+16   0.9454908296621E-20
  0.2997900000000E+16   0.2235065618305E-20
