mstar = 2 Msun, Rstar = 2.5 Rsun, Tstar = 10000, mdisk = 0.0064222 Msun, Rc = 150 AU, Rin = 0.5 AU, Rout = 250 AU, inclination = 45 degree, powerlaw = -1 
         130
  
  0.2997900000000E+11   0.8211125134333E-23
  0.3951060000000E+11   0.1870793196910E-22
  0.5207280000000E+11   0.4257795945390E-22
  0.6862910000000E+11   0.9675679863408E-22
  0.9044930000000E+11   0.2194142998090E-21
  0.1192070000000E+12   0.4961471733659E-21
  0.1571080000000E+12   0.1117632365660E-20
  0.2070600000000E+12   0.2504756408948E-20
  0.2728930000000E+12   0.5575174632656E-20
  0.3596580000000E+12   0.1340845501083E-19
  0.4740100000000E+12   0.3846342337392E-19
  0.6247180000000E+12   0.1084818468981E-18
  0.8233440000000E+12   0.2984086828681E-18
  0.1085120000000E+13   0.7939820168553E-18
  0.1430130000000E+13   0.2012604151364E-17
  0.1884830000000E+13   0.4766221859474E-17
  0.2484100000000E+13   0.1023611854032E-16
  0.3273910000000E+13   0.1903857263494E-16
  0.4314820000000E+13   0.2904035634811E-16
  0.5686700000000E+13   0.3443653017803E-16
  0.7494750000000E+13   0.3230047312547E-16
  0.7682960000000E+13   0.3186848948707E-16
  0.7875890000000E+13   0.3140854123045E-16
  0.8073670000000E+13   0.3092106046406E-16
  0.8276410000000E+13   0.3041086165903E-16
  0.8484250000000E+13   0.2988616302149E-16
  0.8697300000000E+13   0.2938672818389E-16
  0.8915700000000E+13   0.2886880102309E-16
  0.9139590000000E+13   0.2839189072568E-16
  0.9369100000000E+13   0.2790950729755E-16
  0.9604380000000E+13   0.2744524948253E-16
  0.9845560000000E+13   0.2699817984027E-16
  0.1009280000000E+14   0.2653865306654E-16
  0.1034620000000E+14   0.2608843256050E-16
  0.1060610000000E+14   0.2561964820198E-16
  0.1087240000000E+14   0.2519256943842E-16
  0.1114540000000E+14   0.2475498020205E-16
  0.1142530000000E+14   0.2433180396295E-16
  0.1171220000000E+14   0.2391568442305E-16
  0.1200630000000E+14   0.2348404439204E-16
  0.1230780000000E+14   0.2305493575241E-16
  0.1261690000000E+14   0.2260416378614E-16
  0.1293370000000E+14   0.2220578837769E-16
  0.1325850000000E+14   0.2179160608738E-16
  0.1359150000000E+14   0.2138773628975E-16
  0.1393280000000E+14   0.2098373668271E-16
  0.1428260000000E+14   0.2057937798786E-16
  0.1464130000000E+14   0.2021995298423E-16
  0.1500900000000E+14   0.1983316259352E-16
  0.1538590000000E+14   0.1931912338383E-16
  0.1577220000000E+14   0.1878783601741E-16
  0.1616830000000E+14   0.1792551479417E-16
  0.1657430000000E+14   0.1689870335088E-16
  0.1699050000000E+14   0.1579883922629E-16
  0.1741720000000E+14   0.1445777408957E-16
  0.1785460000000E+14   0.1319896053091E-16
  0.1830290000000E+14   0.1188198845930E-16
  0.1876260000000E+14   0.1064754423851E-16
  0.1923370000000E+14   0.9547677658317E-17
  0.1971670000000E+14   0.8550634685353E-17
  0.2021180000000E+14   0.7684711535098E-17
  0.2071940000000E+14   0.7005772181048E-17
  0.2123970000000E+14   0.6384432768227E-17
  0.2177310000000E+14   0.6306055583399E-17
  0.2231980000000E+14   0.6214360990017E-17
  0.2288030000000E+14   0.6274518196131E-17
  0.2345490000000E+14   0.6368421165426E-17
  0.2404390000000E+14   0.6473413546370E-17
  0.2464770000000E+14   0.6617630217538E-17
  0.2526660000000E+14   0.6722328407174E-17
  0.2590110000000E+14   0.6846618438425E-17
  0.2655150000000E+14   0.6931368676990E-17
  0.2721830000000E+14   0.7087049733314E-17
  0.2790180000000E+14   0.7237729791577E-17
  0.2860240000000E+14   0.7313010640884E-17
  0.2932070000000E+14   0.7308292712438E-17
  0.3005700000000E+14   0.7273275033124E-17
  0.3081180000000E+14   0.7090420660012E-17
  0.3158550000000E+14   0.6913628112806E-17
  0.3237870000000E+14   0.6194873969930E-17
  0.3319170000000E+14   0.5358987379425E-17
  0.3402530000000E+14   0.4589917611043E-17
  0.3487970000000E+14   0.3881952858951E-17
  0.3575560000000E+14   0.3222038399949E-17
  0.3665350000000E+14   0.2629919973792E-17
  0.3757390000000E+14   0.2058391759830E-17
  0.3851740000000E+14   0.1711129969929E-17
  0.3948470000000E+14   0.1428996063164E-17
  0.4047620000000E+14   0.1248803711967E-17
  0.4149260000000E+14   0.1186145725388E-17
  0.4253460000000E+14   0.1133507449490E-17
  0.4360270000000E+14   0.1118538223666E-17
  0.4469770000000E+14   0.1105812124898E-17
  0.4582010000000E+14   0.1095538475660E-17
  0.4697070000000E+14   0.1087125331935E-17
  0.4815020000000E+14   0.1079188526166E-17
  0.4935940000000E+14   0.1071586402436E-17
  0.5059890000000E+14   0.1065332161948E-17
  0.5186950000000E+14   0.1060857036614E-17
  0.5317200000000E+14   0.1057152846535E-17
  0.5450730000000E+14   0.1055609546823E-17
  0.6258450000000E+14   0.1062054985864E-17
  0.7185870000000E+14   0.1078146628026E-17
  0.8250720000000E+14   0.1082420359556E-17
  0.9473370000000E+14   0.1069521847995E-17
  0.1087720000000E+15   0.1044485619192E-17
  0.1248910000000E+15   0.1017146570894E-17
  0.1433980000000E+15   0.9971811663956E-18
  0.1646470000000E+15   0.9947134416518E-18
  0.1890460000000E+15   0.1019700660880E-17
  0.2170600000000E+15   0.1075194191931E-17
  0.2492250000000E+15   0.1163397970826E-17
  0.2861570000000E+15   0.1282411875765E-17
  0.3285620000000E+15   0.1424931190144E-17
  0.3772500000000E+15   0.1578487567459E-17
  0.4331540000000E+15   0.1724132109029E-17
  0.4973410000000E+15   0.1837087677262E-17
  0.5710410000000E+15   0.1890316230130E-17
  0.6556610000000E+15   0.1860550079060E-17
  0.7528220000000E+15   0.1734405058634E-17
  0.8643800000000E+15   0.1516779523387E-17
  0.9924690000000E+15   0.1231534092002E-17
  0.1139540000000E+16   0.9138809439864E-18
  0.1308400000000E+16   0.6140724864526E-18
  0.1502290000000E+16   0.3667262211614E-18
  0.1724910000000E+16   0.1909843452227E-18
  0.1980520000000E+16   0.8473572807618E-19
  0.2274010000000E+16   0.3136432599702E-19
  0.2610990000000E+16   0.9422465043266E-20
  0.2997900000000E+16   0.2227505134440E-20
