         130
  
  0.2997900000000E+11   0.4894883022777E-23
  0.3951060000000E+11   0.1114892108653E-22
  0.5207280000000E+11   0.2537167943541E-22
  0.6862910000000E+11   0.5766208350940E-22
  0.9044930000000E+11   0.1308005166172E-21
  0.1192070000000E+12   0.2959329509158E-21
  0.1571080000000E+12   0.6671790403289E-21
  0.2070600000000E+12   0.1497000698091E-20
  0.2728930000000E+12   0.3337519136676E-20
  0.3596580000000E+12   0.8045428850647E-20
  0.4740100000000E+12   0.2316149427819E-19
  0.6247180000000E+12   0.6566895972898E-19
  0.8233440000000E+12   0.1820625703619E-18
  0.1085120000000E+13   0.4902118027931E-18
  0.1430130000000E+13   0.1265549168054E-17
  0.1884830000000E+13   0.3083851201706E-17
  0.2484100000000E+13   0.6926327603064E-17
  0.3273910000000E+13   0.1380217654814E-16
  0.4314820000000E+13   0.2327116374614E-16
  0.5686700000000E+13   0.3112401141719E-16
  0.7494750000000E+13   0.3170401255116E-16
  0.7682960000000E+13   0.3137014534454E-16
  0.7875890000000E+13   0.3097942562191E-16
  0.8073670000000E+13   0.3053421102868E-16
  0.8276410000000E+13   0.3004197766881E-16
  0.8484250000000E+13   0.2951372093890E-16
  0.8697300000000E+13   0.2899003722795E-16
  0.8915700000000E+13   0.2843181700796E-16
  0.9139590000000E+13   0.2789736530556E-16
  0.9369100000000E+13   0.2734654396602E-16
  0.9604380000000E+13   0.2680411217617E-16
  0.9845560000000E+13   0.2627220981165E-16
  0.1009280000000E+14   0.2572763372521E-16
  0.1034620000000E+14   0.2519256767681E-16
  0.1060610000000E+14   0.2464481746655E-16
  0.1087240000000E+14   0.2413950163968E-16
  0.1114540000000E+14   0.2363224926210E-16
  0.1142530000000E+14   0.2314616909060E-16
  0.1171220000000E+14   0.2267558317063E-16
  0.1200630000000E+14   0.2220068295570E-16
  0.1230780000000E+14   0.2173744933471E-16
  0.1261690000000E+14   0.2126376870646E-16
  0.1293370000000E+14   0.2084611018986E-16
  0.1325850000000E+14   0.2042224869065E-16
  0.1359150000000E+14   0.2001510374813E-16
  0.1393280000000E+14   0.1961430668545E-16
  0.1428260000000E+14   0.1921877777601E-16
  0.1464130000000E+14   0.1886965824165E-16
  0.1500900000000E+14   0.1849934837972E-16
  0.1538590000000E+14   0.1801383355521E-16
  0.1577220000000E+14   0.1751446725284E-16
  0.1616830000000E+14   0.1670778261489E-16
  0.1657430000000E+14   0.1574831724123E-16
  0.1699050000000E+14   0.1472113003127E-16
  0.1741720000000E+14   0.1346932746959E-16
  0.1785460000000E+14   0.1229477693354E-16
  0.1830290000000E+14   0.1106661213277E-16
  0.1876260000000E+14   0.9916066619974E-17
  0.1923370000000E+14   0.8891223257385E-17
  0.1971670000000E+14   0.7962570368756E-17
  0.2021180000000E+14   0.7156181168729E-17
  0.2071940000000E+14   0.6523433885919E-17
  0.2123970000000E+14   0.5944326975702E-17
  0.2177310000000E+14   0.5868552794741E-17
  0.2231980000000E+14   0.5781947487325E-17
  0.2288030000000E+14   0.5838190595808E-17
  0.2345490000000E+14   0.5927571733352E-17
  0.2404390000000E+14   0.6028528937994E-17
  0.2464770000000E+14   0.6167011300997E-17
  0.2526660000000E+14   0.6268917419589E-17
  0.2590110000000E+14   0.6389673413469E-17
  0.2655150000000E+14   0.6473536399665E-17
  0.2721830000000E+14   0.6624509338493E-17
  0.2790180000000E+14   0.6770870080917E-17
  0.2860240000000E+14   0.6846304088351E-17
  0.2932070000000E+14   0.6846572136870E-17
  0.3005700000000E+14   0.6818361328483E-17
  0.3081180000000E+14   0.6650869830041E-17
  0.3158550000000E+14   0.6489068741843E-17
  0.3237870000000E+14   0.5816735057459E-17
  0.3319170000000E+14   0.5034279616742E-17
  0.3402530000000E+14   0.4314892309384E-17
  0.3487970000000E+14   0.3653577271285E-17
  0.3575560000000E+14   0.3037109544805E-17
  0.3665350000000E+14   0.2484161341585E-17
  0.3757390000000E+14   0.1950919721302E-17
  0.3851740000000E+14   0.1628065082728E-17
  0.3948470000000E+14   0.1365713989282E-17
  0.4047620000000E+14   0.1197892534272E-17
  0.4149260000000E+14   0.1140685979723E-17
  0.4253460000000E+14   0.1092505780896E-17
  0.4360270000000E+14   0.1080327588143E-17
  0.4469770000000E+14   0.1070095314217E-17
  0.4582010000000E+14   0.1062019096334E-17
  0.4697070000000E+14   0.1055529371427E-17
  0.4815020000000E+14   0.1049270286313E-17
  0.4935940000000E+14   0.1043102080719E-17
  0.5059890000000E+14   0.1038039505362E-17
  0.5186950000000E+14   0.1034534702138E-17
  0.5317200000000E+14   0.1031602034684E-17
  0.5450730000000E+14   0.1030663741317E-17
  0.6258450000000E+14   0.1038356834095E-17
  0.7185870000000E+14   0.1053993500731E-17
  0.8250720000000E+14   0.1057646151430E-17
  0.9473370000000E+14   0.1045028158390E-17
  0.1087720000000E+15   0.1021866520095E-17
  0.1248910000000E+15   0.9981686494192E-18
  0.1433980000000E+15   0.9833737973559E-18
  0.1646470000000E+15   0.9869354249893E-18
  0.1890460000000E+15   0.1017759517408E-17
  0.2170600000000E+15   0.1077792434336E-17
  0.2492250000000E+15   0.1168522261310E-17
  0.2861570000000E+15   0.1288192730294E-17
  0.3285620000000E+15   0.1430063668100E-17
  0.3772500000000E+15   0.1582274099044E-17
  0.4331540000000E+15   0.1726505980084E-17
  0.4973410000000E+15   0.1838518783972E-17
  0.5710410000000E+15   0.1891455449267E-17
  0.6556610000000E+15   0.1861892166500E-17
  0.7528220000000E+15   0.1736323446511E-17
  0.8643800000000E+15   0.1519105966663E-17
  0.9924690000000E+15   0.1233667458735E-17
  0.1139540000000E+16   0.9160678868184E-18
  0.1308400000000E+16   0.6154507072811E-18
  0.1502290000000E+16   0.3674062417124E-18
  0.1724910000000E+16   0.1912497510254E-18
  0.1980520000000E+16   0.8486000850286E-19
  0.2274010000000E+16   0.3140926451778E-19
  0.2610990000000E+16   0.9435716012896E-20
  0.2997900000000E+16   0.2230593147505E-20
