mstar = 2 Msun, Rstar = 2.5 Rsun, Tstar = 10000, mdisk = 0.0010545 Msun, Rc = 150 AU, Rin = 0.5 AU, Rout = 250 AU, inclination = 45 degree, powerlaw = -1 
         130
  
  0.2997900000000E+11   0.1623082477679E-23
  0.3951060000000E+11   0.3688389467694E-23
  0.5207280000000E+11   0.8381077409147E-23
  0.6862910000000E+11   0.1903190624019E-22
  0.9044930000000E+11   0.4316309464196E-22
  0.1192070000000E+12   0.9769520212782E-22
  0.1571080000000E+12   0.2204862766002E-21
  0.2070600000000E+12   0.4956133923108E-21
  0.2728930000000E+12   0.1107941177885E-20
  0.3596580000000E+12   0.2681087157656E-20
  0.4740100000000E+12   0.7762313816423E-20
  0.6247180000000E+12   0.2219161199649E-19
  0.8233440000000E+12   0.6226956813798E-19
  0.1085120000000E+13   0.1706379238716E-18
  0.1430130000000E+13   0.4521451200036E-18
  0.1884830000000E+13   0.1145840865861E-17
  0.2484100000000E+13   0.2732887544194E-17
  0.3273910000000E+13   0.5975094159812E-17
  0.4314820000000E+13   0.1161771958014E-16
  0.5686700000000E+13   0.1909639422456E-16
  0.7494750000000E+13   0.2488182454609E-16
  0.7682960000000E+13   0.2514449302370E-16
  0.7875890000000E+13   0.2534129410232E-16
  0.8073670000000E+13   0.2546690176339E-16
  0.8276410000000E+13   0.2552284944800E-16
  0.8484250000000E+13   0.2551603682841E-16
  0.8697300000000E+13   0.2549100725313E-16
  0.8915700000000E+13   0.2539309485228E-16
  0.9139590000000E+13   0.2528922686468E-16
  0.9369100000000E+13   0.2512506582119E-16
  0.9604380000000E+13   0.2492686789497E-16
  0.9845560000000E+13   0.2469374700766E-16
  0.1009280000000E+14   0.2439779815288E-16
  0.1034620000000E+14   0.2406426846146E-16
  0.1060610000000E+14   0.2367089775852E-16
  0.1087240000000E+14   0.2327689206779E-16
  0.1114540000000E+14   0.2283874372849E-16
  0.1142530000000E+14   0.2238286512828E-16
  0.1171220000000E+14   0.2190729337146E-16
  0.1200630000000E+14   0.2139885933518E-16
  0.1230780000000E+14   0.2087721610999E-16
  0.1261690000000E+14   0.2032869760491E-16
  0.1293370000000E+14   0.1981338841133E-16
  0.1325850000000E+14   0.1928377255892E-16
  0.1359150000000E+14   0.1876299686377E-16
  0.1393280000000E+14   0.1824685796857E-16
  0.1428260000000E+14   0.1773817759487E-16
  0.1464130000000E+14   0.1727157786571E-16
  0.1500900000000E+14   0.1679772484395E-16
  0.1538590000000E+14   0.1624665443274E-16
  0.1577220000000E+14   0.1569710419459E-16
  0.1616830000000E+14   0.1492269928466E-16
  0.1657430000000E+14   0.1404088143457E-16
  0.1699050000000E+14   0.1311625273706E-16
  0.1741720000000E+14   0.1202646208432E-16
  0.1785460000000E+14   0.1100466925237E-16
  0.1830290000000E+14   0.9949285923261E-17
  0.1876260000000E+14   0.8961214824119E-17
  0.1923370000000E+14   0.8077026036912E-17
  0.1971670000000E+14   0.7273264381452E-17
  0.2021180000000E+14   0.6569818124824E-17
  0.2071940000000E+14   0.6006587952797E-17
  0.2123970000000E+14   0.5490326286079E-17
  0.2177310000000E+14   0.5372396220667E-17
  0.2231980000000E+14   0.5251935840540E-17
  0.2288030000000E+14   0.5250559957589E-17
  0.2345490000000E+14   0.5284134449498E-17
  0.2404390000000E+14   0.5336471202767E-17
  0.2464770000000E+14   0.5428964148539E-17
  0.2526660000000E+14   0.5500511718474E-17
  0.2590110000000E+14   0.5595554250741E-17
  0.2655150000000E+14   0.5666154609644E-17
  0.2721830000000E+14   0.5799072735613E-17
  0.2790180000000E+14   0.5932991099299E-17
  0.2860240000000E+14   0.6009407792533E-17
  0.2932070000000E+14   0.6022924775688E-17
  0.3005700000000E+14   0.6013085302467E-17
  0.3081180000000E+14   0.5882597592396E-17
  0.3158550000000E+14   0.5757181725653E-17
  0.3237870000000E+14   0.5183678504835E-17
  0.3319170000000E+14   0.4511388194824E-17
  0.3402530000000E+14   0.3892444624939E-17
  0.3487970000000E+14   0.3322575346248E-17
  0.3575560000000E+14   0.2790242688989E-17
  0.3665350000000E+14   0.2311354695879E-17
  0.3757390000000E+14   0.1846966101429E-17
  0.3851740000000E+14   0.1564348395115E-17
  0.3948470000000E+14   0.1330904235074E-17
  0.4047620000000E+14   0.1176531597733E-17
  0.4149260000000E+14   0.1121583905547E-17
  0.4253460000000E+14   0.1073723245598E-17
  0.4360270000000E+14   0.1061023160020E-17
  0.4469770000000E+14   0.1050061162115E-17
  0.4582010000000E+14   0.1041072810654E-17
  0.4697070000000E+14   0.1033493596653E-17
  0.4815020000000E+14   0.1025918043515E-17
  0.4935940000000E+14   0.1018190392305E-17
  0.5059890000000E+14   0.1011402610481E-17
  0.5186950000000E+14   0.1006088864261E-17
  0.5317200000000E+14   0.1001217774712E-17
  0.5450730000000E+14   0.9984007313078E-18
  0.6258450000000E+14   0.9960933037073E-18
  0.7185870000000E+14   0.1004100808670E-17
  0.8250720000000E+14   0.1003212383140E-17
  0.9473370000000E+14   0.9904537070198E-18
  0.1087720000000E+15   0.9723300190325E-18
  0.1248910000000E+15   0.9579771794352E-18
  0.1433980000000E+15   0.9547308261792E-18
  0.1646470000000E+15   0.9696148704139E-18
  0.1890460000000E+15   0.1009692828709E-17
  0.2170600000000E+15   0.1076378286213E-17
  0.2492250000000E+15   0.1171235317125E-17
  0.2861570000000E+15   0.1292760447752E-17
  0.3285620000000E+15   0.1434638483673E-17
  0.3772500000000E+15   0.1585883270788E-17
  0.4331540000000E+15   0.1729066176991E-17
  0.4973410000000E+15   0.1840394235669E-17
  0.5710410000000E+15   0.1893173127378E-17
  0.6556610000000E+15   0.1863970109165E-17
  0.7528220000000E+15   0.1739279910718E-17
  0.8643800000000E+15   0.1522684450203E-17
  0.9924690000000E+15   0.1236948602305E-17
  0.1139540000000E+16   0.9194340832343E-18
  0.1308400000000E+16   0.6175716910605E-18
  0.1502290000000E+16   0.3684522283761E-18
  0.1724910000000E+16   0.1916577500895E-18
  0.1980520000000E+16   0.8505107908044E-19
  0.2274010000000E+16   0.3147835070496E-19
  0.2610990000000E+16   0.9456086694417E-20
  0.2997900000000E+16   0.2235340221841E-20
