mstar = 2 Msun, Rstar = 2.5 Rsun, Tstar = 10000, mdisk = 0.0010584 Msun, Rc = 150 AU, Rin = 0.5 AU, Rout = 250 AU, inclination = 45 degree, powerlaw = -1 
         130
  
  0.2997900000000E+11   0.1629048683084E-23
  0.3951060000000E+11   0.3702003013093E-23
  0.5207280000000E+11   0.8412108194022E-23
  0.6862910000000E+11   0.1910254048925E-22
  0.9044930000000E+11   0.4332358343297E-22
  0.1192070000000E+12   0.9805896739535E-22
  0.1571080000000E+12   0.2213081518641E-21
  0.2070600000000E+12   0.4974623842864E-21
  0.2728930000000E+12   0.1112077226514E-20
  0.3596580000000E+12   0.2691101178906E-20
  0.4740100000000E+12   0.7791313504251E-20
  0.6247180000000E+12   0.2227447538562E-19
  0.8233440000000E+12   0.6250169513336E-19
  0.1085120000000E+13   0.1712717268336E-18
  0.1430130000000E+13   0.4538117916642E-18
  0.1884830000000E+13   0.1149999647273E-17
  0.2484100000000E+13   0.2742498181356E-17
  0.3273910000000E+13   0.5994811218576E-17
  0.4314820000000E+13   0.1165141842267E-16
  0.5686700000000E+13   0.1913872017614E-16
  0.7494750000000E+13   0.2491123029445E-16
  0.7682960000000E+13   0.2517147111972E-16
  0.7875890000000E+13   0.2536567771257E-16
  0.8073670000000E+13   0.2548854763979E-16
  0.8276410000000E+13   0.2554164792794E-16
  0.8484250000000E+13   0.2553190689446E-16
  0.8697300000000E+13   0.2550387535014E-16
  0.8915700000000E+13   0.2540293661348E-16
  0.9139590000000E+13   0.2529599780777E-16
  0.9369100000000E+13   0.2512878196339E-16
  0.9604380000000E+13   0.2492754976704E-16
  0.9845560000000E+13   0.2469143997519E-16
  0.1009280000000E+14   0.2439261089621E-16
  0.1034620000000E+14   0.2405630690636E-16
  0.1060610000000E+14   0.2366031683921E-16
  0.1087240000000E+14   0.2326381051848E-16
  0.1114540000000E+14   0.2282335364962E-16
  0.1142530000000E+14   0.2236533895267E-16
  0.1171220000000E+14   0.2188782711511E-16
  0.1200630000000E+14   0.2137768502928E-16
  0.1230780000000E+14   0.2085454183423E-16
  0.1261690000000E+14   0.2030475353416E-16
  0.1293370000000E+14   0.1978833815102E-16
  0.1325850000000E+14   0.1925783412677E-16
  0.1359150000000E+14   0.1873635340559E-16
  0.1393280000000E+14   0.1821968458801E-16
  0.1428260000000E+14   0.1771065078922E-16
  0.1464130000000E+14   0.1724382061386E-16
  0.1500900000000E+14   0.1676987279250E-16
  0.1538590000000E+14   0.1621886040233E-16
  0.1577220000000E+14   0.1566945677096E-16
  0.1616830000000E+14   0.1489532421100E-16
  0.1657430000000E+14   0.1401386509857E-16
  0.1699050000000E+14   0.1308968610040E-16
  0.1741720000000E+14   0.1200051541385E-16
  0.1785460000000E+14   0.1097943771040E-16
  0.1830290000000E+14   0.9924923478353E-17
  0.1876260000000E+14   0.8937843009130E-17
  0.1923370000000E+14   0.8054696919506E-17
  0.1971670000000E+14   0.7252017544895E-17
  0.2021180000000E+14   0.6549591208899E-17
  0.2071940000000E+14   0.5987251649120E-17
  0.2123970000000E+14   0.5471920921989E-17
  0.2177310000000E+14   0.5354023587383E-17
  0.2231980000000E+14   0.5233726726956E-17
  0.2288030000000E+14   0.5232421504567E-17
  0.2345490000000E+14   0.5266104360480E-17
  0.2404390000000E+14   0.5318617203675E-17
  0.2464770000000E+14   0.5411329082616E-17
  0.2526660000000E+14   0.5483208549261E-17
  0.2590110000000E+14   0.5578611215711E-17
  0.2655150000000E+14   0.5649629104245E-17
  0.2721830000000E+14   0.5782990204858E-17
  0.2790180000000E+14   0.5917316511281E-17
  0.2860240000000E+14   0.5994202777574E-17
  0.2932070000000E+14   0.6008209218153E-17
  0.3005700000000E+14   0.5998886546087E-17
  0.3081180000000E+14   0.5869008600629E-17
  0.3158550000000E+14   0.5744199756812E-17
  0.3237870000000E+14   0.5171777866586E-17
  0.3319170000000E+14   0.4500624750974E-17
  0.3402530000000E+14   0.3882675297801E-17
  0.3487970000000E+14   0.3313687334512E-17
  0.3575560000000E+14   0.2782103360616E-17
  0.3665350000000E+14   0.2303811411822E-17
  0.3757390000000E+14   0.1840453680618E-17
  0.3851740000000E+14   0.1558592089750E-17
  0.3948470000000E+14   0.1325587028899E-17
  0.4047620000000E+14   0.1171534262578E-17
  0.4149260000000E+14   0.1116744449085E-17
  0.4253460000000E+14   0.1069009438127E-17
  0.4360270000000E+14   0.1056411224127E-17
  0.4469770000000E+14   0.1045547680044E-17
  0.4582010000000E+14   0.1036655255880E-17
  0.4697070000000E+14   0.1029170327052E-17
  0.4815020000000E+14   0.1021686510693E-17
  0.4935940000000E+14   0.1014047212033E-17
  0.5059890000000E+14   0.1007346723569E-17
  0.5186950000000E+14   0.1002121995853E-17
  0.5317200000000E+14   0.9973397759898E-18
  0.5450730000000E+14   0.9946176899230E-18
  0.6258450000000E+14   0.9929218461797E-18
  0.7185870000000E+14   0.1001709789008E-17
  0.8250720000000E+14   0.1001686904027E-17
  0.9473370000000E+14   0.9897661303879E-18
  0.1087720000000E+15   0.9723456852343E-18
  0.1248910000000E+15   0.9584768568305E-18
  0.1433980000000E+15   0.9554734586076E-18
  0.1646470000000E+15   0.9704029047971E-18
  0.1890460000000E+15   0.1010404949646E-17
  0.2170600000000E+15   0.1076953936214E-17
  0.2492250000000E+15   0.1171658141237E-17
  0.2861570000000E+15   0.1293041971561E-17
  0.3285620000000E+15   0.1434804951739E-17
  0.3772500000000E+15   0.1585968995853E-17
  0.4331540000000E+15   0.1729103140345E-17
  0.4973410000000E+15   0.1840405971989E-17
  0.5710410000000E+15   0.1893173201498E-17
  0.6556610000000E+15   0.1863964483103E-17
  0.7528220000000E+15   0.1739269824614E-17
  0.8643800000000E+15   0.1522671839525E-17
  0.9924690000000E+15   0.1236936997420E-17
  0.1139540000000E+16   0.9194221665565E-18
  0.1308400000000E+16   0.6175641831366E-18
  0.1502290000000E+16   0.3684485268515E-18
  0.1724910000000E+16   0.1916563067788E-18
  0.1980520000000E+16   0.8505040312196E-19
  0.2274010000000E+16   0.3147810630215E-19
  0.2610990000000E+16   0.9456014631513E-20
  0.2997900000000E+16   0.2235323428945E-20
