mstar = 2 Msun, Rstar = 2.5 Rsun, Tstar = 10000, mdisk = 0.0076116 Msun, Rc = 150 AU, Rin = 0.5 AU, Rout = 250 AU, inclination = 45 degree, powerlaw = -1 
         130
  
  0.2997900000000E+11   0.9576645504898E-23
  0.3951060000000E+11   0.2181996849187E-22
  0.5207280000000E+11   0.4966020967505E-22
  0.6862910000000E+11   0.1128438392824E-21
  0.9044930000000E+11   0.2558638711333E-21
  0.1192070000000E+12   0.5784595319200E-21
  0.1571080000000E+12   0.1302698432277E-20
  0.2070600000000E+12   0.2918415803738E-20
  0.2728930000000E+12   0.6492580106486E-20
  0.3596580000000E+12   0.1560334223478E-19
  0.4740100000000E+12   0.4470689950085E-19
  0.6247180000000E+12   0.1258673013282E-18
  0.8233440000000E+12   0.3452986626819E-18
  0.1085120000000E+13   0.9149106848967E-18
  0.1430130000000E+13   0.2303987205865E-17
  0.1884830000000E+13   0.5400053393290E-17
  0.2484100000000E+13   0.1141042437673E-16
  0.3273910000000E+13   0.2070898546847E-16
  0.4314820000000E+13   0.3055208242479E-16
  0.5686700000000E+13   0.3504624049803E-16
  0.7494750000000E+13   0.3252615677322E-16
  0.7682960000000E+13   0.3210881564805E-16
  0.7875890000000E+13   0.3166848357420E-16
  0.8073670000000E+13   0.3120424901841E-16
  0.8276410000000E+13   0.3071973996771E-16
  0.8484250000000E+13   0.3022224139360E-16
  0.8697300000000E+13   0.2975203627636E-16
  0.8915700000000E+13   0.2926264520342E-16
  0.9139590000000E+13   0.2881514444967E-16
  0.9369100000000E+13   0.2836031453367E-16
  0.9604380000000E+13   0.2792209124743E-16
  0.9845560000000E+13   0.2749894877176E-16
  0.1009280000000E+14   0.2705970385039E-16
  0.1034620000000E+14   0.2662677899027E-16
  0.1060610000000E+14   0.2617128528304E-16
  0.1087240000000E+14   0.2575558455659E-16
  0.1114540000000E+14   0.2532583465127E-16
  0.1142530000000E+14   0.2490793294950E-16
  0.1171220000000E+14   0.2449452537042E-16
  0.1200630000000E+14   0.2406268236913E-16
  0.1230780000000E+14   0.2363128241200E-16
  0.1261690000000E+14   0.2317579294263E-16
  0.1293370000000E+14   0.2277235577048E-16
  0.1325850000000E+14   0.2235130560867E-16
  0.1359150000000E+14   0.2193960734009E-16
  0.1393280000000E+14   0.2152670520554E-16
  0.1428260000000E+14   0.2111253906933E-16
  0.1464130000000E+14   0.2074350788897E-16
  0.1500900000000E+14   0.2034580988215E-16
  0.1538590000000E+14   0.1981742454913E-16
  0.1577220000000E+14   0.1927089025833E-16
  0.1616830000000E+14   0.1838557721997E-16
  0.1657430000000E+14   0.1733178565488E-16
  0.1699050000000E+14   0.1620306658184E-16
  0.1741720000000E+14   0.1482768222249E-16
  0.1785460000000E+14   0.1353625541699E-16
  0.1830290000000E+14   0.1218549842861E-16
  0.1876260000000E+14   0.1091927545788E-16
  0.1923370000000E+14   0.9790743175789E-17
  0.1971670000000E+14   0.8767531941335E-17
  0.2021180000000E+14   0.7878544473943E-17
  0.2071940000000E+14   0.7180804737908E-17
  0.2123970000000E+14   0.6542065608781E-17
  0.2177310000000E+14   0.6457974838073E-17
  0.2231980000000E+14   0.6360056338034E-17
  0.2288030000000E+14   0.6416684191200E-17
  0.2345490000000E+14   0.6507452963636E-17
  0.2404390000000E+14   0.6609277293274E-17
  0.2464770000000E+14   0.6750825983077E-17
  0.2526660000000E+14   0.6851991394161E-17
  0.2590110000000E+14   0.6973053722318E-17
  0.2655150000000E+14   0.7053964593415E-17
  0.2721830000000E+14   0.7207065414408E-17
  0.2790180000000E+14   0.7355051412236E-17
  0.2860240000000E+14   0.7426315108814E-17
  0.2932070000000E+14   0.7416518786594E-17
  0.3005700000000E+14   0.7376166554037E-17
  0.3081180000000E+14   0.7186384876435E-17
  0.3158550000000E+14   0.7003046572532E-17
  0.3237870000000E+14   0.6272251292908E-17
  0.3319170000000E+14   0.5423229458131E-17
  0.3402530000000E+14   0.4642193489024E-17
  0.3487970000000E+14   0.3924071886646E-17
  0.3575560000000E+14   0.3254842273492E-17
  0.3665350000000E+14   0.2654604672637E-17
  0.3757390000000E+14   0.2075633542127E-17
  0.3851740000000E+14   0.1723363868083E-17
  0.3948470000000E+14   0.1437098205982E-17
  0.4047620000000E+14   0.1253833044735E-17
  0.4149260000000E+14   0.1189762635042E-17
  0.4253460000000E+14   0.1136002123999E-17
  0.4360270000000E+14   0.1120417956122E-17
  0.4469770000000E+14   0.1107187381964E-17
  0.4582010000000E+14   0.1096517938677E-17
  0.4697070000000E+14   0.1087809126868E-17
  0.4815020000000E+14   0.1079664541296E-17
  0.4935940000000E+14   0.1071940707097E-17
  0.5059890000000E+14   0.1065653482011E-17
  0.5186950000000E+14   0.1061223928260E-17
  0.5317200000000E+14   0.1057633550107E-17
  0.5450730000000E+14   0.1056262722300E-17
  0.6258450000000E+14   0.1064387367005E-17
  0.7185870000000E+14   0.1082662992752E-17
  0.8250720000000E+14   0.1088940137775E-17
  0.9473370000000E+14   0.1077357682771E-17
  0.1087720000000E+15   0.1052624064211E-17
  0.1248910000000E+15   0.1024467365438E-17
  0.1433980000000E+15   0.1002689411084E-17
  0.1646470000000E+15   0.9978177452104E-18
  0.1890460000000E+15   0.1020420850232E-17
  0.2170600000000E+15   0.1074095590954E-17
  0.2492250000000E+15   0.1161325075885E-17
  0.2861570000000E+15   0.1280133738064E-17
  0.3285620000000E+15   0.1422990653071E-17
  0.3772500000000E+15   0.1577148261215E-17
  0.4331540000000E+15   0.1723355249673E-17
  0.4973410000000E+15   0.1836634309588E-17
  0.5710410000000E+15   0.1889935779102E-17
  0.6556610000000E+15   0.1860079509106E-17
  0.7528220000000E+15   0.1733723506776E-17
  0.8643800000000E+15   0.1515951834138E-17
  0.9924690000000E+15   0.1230775092586E-17
  0.1139540000000E+16   0.9131032217163E-18
  0.1308400000000E+16   0.6135823129209E-18
  0.1502290000000E+16   0.3664843033911E-18
  0.1724910000000E+16   0.1908898972193E-18
  0.1980520000000E+16   0.8469150362489E-19
  0.2274010000000E+16   0.3134833452443E-19
  0.2610990000000E+16   0.9417749571695E-20
  0.2997900000000E+16   0.2226406223528E-20
