mstar = 2 Msun, Rstar = 2.5 Rsun, Tstar = 10000, mdisk = 0.00036407 Msun, Rc = 150 AU, Rin = 0.5 AU, Rout = 250 AU, inclination = 45 degree, powerlaw = -1 
         130
  
  0.2997900000000E+11   0.6444711114304E-24
  0.3951060000000E+11   0.1455978746245E-23
  0.5207280000000E+11   0.3294190836179E-23
  0.6862910000000E+11   0.7457842164540E-23
  0.9044930000000E+11   0.1688059080781E-22
  0.1192070000000E+12   0.3816776779451E-22
  0.1571080000000E+12   0.8612495723684E-22
  0.2070600000000E+12   0.1937268259649E-21
  0.2728930000000E+12   0.4337776890206E-21
  0.3596580000000E+12   0.1052342557439E-20
  0.4740100000000E+12   0.3058300441232E-20
  0.6247180000000E+12   0.8794913911395E-20
  0.8233440000000E+12   0.2488955807265E-19
  0.1085120000000E+13   0.6903420203712E-19
  0.1430130000000E+13   0.1860781460299E-18
  0.1884830000000E+13   0.4831902196581E-18
  0.2484100000000E+13   0.1193436661918E-17
  0.3273910000000E+13   0.2744530709777E-17
  0.4314820000000E+13   0.5744413056462E-17
  0.5686700000000E+13   0.1051162186173E-16
  0.7494750000000E+13   0.1591913771308E-16
  0.7682960000000E+13   0.1634108819236E-16
  0.7875890000000E+13   0.1673242977547E-16
  0.8073670000000E+13   0.1708677240567E-16
  0.8276410000000E+13   0.1740292189675E-16
  0.8484250000000E+13   0.1768431150091E-16
  0.8697300000000E+13   0.1796896553977E-16
  0.8915700000000E+13   0.1820597442463E-16
  0.9139590000000E+13   0.1845567535523E-16
  0.9369100000000E+13   0.1866504664399E-16
  0.9604380000000E+13   0.1885677114334E-16
  0.9845560000000E+13   0.1902751384294E-16
  0.1009280000000E+14   0.1914461857388E-16
  0.1034620000000E+14   0.1922986700238E-16
  0.1060610000000E+14   0.1925461337086E-16
  0.1087240000000E+14   0.1927936055124E-16
  0.1114540000000E+14   0.1925145853816E-16
  0.1142530000000E+14   0.1919612026108E-16
  0.1171220000000E+14   0.1910638079341E-16
  0.1200630000000E+14   0.1896192901890E-16
  0.1230780000000E+14   0.1878148297751E-16
  0.1261690000000E+14   0.1854491669633E-16
  0.1293370000000E+14   0.1832000950472E-16
  0.1325850000000E+14   0.1804753770058E-16
  0.1359150000000E+14   0.1775243422242E-16
  0.1393280000000E+14   0.1742808453505E-16
  0.1428260000000E+14   0.1707708769437E-16
  0.1464130000000E+14   0.1673707446798E-16
  0.1500900000000E+14   0.1635456076618E-16
  0.1538590000000E+14   0.1586200087541E-16
  0.1577220000000E+14   0.1534743550526E-16
  0.1616830000000E+14   0.1459544465173E-16
  0.1657430000000E+14   0.1373351368551E-16
  0.1699050000000E+14   0.1282888603969E-16
  0.1741720000000E+14   0.1176631190667E-16
  0.1785460000000E+14   0.1076910868835E-16
  0.1830290000000E+14   0.9737889579787E-17
  0.1876260000000E+14   0.8769041364784E-17
  0.1923370000000E+14   0.7899248860048E-17
  0.1971670000000E+14   0.7105973882626E-17
  0.2021180000000E+14   0.6410749010224E-17
  0.2071940000000E+14   0.5857578334064E-17
  0.2123970000000E+14   0.5350373450921E-17
  0.2177310000000E+14   0.5255182798150E-17
  0.2231980000000E+14   0.5144311926484E-17
  0.2288030000000E+14   0.5134872522685E-17
  0.2345490000000E+14   0.5140342502866E-17
  0.2404390000000E+14   0.5148084129227E-17
  0.2464770000000E+14   0.5179914196000E-17
  0.2526660000000E+14   0.5189354205268E-17
  0.2590110000000E+14   0.5217732252663E-17
  0.2655150000000E+14   0.5229873228437E-17
  0.2721830000000E+14   0.5298248314250E-17
  0.2790180000000E+14   0.5375586417290E-17
  0.2860240000000E+14   0.5414965543706E-17
  0.2932070000000E+14   0.5410486165838E-17
  0.3005700000000E+14   0.5393202961201E-17
  0.3081180000000E+14   0.5279817539234E-17
  0.3158550000000E+14   0.5174052086834E-17
  0.3237870000000E+14   0.4689248094150E-17
  0.3319170000000E+14   0.4119848180931E-17
  0.3402530000000E+14   0.3594717763295E-17
  0.3487970000000E+14   0.3109748179542E-17
  0.3575560000000E+14   0.2654680332354E-17
  0.3665350000000E+14   0.2241842321818E-17
  0.3757390000000E+14   0.1832653333525E-17
  0.3851740000000E+14   0.1568232507746E-17
  0.3948470000000E+14   0.1324502640567E-17
  0.4047620000000E+14   0.1137684213208E-17
  0.4149260000000E+14   0.1068940250019E-17
  0.4253460000000E+14   0.1006545165743E-17
  0.4360270000000E+14   0.9939917865349E-18
  0.4469770000000E+14   0.9828393111477E-18
  0.4582010000000E+14   0.9736049006280E-18
  0.4697070000000E+14   0.9655788630479E-18
  0.4815020000000E+14   0.9568072394233E-18
  0.4935940000000E+14   0.9471853556855E-18
  0.5059890000000E+14   0.9384612508470E-18
  0.5186950000000E+14   0.9315717778540E-18
  0.5317200000000E+14   0.9250503036588E-18
  0.5450730000000E+14   0.9214149047763E-18
  0.6258450000000E+14   0.9200387584708E-18
  0.7185870000000E+14   0.9358422963780E-18
  0.8250720000000E+14   0.9438698703527E-18
  0.9473370000000E+14   0.9406540439295E-18
  0.1087720000000E+15   0.9329044857690E-18
  0.1248910000000E+15   0.9288663540300E-18
  0.1433980000000E+15   0.9350181831035E-18
  0.1646470000000E+15   0.9578751782125E-18
  0.1890460000000E+15   0.1004074170920E-17
  0.2170600000000E+15   0.1074719569819E-17
  0.2492250000000E+15   0.1171406682623E-17
  0.2861570000000E+15   0.1293446157549E-17
  0.3285620000000E+15   0.1435472219545E-17
  0.3772500000000E+15   0.1586772352099E-17
  0.4331540000000E+15   0.1729852883240E-17
  0.4973410000000E+15   0.1841083491085E-17
  0.5710410000000E+15   0.1893925859460E-17
  0.6556610000000E+15   0.1864962842762E-17
  0.7528220000000E+15   0.1740723342155E-17
  0.8643800000000E+15   0.1524437497945E-17
  0.9924690000000E+15   0.1238556781011E-17
  0.1139540000000E+16   0.9210852329116E-18
  0.1308400000000E+16   0.6186118780383E-18
  0.1502290000000E+16   0.3689649800705E-18
  0.1724910000000E+16   0.1918576487956E-18
  0.1980520000000E+16   0.8514470213042E-19
  0.2274010000000E+16   0.3151220107363E-19
  0.2610990000000E+16   0.9466067477588E-20
  0.2997900000000E+16   0.2237666036920E-20
