         130
  
  0.2997900000000E+11   0.1738877572992E-23
  0.3951060000000E+11   0.3952504163532E-23
  0.5207280000000E+11   0.8982790220801E-23
  0.6862910000000E+11   0.2040062925848E-22
  0.9044930000000E+11   0.4627018647964E-22
  0.1192070000000E+12   0.1047294189627E-21
  0.1571080000000E+12   0.2363542701723E-21
  0.2070600000000E+12   0.5312385977829E-21
  0.2728930000000E+12   0.1187416480408E-20
  0.3596580000000E+12   0.2872824831589E-20
  0.4740100000000E+12   0.8314953082765E-20
  0.6247180000000E+12   0.2376096270694E-19
  0.8233440000000E+12   0.6663033597615E-19
  0.1085120000000E+13   0.1824191631939E-18
  0.1430130000000E+13   0.4827149833037E-18
  0.1884830000000E+13   0.1220901588898E-17
  0.2484100000000E+13   0.2903317182259E-17
  0.3273910000000E+13   0.6319246321628E-17
  0.4314820000000E+13   0.1220206823904E-16
  0.5686700000000E+13   0.1984622080574E-16
  0.7494750000000E+13   0.2547722274056E-16
  0.7682960000000E+13   0.2570733637654E-16
  0.7875890000000E+13   0.2586924457140E-16
  0.8073670000000E+13   0.2595802372536E-16
  0.8276410000000E+13   0.2597564224114E-16
  0.8484250000000E+13   0.2592939855979E-16
  0.8697300000000E+13   0.2586384803586E-16
  0.8915700000000E+13   0.2572515725125E-16
  0.9139590000000E+13   0.2557992165794E-16
  0.9369100000000E+13   0.2537482755981E-16
  0.9604380000000E+13   0.2513622752486E-16
  0.9845560000000E+13   0.2486368355862E-16
  0.1009280000000E+14   0.2453024294778E-16
  0.1034620000000E+14   0.2416120916452E-16
  0.1060610000000E+14   0.2373512372704E-16
  0.1087240000000E+14   0.2331059711962E-16
  0.1114540000000E+14   0.2284522364167E-16
  0.1142530000000E+14   0.2236527141600E-16
  0.1171220000000E+14   0.2186908102785E-16
  0.1200630000000E+14   0.2134378535479E-16
  0.1230780000000E+14   0.2080881639634E-16
  0.1261690000000E+14   0.2025054786386E-16
  0.1293370000000E+14   0.1972857280620E-16
  0.1325850000000E+14   0.1919555213460E-16
  0.1359150000000E+14   0.1867428220634E-16
  0.1393280000000E+14   0.1816026722653E-16
  0.1428260000000E+14   0.1765597325076E-16
  0.1464130000000E+14   0.1719591970991E-16
  0.1500900000000E+14   0.1672994105201E-16
  0.1538590000000E+14   0.1618657638385E-16
  0.1577220000000E+14   0.1564497010280E-16
  0.1616830000000E+14   0.1487495231136E-16
  0.1657430000000E+14   0.1399532580124E-16
  0.1699050000000E+14   0.1307163316572E-16
  0.1741720000000E+14   0.1197976518489E-16
  0.1785460000000E+14   0.1095647377406E-16
  0.1830290000000E+14   0.9898854912163E-17
  0.1876260000000E+14   0.8909325450625E-17
  0.1923370000000E+14   0.8024886771773E-17
  0.1971670000000E+14   0.7221720812801E-17
  0.2021180000000E+14   0.6519700203298E-17
  0.2071940000000E+14   0.5958809013124E-17
  0.2123970000000E+14   0.5444988751180E-17
  0.2177310000000E+14   0.5331597082748E-17
  0.2231980000000E+14   0.5215883825436E-17
  0.2288030000000E+14   0.5220572194800E-17
  0.2345490000000E+14   0.5260647869569E-17
  0.2404390000000E+14   0.5319483148443E-17
  0.2464770000000E+14   0.5418515716924E-17
  0.2526660000000E+14   0.5495647582513E-17
  0.2590110000000E+14   0.5595795855941E-17
  0.2655150000000E+14   0.5670488842783E-17
  0.2721830000000E+14   0.5807411366557E-17
  0.2790180000000E+14   0.5944632251600E-17
  0.2860240000000E+14   0.6023475327814E-17
  0.2932070000000E+14   0.6038630519243E-17
  0.3005700000000E+14   0.6030026468233E-17
  0.3081180000000E+14   0.5899787117452E-17
  0.3158550000000E+14   0.5774556106390E-17
  0.3237870000000E+14   0.5198328430446E-17
  0.3319170000000E+14   0.4522627331704E-17
  0.3402530000000E+14   0.3900541256607E-17
  0.3487970000000E+14   0.3327655525382E-17
  0.3575560000000E+14   0.2792436948274E-17
  0.3665350000000E+14   0.2311206157900E-17
  0.3757390000000E+14   0.1844732617785E-17
  0.3851740000000E+14   0.1560984227388E-17
  0.3948470000000E+14   0.1326651403722E-17
  0.4047620000000E+14   0.1172288036691E-17
  0.4149260000000E+14   0.1118077832825E-17
  0.4253460000000E+14   0.1071048388683E-17
  0.4360270000000E+14   0.1059066118572E-17
  0.4469770000000E+14   0.1048798998271E-17
  0.4582010000000E+14   0.1040480349190E-17
  0.4697070000000E+14   0.1033547221020E-17
  0.4815020000000E+14   0.1026596998469E-17
  0.4935940000000E+14   0.1019473584145E-17
  0.5059890000000E+14   0.1013264801652E-17
  0.5186950000000E+14   0.1008501861800E-17
  0.5317200000000E+14   0.1004156498087E-17
  0.5450730000000E+14   0.1001833765250E-17
  0.6258450000000E+14   0.1001809275565E-17
  0.7185870000000E+14   0.1011392132735E-17
  0.8250720000000E+14   0.1011345634926E-17
  0.9473370000000E+14   0.9985843835439E-18
  0.1087720000000E+15   0.9796081168821E-18
  0.1248910000000E+15   0.9637402763317E-18
  0.1433980000000E+15   0.9586771070771E-18
  0.1646470000000E+15   0.9718667391191E-18
  0.1890460000000E+15   0.1010690624514E-17
  0.2170600000000E+15   0.1076635229639E-17
  0.2492250000000E+15   0.1171135657208E-17
  0.2861570000000E+15   0.1292502714645E-17
  0.3285620000000E+15   0.1434343028472E-17
  0.3772500000000E+15   0.1585642245464E-17
  0.4331540000000E+15   0.1728905191623E-17
  0.4973410000000E+15   0.1840286913448E-17
  0.5710410000000E+15   0.1893083213195E-17
  0.6556610000000E+15   0.1863867276926E-17
  0.7528220000000E+15   0.1739136692571E-17
  0.8643800000000E+15   0.1522511932211E-17
  0.9924690000000E+15   0.1236790508961E-17
  0.1139540000000E+16   0.9192718294536E-18
  0.1308400000000E+16   0.6174694697169E-18
  0.1502290000000E+16   0.3684018311478E-18
  0.1724910000000E+16   0.1916380987320E-18
  0.1980520000000E+16   0.8504187561077E-19
  0.2274010000000E+16   0.3147502305019E-19
  0.2610990000000E+16   0.9455105524520E-20
  0.2997900000000E+16   0.2235111578607E-20
