         130
  
  0.2997900000000E+11   0.1119201601004E-23
  0.3951060000000E+11   0.2539022213161E-23
  0.5207280000000E+11   0.5762331652145E-23
  0.6862910000000E+11   0.1307432900331E-22
  0.9044930000000E+11   0.2963693362825E-22
  0.1192070000000E+12   0.6706680045511E-22
  0.1571080000000E+12   0.1513751570734E-21
  0.2070600000000E+12   0.3403960995199E-21
  0.2728930000000E+12   0.7615033252360E-21
  0.3596580000000E+12   0.1844729746210E-20
  0.4740100000000E+12   0.5349334712311E-20
  0.6247180000000E+12   0.1532962412079E-19
  0.8233440000000E+12   0.4316237421941E-19
  0.1085120000000E+13   0.1188557935014E-18
  0.1430130000000E+13   0.3171325918692E-18
  0.1884830000000E+13   0.8117715988665E-18
  0.2484100000000E+13   0.1964573481827E-17
  0.3273910000000E+13   0.4388559742616E-17
  0.4314820000000E+13   0.8810846026030E-17
  0.5686700000000E+13   0.1518906990860E-16
  0.7494750000000E+13   0.2115959534614E-16
  0.7682960000000E+13   0.2153040878579E-16
  0.7875890000000E+13   0.2184980134221E-16
  0.8073670000000E+13   0.2211125457374E-16
  0.8276410000000E+13   0.2231463014550E-16
  0.8484250000000E+13   0.2246507455153E-16
  0.8697300000000E+13   0.2260571886314E-16
  0.8915700000000E+13   0.2268062797802E-16
  0.9139590000000E+13   0.2275624502479E-16
  0.9369100000000E+13   0.2277582345442E-16
  0.9604380000000E+13   0.2276460248386E-16
  0.9845560000000E+13   0.2271995132735E-16
  0.1009280000000E+14   0.2261024310666E-16
  0.1034620000000E+14   0.2245976136145E-16
  0.1060610000000E+14   0.2224242664621E-16
  0.1087240000000E+14   0.2201950846931E-16
  0.1114540000000E+14   0.2174208237565E-16
  0.1142530000000E+14   0.2143663123482E-16
  0.1171220000000E+14   0.2109904437988E-16
  0.1200630000000E+14   0.2071342456614E-16
  0.1230780000000E+14   0.2029972495678E-16
  0.1261690000000E+14   0.1984249099771E-16
  0.1293370000000E+14   0.1940486326240E-16
  0.1325850000000E+14   0.1893606175116E-16
  0.1359150000000E+14   0.1846049345633E-16
  0.1393280000000E+14   0.1797424375976E-16
  0.1428260000000E+14   0.1748120181278E-16
  0.1464130000000E+14   0.1701661692563E-16
  0.1500900000000E+14   0.1653319314235E-16
  0.1538590000000E+14   0.1596721268049E-16
  0.1577220000000E+14   0.1539772913484E-16
  0.1616830000000E+14   0.1461575443024E-16
  0.1657430000000E+14   0.1373587674859E-16
  0.1699050000000E+14   0.1281976848737E-16
  0.1741720000000E+14   0.1175421354266E-16
  0.1785460000000E+14   0.1075551581740E-16
  0.1830290000000E+14   0.9728380478950E-17
  0.1876260000000E+14   0.8766287296980E-17
  0.1923370000000E+14   0.7903598389164E-17
  0.1971670000000E+14   0.7118328813936E-17
  0.2021180000000E+14   0.6429657801212E-17
  0.2071940000000E+14   0.5876632181064E-17
  0.2123970000000E+14   0.5369975462705E-17
  0.2177310000000E+14   0.5246201465690E-17
  0.2231980000000E+14   0.5117016597942E-17
  0.2288030000000E+14   0.5096222478109E-17
  0.2345490000000E+14   0.5104829367638E-17
  0.2404390000000E+14   0.5129795781536E-17
  0.2464770000000E+14   0.5192419686264E-17
  0.2526660000000E+14   0.5238962324670E-17
  0.2590110000000E+14   0.5310732480504E-17
  0.2655150000000E+14   0.5364461408843E-17
  0.2721830000000E+14   0.5479756808015E-17
  0.2790180000000E+14   0.5600393191330E-17
  0.2860240000000E+14   0.5671527631394E-17
  0.2932070000000E+14   0.5686839791517E-17
  0.3005700000000E+14   0.5682210682105E-17
  0.3081180000000E+14   0.5565665844738E-17
  0.3158550000000E+14   0.5454532233464E-17
  0.3237870000000E+14   0.4921521231308E-17
  0.3319170000000E+14   0.4294759009854E-17
  0.3402530000000E+14   0.3717597300576E-17
  0.3487970000000E+14   0.3185892009158E-17
  0.3575560000000E+14   0.2688856610438E-17
  0.3665350000000E+14   0.2241520199646E-17
  0.3757390000000E+14   0.1806946126047E-17
  0.3851740000000E+14   0.1540623366096E-17
  0.3948470000000E+14   0.1315800333486E-17
  0.4047620000000E+14   0.1159941136511E-17
  0.4149260000000E+14   0.1102864081055E-17
  0.4253460000000E+14   0.1051898114221E-17
  0.4360270000000E+14   0.1039407298127E-17
  0.4469770000000E+14   0.1028494305417E-17
  0.4582010000000E+14   0.1019473230106E-17
  0.4697070000000E+14   0.1011748433989E-17
  0.4815020000000E+14   0.1003772102709E-17
  0.4935940000000E+14   0.9954006106964E-18
  0.5059890000000E+14   0.9879070217632E-18
  0.5186950000000E+14   0.9819461165376E-18
  0.5317200000000E+14   0.9763712937797E-18
  0.5450730000000E+14   0.9730610708551E-18
  0.6258450000000E+14   0.9693248685610E-18
  0.7185870000000E+14   0.9777863250301E-18
  0.8250720000000E+14   0.9780783310813E-18
  0.9473370000000E+14   0.9674974260882E-18
  0.1087720000000E+15   0.9527537290047E-18
  0.1248910000000E+15   0.9426750470687E-18
  0.1433980000000E+15   0.9440890895597E-18
  0.1646470000000E+15   0.9633803215436E-18
  0.1890460000000E+15   0.1006932597234E-17
  0.2170600000000E+15   0.1075789296819E-17
  0.2492250000000E+15   0.1171632940478E-17
  0.2861570000000E+15   0.1293490409905E-17
  0.3285620000000E+15   0.1435437341339E-17
  0.3772500000000E+15   0.1586546890057E-17
  0.4331540000000E+15   0.1729519548836E-17
  0.4973410000000E+15   0.1840736571599E-17
  0.5710410000000E+15   0.1893528766920E-17
  0.6556610000000E+15   0.1864434054455E-17
  0.7528220000000E+15   0.1739953641151E-17
  0.8643800000000E+15   0.1523502654770E-17
  0.9924690000000E+15   0.1237699168688E-17
  0.1139540000000E+16   0.9202046041160E-18
  0.1308400000000E+16   0.6180571160873E-18
  0.1502290000000E+16   0.3686915333307E-18
  0.1724910000000E+16   0.1917510529357E-18
  0.1980520000000E+16   0.8509477702506E-19
  0.2274010000000E+16   0.3149415024957E-19
  0.2610990000000E+16   0.9460745215715E-20
  0.2997900000000E+16   0.2236425798216E-20
