         130
  
  0.2997900000000E+11   0.8854430160573E-24
  0.3951060000000E+11   0.2005751358966E-23
  0.5207280000000E+11   0.4547132122688E-23
  0.6862910000000E+11   0.1030923318410E-22
  0.9044930000000E+11   0.2335737645496E-22
  0.1192070000000E+12   0.5284253607228E-22
  0.1571080000000E+12   0.1192641689052E-21
  0.2070600000000E+12   0.2682335619306E-21
  0.2728930000000E+12   0.6003084655870E-21
  0.3596580000000E+12   0.1455147166089E-20
  0.4740100000000E+12   0.4223581295530E-20
  0.6247180000000E+12   0.1212120444035E-19
  0.8233440000000E+12   0.3420080757231E-19
  0.1085120000000E+13   0.9446057346632E-19
  0.1430130000000E+13   0.2531092560412E-18
  0.1884830000000E+13   0.6517943179796E-18
  0.2484100000000E+13   0.1591038287346E-17
  0.3273910000000E+13   0.3598504888004E-17
  0.4314820000000E+13   0.7356198464578E-17
  0.5686700000000E+13   0.1301932109607E-16
  0.7494750000000E+13   0.1882505619916E-16
  0.7682960000000E+13   0.1923016052735E-16
  0.7875890000000E+13   0.1959328116616E-16
  0.8073670000000E+13   0.1990776252524E-16
  0.8276410000000E+13   0.2017285467476E-16
  0.8484250000000E+13   0.2039285973939E-16
  0.8697300000000E+13   0.2060902918616E-16
  0.8915700000000E+13   0.2076684453279E-16
  0.9139590000000E+13   0.2093072311142E-16
  0.9369100000000E+13   0.2104468932413E-16
  0.9604380000000E+13   0.2113299098778E-16
  0.9845560000000E+13   0.2119245548051E-16
  0.1009280000000E+14   0.2119039196098E-16
  0.1034620000000E+14   0.2115008821085E-16
  0.1060610000000E+14   0.2104384668903E-16
  0.1087240000000E+14   0.2093311126006E-16
  0.1114540000000E+14   0.2076660813676E-16
  0.1142530000000E+14   0.2057038856442E-16
  0.1171220000000E+14   0.2033891771153E-16
  0.1200630000000E+14   0.2005424676671E-16
  0.1230780000000E+14   0.1973592080355E-16
  0.1261690000000E+14   0.1936653949102E-16
  0.1293370000000E+14   0.1901127742389E-16
  0.1325850000000E+14   0.1861588053744E-16
  0.1359150000000E+14   0.1820512712581E-16
  0.1393280000000E+14   0.1777424870144E-16
  0.1428260000000E+14   0.1732689191129E-16
  0.1464130000000E+14   0.1689908710160E-16
  0.1500900000000E+14   0.1644212619179E-16
  0.1538590000000E+14   0.1589280177300E-16
  0.1577220000000E+14   0.1533292923605E-16
  0.1616830000000E+14   0.1455653131344E-16
  0.1657430000000E+14   0.1368131258103E-16
  0.1699050000000E+14   0.1276979145733E-16
  0.1741720000000E+14   0.1171072672329E-16
  0.1785460000000E+14   0.1071769716519E-16
  0.1830290000000E+14   0.9695967844712E-17
  0.1876260000000E+14   0.8737747484819E-17
  0.1923370000000E+14   0.7877541890130E-17
  0.1971670000000E+14   0.7093670036951E-17
  0.2021180000000E+14   0.6405848279129E-17
  0.2071940000000E+14   0.5854397048213E-17
  0.2123970000000E+14   0.5349029832658E-17
  0.2177310000000E+14   0.5231303505384E-17
  0.2231980000000E+14   0.5104241871381E-17
  0.2288030000000E+14   0.5080504775893E-17
  0.2345490000000E+14   0.5080270869069E-17
  0.2404390000000E+14   0.5091544371265E-17
  0.2464770000000E+14   0.5135781736694E-17
  0.2526660000000E+14   0.5163544092773E-17
  0.2590110000000E+14   0.5215307139241E-17
  0.2655150000000E+14   0.5251530645564E-17
  0.2721830000000E+14   0.5347649773861E-17
  0.2790180000000E+14   0.5451561055740E-17
  0.2860240000000E+14   0.5511685506926E-17
  0.2932070000000E+14   0.5521487550512E-17
  0.3005700000000E+14   0.5514421838795E-17
  0.3081180000000E+14   0.5402532329462E-17
  0.3158550000000E+14   0.5296772261344E-17
  0.3237870000000E+14   0.4789077762945E-17
  0.3319170000000E+14   0.4191772877091E-17
  0.3402530000000E+14   0.3641193709444E-17
  0.3487970000000E+14   0.3132940255031E-17
  0.3575560000000E+14   0.2656904454247E-17
  0.3665350000000E+14   0.2227435490534E-17
  0.3757390000000E+14   0.1807575796555E-17
  0.3851740000000E+14   0.1546225572171E-17
  0.3948470000000E+14   0.1319124007957E-17
  0.4047620000000E+14   0.1154341221330E-17
  0.4149260000000E+14   0.1093422634431E-17
  0.4253460000000E+14   0.1038390386393E-17
  0.4360270000000E+14   0.1026130946136E-17
  0.4469770000000E+14   0.1015366762573E-17
  0.4582010000000E+14   0.1006491102355E-17
  0.4697070000000E+14   0.9988632616615E-18
  0.4815020000000E+14   0.9907729069386E-18
  0.4935940000000E+14   0.9820889754809E-18
  0.5059890000000E+14   0.9742719930143E-18
  0.5186950000000E+14   0.9680901658534E-18
  0.5317200000000E+14   0.9622685341318E-18
  0.5450730000000E+14   0.9589463359195E-18
  0.6258450000000E+14   0.9565222947141E-18
  0.7185870000000E+14   0.9677160495518E-18
  0.8250720000000E+14   0.9703569150830E-18
  0.9473370000000E+14   0.9616547628341E-18
  0.1087720000000E+15   0.9485501401089E-18
  0.1248910000000E+15   0.9398739324492E-18
  0.1433980000000E+15   0.9424657502711E-18
  0.1646470000000E+15   0.9627457213453E-18
  0.1890460000000E+15   0.1007043983178E-17
  0.2170600000000E+15   0.1076279676334E-17
  0.2492250000000E+15   0.1172128439773E-17
  0.2861570000000E+15   0.1293833649663E-17
  0.3285620000000E+15   0.1435705891719E-17
  0.3772500000000E+15   0.1586811135791E-17
  0.4331540000000E+15   0.1729740974634E-17
  0.4973410000000E+15   0.1840914003668E-17
  0.5710410000000E+15   0.1893710822175E-17
  0.6556610000000E+15   0.1864668504235E-17
  0.7528220000000E+15   0.1740292250360E-17
  0.8643800000000E+15   0.1523913370453E-17
  0.9924690000000E+15   0.1238075889228E-17
  0.1139540000000E+16   0.9205913995568E-18
  0.1308400000000E+16   0.6183007857913E-18
  0.1502290000000E+16   0.3688116453677E-18
  0.1724910000000E+16   0.1917978778206E-18
  0.1980520000000E+16   0.8511670768108E-19
  0.2274010000000E+16   0.3150207948505E-19
  0.2610990000000E+16   0.9463083147362E-20
  0.2997900000000E+16   0.2236970604144E-20
