mstar = 2 Msun, Rstar = 2.5 Rsun, Tstar = 10000, mdisk = 0.0034799 Msun, Rc = 150 AU, Rin = 0.5 AU, Rout = 250 AU, inclination = 45 degree, powerlaw = -1 
         130
  
  0.2997900000000E+11   0.4736357449904E-23
  0.3951060000000E+11   0.1078757261243E-22
  0.5207280000000E+11   0.2454913607473E-22
  0.6862910000000E+11   0.5579310843816E-22
  0.9044930000000E+11   0.1265640479907E-21
  0.1192070000000E+12   0.2863605790364E-21
  0.1571080000000E+12   0.6456411928212E-21
  0.2070600000000E+12   0.1448812222588E-20
  0.2728930000000E+12   0.3230509014416E-20
  0.3596580000000E+12   0.7788894377485E-20
  0.4740100000000E+12   0.2242898942144E-19
  0.6247180000000E+12   0.6361666075081E-19
  0.8233440000000E+12   0.1764710280620E-18
  0.1085120000000E+13   0.4755445676393E-18
  0.1430130000000E+13   0.1229182322943E-17
  0.1884830000000E+13   0.3000780159554E-17
  0.2484100000000E+13   0.6758865585044E-17
  0.3273910000000E+13   0.1352666977631E-16
  0.4314820000000E+13   0.2295231512871E-16
  0.5686700000000E+13   0.3095473452804E-16
  0.7494750000000E+13   0.3177446908033E-16
  0.7682960000000E+13   0.3145466330204E-16
  0.7875890000000E+13   0.3107575190563E-16
  0.8073670000000E+13   0.3064003963893E-16
  0.8276410000000E+13   0.3015504443688E-16
  0.8484250000000E+13   0.2963186577061E-16
  0.8697300000000E+13   0.2911134838715E-16
  0.8915700000000E+13   0.2855422762636E-16
  0.9139590000000E+13   0.2801907937698E-16
  0.9369100000000E+13   0.2746579713271E-16
  0.9604380000000E+13   0.2691932380593E-16
  0.9845560000000E+13   0.2638199131691E-16
  0.1009280000000E+14   0.2583091164975E-16
  0.1034620000000E+14   0.2528846392974E-16
  0.1060610000000E+14   0.2473282856226E-16
  0.1087240000000E+14   0.2421907791754E-16
  0.1114540000000E+14   0.2370329984302E-16
  0.1142530000000E+14   0.2320867384731E-16
  0.1171220000000E+14   0.2272972345737E-16
  0.1200630000000E+14   0.2224689583749E-16
  0.1230780000000E+14   0.2177618741500E-16
  0.1261690000000E+14   0.2129566902632E-16
  0.1293370000000E+14   0.2087150255562E-16
  0.1325850000000E+14   0.2044176064473E-16
  0.1359150000000E+14   0.2002924737495E-16
  0.1393280000000E+14   0.1962363016963E-16
  0.1428260000000E+14   0.1922377032301E-16
  0.1464130000000E+14   0.1887060760096E-16
  0.1500900000000E+14   0.1849667073784E-16
  0.1538590000000E+14   0.1800809129591E-16
  0.1577220000000E+14   0.1750589124252E-16
  0.1616830000000E+14   0.1669720329804E-16
  0.1657430000000E+14   0.1573617034220E-16
  0.1699050000000E+14   0.1470768088226E-16
  0.1741720000000E+14   0.1345515436364E-16
  0.1785460000000E+14   0.1227987672313E-16
  0.1830290000000E+14   0.1105140621400E-16
  0.1876260000000E+14   0.9900747595715E-17
  0.1923370000000E+14   0.8875778483358E-17
  0.1971670000000E+14   0.7947074089705E-17
  0.2021180000000E+14   0.7140624971789E-17
  0.2071940000000E+14   0.6507454972144E-17
  0.2123970000000E+14   0.5928050048621E-17
  0.2177310000000E+14   0.5849863221309E-17
  0.2231980000000E+14   0.5761158402094E-17
  0.2288030000000E+14   0.5814913288072E-17
  0.2345490000000E+14   0.5901814636038E-17
  0.2404390000000E+14   0.6000407441964E-17
  0.2464770000000E+14   0.6136474926233E-17
  0.2526660000000E+14   0.6236222376661E-17
  0.2590110000000E+14   0.6354893758497E-17
  0.2655150000000E+14   0.6436872808646E-17
  0.2721830000000E+14   0.6585548173268E-17
  0.2790180000000E+14   0.6729696727341E-17
  0.2860240000000E+14   0.6803386171355E-17
  0.2932070000000E+14   0.6802329833292E-17
  0.3005700000000E+14   0.6773136254543E-17
  0.3081180000000E+14   0.6605632273122E-17
  0.3158550000000E+14   0.6443969462934E-17
  0.3237870000000E+14   0.5775065870145E-17
  0.3319170000000E+14   0.4997220543702E-17
  0.3402530000000E+14   0.4282484306236E-17
  0.3487970000000E+14   0.3625708745845E-17
  0.3575560000000E+14   0.3014151738281E-17
  0.3665350000000E+14   0.2466045605907E-17
  0.3757390000000E+14   0.1937086675181E-17
  0.3851740000000E+14   0.1617169132144E-17
  0.3948470000000E+14   0.1357354083170E-17
  0.4047620000000E+14   0.1190893979994E-17
  0.4149260000000E+14   0.1134105559956E-17
  0.4253460000000E+14   0.1086149731686E-17
  0.4360270000000E+14   0.1074080552907E-17
  0.4469770000000E+14   0.1063941797115E-17
  0.4582010000000E+14   0.1055946474586E-17
  0.4697070000000E+14   0.1049525260218E-17
  0.4815020000000E+14   0.1043314011905E-17
  0.4935940000000E+14   0.1037168730925E-17
  0.5059890000000E+14   0.1032114366787E-17
  0.5186950000000E+14   0.1028614122211E-17
  0.5317200000000E+14   0.1025673549234E-17
  0.5450730000000E+14   0.1024742073702E-17
  0.6258450000000E+14   0.1032601159474E-17
  0.7185870000000E+14   0.1048708091271E-17
  0.8250720000000E+14   0.1052959701822E-17
  0.9473370000000E+14   0.1041044832094E-17
  0.1087720000000E+15   0.1018710854909E-17
  0.1248910000000E+15   0.9958880922499E-18
  0.1433980000000E+15   0.9818888104294E-18
  0.1646470000000E+15   0.9860693880787E-18
  0.1890460000000E+15   0.1017282375717E-17
  0.2170600000000E+15   0.1077521364790E-17
  0.2492250000000E+15   0.1168355611719E-17
  0.2861570000000E+15   0.1288098698078E-17
  0.3285620000000E+15   0.1430039185372E-17
  0.3772500000000E+15   0.1582302716683E-17
  0.4331540000000E+15   0.1726558564048E-17
  0.4973410000000E+15   0.1838578143095E-17
  0.5710410000000E+15   0.1891525672680E-17
  0.6556610000000E+15   0.1861987386823E-17
  0.7528220000000E+15   0.1736463472703E-17
  0.8643800000000E+15   0.1519276443603E-17
  0.9924690000000E+15   0.1233823860797E-17
  0.1139540000000E+16   0.9162282800425E-18
  0.1308400000000E+16   0.6155517800663E-18
  0.1502290000000E+16   0.3674561010919E-18
  0.1724910000000E+16   0.1912692058437E-18
  0.1980520000000E+16   0.8486911890232E-19
  0.2274010000000E+16   0.3141255868447E-19
  0.2610990000000E+16   0.9436687346240E-20
  0.2997900000000E+16   0.2230819505122E-20
