         130
  
  0.2997900000000E+11   0.6105657124121E-23
  0.3951060000000E+11   0.1390894462951E-22
  0.5207280000000E+11   0.3165480360782E-22
  0.6862910000000E+11   0.7193986371723E-22
  0.9044930000000E+11   0.1631684788048E-21
  0.1192070000000E+12   0.3690811543947E-21
  0.1571080000000E+12   0.8317996052984E-21
  0.2070600000000E+12   0.1865431728790E-20
  0.2728930000000E+12   0.4156013053189E-20
  0.3596580000000E+12   0.1000860068965E-19
  0.4740100000000E+12   0.2877016009852E-19
  0.6247180000000E+12   0.8139306707929E-19
  0.8233440000000E+12   0.2249314220178E-18
  0.1085120000000E+13   0.6027243586168E-18
  0.1430130000000E+13   0.1544634299547E-17
  0.1884830000000E+13   0.3721440462055E-17
  0.2484100000000E+13   0.8211520298982E-17
  0.3273910000000E+13   0.1592117848129E-16
  0.4314820000000E+13   0.2577617081854E-16
  0.5686700000000E+13   0.3273720192999E-16
  0.7494750000000E+13   0.3197908636136E-16
  0.7682960000000E+13   0.3157818684054E-16
  0.7875890000000E+13   0.3113394870492E-16
  0.8073670000000E+13   0.3064855065925E-16
  0.8276410000000E+13   0.3012876187865E-16
  0.8484250000000E+13   0.2958464721591E-16
  0.8697300000000E+13   0.2905606492233E-16
  0.8915700000000E+13   0.2850302891849E-16
  0.9139590000000E+13   0.2798363535196E-16
  0.9369100000000E+13   0.2745586464025E-16
  0.9604380000000E+13   0.2694368205068E-16
  0.9845560000000E+13   0.2644787358873E-16
  0.1009280000000E+14   0.2594239487756E-16
  0.1034620000000E+14   0.2544876803220E-16
  0.1060610000000E+14   0.2494197426226E-16
  0.1087240000000E+14   0.2447897173982E-16
  0.1114540000000E+14   0.2401151871898E-16
  0.1142530000000E+14   0.2356315509939E-16
  0.1171220000000E+14   0.2312705435512E-16
  0.1200630000000E+14   0.2268169924948E-16
  0.1230780000000E+14   0.2224373585726E-16
  0.1261690000000E+14   0.2178974432092E-16
  0.1293370000000E+14   0.2138974201020E-16
  0.1325850000000E+14   0.2097839595729E-16
  0.1359150000000E+14   0.2058006448190E-16
  0.1393280000000E+14   0.2018427400529E-16
  0.1428260000000E+14   0.1979035647819E-16
  0.1464130000000E+14   0.1944145263119E-16
  0.1500900000000E+14   0.1906771741133E-16
  0.1538590000000E+14   0.1857250570113E-16
  0.1577220000000E+14   0.1806137264879E-16
  0.1616830000000E+14   0.1723155210449E-16
  0.1657430000000E+14   0.1624329619311E-16
  0.1699050000000E+14   0.1518469343065E-16
  0.1741720000000E+14   0.1389364682258E-16
  0.1785460000000E+14   0.1268204000648E-16
  0.1830290000000E+14   0.1141462205492E-16
  0.1876260000000E+14   0.1022699633286E-16
  0.1923370000000E+14   0.9169087211503E-17
  0.1971670000000E+14   0.8210501699236E-17
  0.2021180000000E+14   0.7378269296115E-17
  0.2071940000000E+14   0.6725816454655E-17
  0.2123970000000E+14   0.6128871299806E-17
  0.2177310000000E+14   0.6052487638253E-17
  0.2231980000000E+14   0.5963936942164E-17
  0.2288030000000E+14   0.6021990839190E-17
  0.2345490000000E+14   0.6113205919160E-17
  0.2404390000000E+14   0.6215594079869E-17
  0.2464770000000E+14   0.6356148870775E-17
  0.2526660000000E+14   0.6458662951064E-17
  0.2590110000000E+14   0.6580207354866E-17
  0.2655150000000E+14   0.6663688603540E-17
  0.2721830000000E+14   0.6815683512959E-17
  0.2790180000000E+14   0.6962702698114E-17
  0.2860240000000E+14   0.7037065174363E-17
  0.2932070000000E+14   0.7034103416640E-17
  0.3005700000000E+14   0.7001806525645E-17
  0.3081180000000E+14   0.6826719251218E-17
  0.3158550000000E+14   0.6657470910800E-17
  0.3237870000000E+14   0.5965389133977E-17
  0.3319170000000E+14   0.5160397052901E-17
  0.3402530000000E+14   0.4420451525199E-17
  0.3487970000000E+14   0.3740010036049E-17
  0.3575560000000E+14   0.3106001367586E-17
  0.3665350000000E+14   0.2537647104815E-17
  0.3757390000000E+14   0.1989629788975E-17
  0.3851740000000E+14   0.1657371203602E-17
  0.3948470000000E+14   0.1388242921140E-17
  0.4047620000000E+14   0.1216413908060E-17
  0.4149260000000E+14   0.1157130489521E-17
  0.4253460000000E+14   0.1107230269715E-17
  0.4360270000000E+14   0.1093820685002E-17
  0.4469770000000E+14   0.1082503275032E-17
  0.4582010000000E+14   0.1073481688691E-17
  0.4697070000000E+14   0.1066175092025E-17
  0.4815020000000E+14   0.1059220557759E-17
  0.4935940000000E+14   0.1052472128792E-17
  0.5059890000000E+14   0.1046934099744E-17
  0.5186950000000E+14   0.1043041196481E-17
  0.5317200000000E+14   0.1039801511365E-17
  0.5450730000000E+14   0.1038610293649E-17
  0.6258450000000E+14   0.1045553938113E-17
  0.7185870000000E+14   0.1060763603583E-17
  0.8250720000000E+14   0.1063931284321E-17
  0.9473370000000E+14   0.1050597278718E-17
  0.1087720000000E+15   0.1026385171065E-17
  0.1248910000000E+15   0.1001310165129E-17
  0.1433980000000E+15   0.9848827233915E-18
  0.1646470000000E+15   0.9867053769183E-18
  0.1890460000000E+15   0.1015921298687E-17
  0.2170600000000E+15   0.1074821859261E-17
  0.2492250000000E+15   0.1165146774914E-17
  0.2861570000000E+15   0.1285058969539E-17
  0.3285620000000E+15   0.1427548163578E-17
  0.3772500000000E+15   0.1580504487589E-17
  0.4331540000000E+15   0.1725414335741E-17
  0.4973410000000E+15   0.1837878446148E-17
  0.5710410000000E+15   0.1890981707909E-17
  0.6556610000000E+15   0.1861365470051E-17
  0.7528220000000E+15   0.1735583952323E-17
  0.8643800000000E+15   0.1518211738689E-17
  0.9924690000000E+15   0.1232847659443E-17
  0.1139540000000E+16   0.9152273595760E-18
  0.1308400000000E+16   0.6149210291050E-18
  0.1502290000000E+16   0.3671449274111E-18
  0.1724910000000E+16   0.1911477770090E-18
  0.1980520000000E+16   0.8481225644104E-19
  0.2274010000000E+16   0.3139199804453E-19
  0.2610990000000E+16   0.9430624709341E-20
  0.2997900000000E+16   0.2229406674694E-20
