mstar = 2 Msun, Rstar = 2.5 Rsun, Tstar = 10000, mdisk = 0.0025784 Msun, Rc = 150 AU, Rin = 0.5 AU, Rout = 250 AU, inclination = 45 degree, powerlaw = -1 
         130
  
  0.2997900000000E+11   0.3613649216408E-23
  0.3951060000000E+11   0.8227815483624E-23
  0.5207280000000E+11   0.1872045562475E-22
  0.6862910000000E+11   0.4254362625434E-22
  0.9044930000000E+11   0.9651410148152E-22
  0.1192070000000E+12   0.2184114395525E-21
  0.1571080000000E+12   0.4926033843616E-21
  0.2070600000000E+12   0.1105953301386E-20
  0.2728930000000E+12   0.2467785339621E-20
  0.3596580000000E+12   0.5955979246270E-20
  0.4740100000000E+12   0.1717699362819E-19
  0.6247180000000E+12   0.4882852441068E-19
  0.8233440000000E+12   0.1358917264467E-18
  0.1085120000000E+13   0.3679745600913E-18
  0.1430130000000E+13   0.9581242560942E-18
  0.1884830000000E+13   0.2365552149209E-17
  0.2484100000000E+13   0.5422724648174E-17
  0.3273910000000E+13   0.1115567954815E-16
  0.4314820000000E+13   0.1974606265492E-16
  0.5686700000000E+13   0.2824195005676E-16
  0.7494750000000E+13   0.3080912555955E-16
  0.7682960000000E+13   0.3063125108387E-16
  0.7875890000000E+13   0.3038225683044E-16
  0.8073670000000E+13   0.3006298810843E-16
  0.8276410000000E+13   0.2968026944060E-16
  0.8484250000000E+13   0.2924506869392E-16
  0.8697300000000E+13   0.2879948825960E-16
  0.8915700000000E+13   0.2830188050426E-16
  0.9139590000000E+13   0.2781253418163E-16
  0.9369100000000E+13   0.2729016313483E-16
  0.9604380000000E+13   0.2676061976667E-16
  0.9845560000000E+13   0.2622683492865E-16
  0.1009280000000E+14   0.2566765567079E-16
  0.1034620000000E+14   0.2510674412321E-16
  0.1060610000000E+14   0.2452500197641E-16
  0.1087240000000E+14   0.2397680626571E-16
  0.1114540000000E+14   0.2342218204633E-16
  0.1142530000000E+14   0.2288479859179E-16
  0.1171220000000E+14   0.2236125604656E-16
  0.1200630000000E+14   0.2183498560611E-16
  0.1230780000000E+14   0.2132221462779E-16
  0.1261690000000E+14   0.2080371143094E-16
  0.1293370000000E+14   0.2034171130624E-16
  0.1325850000000E+14   0.1987943647576E-16
  0.1359150000000E+14   0.1943849800516E-16
  0.1393280000000E+14   0.1900949972468E-16
  0.1428260000000E+14   0.1859137508456E-16
  0.1464130000000E+14   0.1822240232999E-16
  0.1500900000000E+14   0.1783899008771E-16
  0.1538590000000E+14   0.1735181639661E-16
  0.1577220000000E+14   0.1685537928515E-16
  0.1616830000000E+14   0.1607118981896E-16
  0.1657430000000E+14   0.1514424557430E-16
  0.1699050000000E+14   0.1415470471214E-16
  0.1741720000000E+14   0.1295370197118E-16
  0.1785460000000E+14   0.1182732054021E-16
  0.1830290000000E+14   0.1065193307514E-16
  0.1876260000000E+14   0.9551625450862E-17
  0.1923370000000E+14   0.8571719061012E-17
  0.1971670000000E+14   0.7684034947353E-17
  0.2021180000000E+14   0.6912871590006E-17
  0.2071940000000E+14   0.6305976041407E-17
  0.2123970000000E+14   0.5750665417007E-17
  0.2177310000000E+14   0.5668445396203E-17
  0.2231980000000E+14   0.5578367028133E-17
  0.2288030000000E+14   0.5625454293704E-17
  0.2345490000000E+14   0.5706546779585E-17
  0.2404390000000E+14   0.5800866165748E-17
  0.2464770000000E+14   0.5932977281026E-17
  0.2526660000000E+14   0.6031532270159E-17
  0.2590110000000E+14   0.6149387973631E-17
  0.2655150000000E+14   0.6232760453401E-17
  0.2721830000000E+14   0.6381298201907E-17
  0.2790180000000E+14   0.6526171543920E-17
  0.2860240000000E+14   0.6603362369140E-17
  0.2932070000000E+14   0.6608431995492E-17
  0.3005700000000E+14   0.6586303113190E-17
  0.3081180000000E+14   0.6429858991336E-17
  0.3158550000000E+14   0.6278931588779E-17
  0.3237870000000E+14   0.5634130451565E-17
  0.3319170000000E+14   0.4882381370031E-17
  0.3402530000000E+14   0.4191122204328E-17
  0.3487970000000E+14   0.3555215659587E-17
  0.3575560000000E+14   0.2962019908774E-17
  0.3665350000000E+14   0.2429876755675E-17
  0.3757390000000E+14   0.1916335462195E-17
  0.3851740000000E+14   0.1605817830062E-17
  0.3948470000000E+14   0.1353023248322E-17
  0.4047620000000E+14   0.1190416171958E-17
  0.4149260000000E+14   0.1134637333646E-17
  0.4253460000000E+14   0.1087347343990E-17
  0.4360270000000E+14   0.1075162076610E-17
  0.4469770000000E+14   0.1064859631936E-17
  0.4582010000000E+14   0.1056650837563E-17
  0.4697070000000E+14   0.1049977479523E-17
  0.4815020000000E+14   0.1043488898284E-17
  0.4935940000000E+14   0.1037038306659E-17
  0.5059890000000E+14   0.1031642233831E-17
  0.5186950000000E+14   0.1027766186182E-17
  0.5317200000000E+14   0.1024425564252E-17
  0.5450730000000E+14   0.1023072845157E-17
  0.6258450000000E+14   0.1028487413224E-17
  0.7185870000000E+14   0.1042465123091E-17
  0.8250720000000E+14   0.1045179927306E-17
  0.9473370000000E+14   0.1032487304822E-17
  0.1087720000000E+15   0.1010287081995E-17
  0.1248910000000E+15   0.9884508991478E-18
  0.1433980000000E+15   0.9760568634317E-18
  0.1646470000000E+15   0.9821811979177E-18
  0.1890460000000E+15   0.1015391151362E-17
  0.2170600000000E+15   0.1077379647176E-17
  0.2492250000000E+15   0.1169358012711E-17
  0.2861570000000E+15   0.1289521645328E-17
  0.3285620000000E+15   0.1431384614876E-17
  0.3772500000000E+15   0.1583372177706E-17
  0.4331540000000E+15   0.1727329517531E-17
  0.4973410000000E+15   0.1839132035851E-17
  0.5710410000000E+15   0.1892019581445E-17
  0.6556610000000E+15   0.1862582564951E-17
  0.7528220000000E+15   0.1737313163093E-17
  0.8643800000000E+15   0.1520306299393E-17
  0.9924690000000E+15   0.1234768292432E-17
  0.1139540000000E+16   0.9171969253919E-18
  0.1308400000000E+16   0.6161621522534E-18
  0.1502290000000E+16   0.3677571684607E-18
  0.1724910000000E+16   0.1913866664043E-18
  0.1980520000000E+16   0.8492412501002E-19
  0.2274010000000E+16   0.3143244779124E-19
  0.2610990000000E+16   0.9442551901011E-20
  0.2997900000000E+16   0.2232186162425E-20
