mstar = 2 Msun, Rstar = 2.5 Rsun, Tstar = 10000, mdisk = 0.00045628 Msun, Rc = 150 AU, Rin = 0.5 AU, Rout = 250 AU, inclination = 45 degree, powerlaw = -1 
         130
  
  0.2997900000000E+11   0.7811617754399E-24
  0.3951060000000E+11   0.1767847707640E-23
  0.5207280000000E+11   0.4004981604097E-23
  0.6862910000000E+11   0.9075538185784E-23
  0.9044930000000E+11   0.2055542859571E-22
  0.1192070000000E+12   0.4649500400140E-22
  0.1571080000000E+12   0.1049328211266E-21
  0.2070600000000E+12   0.2360212234151E-21
  0.2728930000000E+12   0.5283364407128E-21
  0.3596580000000E+12   0.1281146401109E-20
  0.4740100000000E+12   0.3720549898266E-20
  0.6247180000000E+12   0.1068662934025E-19
  0.8233440000000E+12   0.3019016912168E-19
  0.1085120000000E+13   0.8352839549426E-19
  0.1430130000000E+13   0.2243628343056E-18
  0.1884830000000E+13   0.5797572818653E-18
  0.2484100000000E+13   0.1422097876081E-17
  0.3273910000000E+13   0.3238699226618E-17
  0.4314820000000E+13   0.6686127461253E-17
  0.5686700000000E+13   0.1199990986587E-16
  0.7494750000000E+13   0.1769022001922E-16
  0.7682960000000E+13   0.1810756681670E-16
  0.7875890000000E+13   0.1848755276498E-16
  0.8073670000000E+13   0.1882354579064E-16
  0.8276410000000E+13   0.1911456003996E-16
  0.8484250000000E+13   0.1936452483658E-16
  0.8697300000000E+13   0.1961362317947E-16
  0.8915700000000E+13   0.1980838329600E-16
  0.9139590000000E+13   0.2001198375786E-16
  0.9369100000000E+13   0.2016918776841E-16
  0.9604380000000E+13   0.2030372490541E-16
  0.9845560000000E+13   0.2041226992042E-16
  0.1009280000000E+14   0.2046182620523E-16
  0.1034620000000E+14   0.2047518257823E-16
  0.1060610000000E+14   0.2042398269319E-16
  0.1087240000000E+14   0.2036968498345E-16
  0.1114540000000E+14   0.2026001683674E-16
  0.1142530000000E+14   0.2012082197077E-16
  0.1171220000000E+14   0.1994589352504E-16
  0.1200630000000E+14   0.1971618055506E-16
  0.1230780000000E+14   0.1945099698389E-16
  0.1261690000000E+14   0.1913177131467E-16
  0.1293370000000E+14   0.1882500824005E-16
  0.1325850000000E+14   0.1847423393484E-16
  0.1359150000000E+14   0.1810443126648E-16
  0.1393280000000E+14   0.1771014644414E-16
  0.1428260000000E+14   0.1729471272185E-16
  0.1464130000000E+14   0.1689484779868E-16
  0.1500900000000E+14   0.1646012437260E-16
  0.1538590000000E+14   0.1592611240344E-16
  0.1577220000000E+14   0.1537710612799E-16
  0.1616830000000E+14   0.1460468927650E-16
  0.1657430000000E+14   0.1373019750283E-16
  0.1699050000000E+14   0.1281779673164E-16
  0.1741720000000E+14   0.1175538395021E-16
  0.1785460000000E+14   0.1075908360894E-16
  0.1830290000000E+14   0.9732827546811E-17
  0.1876260000000E+14   0.8769796194320E-17
  0.1923370000000E+14   0.7905116123882E-17
  0.1971670000000E+14   0.7116846232311E-17
  0.2021180000000E+14   0.6425309967578E-17
  0.2071940000000E+14   0.5872112765020E-17
  0.2123970000000E+14   0.5365082074562E-17
  0.2177310000000E+14   0.5253617791420E-17
  0.2231980000000E+14   0.5130310514836E-17
  0.2288030000000E+14   0.5108861115380E-17
  0.2345490000000E+14   0.5107380735961E-17
  0.2404390000000E+14   0.5113908703660E-17
  0.2464770000000E+14   0.5150080347850E-17
  0.2526660000000E+14   0.5168159228841E-17
  0.2590110000000E+14   0.5208765462787E-17
  0.2655150000000E+14   0.5234354142217E-17
  0.2721830000000E+14   0.5318838669230E-17
  0.2790180000000E+14   0.5412024400785E-17
  0.2860240000000E+14   0.5464081377436E-17
  0.2932070000000E+14   0.5468669235789E-17
  0.3005700000000E+14   0.5458080646912E-17
  0.3081180000000E+14   0.5346177808569E-17
  0.3158550000000E+14   0.5240957564801E-17
  0.3237870000000E+14   0.4742981018187E-17
  0.3319170000000E+14   0.4157402729010E-17
  0.3402530000000E+14   0.3617386770126E-17
  0.3487970000000E+14   0.3119139249421E-17
  0.3575560000000E+14   0.2652397603513E-17
  0.3665350000000E+14   0.2230797468429E-17
  0.3757390000000E+14   0.1817340852115E-17
  0.3851740000000E+14   0.1556783373869E-17
  0.3948470000000E+14   0.1325169845048E-17
  0.4047620000000E+14   0.1152644368401E-17
  0.4149260000000E+14   0.1088603406972E-17
  0.4253460000000E+14   0.1030535644682E-17
  0.4360270000000E+14   0.1017994830746E-17
  0.4469770000000E+14   0.1006919447855E-17
  0.4582010000000E+14   0.9977506932364E-18
  0.4697070000000E+14   0.9898203589731E-18
  0.4815020000000E+14   0.9813219555259E-18
  0.4935940000000E+14   0.9721344861444E-18
  0.5059890000000E+14   0.9638313401397E-18
  0.5186950000000E+14   0.9572473970239E-18
  0.5317200000000E+14   0.9510317767302E-18
  0.5450730000000E+14   0.9474733269539E-18
  0.6258450000000E+14   0.9449057625608E-18
  0.7185870000000E+14   0.9574047889576E-18
  0.8250720000000E+14   0.9616634185496E-18
  0.9473370000000E+14   0.9546411338286E-18
  0.1087720000000E+15   0.9432118589922E-18
  0.1248910000000E+15   0.9360362841691E-18
  0.1433980000000E+15   0.9398690504883E-18
  0.1646470000000E+15   0.9611612636887E-18
  0.1890460000000E+15   0.1006280424256E-17
  0.2170600000000E+15   0.1076108741537E-17
  0.2492250000000E+15   0.1172254037720E-17
  0.2861570000000E+15   0.1294017412420E-17
  0.3285620000000E+15   0.1435871507108E-17
  0.3772500000000E+15   0.1586973908219E-17
  0.4331540000000E+15   0.1729886597381E-17
  0.4973410000000E+15   0.1841029817714E-17
  0.5710410000000E+15   0.1893818618381E-17
  0.6556610000000E+15   0.1864798154348E-17
  0.7528220000000E+15   0.1740475275800E-17
  0.8643800000000E+15   0.1524134376725E-17
  0.9924690000000E+15   0.1238278494671E-17
  0.1139540000000E+16   0.9207994271555E-18
  0.1308400000000E+16   0.6184318336017E-18
  0.1502290000000E+16   0.3688762392980E-18
  0.1724910000000E+16   0.1918230577575E-18
  0.1980520000000E+16   0.8512850094603E-19
  0.2274010000000E+16   0.3150634343168E-19
  0.2610990000000E+16   0.9464340365690E-20
  0.2997900000000E+16   0.2237263571712E-20
