         130
  
  0.2997900000000E+11   0.8759065811123E-23
  0.3951060000000E+11   0.1995677495916E-22
  0.5207280000000E+11   0.4542026777271E-22
  0.6862910000000E+11   0.1032137076551E-21
  0.9044930000000E+11   0.2340463579915E-21
  0.1192070000000E+12   0.5291965818409E-21
  0.1571080000000E+12   0.1191958258252E-20
  0.2070600000000E+12   0.2670948163043E-20
  0.2728930000000E+12   0.5943923958845E-20
  0.3596580000000E+12   0.1429126456841E-19
  0.4740100000000E+12   0.4097719243165E-19
  0.6247180000000E+12   0.1154923212402E-18
  0.8233440000000E+12   0.3173599492991E-18
  0.1085120000000E+13   0.8430370961690E-18
  0.1430130000000E+13   0.2131495364826E-17
  0.1884830000000E+13   0.5027365592588E-17
  0.2484100000000E+13   0.1072828199421E-16
  0.3273910000000E+13   0.1976125857562E-16
  0.4314820000000E+13   0.2973996029147E-16
  0.5686700000000E+13   0.3477374368009E-16
  0.7494750000000E+13   0.3242587828421E-16
  0.7682960000000E+13   0.3199453986248E-16
  0.7875890000000E+13   0.3153755359652E-16
  0.8073670000000E+13   0.3105484682853E-16
  0.8276410000000E+13   0.3055076459507E-16
  0.8484250000000E+13   0.3003313567173E-16
  0.8697300000000E+13   0.2954181526691E-16
  0.8915700000000E+13   0.2903209615796E-16
  0.9139590000000E+13   0.2856393417804E-16
  0.9369100000000E+13   0.2808986029111E-16
  0.9604380000000E+13   0.2763353259796E-16
  0.9845560000000E+13   0.2719373737961E-16
  0.1009280000000E+14   0.2674025992415E-16
  0.1034620000000E+14   0.2629506150687E-16
  0.1060610000000E+14   0.2582988519256E-16
  0.1087240000000E+14   0.2540573534975E-16
  0.1114540000000E+14   0.2496979304464E-16
  0.1142530000000E+14   0.2454732096171E-16
  0.1171220000000E+14   0.2413094531627E-16
  0.1200630000000E+14   0.2369796853397E-16
  0.1230780000000E+14   0.2326673188885E-16
  0.1261690000000E+14   0.2281298202447E-16
  0.1293370000000E+14   0.2241149771744E-16
  0.1325850000000E+14   0.2199359061663E-16
  0.1359150000000E+14   0.2158567070250E-16
  0.1393280000000E+14   0.2117726147093E-16
  0.1428260000000E+14   0.2076817800302E-16
  0.1464130000000E+14   0.2040407497153E-16
  0.1500900000000E+14   0.2001225091662E-16
  0.1538590000000E+14   0.1949208398546E-16
  0.1577220000000E+14   0.1895438613109E-16
  0.1616830000000E+14   0.1808315381312E-16
  0.1657430000000E+14   0.1704608426224E-16
  0.1699050000000E+14   0.1593526089740E-16
  0.1741720000000E+14   0.1458131858283E-16
  0.1785460000000E+14   0.1331002636489E-16
  0.1830290000000E+14   0.1198002931387E-16
  0.1876260000000E+14   0.1073317783037E-16
  0.1923370000000E+14   0.9621899942004E-17
  0.1971670000000E+14   0.8614450868496E-17
  0.2021180000000E+14   0.7739333013157E-17
  0.2071940000000E+14   0.7052688411625E-17
  0.2123970000000E+14   0.6424200903950E-17
  0.2177310000000E+14   0.6342388071735E-17
  0.2231980000000E+14   0.6247106957198E-17
  0.2288030000000E+14   0.6304502806251E-17
  0.2345490000000E+14   0.6395810629375E-17
  0.2404390000000E+14   0.6498325983332E-17
  0.2464770000000E+14   0.6640203250662E-17
  0.2526660000000E+14   0.6742251018287E-17
  0.2590110000000E+14   0.6863893559584E-17
  0.2655150000000E+14   0.6945731657899E-17
  0.2721830000000E+14   0.7098804185931E-17
  0.2790180000000E+14   0.7246808390808E-17
  0.2860240000000E+14   0.7318945246529E-17
  0.2932070000000E+14   0.7310681443642E-17
  0.3005700000000E+14   0.7272130757699E-17
  0.3081180000000E+14   0.7085357770317E-17
  0.3158550000000E+14   0.6904780761668E-17
  0.3237870000000E+14   0.6181682534219E-17
  0.3319170000000E+14   0.5342245655363E-17
  0.3402530000000E+14   0.4570727360440E-17
  0.3487970000000E+14   0.3861772050864E-17
  0.3575560000000E+14   0.3201988559686E-17
  0.3665350000000E+14   0.2611430913550E-17
  0.3757390000000E+14   0.2043435224346E-17
  0.3851740000000E+14   0.1699116818262E-17
  0.3948470000000E+14   0.1419680978662E-17
  0.4047620000000E+14   0.1241026081808E-17
  0.4149260000000E+14   0.1178791618480E-17
  0.4253460000000E+14   0.1126521978951E-17
  0.4360270000000E+14   0.1111758405406E-17
  0.4469770000000E+14   0.1099271988304E-17
  0.4582010000000E+14   0.1089265172702E-17
  0.4697070000000E+14   0.1081144299739E-17
  0.4815020000000E+14   0.1073526246839E-17
  0.4935940000000E+14   0.1066266833739E-17
  0.5059890000000E+14   0.1060374807953E-17
  0.5186950000000E+14   0.1056274922047E-17
  0.5317200000000E+14   0.1052958510010E-17
  0.5450730000000E+14   0.1051812990743E-17
  0.6258450000000E+14   0.1060582627312E-17
  0.7185870000000E+14   0.1078980656812E-17
  0.8250720000000E+14   0.1085229919395E-17
  0.9473370000000E+14   0.1073730691698E-17
  0.1087720000000E+15   0.1049385578670E-17
  0.1248910000000E+15   0.1021998439948E-17
  0.1433980000000E+15   0.1001315717563E-17
  0.1646470000000E+15   0.9976734241766E-18
  0.1890460000000E+15   0.1021364377567E-17
  0.2170600000000E+15   0.1075750285481E-17
  0.2492250000000E+15   0.1163231715352E-17
  0.2861570000000E+15   0.1281912903838E-17
  0.3285620000000E+15   0.1424392089043E-17
  0.3772500000000E+15   0.1578074083480E-17
  0.4331540000000E+15   0.1723875876524E-17
  0.4973410000000E+15   0.1836927410593E-17
  0.5710410000000E+15   0.1890170761595E-17
  0.6556610000000E+15   0.1860362611291E-17
  0.7528220000000E+15   0.1734130315386E-17
  0.8643800000000E+15   0.1516445115830E-17
  0.9924690000000E+15   0.1231227344818E-17
  0.1139540000000E+16   0.9135665962408E-18
  0.1308400000000E+16   0.6138743655279E-18
  0.1502290000000E+16   0.3666284455729E-18
  0.1724910000000E+16   0.1909461741744E-18
  0.1980520000000E+16   0.8471785467087E-19
  0.2274010000000E+16   0.3135786303284E-19
  0.2610990000000E+16   0.9420559287671E-20
  0.2997900000000E+16   0.2227061011059E-20
