         130
  
  0.2997900000000E+11   0.1109005942423E-23
  0.3951060000000E+11   0.2515765901559E-23
  0.5207280000000E+11   0.5709344774726E-23
  0.6862910000000E+11   0.1295378785505E-22
  0.9044930000000E+11   0.2936326365006E-22
  0.1192070000000E+12   0.6644713210276E-22
  0.1571080000000E+12   0.1499769929887E-21
  0.2070600000000E+12   0.3372562052813E-21
  0.2728930000000E+12   0.7544960542346E-21
  0.3596580000000E+12   0.1827815787635E-20
  0.4740100000000E+12   0.5300545292415E-20
  0.6247180000000E+12   0.1519091221955E-19
  0.8233440000000E+12   0.4277627974284E-19
  0.1085120000000E+13   0.1178100633806E-18
  0.1430130000000E+13   0.3144089504123E-18
  0.1884830000000E+13   0.8050446281493E-18
  0.2484100000000E+13   0.1949156672937E-17
  0.3273910000000E+13   0.4356967681104E-17
  0.4314820000000E+13   0.8755925385667E-17
  0.5686700000000E+13   0.1511594286364E-16
  0.7494750000000E+13   0.2109959561136E-16
  0.7682960000000E+13   0.2147374837803E-16
  0.7875890000000E+13   0.2179681311635E-16
  0.8073670000000E+13   0.2206223844493E-16
  0.8276410000000E+13   0.2226984684018E-16
  0.8484250000000E+13   0.2242474682167E-16
  0.8697300000000E+13   0.2257007793552E-16
  0.8915700000000E+13   0.2264982213249E-16
  0.9139590000000E+13   0.2273048540340E-16
  0.9369100000000E+13   0.2275520637834E-16
  0.9604380000000E+13   0.2274923042983E-16
  0.9845560000000E+13   0.2270988866291E-16
  0.1009280000000E+14   0.2260541064863E-16
  0.1034620000000E+14   0.2246008592870E-16
  0.1060610000000E+14   0.2224769002794E-16
  0.1087240000000E+14   0.2202965214584E-16
  0.1114540000000E+14   0.2175681394641E-16
  0.1142530000000E+14   0.2145568817571E-16
  0.1171220000000E+14   0.2112208987243E-16
  0.1200630000000E+14   0.2074000421718E-16
  0.1230780000000E+14   0.2032941828777E-16
  0.1261690000000E+14   0.1987476333894E-16
  0.1293370000000E+14   0.1943941276331E-16
  0.1325850000000E+14   0.1897232395926E-16
  0.1359150000000E+14   0.1849799011351E-16
  0.1393280000000E+14   0.1801247158011E-16
  0.1428260000000E+14   0.1751965012821E-16
  0.1464130000000E+14   0.1705487768065E-16
  0.1500900000000E+14   0.1657073154037E-16
  0.1538590000000E+14   0.1600341511559E-16
  0.1577220000000E+14   0.1543226331850E-16
  0.1616830000000E+14   0.1464810760901E-16
  0.1657430000000E+14   0.1376589309898E-16
  0.1699050000000E+14   0.1284744610748E-16
  0.1741720000000E+14   0.1177951405733E-16
  0.1785460000000E+14   0.1077857233525E-16
  0.1830290000000E+14   0.9749313159436E-17
  0.1876260000000E+14   0.8785256117923E-17
  0.1923370000000E+14   0.7920802468856E-17
  0.1971670000000E+14   0.7133956434135E-17
  0.2021180000000E+14   0.6443927135107E-17
  0.2071940000000E+14   0.5889765990195E-17
  0.2123970000000E+14   0.5382075329365E-17
  0.2177310000000E+14   0.5257554043210E-17
  0.2231980000000E+14   0.5127432191221E-17
  0.2288030000000E+14   0.5105437205877E-17
  0.2345490000000E+14   0.5112576746998E-17
  0.2404390000000E+14   0.5135896048786E-17
  0.2464770000000E+14   0.5196672837342E-17
  0.2526660000000E+14   0.5241368367146E-17
  0.2590110000000E+14   0.5311233899311E-17
  0.2655150000000E+14   0.5363105025286E-17
  0.2721830000000E+14   0.5476318879424E-17
  0.2790180000000E+14   0.5594941927621E-17
  0.2860240000000E+14   0.5664355805502E-17
  0.2932070000000E+14   0.5678271039086E-17
  0.3005700000000E+14   0.5672440116684E-17
  0.3081180000000E+14   0.5555237005425E-17
  0.3158550000000E+14   0.5443530001664E-17
  0.3237870000000E+14   0.4911774084101E-17
  0.3319170000000E+14   0.4287005371993E-17
  0.3402530000000E+14   0.3711821378059E-17
  0.3487970000000E+14   0.3181770103834E-17
  0.3575560000000E+14   0.2686369450350E-17
  0.3665350000000E+14   0.2240692186748E-17
  0.3757390000000E+14   0.1807801390215E-17
  0.3851740000000E+14   0.1542316022406E-17
  0.3948470000000E+14   0.1317928237283E-17
  0.4047620000000E+14   0.1161959756144E-17
  0.4149260000000E+14   0.1104665555628E-17
  0.4253460000000E+14   0.1053463630046E-17
  0.4360270000000E+14   0.1040846278636E-17
  0.4469770000000E+14   0.1029814967471E-17
  0.4582010000000E+14   0.1020685836088E-17
  0.4697070000000E+14   0.1012861589158E-17
  0.4815020000000E+14   0.1004790259535E-17
  0.4935940000000E+14   0.9963281338128E-18
  0.5059890000000E+14   0.9887511280729E-18
  0.5186950000000E+14   0.9827151488284E-18
  0.5317200000000E+14   0.9770707914376E-18
  0.5450730000000E+14   0.9737004444086E-18
  0.6258450000000E+14   0.9696994251535E-18
  0.7185870000000E+14   0.9779013750803E-18
  0.8250720000000E+14   0.9778696320041E-18
  0.9473370000000E+14   0.9669597642268E-18
  0.1087720000000E+15   0.9519795528825E-18
  0.1248910000000E+15   0.9418305651735E-18
  0.1433980000000E+15   0.9433478838143E-18
  0.1646470000000E+15   0.9628507745292E-18
  0.1890460000000E+15   0.1006628256945E-17
  0.2170600000000E+15   0.1075660056759E-17
  0.2492250000000E+15   0.1171608533123E-17
  0.2861570000000E+15   0.1293516777205E-17
  0.3285620000000E+15   0.1435480178703E-17
  0.3772500000000E+15   0.1586583816024E-17
  0.4331540000000E+15   0.1729540618296E-17
  0.4973410000000E+15   0.1840746437850E-17
  0.5710410000000E+15   0.1893535721506E-17
  0.6556610000000E+15   0.1864442897105E-17
  0.7528220000000E+15   0.1739967007900E-17
  0.8643800000000E+15   0.1523519126021E-17
  0.9924690000000E+15   0.1237714312411E-17
  0.1139540000000E+16   0.9202201570754E-18
  0.1308400000000E+16   0.6180669144147E-18
  0.1502290000000E+16   0.3686963633874E-18
  0.1724910000000E+16   0.1917529359757E-18
  0.1980520000000E+16   0.8509565895003E-19
  0.2274010000000E+16   0.3149446911877E-19
  0.2610990000000E+16   0.9460839234370E-20
  0.2997900000000E+16   0.2236447707328E-20
