         130
  
  0.2997900000000E+11   0.1929760727249E-23
  0.3951060000000E+11   0.4387891391190E-23
  0.5207280000000E+11   0.9974717691944E-23
  0.6862910000000E+11   0.2265703030344E-22
  0.9044930000000E+11   0.5139252495887E-22
  0.1192070000000E+12   0.1163264823796E-21
  0.1571080000000E+12   0.2625167444145E-21
  0.2070600000000E+12   0.5899804496642E-21
  0.2728930000000E+12   0.1318476041559E-20
  0.3596580000000E+12   0.3189056354049E-20
  0.4740100000000E+12   0.9226570527528E-20
  0.6247180000000E+12   0.2635030027563E-19
  0.8233440000000E+12   0.7382741953692E-19
  0.1085120000000E+13   0.2018703748253E-18
  0.1430130000000E+13   0.5332137563533E-18
  0.1884830000000E+13   0.1344988402364E-17
  0.2484100000000E+13   0.3185394832348E-17
  0.3273910000000E+13   0.6890020000814E-17
  0.4314820000000E+13   0.1317545536964E-16
  0.5686700000000E+13   0.2111266426614E-16
  0.7494750000000E+13   0.2654524038714E-16
  0.7682960000000E+13   0.2672932013767E-16
  0.7875890000000E+13   0.2684173009513E-16
  0.8073670000000E+13   0.2687816165915E-16
  0.8276410000000E+13   0.2684125928906E-16
  0.8484250000000E+13   0.2673894611061E-16
  0.8697300000000E+13   0.2661594760021E-16
  0.8915700000000E+13   0.2641951007131E-16
  0.9139590000000E+13   0.2621598014260E-16
  0.9369100000000E+13   0.2595337202983E-16
  0.9604380000000E+13   0.2565829277176E-16
  0.9845560000000E+13   0.2533095959206E-16
  0.1009280000000E+14   0.2494561655378E-16
  0.1034620000000E+14   0.2452773945803E-16
  0.1060610000000E+14   0.2405681793348E-16
  0.1087240000000E+14   0.2359091653134E-16
  0.1114540000000E+14   0.2308883918110E-16
  0.1142530000000E+14   0.2257675099048E-16
  0.1171220000000E+14   0.2205328977137E-16
  0.1200630000000E+14   0.2150579139936E-16
  0.1230780000000E+14   0.2095340935514E-16
  0.1261690000000E+14   0.2038233480397E-16
  0.1293370000000E+14   0.1985198638441E-16
  0.1325850000000E+14   0.1931460858422E-16
  0.1359150000000E+14   0.1879267697575E-16
  0.1393280000000E+14   0.1828111580898E-16
  0.1428260000000E+14   0.1778180708572E-16
  0.1464130000000E+14   0.1732953752622E-16
  0.1500900000000E+14   0.1687234064622E-16
  0.1538590000000E+14   0.1633581078589E-16
  0.1577220000000E+14   0.1580064989688E-16
  0.1616830000000E+14   0.1502897125477E-16
  0.1657430000000E+14   0.1414284195569E-16
  0.1699050000000E+14   0.1320979775930E-16
  0.1741720000000E+14   0.1210183492839E-16
  0.1785460000000E+14   0.1106340198659E-16
  0.1830290000000E+14   0.9988510000531E-17
  0.1876260000000E+14   0.8983024841488E-17
  0.1923370000000E+14   0.8085076839578E-17
  0.1971670000000E+14   0.7270191083322E-17
  0.2021180000000E+14   0.6558718000562E-17
  0.2071940000000E+14   0.5991467782821E-17
  0.2123970000000E+14   0.5471929667555E-17
  0.2177310000000E+14   0.5362061846048E-17
  0.2231980000000E+14   0.5249781720102E-17
  0.2288030000000E+14   0.5261016914571E-17
  0.2345490000000E+14   0.5308246463557E-17
  0.2404390000000E+14   0.5373986917901E-17
  0.2464770000000E+14   0.5479992965521E-17
  0.2526660000000E+14   0.5562392063954E-17
  0.2590110000000E+14   0.5667201145760E-17
  0.2655150000000E+14   0.5744826914125E-17
  0.2721830000000E+14   0.5885044545087E-17
  0.2790180000000E+14   0.6024609380232E-17
  0.2860240000000E+14   0.6103906997017E-17
  0.2932070000000E+14   0.6117939391014E-17
  0.3005700000000E+14   0.6107619830372E-17
  0.3081180000000E+14   0.5973448191047E-17
  0.3158550000000E+14   0.5844371315426E-17
  0.3237870000000E+14   0.5256788889921E-17
  0.3319170000000E+14   0.4568500875675E-17
  0.3402530000000E+14   0.3934615221425E-17
  0.3487970000000E+14   0.3350672148745E-17
  0.3575560000000E+14   0.2805393091782E-17
  0.3665350000000E+14   0.2315371492284E-17
  0.3757390000000E+14   0.1840794427181E-17
  0.3851740000000E+14   0.1552936364980E-17
  0.3948470000000E+14   0.1316682773832E-17
  0.4047620000000E+14   0.1162764278942E-17
  0.4149260000000E+14   0.1109167500233E-17
  0.4253460000000E+14   0.1062982434005E-17
  0.4360270000000E+14   0.1051105470910E-17
  0.4469770000000E+14   0.1040974151343E-17
  0.4582010000000E+14   0.1032804643842E-17
  0.4697070000000E+14   0.1026042315685E-17
  0.4815020000000E+14   0.1019318803102E-17
  0.4935940000000E+14   0.1012475606333E-17
  0.5059890000000E+14   0.1006560259348E-17
  0.5186950000000E+14   0.1002077116864E-17
  0.5317200000000E+14   0.9980252760445E-18
  0.5450730000000E+14   0.9959499898525E-18
  0.6258450000000E+14   0.9970617486731E-18
  0.7185870000000E+14   0.1007516974675E-17
  0.8250720000000E+14   0.1008355234141E-17
  0.9473370000000E+14   0.9963717427714E-18
  0.1087720000000E+15   0.9779324743911E-18
  0.1248910000000E+15   0.9623426927608E-18
  0.1433980000000E+15   0.9573743958053E-18
  0.1646470000000E+15   0.9706127812343E-18
  0.1890460000000E+15   0.1009564142655E-17
  0.2170600000000E+15   0.1075747061625E-17
  0.2492250000000E+15   0.1170504197198E-17
  0.2861570000000E+15   0.1292061006648E-17
  0.3285620000000E+15   0.1434042875471E-17
  0.3772500000000E+15   0.1585460579963E-17
  0.4331540000000E+15   0.1728792554700E-17
  0.4973410000000E+15   0.1840190976430E-17
  0.5710410000000E+15   0.1892971255107E-17
  0.6556610000000E+15   0.1863714954185E-17
  0.7528220000000E+15   0.1738913272286E-17
  0.8643800000000E+15   0.1522240205867E-17
  0.9924690000000E+15   0.1236541216497E-17
  0.1139540000000E+16   0.9190159552994E-18
  0.1308400000000E+16   0.6173082623700E-18
  0.1502290000000E+16   0.3683223495863E-18
  0.1724910000000E+16   0.1916071051683E-18
  0.1980520000000E+16   0.8502736026555E-19
  0.2274010000000E+16   0.3146977478894E-19
  0.2610990000000E+16   0.9453558053618E-20
  0.2997900000000E+16   0.2234750968865E-20
