mstar = 2 Msun, Rstar = 2.5 Rsun, Tstar = 10000, mdisk = 0.0066857 Msun, Rc = 150 AU, Rin = 0.5 AU, Rout = 250 AU, inclination = 45 degree, powerlaw = -1 
         130
  
  0.2997900000000E+11   0.8504364257568E-23
  0.3951060000000E+11   0.1937614493345E-22
  0.5207280000000E+11   0.4409840429582E-22
  0.6862910000000E+11   0.1002096823021E-21
  0.9044930000000E+11   0.2272355125454E-21
  0.1192070000000E+12   0.5138027787035E-21
  0.1571080000000E+12   0.1157308077059E-20
  0.2070600000000E+12   0.2593378794934E-20
  0.2728930000000E+12   0.5771535917005E-20
  0.3596580000000E+12   0.1387766620688E-19
  0.4740100000000E+12   0.3979600683195E-19
  0.6247180000000E+12   0.1121846205444E-18
  0.8233440000000E+12   0.3083666808347E-18
  0.1085120000000E+13   0.8195644273634E-18
  0.1430130000000E+13   0.2073903120507E-17
  0.1884830000000E+13   0.4898416211917E-17
  0.2484100000000E+13   0.1047720525941E-16
  0.3273910000000E+13   0.1936920005270E-16
  0.4314820000000E+13   0.2930413583707E-16
  0.5686700000000E+13   0.3446984693345E-16
  0.7494750000000E+13   0.3225965209777E-16
  0.7682960000000E+13   0.3183466686670E-16
  0.7875890000000E+13   0.3138308701689E-16
  0.8073670000000E+13   0.3090496940772E-16
  0.8276410000000E+13   0.3040479362519E-16
  0.8484250000000E+13   0.2989052899223E-16
  0.8697300000000E+13   0.2940209125741E-16
  0.8915700000000E+13   0.2889490953092E-16
  0.9139590000000E+13   0.2842898088751E-16
  0.9369100000000E+13   0.2795696967958E-16
  0.9604380000000E+13   0.2750260964727E-16
  0.9845560000000E+13   0.2706478078229E-16
  0.1009280000000E+14   0.2661335894279E-16
  0.1034620000000E+14   0.2617030347813E-16
  0.1060610000000E+14   0.2570742244915E-16
  0.1087240000000E+14   0.2528566103139E-16
  0.1114540000000E+14   0.2485230063202E-16
  0.1142530000000E+14   0.2443254964193E-16
  0.1171220000000E+14   0.2401905589925E-16
  0.1200630000000E+14   0.2358910830376E-16
  0.1230780000000E+14   0.2316102291615E-16
  0.1261690000000E+14   0.2271054010534E-16
  0.1293370000000E+14   0.2231239418176E-16
  0.1325850000000E+14   0.2189787712833E-16
  0.1359150000000E+14   0.2149341596272E-16
  0.1393280000000E+14   0.2108851836212E-16
  0.1428260000000E+14   0.2068303136652E-16
  0.1464130000000E+14   0.2032259824475E-16
  0.1500900000000E+14   0.1993440987765E-16
  0.1538590000000E+14   0.1941784326438E-16
  0.1577220000000E+14   0.1888372636644E-16
  0.1616830000000E+14   0.1801595642680E-16
  0.1657430000000E+14   0.1698222790325E-16
  0.1699050000000E+14   0.1587460647373E-16
  0.1741720000000E+14   0.1452350306094E-16
  0.1785460000000E+14   0.1325493138486E-16
  0.1830290000000E+14   0.1192721894900E-16
  0.1876260000000E+14   0.1068231137484E-16
  0.1923370000000E+14   0.9572749665311E-17
  0.1971670000000E+14   0.8566805505943E-17
  0.2021180000000E+14   0.7693280245449E-17
  0.2071940000000E+14   0.7008628213305E-17
  0.2123970000000E+14   0.6382145053440E-17
  0.2177310000000E+14   0.6303832519097E-17
  0.2231980000000E+14   0.6211983987415E-17
  0.2288030000000E+14   0.6273346746473E-17
  0.2345490000000E+14   0.6368771316345E-17
  0.2404390000000E+14   0.6475230140800E-17
  0.2464770000000E+14   0.6620919937231E-17
  0.2526660000000E+14   0.6726280209380E-17
  0.2590110000000E+14   0.6850973312600E-17
  0.2655150000000E+14   0.6935453982177E-17
  0.2721830000000E+14   0.7090787288910E-17
  0.2790180000000E+14   0.7240534919017E-17
  0.2860240000000E+14   0.7314300010448E-17
  0.2932070000000E+14   0.7307601922335E-17
  0.3005700000000E+14   0.7270318996057E-17
  0.3081180000000E+14   0.7084874008482E-17
  0.3158550000000E+14   0.6905554185205E-17
  0.3237870000000E+14   0.6184632998238E-17
  0.3319170000000E+14   0.5346980216748E-17
  0.3402530000000E+14   0.4576585256921E-17
  0.3487970000000E+14   0.3867472941910E-17
  0.3575560000000E+14   0.3206412299262E-17
  0.3665350000000E+14   0.2614100658911E-17
  0.3757390000000E+14   0.2043339293172E-17
  0.3851740000000E+14   0.1696589897050E-17
  0.3948470000000E+14   0.1415104209221E-17
  0.4047620000000E+14   0.1235534638387E-17
  0.4149260000000E+14   0.1173531485377E-17
  0.4253460000000E+14   0.1121500383294E-17
  0.4360270000000E+14   0.1107163910946E-17
  0.4469770000000E+14   0.1095043001517E-17
  0.4582010000000E+14   0.1085349717040E-17
  0.4697070000000E+14   0.1077492855182E-17
  0.4815020000000E+14   0.1070085909157E-17
  0.4935940000000E+14   0.1062987786526E-17
  0.5059890000000E+14   0.1057222643591E-17
  0.5186950000000E+14   0.1053224388593E-17
  0.5317200000000E+14   0.1049982851936E-17
  0.5450730000000E+14   0.1048899190720E-17
  0.6258450000000E+14   0.1057805563265E-17
  0.7185870000000E+14   0.1076209260915E-17
  0.8250720000000E+14   0.1082481265028E-17
  0.9473370000000E+14   0.1071076761810E-17
  0.1087720000000E+15   0.1046938317383E-17
  0.1248910000000E+15   0.1019916114344E-17
  0.1433980000000E+15   0.9997902952129E-18
  0.1646470000000E+15   0.9968561218023E-18
  0.1890460000000E+15   0.1021266287537E-17
  0.2170600000000E+15   0.1076211498076E-17
  0.2492250000000E+15   0.1163974661820E-17
  0.2861570000000E+15   0.1282672995623E-17
  0.3285620000000E+15   0.1424997777841E-17
  0.3772500000000E+15   0.1578468809053E-17
  0.4331540000000E+15   0.1724096498768E-17
  0.4973410000000E+15   0.1837053772481E-17
  0.5710410000000E+15   0.1890275210606E-17
  0.6556610000000E+15   0.1860490438393E-17
  0.7528220000000E+15   0.1734314783087E-17
  0.8643800000000E+15   0.1516668999961E-17
  0.9924690000000E+15   0.1231432639110E-17
  0.1139540000000E+16   0.9137769647752E-18
  0.1308400000000E+16   0.6140069524539E-18
  0.1502290000000E+16   0.3666938797577E-18
  0.1724910000000E+16   0.1909717195989E-18
  0.1980520000000E+16   0.8472981616811E-19
  0.2274010000000E+16   0.3136218827412E-19
  0.2610990000000E+16   0.9421834686657E-20
  0.2997900000000E+16   0.2227358234260E-20
