mstar = 2 Msun, Rstar = 2.5 Rsun, Tstar = 10000, mdisk = 0.0057169 Msun, Rc = 150 AU, Rin = 0.5 AU, Rout = 250 AU, inclination = 45 degree, powerlaw = -1 
         130
  
  0.2997900000000E+11   0.7396382147638E-23
  0.3951060000000E+11   0.1685103522109E-22
  0.5207280000000E+11   0.3835184216679E-22
  0.6862910000000E+11   0.8715655354059E-22
  0.9044930000000E+11   0.1976599581616E-21
  0.1192070000000E+12   0.4470133200694E-21
  0.1571080000000E+12   0.1007141971608E-20
  0.2070600000000E+12   0.2257726855310E-20
  0.2728930000000E+12   0.5027133501260E-20
  0.3596580000000E+12   0.1209658273624E-19
  0.4740100000000E+12   0.3472796722317E-19
  0.6247180000000E+12   0.9806282021909E-19
  0.8233440000000E+12   0.2702306809763E-18
  0.1085120000000E+13   0.7209754155804E-18
  0.1430130000000E+13   0.1835299745026E-17
  0.1884830000000E+13   0.4375278629411E-17
  0.2484100000000E+13   0.9494763436038E-17
  0.3273910000000E+13   0.1794158322340E-16
  0.4314820000000E+13   0.2798307693666E-16
  0.5686700000000E+13   0.3400425093945E-16
  0.7494750000000E+13   0.3229239638898E-16
  0.7682960000000E+13   0.3186322647945E-16
  0.7875890000000E+13   0.3140118897268E-16
  0.8073670000000E+13   0.3090751611740E-16
  0.8276410000000E+13   0.3038781785130E-16
  0.8484250000000E+13   0.2985102521065E-16
  0.8697300000000E+13   0.2933686712352E-16
  0.8915700000000E+13   0.2880312654488E-16
  0.9139590000000E+13   0.2830866642613E-16
  0.9369100000000E+13   0.2780868146199E-16
  0.9604380000000E+13   0.2732682277731E-16
  0.9845560000000E+13   0.2686270784413E-16
  0.1009280000000E+14   0.2638783814335E-16
  0.1034620000000E+14   0.2592376604251E-16
  0.1060610000000E+14   0.2544345830199E-16
  0.1087240000000E+14   0.2500596630170E-16
  0.1114540000000E+14   0.2456027472618E-16
  0.1142530000000E+14   0.2413072949969E-16
  0.1171220000000E+14   0.2371004134998E-16
  0.1200630000000E+14   0.2327584240623E-16
  0.1230780000000E+14   0.2284566590994E-16
  0.1261690000000E+14   0.2239550317779E-16
  0.1293370000000E+14   0.2199808180808E-16
  0.1325850000000E+14   0.2158607585994E-16
  0.1359150000000E+14   0.2118505095086E-16
  0.1393280000000E+14   0.2078447883233E-16
  0.1428260000000E+14   0.2038395916500E-16
  0.1464130000000E+14   0.2002808936483E-16
  0.1500900000000E+14   0.1964538132034E-16
  0.1538590000000E+14   0.1913700489205E-16
  0.1577220000000E+14   0.1861152640999E-16
  0.1616830000000E+14   0.1775867045124E-16
  0.1657430000000E+14   0.1674288710339E-16
  0.1699050000000E+14   0.1565453967010E-16
  0.1741720000000E+14   0.1432725926767E-16
  0.1785460000000E+14   0.1308077302707E-16
  0.1830290000000E+14   0.1177641494918E-16
  0.1876260000000E+14   0.1055336108100E-16
  0.1923370000000E+14   0.9463047815112E-17
  0.1971670000000E+14   0.8474211108203E-17
  0.2021180000000E+14   0.7615051878518E-17
  0.2071940000000E+14   0.6940919196939E-17
  0.2123970000000E+14   0.6323771273636E-17
  0.2177310000000E+14   0.6244273835672E-17
  0.2231980000000E+14   0.6151690911564E-17
  0.2288030000000E+14   0.6209638922867E-17
  0.2345490000000E+14   0.6301170013379E-17
  0.2404390000000E+14   0.6403800237051E-17
  0.2464770000000E+14   0.6545350246254E-17
  0.2526660000000E+14   0.6647742205063E-17
  0.2590110000000E+14   0.6769872554070E-17
  0.2655150000000E+14   0.6852752983368E-17
  0.2721830000000E+14   0.7006047442464E-17
  0.2790180000000E+14   0.7154375988007E-17
  0.2860240000000E+14   0.7228144741234E-17
  0.2932070000000E+14   0.7222769940694E-17
  0.3005700000000E+14   0.7187495593052E-17
  0.3081180000000E+14   0.7005876809589E-17
  0.3158550000000E+14   0.6830326958964E-17
  0.3237870000000E+14   0.6118258868608E-17
  0.3319170000000E+14   0.5290539776926E-17
  0.3402530000000E+14   0.4529373452841E-17
  0.3487970000000E+14   0.3828963793999E-17
  0.3575560000000E+14   0.3176520733098E-17
  0.3665350000000E+14   0.2591752352826E-17
  0.3757390000000E+14   0.2028521822092E-17
  0.3851740000000E+14   0.1687006120035E-17
  0.3948470000000E+14   0.1409798922041E-17
  0.4047620000000E+14   0.1232586048968E-17
  0.4149260000000E+14   0.1171155718030E-17
  0.4253460000000E+14   0.1119559070478E-17
  0.4360270000000E+14   0.1105308062988E-17
  0.4469770000000E+14   0.1093259611313E-17
  0.4582010000000E+14   0.1083621609598E-17
  0.4697070000000E+14   0.1075803725582E-17
  0.4815020000000E+14   0.1068426127297E-17
  0.4935940000000E+14   0.1061346842397E-17
  0.5059890000000E+14   0.1055577273206E-17
  0.5186950000000E+14   0.1051550314109E-17
  0.5317200000000E+14   0.1048259547194E-17
  0.5450730000000E+14   0.1047101752718E-17
  0.6258450000000E+14   0.1055322476928E-17
  0.7185870000000E+14   0.1072862399024E-17
  0.8250720000000E+14   0.1078431822732E-17
  0.9473370000000E+14   0.1066757066478E-17
  0.1087720000000E+15   0.1042936176624E-17
  0.1248910000000E+15   0.1016812544112E-17
  0.1433980000000E+15   0.9980215352261E-18
  0.1646470000000E+15   0.9965960528504E-18
  0.1890460000000E+15   0.1022357805907E-17
  0.2170600000000E+15   0.1078212790230E-17
  0.2492250000000E+15   0.1166336233019E-17
  0.2861570000000E+15   0.1284930687515E-17
  0.3285620000000E+15   0.1426827808504E-17
  0.3772500000000E+15   0.1579714323172E-17
  0.4331540000000E+15   0.1724808273900E-17
  0.4973410000000E+15   0.1837444973370E-17
  0.5710410000000E+15   0.1890573044670E-17
  0.6556610000000E+15   0.1860841887667E-17
  0.7528220000000E+15   0.1734819353305E-17
  0.8643800000000E+15   0.1517281335838E-17
  0.9924690000000E+15   0.1231994155255E-17
  0.1139540000000E+16   0.9143524285156E-18
  0.1308400000000E+16   0.6143696346009E-18
  0.1502290000000E+16   0.3668728577967E-18
  0.1724910000000E+16   0.1910415865727E-18
  0.1980520000000E+16   0.8476253142696E-19
  0.2274010000000E+16   0.3137401794091E-19
  0.2610990000000E+16   0.9425322925181E-20
  0.2997900000000E+16   0.2228171141992E-20
