mstar = 2 Msun, Rstar = 2.5 Rsun, Tstar = 10000, mdisk = 0.00052908 Msun, Rc = 150 AU, Rin = 0.5 AU, Rout = 250 AU, inclination = 45 degree, powerlaw = -1 
         130
  
  0.2997900000000E+11   0.8865454581667E-24
  0.3951060000000E+11   0.2008267939447E-23
  0.5207280000000E+11   0.4552871613708E-23
  0.6862910000000E+11   0.1032230739085E-22
  0.9044930000000E+11   0.2338711170168E-22
  0.1192070000000E+12   0.5291002264613E-22
  0.1571080000000E+12   0.1194169138131E-21
  0.2070600000000E+12   0.2685780136096E-21
  0.2728930000000E+12   0.6010814728831E-21
  0.3596580000000E+12   0.1457027141929E-20
  0.4740100000000E+12   0.4229060311262E-20
  0.6247180000000E+12   0.1213700302790E-19
  0.8233440000000E+12   0.3424565721749E-19
  0.1085120000000E+13   0.9458549451204E-19
  0.1430130000000E+13   0.2534480358981E-18
  0.1884830000000E+13   0.6526825614469E-18
  0.2484100000000E+13   0.1593264884964E-17
  0.3273910000000E+13   0.3603753628438E-17
  0.4314820000000E+13   0.7367618772086E-17
  0.5686700000000E+13   0.1304141422484E-16
  0.7494750000000E+13   0.1886079968122E-16
  0.7682960000000E+13   0.1926707359367E-16
  0.7875890000000E+13   0.1963130981724E-16
  0.8073670000000E+13   0.1994683936914E-16
  0.8276410000000E+13   0.2021290681536E-16
  0.8484250000000E+13   0.2043381919291E-16
  0.8697300000000E+13   0.2065088947956E-16
  0.8915700000000E+13   0.2080950989101E-16
  0.9139590000000E+13   0.2097419694016E-16
  0.9369100000000E+13   0.2108887857321E-16
  0.9604380000000E+13   0.2117783612086E-16
  0.9845560000000E+13   0.2123788679230E-16
  0.1009280000000E+14   0.2123627852686E-16
  0.1034620000000E+14   0.2119633557512E-16
  0.1060610000000E+14   0.2109031273570E-16
  0.1087240000000E+14   0.2097974240740E-16
  0.1114540000000E+14   0.2081326724132E-16
  0.1142530000000E+14   0.2061697577894E-16
  0.1171220000000E+14   0.2038532008328E-16
  0.1200630000000E+14   0.2010032092385E-16
  0.1230780000000E+14   0.1978155388177E-16
  0.1261690000000E+14   0.1941159052567E-16
  0.1293370000000E+14   0.1905569614146E-16
  0.1325850000000E+14   0.1865954947168E-16
  0.1359150000000E+14   0.1824795083182E-16
  0.1393280000000E+14   0.1781613542993E-16
  0.1428260000000E+14   0.1736775668176E-16
  0.1464130000000E+14   0.1693889150403E-16
  0.1500900000000E+14   0.1648078577227E-16
  0.1538590000000E+14   0.1593016508254E-16
  0.1577220000000E+14   0.1536894995463E-16
  0.1616830000000E+14   0.1459098317718E-16
  0.1657430000000E+14   0.1371409718483E-16
  0.1699050000000E+14   0.1280087217184E-16
  0.1741720000000E+14   0.1173996691931E-16
  0.1785460000000E+14   0.1074516662882E-16
  0.1830290000000E+14   0.9721639269917E-17
  0.1876260000000E+14   0.8761686696195E-17
  0.1923370000000E+14   0.7899859963382E-17
  0.1971670000000E+14   0.7114470631008E-17
  0.2021180000000E+14   0.6425256108536E-17
  0.2071940000000E+14   0.5872588329929E-17
  0.2123970000000E+14   0.5366089761440E-17
  0.2177310000000E+14   0.5247699807580E-17
  0.2231980000000E+14   0.5119952621146E-17
  0.2288030000000E+14   0.5095614453821E-17
  0.2345490000000E+14   0.5094765251450E-17
  0.2404390000000E+14   0.5105411833040E-17
  0.2464770000000E+14   0.5149028079795E-17
  0.2526660000000E+14   0.5176146237372E-17
  0.2590110000000E+14   0.5227261891007E-17
  0.2655150000000E+14   0.5262833876695E-17
  0.2721830000000E+14   0.5358305801280E-17
  0.2790180000000E+14   0.5461629721028E-17
  0.2860240000000E+14   0.5521198208392E-17
  0.2932070000000E+14   0.5530449068021E-17
  0.3005700000000E+14   0.5522882639728E-17
  0.3081180000000E+14   0.5410476353961E-17
  0.3158550000000E+14   0.5304244784497E-17
  0.3237870000000E+14   0.4796006381446E-17
  0.3319170000000E+14   0.4198277468071E-17
  0.3402530000000E+14   0.3647425882154E-17
  0.3487970000000E+14   0.3138966535842E-17
  0.3575560000000E+14   0.2662755356900E-17
  0.3665350000000E+14   0.2233167788367E-17
  0.3757390000000E+14   0.1813296715037E-17
  0.3851740000000E+14   0.1551773608028E-17
  0.3948470000000E+14   0.1324318851700E-17
  0.4047620000000E+14   0.1159156356740E-17
  0.4149260000000E+14   0.1098016581819E-17
  0.4253460000000E+14   0.1042771904240E-17
  0.4360270000000E+14   0.1030393641766E-17
  0.4469770000000E+14   0.1019517584711E-17
  0.4582010000000E+14   0.1010537546602E-17
  0.4697070000000E+14   0.1002811323393E-17
  0.4815020000000E+14   0.9946250162844E-18
  0.4935940000000E+14   0.9858471036360E-18
  0.5059890000000E+14   0.9779410824905E-18
  0.5186950000000E+14   0.9716762292062E-18
  0.5317200000000E+14   0.9657745940657E-18
  0.5450730000000E+14   0.9623788900052E-18
  0.6258450000000E+14   0.9595903294963E-18
  0.7185870000000E+14   0.9704287662052E-18
  0.8250720000000E+14   0.9726564647157E-18
  0.9473370000000E+14   0.9634929040693E-18
  0.1087720000000E+15   0.9499286355845E-18
  0.1248910000000E+15   0.9408538120591E-18
  0.1433980000000E+15   0.9431444576800E-18
  0.1646470000000E+15   0.9632246125888E-18
  0.1890460000000E+15   0.1007402707069E-17
  0.2170600000000E+15   0.1076560996945E-17
  0.2492250000000E+15   0.1172345300511E-17
  0.2861570000000E+15   0.1293984799238E-17
  0.3285620000000E+15   0.1435795025084E-17
  0.3772500000000E+15   0.1586853316708E-17
  0.4331540000000E+15   0.1729756342823E-17
  0.4973410000000E+15   0.1840918034684E-17
  0.5710410000000E+15   0.1893711115164E-17
  0.6556610000000E+15   0.1864667563023E-17
  0.7528220000000E+15   0.1740290525805E-17
  0.8643800000000E+15   0.1523911202831E-17
  0.9924690000000E+15   0.1238073891604E-17
  0.1139540000000E+16   0.9205893471094E-18
  0.1308400000000E+16   0.6182994927383E-18
  0.1502290000000E+16   0.3688110080019E-18
  0.1724910000000E+16   0.1917976293576E-18
  0.1980520000000E+16   0.8511659131149E-19
  0.2274010000000E+16   0.3150203741065E-19
  0.2610990000000E+16   0.9463070741772E-20
  0.2997900000000E+16   0.2236967713287E-20
