         130
  
  0.2997900000000E+11   0.6635421548246E-25
  0.3951060000000E+11   0.1364702283180E-24
  0.5207280000000E+11   0.2853618569938E-24
  0.6862910000000E+11   0.6055238555914E-24
  0.9044930000000E+11   0.1301009306110E-23
  0.1192070000000E+12   0.2823582207971E-23
  0.1571080000000E+12   0.6174831683771E-23
  0.2070600000000E+12   0.1357308096839E-22
  0.2728930000000E+12   0.2991283641235E-22
  0.3596580000000E+12   0.7155518983831E-22
  0.4740100000000E+12   0.2054283643750E-21
  0.6247180000000E+12   0.5905409459601E-21
  0.8233440000000E+12   0.1686696595804E-20
  0.1085120000000E+13   0.4764922498614E-20
  0.1430130000000E+13   0.1321701304134E-19
  0.1884830000000E+13   0.3577975763043E-19
  0.2484100000000E+13   0.9374201992876E-19
  0.3273910000000E+13   0.2341416723011E-18
  0.4314820000000E+13   0.5496033583834E-18
  0.5686700000000E+13   0.1176778013079E-17
  0.7494750000000E+13   0.2200726411502E-17
  0.7682960000000E+13   0.2309276339891E-17
  0.7875890000000E+13   0.2418271250911E-17
  0.8073670000000E+13   0.2526657913970E-17
  0.8276410000000E+13   0.2634149354016E-17
  0.8484250000000E+13   0.2741261863949E-17
  0.8697300000000E+13   0.2855004559030E-17
  0.8915700000000E+13   0.2966248310541E-17
  0.9139590000000E+13   0.3086734280960E-17
  0.9369100000000E+13   0.3206493100512E-17
  0.9604380000000E+13   0.3330282623418E-17
  0.9845560000000E+13   0.3457793699020E-17
  0.1009280000000E+14   0.3581810707532E-17
  0.1034620000000E+14   0.3707082685217E-17
  0.1060610000000E+14   0.3826470252362E-17
  0.1087240000000E+14   0.3955034627781E-17
  0.1114540000000E+14   0.4079320973780E-17
  0.1142530000000E+14   0.4205904359107E-17
  0.1171220000000E+14   0.4332715342094E-17
  0.1200630000000E+14   0.4452916720423E-17
  0.1230780000000E+14   0.4571477518534E-17
  0.1261690000000E+14   0.4680467097816E-17
  0.1293370000000E+14   0.4803459189872E-17
  0.1325850000000E+14   0.4918567737346E-17
  0.1359150000000E+14   0.5034230095514E-17
  0.1393280000000E+14   0.5146610047055E-17
  0.1428260000000E+14   0.5255320087823E-17
  0.1464130000000E+14   0.5377629929383E-17
  0.1500900000000E+14   0.5485974904397E-17
  0.1538590000000E+14   0.5538350969147E-17
  0.1577220000000E+14   0.5576276437020E-17
  0.1616830000000E+14   0.5464774064981E-17
  0.1657430000000E+14   0.5266976548363E-17
  0.1699050000000E+14   0.5019093853351E-17
  0.1741720000000E+14   0.4643904692040E-17
  0.1785460000000E+14   0.4283441000438E-17
  0.1830290000000E+14   0.3874597795019E-17
  0.1876260000000E+14   0.3481799106852E-17
  0.1923370000000E+14   0.3130605833750E-17
  0.1971670000000E+14   0.2808390583490E-17
  0.2021180000000E+14   0.2530596971928E-17
  0.2071940000000E+14   0.2327146225749E-17
  0.2123970000000E+14   0.2137920729655E-17
  0.2177310000000E+14   0.2212712032143E-17
  0.2231980000000E+14   0.2280634061750E-17
  0.2288030000000E+14   0.2431992689318E-17
  0.2345490000000E+14   0.2607766627949E-17
  0.2404390000000E+14   0.2796162297969E-17
  0.2464770000000E+14   0.3014373035539E-17
  0.2526660000000E+14   0.3214458374036E-17
  0.2590110000000E+14   0.3431611111698E-17
  0.2655150000000E+14   0.3626995497202E-17
  0.2721830000000E+14   0.3871352199157E-17
  0.2790180000000E+14   0.4114237878626E-17
  0.2860240000000E+14   0.4306431729153E-17
  0.2932070000000E+14   0.4442396881921E-17
  0.3005700000000E+14   0.4554179246264E-17
  0.3081180000000E+14   0.4560222573062E-17
  0.3158550000000E+14   0.4564788762073E-17
  0.3237870000000E+14   0.4177802672354E-17
  0.3319170000000E+14   0.3673693688818E-17
  0.3402530000000E+14   0.3179203294872E-17
  0.3487970000000E+14   0.2690222504145E-17
  0.3575560000000E+14   0.2195910139246E-17
  0.3665350000000E+14   0.1717704291167E-17
  0.3757390000000E+14   0.1218089813354E-17
  0.3851740000000E+14   0.9137462322298E-18
  0.3948470000000E+14   0.6606783205336E-18
  0.4047620000000E+14   0.5025545235659E-18
  0.4149260000000E+14   0.4572549847933E-18
  0.4253460000000E+14   0.4184830506078E-18
  0.4360270000000E+14   0.4154259971919E-18
  0.4469770000000E+14   0.4128769731645E-18
  0.4582010000000E+14   0.4113006041741E-18
  0.4697070000000E+14   0.4102731383650E-18
  0.4815020000000E+14   0.4084861101549E-18
  0.4935940000000E+14   0.4059438553034E-18
  0.5059890000000E+14   0.4039576871107E-18
  0.5186950000000E+14   0.4032558230253E-18
  0.5317200000000E+14   0.4028406937979E-18
  0.5450730000000E+14   0.4045409289729E-18
  0.6258450000000E+14   0.4306984282956E-18
  0.7185870000000E+14   0.4792930581576E-18
  0.8250720000000E+14   0.5348963919718E-18
  0.9473370000000E+14   0.5932012216914E-18
  0.1087720000000E+15   0.6557966668800E-18
  0.1248910000000E+15   0.7238313800696E-18
  0.1433980000000E+15   0.7965973778469E-18
  0.1646470000000E+15   0.8744756783546E-18
  0.1890460000000E+15   0.9603476414282E-18
  0.2170600000000E+15   0.1055585968766E-17
  0.2492250000000E+15   0.1164327376113E-17
  0.2861570000000E+15   0.1290226009092E-17
  0.3285620000000E+15   0.1432322410153E-17
  0.3772500000000E+15   0.1583405294644E-17
  0.4331540000000E+15   0.1727357923876E-17
  0.4973410000000E+15   0.1839996540672E-17
  0.5710410000000E+15   0.1893948535391E-17
  0.6556610000000E+15   0.1865697183045E-17
  0.7528220000000E+15   0.1742064660679E-17
  0.8643800000000E+15   0.1526124115254E-17
  0.9924690000000E+15   0.1240110128391E-17
  0.1139540000000E+16   0.9226815767135E-18
  0.1308400000000E+16   0.6196174658857E-18
  0.1502290000000E+16   0.3694605354040E-18
  0.1724910000000E+16   0.1920507773902E-18
  0.1980520000000E+16   0.8523515951485E-19
  0.2274010000000E+16   0.3154490604726E-19
  0.2610990000000E+16   0.9475710352936E-20
  0.2997900000000E+16   0.2239913076461E-20
