mstar = 2 Msun, Rstar = 2.5 Rsun, Tstar = 10000, mdisk = 0.0012295 Msun, Rc = 150 AU, Rin = 0.5 AU, Rout = 250 AU, inclination = 45 degree, powerlaw = -1 
         130
  
  0.2997900000000E+11   0.1861284304097E-23
  0.3951060000000E+11   0.4231692492411E-23
  0.5207280000000E+11   0.9618824009583E-23
  0.6862910000000E+11   0.2184736238512E-22
  0.9044930000000E+11   0.4955418728742E-22
  0.1192070000000E+12   0.1121636137647E-21
  0.1571080000000E+12   0.2531229919148E-21
  0.2070600000000E+12   0.5688815124817E-21
  0.2728930000000E+12   0.1271380147444E-20
  0.3596580000000E+12   0.3075350044682E-20
  0.4740100000000E+12   0.8898522290654E-20
  0.6247180000000E+12   0.2541755052271E-19
  0.8233440000000E+12   0.7123136690159E-19
  0.1085120000000E+13   0.1948422906794E-18
  0.1430130000000E+13   0.5149294355829E-18
  0.1884830000000E+13   0.1299956176304E-17
  0.2484100000000E+13   0.3082819768870E-17
  0.3273910000000E+13   0.6682370372430E-17
  0.4314820000000E+13   0.1282301333737E-16
  0.5686700000000E+13   0.2066266343564E-16
  0.7494750000000E+13   0.2618860416442E-16
  0.7682960000000E+13   0.2639163530008E-16
  0.7875890000000E+13   0.2652421764762E-16
  0.8073670000000E+13   0.2658179344218E-16
  0.8276410000000E+13   0.2656673790931E-16
  0.8484250000000E+13   0.2648672327604E-16
  0.8697300000000E+13   0.2638642019031E-16
  0.8915700000000E+13   0.2621262236357E-16
  0.9139590000000E+13   0.2603179065296E-16
  0.9369100000000E+13   0.2579140312111E-16
  0.9604380000000E+13   0.2551796904750E-16
  0.9845560000000E+13   0.2521146115317E-16
  0.1009280000000E+14   0.2484565442433E-16
  0.1034620000000E+14   0.2444596979560E-16
  0.1060610000000E+14   0.2399152969376E-16
  0.1087240000000E+14   0.2354064640056E-16
  0.1114540000000E+14   0.2305164597435E-16
  0.1142530000000E+14   0.2255076601769E-16
  0.1171220000000E+14   0.2203653433551E-16
  0.1200630000000E+14   0.2149621831107E-16
  0.1230780000000E+14   0.2094910534490E-16
  0.1261690000000E+14   0.2038144153026E-16
  0.1293370000000E+14   0.1985280889264E-16
  0.1325850000000E+14   0.1931554868465E-16
  0.1359150000000E+14   0.1879232334396E-16
  0.1393280000000E+14   0.1827826250391E-16
  0.1428260000000E+14   0.1777547016435E-16
  0.1464130000000E+14   0.1731873192220E-16
  0.1500900000000E+14   0.1685663221579E-16
  0.1538590000000E+14   0.1631560781505E-16
  0.1577220000000E+14   0.1577600734118E-16
  0.1616830000000E+14   0.1500199629987E-16
  0.1657430000000E+14   0.1411481398109E-16
  0.1699050000000E+14   0.1318150086105E-16
  0.1741720000000E+14   0.1207510098552E-16
  0.1785460000000E+14   0.1103802444453E-16
  0.1830290000000E+14   0.9965121362537E-17
  0.1876260000000E+14   0.8961343352707E-17
  0.1923370000000E+14   0.8064638201911E-17
  0.1971670000000E+14   0.7250776348611E-17
  0.2021180000000E+14   0.6539947668154E-17
  0.2071940000000E+14   0.5972791076562E-17
  0.2123970000000E+14   0.5453375808362E-17
  0.2177310000000E+14   0.5341603274066E-17
  0.2231980000000E+14   0.5227504386357E-17
  0.2288030000000E+14   0.5236135656021E-17
  0.2345490000000E+14   0.5280629422661E-17
  0.2404390000000E+14   0.5343767867025E-17
  0.2464770000000E+14   0.5447210231318E-17
  0.2526660000000E+14   0.5527509811577E-17
  0.2590110000000E+14   0.5630354658187E-17
  0.2655150000000E+14   0.5706488828343E-17
  0.2721830000000E+14   0.5845079515358E-17
  0.2790180000000E+14   0.5983168730477E-17
  0.2860240000000E+14   0.6061593044070E-17
  0.2932070000000E+14   0.6075260161170E-17
  0.3005700000000E+14   0.6064724423106E-17
  0.3081180000000E+14   0.5931162214820E-17
  0.3158550000000E+14   0.5802721196479E-17
  0.3237870000000E+14   0.5219018882398E-17
  0.3319170000000E+14   0.4535472038759E-17
  0.3402530000000E+14   0.3906306421534E-17
  0.3487970000000E+14   0.3327013030926E-17
  0.3575560000000E+14   0.2786382578144E-17
  0.3665350000000E+14   0.2300833137504E-17
  0.3757390000000E+14   0.1830567632525E-17
  0.3851740000000E+14   0.1545441837606E-17
  0.3948470000000E+14   0.1310999301213E-17
  0.4047620000000E+14   0.1157816565840E-17
  0.4149260000000E+14   0.1104536757423E-17
  0.4253460000000E+14   0.1058559275288E-17
  0.4360270000000E+14   0.1047000746602E-17
  0.4469770000000E+14   0.1037153232868E-17
  0.4582010000000E+14   0.1029237860818E-17
  0.4697070000000E+14   0.1022698992281E-17
  0.4815020000000E+14   0.1016163457859E-17
  0.4935940000000E+14   0.1009474855389E-17
  0.5059890000000E+14   0.1003689927786E-17
  0.5186950000000E+14   0.9993233189620E-18
  0.5317200000000E+14   0.9953694934622E-18
  0.5450730000000E+14   0.9933874085072E-18
  0.6258450000000E+14   0.9948821401625E-18
  0.7185870000000E+14   0.1005608384533E-17
  0.8250720000000E+14   0.1006739565941E-17
  0.9473370000000E+14   0.9951778474282E-18
  0.1087720000000E+15   0.9772766949264E-18
  0.1248910000000E+15   0.9622389116891E-18
  0.1433980000000E+15   0.9577060844345E-18
  0.1646470000000E+15   0.9711576344690E-18
  0.1890460000000E+15   0.1010085862378E-17
  0.2170600000000E+15   0.1076090359153E-17
  0.2492250000000E+15   0.1170649710718E-17
  0.2861570000000E+15   0.1292078083754E-17
  0.3285620000000E+15   0.1434009455868E-17
  0.3772500000000E+15   0.1585426615255E-17
  0.4331540000000E+15   0.1728783386955E-17
  0.4973410000000E+15   0.1840209637540E-17
  0.5710410000000E+15   0.1893012620972E-17
  0.6556610000000E+15   0.1863779240046E-17
  0.7528220000000E+15   0.1739009995812E-17
  0.8643800000000E+15   0.1522358288444E-17
  0.9924690000000E+15   0.1236649598330E-17
  0.1139540000000E+16   0.9191272029160E-18
  0.1308400000000E+16   0.6173783520303E-18
  0.1502290000000E+16   0.3683569070051E-18
  0.1724910000000E+16   0.1916205809225E-18
  0.1980520000000E+16   0.8503367140585E-19
  0.2274010000000E+16   0.3147205668782E-19
  0.2610990000000E+16   0.9454230881254E-20
  0.2997900000000E+16   0.2234907759121E-20
