         130
  
  0.2997900000000E+11   0.1012382448007E-22
  0.3951060000000E+11   0.2306675343097E-22
  0.5207280000000E+11   0.5249686473406E-22
  0.6862910000000E+11   0.1192849902019E-21
  0.9044930000000E+11   0.2704514786087E-21
  0.1192070000000E+12   0.6113823726591E-21
  0.1571080000000E+12   0.1376661379294E-20
  0.2070600000000E+12   0.3083562309006E-20
  0.2728930000000E+12   0.6858317661388E-20
  0.3596580000000E+12   0.1647661553739E-19
  0.4740100000000E+12   0.4718335698669E-19
  0.6247180000000E+12   0.1327323856052E-18
  0.8233440000000E+12   0.3636890206766E-18
  0.1085120000000E+13   0.9618426462484E-18
  0.1430130000000E+13   0.2415162193779E-17
  0.1884830000000E+13   0.5635128034769E-17
  0.2484100000000E+13   0.1182426460535E-16
  0.3273910000000E+13   0.2123922459670E-16
  0.4314820000000E+13   0.3090908299032E-16
  0.5686700000000E+13   0.3500706099370E-16
  0.7494750000000E+13   0.3239129977877E-16
  0.7682960000000E+13   0.3198472310140E-16
  0.7875890000000E+13   0.3155680551322E-16
  0.8073670000000E+13   0.3110611320319E-16
  0.8276410000000E+13   0.3063583154468E-16
  0.8484250000000E+13   0.3015291496211E-16
  0.8697300000000E+13   0.2969774147560E-16
  0.8915700000000E+13   0.2922301264460E-16
  0.9139590000000E+13   0.2879024936331E-16
  0.9369100000000E+13   0.2834944645080E-16
  0.9604380000000E+13   0.2792462678624E-16
  0.9845560000000E+13   0.2751411294361E-16
  0.1009280000000E+14   0.2708631719779E-16
  0.1034620000000E+14   0.2666387197393E-16
  0.1060610000000E+14   0.2621764372733E-16
  0.1087240000000E+14   0.2581057852665E-16
  0.1114540000000E+14   0.2538842876599E-16
  0.1142530000000E+14   0.2497740119484E-16
  0.1171220000000E+14   0.2457013271171E-16
  0.1200630000000E+14   0.2414357306115E-16
  0.1230780000000E+14   0.2371681635836E-16
  0.1261690000000E+14   0.2326524470662E-16
  0.1293370000000E+14   0.2286560309814E-16
  0.1325850000000E+14   0.2244780822374E-16
  0.1359150000000E+14   0.2203904873016E-16
  0.1393280000000E+14   0.2162875097797E-16
  0.1428260000000E+14   0.2121685198208E-16
  0.1464130000000E+14   0.2085018555949E-16
  0.1500900000000E+14   0.2045441252091E-16
  0.1538590000000E+14   0.1992671207747E-16
  0.1577220000000E+14   0.1938050609321E-16
  0.1616830000000E+14   0.1849266532602E-16
  0.1657430000000E+14   0.1743468829700E-16
  0.1699050000000E+14   0.1630073437867E-16
  0.1741720000000E+14   0.1491743054269E-16
  0.1785460000000E+14   0.1361820372032E-16
  0.1830290000000E+14   0.1225845230366E-16
  0.1876260000000E+14   0.1098335692235E-16
  0.1923370000000E+14   0.9846771328561E-17
  0.1971670000000E+14   0.8816217875315E-17
  0.2021180000000E+14   0.7920838696533E-17
  0.2071940000000E+14   0.7218273759919E-17
  0.2123970000000E+14   0.6575176985236E-17
  0.2177310000000E+14   0.6492206760136E-17
  0.2231980000000E+14   0.6395304199667E-17
  0.2288030000000E+14   0.6454740211473E-17
  0.2345490000000E+14   0.6548610650828E-17
  0.2404390000000E+14   0.6653810283745E-17
  0.2464770000000E+14   0.6799308421123E-17
  0.2526660000000E+14   0.6903828274389E-17
  0.2590110000000E+14   0.7028321170069E-17
  0.2655150000000E+14   0.7111930150911E-17
  0.2721830000000E+14   0.7267932911421E-17
  0.2790180000000E+14   0.7418104345891E-17
  0.2860240000000E+14   0.7490166544294E-17
  0.2932070000000E+14   0.7479766203945E-17
  0.3005700000000E+14   0.7438013711516E-17
  0.3081180000000E+14   0.7245459128313E-17
  0.3158550000000E+14   0.7059220887852E-17
  0.3237870000000E+14   0.6321784327447E-17
  0.3319170000000E+14   0.5464709528282E-17
  0.3402530000000E+14   0.4675352258825E-17
  0.3487970000000E+14   0.3948986590155E-17
  0.3575560000000E+14   0.3272414606554E-17
  0.3665350000000E+14   0.2666280754350E-17
  0.3757390000000E+14   0.2083594627564E-17
  0.3851740000000E+14   0.1729854513069E-17
  0.3948470000000E+14   0.1442602633577E-17
  0.4047620000000E+14   0.1259333548103E-17
  0.4149260000000E+14   0.1195177051113E-17
  0.4253460000000E+14   0.1141360483282E-17
  0.4360270000000E+14   0.1125458772662E-17
  0.4469770000000E+14   0.1111911327628E-17
  0.4582010000000E+14   0.1100922840030E-17
  0.4697070000000E+14   0.1091895161053E-17
  0.4815020000000E+14   0.1083447080747E-17
  0.4935940000000E+14   0.1075437935575E-17
  0.5059890000000E+14   0.1068871591552E-17
  0.5186950000000E+14   0.1064161095484E-17
  0.5317200000000E+14   0.1060298976527E-17
  0.5450730000000E+14   0.1058649895087E-17
  0.6258450000000E+14   0.1065352689462E-17
  0.7185870000000E+14   0.1082510365933E-17
  0.8250720000000E+14   0.1088060311612E-17
  0.9473370000000E+14   0.1076061870752E-17
  0.1087720000000E+15   0.1051137418146E-17
  0.1248910000000E+15   0.1022958719839E-17
  0.1433980000000E+15   0.1001286161555E-17
  0.1646470000000E+15   0.9966079151288E-18
  0.1890460000000E+15   0.1019435102521E-17
  0.2170600000000E+15   0.1073305841651E-17
  0.2492250000000E+15   0.1160657495131E-17
  0.2861570000000E+15   0.1279537467330E-17
  0.3285620000000E+15   0.1422483521433E-17
  0.3772500000000E+15   0.1576781513904E-17
  0.4331540000000E+15   0.1723130513734E-17
  0.4973410000000E+15   0.1836487947217E-17
  0.5710410000000E+15   0.1889792488089E-17
  0.6556610000000E+15   0.1859888057790E-17
  0.7528220000000E+15   0.1733440576682E-17
  0.8643800000000E+15   0.1515606975305E-17
  0.9924690000000E+15   0.1230458714949E-17
  0.1139540000000E+16   0.9127790734049E-18
  0.1308400000000E+16   0.6133780036823E-18
  0.1502290000000E+16   0.3663834596876E-18
  0.1724910000000E+16   0.1908505218476E-18
  0.1980520000000E+16   0.8467306680933E-19
  0.2274010000000E+16   0.3134166775207E-19
  0.2610990000000E+16   0.9415783699881E-20
  0.2997900000000E+16   0.2225948087189E-20
