         130
  
  0.2997900000000E+11   0.7696507545484E-23
  0.3951060000000E+11   0.1753508243781E-22
  0.5207280000000E+11   0.3990874457240E-22
  0.6862910000000E+11   0.9069351827591E-22
  0.9044930000000E+11   0.2056754941667E-21
  0.1192070000000E+12   0.4651191585362E-21
  0.1571080000000E+12   0.1047864039458E-20
  0.2070600000000E+12   0.2348790135215E-20
  0.2728930000000E+12   0.5229214010760E-20
  0.3596580000000E+12   0.1258050130376E-19
  0.4740100000000E+12   0.3610673341812E-19
  0.6247180000000E+12   0.1019118102377E-18
  0.8233440000000E+12   0.2806535749466E-18
  0.1085120000000E+13   0.7480365702121E-18
  0.1430130000000E+13   0.1901250125338E-17
  0.1884830000000E+13   0.4521521458567E-17
  0.2484100000000E+13   0.9774908437616E-17
  0.3273910000000E+13   0.1836456602643E-16
  0.4314820000000E+13   0.2841242282302E-16
  0.5686700000000E+13   0.3422619420069E-16
  0.7494750000000E+13   0.3237290005777E-16
  0.7682960000000E+13   0.3194351948879E-16
  0.7875890000000E+13   0.3148292758024E-16
  0.8073670000000E+13   0.3099202134331E-16
  0.8276410000000E+13   0.3047610521449E-16
  0.8484250000000E+13   0.2994383440798E-16
  0.8697300000000E+13   0.2943498139638E-16
  0.8915700000000E+13   0.2890666667045E-16
  0.9139590000000E+13   0.2841805347611E-16
  0.9369100000000E+13   0.2792361508902E-16
  0.9604380000000E+13   0.2744701357357E-16
  0.9845560000000E+13   0.2698762707410E-16
  0.1009280000000E+14   0.2651649990157E-16
  0.1034620000000E+14   0.2605528676790E-16
  0.1060610000000E+14   0.2557665338058E-16
  0.1087240000000E+14   0.2514015180743E-16
  0.1114540000000E+14   0.2469432459620E-16
  0.1142530000000E+14   0.2426375234846E-16
  0.1171220000000E+14   0.2384117254126E-16
  0.1200630000000E+14   0.2340419125642E-16
  0.1230780000000E+14   0.2297057002086E-16
  0.1261690000000E+14   0.2251630560637E-16
  0.1293370000000E+14   0.2211463005550E-16
  0.1325850000000E+14   0.2169799712285E-16
  0.1359150000000E+14   0.2129216965442E-16
  0.1393280000000E+14   0.2088672412994E-16
  0.1428260000000E+14   0.2048136964079E-16
  0.1464130000000E+14   0.2012092167048E-16
  0.1500900000000E+14   0.1973379627905E-16
  0.1538590000000E+14   0.1922084193807E-16
  0.1577220000000E+14   0.1869102305545E-16
  0.1616830000000E+14   0.1783299090868E-16
  0.1657430000000E+14   0.1681177316636E-16
  0.1699050000000E+14   0.1571802419488E-16
  0.1741720000000E+14   0.1438490211853E-16
  0.1785460000000E+14   0.1313319205390E-16
  0.1830290000000E+14   0.1182359627900E-16
  0.1876260000000E+14   0.1059582634988E-16
  0.1923370000000E+14   0.9501546989482E-17
  0.1971670000000E+14   0.8509489502046E-17
  0.2021180000000E+14   0.7647769262684E-17
  0.2071940000000E+14   0.6971790227868E-17
  0.2123970000000E+14   0.6353116901102E-17
  0.2177310000000E+14   0.6273283771542E-17
  0.2231980000000E+14   0.6180436697950E-17
  0.2288030000000E+14   0.6238546843994E-17
  0.2345490000000E+14   0.6330466488794E-17
  0.2404390000000E+14   0.6433646869946E-17
  0.2464770000000E+14   0.6576005549130E-17
  0.2526660000000E+14   0.6679075634129E-17
  0.2590110000000E+14   0.6801741250924E-17
  0.2655150000000E+14   0.6884955327583E-17
  0.2721830000000E+14   0.7038813961117E-17
  0.2790180000000E+14   0.7187666843690E-17
  0.2860240000000E+14   0.7261369267311E-17
  0.2932070000000E+14   0.7255539993198E-17
  0.3005700000000E+14   0.7219643291205E-17
  0.3081180000000E+14   0.7036982234277E-17
  0.3158550000000E+14   0.6860390273983E-17
  0.3237870000000E+14   0.6146389448586E-17
  0.3319170000000E+14   0.5316667954372E-17
  0.3402530000000E+14   0.4553525331794E-17
  0.3487970000000E+14   0.3851565167580E-17
  0.3575560000000E+14   0.3197500240720E-17
  0.3665350000000E+14   0.2611262906189E-17
  0.3757390000000E+14   0.2046482149448E-17
  0.3851740000000E+14   0.1703222989512E-17
  0.3948470000000E+14   0.1424189323342E-17
  0.4047620000000E+14   0.1246058659797E-17
  0.4149260000000E+14   0.1184268795426E-17
  0.4253460000000E+14   0.1132399255079E-17
  0.4360270000000E+14   0.1117867958351E-17
  0.4469770000000E+14   0.1105579619052E-17
  0.4582010000000E+14   0.1095738058904E-17
  0.4697070000000E+14   0.1087751814349E-17
  0.4815020000000E+14   0.1080243710738E-17
  0.4935940000000E+14   0.1073069182807E-17
  0.5059890000000E+14   0.1067231608498E-17
  0.5186950000000E+14   0.1063155702642E-17
  0.5317200000000E+14   0.1059837902660E-17
  0.5450730000000E+14   0.1058662558727E-17
  0.6258450000000E+14   0.1066896530365E-17
  0.7185870000000E+14   0.1084324324029E-17
  0.8250720000000E+14   0.1089407215640E-17
  0.9473370000000E+14   0.1076731447279E-17
  0.1087720000000E+15   0.1051366222321E-17
  0.1248910000000E+15   0.1023296714412E-17
  0.1433980000000E+15   0.1002410761251E-17
  0.1646470000000E+15   0.9990372410877E-18
  0.1890460000000E+15   0.1023255369694E-17
  0.2170600000000E+15   0.1078093321042E-17
  0.2492250000000E+15   0.1165722200398E-17
  0.2861570000000E+15   0.1284212568165E-17
  0.3285620000000E+15   0.1426230483727E-17
  0.3772500000000E+15   0.1579317353579E-17
  0.4331540000000E+15   0.1724587739126E-17
  0.4973410000000E+15   0.1837324625870E-17
  0.5710410000000E+15   0.1890478592018E-17
  0.6556610000000E+15   0.1860726971734E-17
  0.7528220000000E+15   0.1734652396296E-17
  0.8643800000000E+15   0.1517078120285E-17
  0.9924690000000E+15   0.1231807723027E-17
  0.1139540000000E+16   0.9141613434992E-18
  0.1308400000000E+16   0.6142492054463E-18
  0.1502290000000E+16   0.3668134298785E-18
  0.1724910000000E+16   0.1910183888685E-18
  0.1980520000000E+16   0.8475166901240E-19
  0.2274010000000E+16   0.3137009016023E-19
  0.2610990000000E+16   0.9424164734990E-20
  0.2997900000000E+16   0.2227901234959E-20
