mstar = 2 Msun, Rstar = 2.5 Rsun, Tstar = 10000, mdisk = 0.0018785 Msun, Rc = 150 AU, Rin = 0.5 AU, Rout = 250 AU, inclination = 45 degree, powerlaw = -1 
         130
  
  0.2997900000000E+11   0.2718244705383E-23
  0.3951060000000E+11   0.6186054930426E-23
  0.5207280000000E+11   0.1407051663785E-22
  0.6862910000000E+11   0.3197132042678E-22
  0.9044930000000E+11   0.7252916461873E-22
  0.1192070000000E+12   0.1641560023771E-21
  0.1571080000000E+12   0.3703456742203E-21
  0.2070600000000E+12   0.8318696476034E-21
  0.2728930000000E+12   0.1857515786236E-20
  0.3596580000000E+12   0.4487588005253E-20
  0.4740100000000E+12   0.1296129622452E-19
  0.6247180000000E+12   0.3692415206743E-19
  0.8233440000000E+12   0.1030829440230E-18
  0.1085120000000E+13   0.2804142454558E-18
  0.1430130000000E+13   0.7351270924018E-18
  0.1884830000000E+13   0.1833782074446E-17
  0.2484100000000E+13   0.4270929127412E-17
  0.3273910000000E+13   0.9005421529650E-17
  0.4314820000000E+13   0.1655938337981E-16
  0.5686700000000E+13   0.2503375440590E-16
  0.7494750000000E+13   0.2917041750187E-16
  0.7682960000000E+13   0.2916382068656E-16
  0.7875890000000E+13   0.2908140593529E-16
  0.8073670000000E+13   0.2892165529076E-16
  0.8276410000000E+13   0.2868966210808E-16
  0.8484250000000E+13   0.2839527252875E-16
  0.8697300000000E+13   0.2808195783424E-16
  0.8915700000000E+13   0.2770326974082E-16
  0.9139590000000E+13   0.2732219734693E-16
  0.9369100000000E+13   0.2689329830604E-16
  0.9604380000000E+13   0.2644300760982E-16
  0.9845560000000E+13   0.2597354581890E-16
  0.1009280000000E+14   0.2546297906905E-16
  0.1034620000000E+14   0.2493610788244E-16
  0.1060610000000E+14   0.2437462320346E-16
  0.1087240000000E+14   0.2383379707852E-16
  0.1114540000000E+14   0.2327511854741E-16
  0.1142530000000E+14   0.2272337709792E-16
  0.1171220000000E+14   0.2217685622901E-16
  0.1200630000000E+14   0.2162174823794E-16
  0.1230780000000E+14   0.2107547288511E-16
  0.1261690000000E+14   0.2052189062112E-16
  0.1293370000000E+14   0.2002062796077E-16
  0.1325850000000E+14   0.1952021659417E-16
  0.1359150000000E+14   0.1904204457086E-16
  0.1393280000000E+14   0.1857850374271E-16
  0.1428260000000E+14   0.1812942502530E-16
  0.1464130000000E+14   0.1773090400265E-16
  0.1500900000000E+14   0.1732442289301E-16
  0.1538590000000E+14   0.1682661104982E-16
  0.1577220000000E+14   0.1632487316127E-16
  0.1616830000000E+14   0.1555770067831E-16
  0.1657430000000E+14   0.1465937018343E-16
  0.1699050000000E+14   0.1370438020415E-16
  0.1741720000000E+14   0.1255266705400E-16
  0.1785460000000E+14   0.1147251511993E-16
  0.1830290000000E+14   0.1034790840764E-16
  0.1876260000000E+14   0.9295336822040E-17
  0.1923370000000E+14   0.8357005559287E-17
  0.1971670000000E+14   0.7506401536094E-17
  0.2021180000000E+14   0.6765981615672E-17
  0.2071940000000E+14   0.6180301963144E-17
  0.2123970000000E+14   0.5643959113239E-17
  0.2177310000000E+14   0.5551853371737E-17
  0.2231980000000E+14   0.5454718066456E-17
  0.2288030000000E+14   0.5489479877510E-17
  0.2345490000000E+14   0.5559553481283E-17
  0.2404390000000E+14   0.5645232180789E-17
  0.2464770000000E+14   0.5769652931814E-17
  0.2526660000000E+14   0.5864161431012E-17
  0.2590110000000E+14   0.5978740881598E-17
  0.2655150000000E+14   0.6061203350605E-17
  0.2721830000000E+14   0.6207445040557E-17
  0.2790180000000E+14   0.6350825643046E-17
  0.2860240000000E+14   0.6429105580781E-17
  0.2932070000000E+14   0.6437810102022E-17
  0.3005700000000E+14   0.6420309078183E-17
  0.3081180000000E+14   0.6272577865139E-17
  0.3158550000000E+14   0.6130070753715E-17
  0.3237870000000E+14   0.5507720816541E-17
  0.3319170000000E+14   0.4780339543061E-17
  0.3402530000000E+14   0.4110287782514E-17
  0.3487970000000E+14   0.3492971411986E-17
  0.3575560000000E+14   0.2916557463090E-17
  0.3665350000000E+14   0.2399123141882E-17
  0.3757390000000E+14   0.1899086230278E-17
  0.3851740000000E+14   0.1595998889496E-17
  0.3948470000000E+14   0.1348154030792E-17
  0.4047620000000E+14   0.1187878019345E-17
  0.4149260000000E+14   0.1132257455980E-17
  0.4253460000000E+14   0.1084815898298E-17
  0.4360270000000E+14   0.1072159541933E-17
  0.4469770000000E+14   0.1061375459445E-17
  0.4582010000000E+14   0.1052671887253E-17
  0.4697070000000E+14   0.1045489769422E-17
  0.4815020000000E+14   0.1038471272761E-17
  0.4935940000000E+14   0.1031463104891E-17
  0.5059890000000E+14   0.1025487087298E-17
  0.5186950000000E+14   0.1021017080844E-17
  0.5317200000000E+14   0.1017062839307E-17
  0.5450730000000E+14   0.1015099609853E-17
  0.6258450000000E+14   0.1017119949523E-17
  0.7185870000000E+14   0.1028074669340E-17
  0.8250720000000E+14   0.1028618840359E-17
  0.9473370000000E+14   0.1015168128063E-17
  0.1087720000000E+15   0.9938884614989E-18
  0.1248910000000E+15   0.9743733766597E-18
  0.1433980000000E+15   0.9650802311508E-18
  0.1646470000000E+15   0.9744239254051E-18
  0.1890460000000E+15   0.1010530802260E-17
  0.2170600000000E+15   0.1074976459934E-17
  0.2492250000000E+15   0.1168810038339E-17
  0.2861570000000E+15   0.1290043491619E-17
  0.3285620000000E+15   0.1432256373081E-17
  0.3772500000000E+15   0.1584196378656E-17
  0.4331540000000E+15   0.1727986002001E-17
  0.4973410000000E+15   0.1839640046486E-17
  0.5710410000000E+15   0.1892483549926E-17
  0.6556610000000E+15   0.1863134720345E-17
  0.7528220000000E+15   0.1738093508952E-17
  0.8643800000000E+15   0.1521249725674E-17
  0.9924690000000E+15   0.1235633230918E-17
  0.1139540000000E+16   0.9180842473573E-18
  0.1308400000000E+16   0.6167212429374E-18
  0.1502290000000E+16   0.3680328956029E-18
  0.1724910000000E+16   0.1914942194237E-18
  0.1980520000000E+16   0.8497449311240E-19
  0.2274010000000E+16   0.3145065962727E-19
  0.2610990000000E+16   0.9447921831191E-20
  0.2997900000000E+16   0.2233437543393E-20
