mstar = 2 Msun, Rstar = 2.5 Rsun, Tstar = 10000, mdisk = 0.007991 Msun, Rc = 150 AU, Rin = 0.5 AU, Rout = 250 AU, inclination = 45 degree, powerlaw = -1 
         130
  
  0.2997900000000E+11   0.9991969189655E-23
  0.3951060000000E+11   0.2276627541910E-22
  0.5207280000000E+11   0.5181311653332E-22
  0.6862910000000E+11   0.1177320945347E-21
  0.9044930000000E+11   0.2669336131556E-21
  0.1192070000000E+12   0.6034401113157E-21
  0.1571080000000E+12   0.1358810596355E-20
  0.2070600000000E+12   0.3043681062160E-20
  0.2728930000000E+12   0.6769928888888E-20
  0.3596580000000E+12   0.1626535682682E-19
  0.4740100000000E+12   0.4658335835206E-19
  0.6247180000000E+12   0.1310661750261E-18
  0.8233440000000E+12   0.3592169418165E-18
  0.1085120000000E+13   0.9504024543206E-18
  0.1430130000000E+13   0.2388006640307E-17
  0.1884830000000E+13   0.5577629206689E-17
  0.2484100000000E+13   0.1172333275338E-16
  0.3273910000000E+13   0.2111224166148E-16
  0.4314820000000E+13   0.3083192663229E-16
  0.5686700000000E+13   0.3503560647366E-16
  0.7494750000000E+13   0.3244014835258E-16
  0.7682960000000E+13   0.3202984134178E-16
  0.7875890000000E+13   0.3159769770059E-16
  0.8073670000000E+13   0.3114244953789E-16
  0.8276410000000E+13   0.3066738837294E-16
  0.8484250000000E+13   0.3017955263323E-16
  0.8697300000000E+13   0.2971920415825E-16
  0.8915700000000E+13   0.2923939954796E-16
  0.9139590000000E+13   0.2880139697949E-16
  0.9369100000000E+13   0.2835553942259E-16
  0.9604380000000E+13   0.2792581548524E-16
  0.9845560000000E+13   0.2751062023607E-16
  0.1009280000000E+14   0.2707857261629E-16
  0.1034620000000E+14   0.2665222765956E-16
  0.1060610000000E+14   0.2620259059328E-16
  0.1087240000000E+14   0.2579234036059E-16
  0.1114540000000E+14   0.2536745896432E-16
  0.1142530000000E+14   0.2495402568218E-16
  0.1171220000000E+14   0.2454470269846E-16
  0.1200630000000E+14   0.2411653020930E-16
  0.1230780000000E+14   0.2368851206863E-16
  0.1261690000000E+14   0.2323607934497E-16
  0.1293370000000E+14   0.2283572601545E-16
  0.1325850000000E+14   0.2241759606532E-16
  0.1359150000000E+14   0.2200876155177E-16
  0.1393280000000E+14   0.2159864139137E-16
  0.1428260000000E+14   0.2118718138886E-16
  0.1464130000000E+14   0.2082103200086E-16
  0.1500900000000E+14   0.2042612111139E-16
  0.1538590000000E+14   0.1989994988296E-16
  0.1577220000000E+14   0.1935549651741E-16
  0.1616830000000E+14   0.1847067721898E-16
  0.1657430000000E+14   0.1741635745040E-16
  0.1699050000000E+14   0.1628636714770E-16
  0.1741720000000E+14   0.1490794459813E-16
  0.1785460000000E+14   0.1361332939293E-16
  0.1830290000000E+14   0.1225834906160E-16
  0.1876260000000E+14   0.1098752702768E-16
  0.1923370000000E+14   0.9854526322445E-17
  0.1971670000000E+14   0.8827112701660E-17
  0.2021180000000E+14   0.7934430526913E-17
  0.2071940000000E+14   0.7234034117247E-17
  0.2123970000000E+14   0.6592811761140E-17
  0.2177310000000E+14   0.6510388877545E-17
  0.2231980000000E+14   0.6414063755023E-17
  0.2288030000000E+14   0.6473784464387E-17
  0.2345490000000E+14   0.6568078284375E-17
  0.2404390000000E+14   0.6673671483597E-17
  0.2464770000000E+14   0.6819417899770E-17
  0.2526660000000E+14   0.6924130229293E-17
  0.2590110000000E+14   0.7048720892341E-17
  0.2655150000000E+14   0.7132585633129E-17
  0.2721830000000E+14   0.7289151082672E-17
  0.2790180000000E+14   0.7440035249542E-17
  0.2860240000000E+14   0.7513072705392E-17
  0.2932070000000E+14   0.7503941708837E-17
  0.3005700000000E+14   0.7463685793229E-17
  0.3081180000000E+14   0.7272477664546E-17
  0.3158550000000E+14   0.7087519687117E-17
  0.3237870000000E+14   0.6350078836791E-17
  0.3319170000000E+14   0.5492436887738E-17
  0.3402530000000E+14   0.4702025900230E-17
  0.3487970000000E+14   0.3974384103016E-17
  0.3575560000000E+14   0.3295261312536E-17
  0.3665350000000E+14   0.2686099156315E-17
  0.3757390000000E+14   0.2099481542519E-17
  0.3851740000000E+14   0.1742246357905E-17
  0.3948470000000E+14   0.1451695344032E-17
  0.4047620000000E+14   0.1265852834871E-17
  0.4149260000000E+14   0.1200354450767E-17
  0.4253460000000E+14   0.1145262418230E-17
  0.4360270000000E+14   0.1128713448996E-17
  0.4469770000000E+14   0.1114578518784E-17
  0.4582010000000E+14   0.1103071499704E-17
  0.4697070000000E+14   0.1093587728699E-17
  0.4815020000000E+14   0.1084718843649E-17
  0.4935940000000E+14   0.1076322034716E-17
  0.5059890000000E+14   0.1069422156364E-17
  0.5186950000000E+14   0.1064446672047E-17
  0.5317200000000E+14   0.1060366428564E-17
  0.5450730000000E+14   0.1058577793104E-17
  0.6258450000000E+14   0.1065335932535E-17
  0.7185870000000E+14   0.1083402545674E-17
  0.8250720000000E+14   0.1089991665789E-17
  0.9473370000000E+14   0.1078818594023E-17
  0.1087720000000E+15   0.1054330484016E-17
  0.1248910000000E+15   0.1026148854473E-17
  0.1433980000000E+15   0.1004132280093E-17
  0.1646470000000E+15   0.9989513906880E-18
  0.1890460000000E+15   0.1021283716826E-17
  0.2170600000000E+15   0.1074727119622E-17
  0.2492250000000E+15   0.1161727693542E-17
  0.2861570000000E+15   0.1280316368113E-17
  0.3285620000000E+15   0.1423016163368E-17
  0.3772500000000E+15   0.1577111824656E-17
  0.4331540000000E+15   0.1723314787686E-17
  0.4973410000000E+15   0.1836589128665E-17
  0.5710410000000E+15   0.1889862916434E-17
  0.6556610000000E+15   0.1859961739909E-17
  0.7528220000000E+15   0.1733540887978E-17
  0.8643800000000E+15   0.1515727267706E-17
  0.9924690000000E+15   0.1230568849511E-17
  0.1139540000000E+16   0.9128918811846E-18
  0.1308400000000E+16   0.6134491048192E-18
  0.1502290000000E+16   0.3664185546513E-18
  0.1724910000000E+16   0.1908642253111E-18
  0.1980520000000E+16   0.8467948318770E-19
  0.2274010000000E+16   0.3134398792520E-19
  0.2610990000000E+16   0.9416467864354E-20
  0.2997900000000E+16   0.2226107528363E-20
