mstar = 2 Msun, Rstar = 2.5 Rsun, Tstar = 10000, mdisk = 0.0070419 Msun, Rc = 150 AU, Rin = 0.5 AU, Rout = 250 AU, inclination = 45 degree, powerlaw = -1 
         130
  
  0.2997900000000E+11   0.8920883090636E-23
  0.3951060000000E+11   0.2032547179786E-22
  0.5207280000000E+11   0.4625907233380E-22
  0.6862910000000E+11   0.1051182337313E-21
  0.9044930000000E+11   0.2383592328310E-21
  0.1192070000000E+12   0.5389291497932E-21
  0.1571080000000E+12   0.1213819473829E-20
  0.2070600000000E+12   0.2719750062192E-20
  0.2728930000000E+12   0.6051970575441E-20
  0.3596580000000E+12   0.1454916451810E-19
  0.4740100000000E+12   0.4170836995955E-19
  0.6247180000000E+12   0.1175187151715E-18
  0.8233440000000E+12   0.3227889321822E-18
  0.1085120000000E+13   0.8568941998864E-18
  0.1430130000000E+13   0.2164355556862E-17
  0.1884830000000E+13   0.5096973578633E-17
  0.2484100000000E+13   0.1085085751383E-16
  0.3273910000000E+13   0.1991674969505E-16
  0.4314820000000E+13   0.2983546358254E-16
  0.5686700000000E+13   0.3474122082457E-16
  0.7494750000000E+13   0.3239821821338E-16
  0.7682960000000E+13   0.3197604264497E-16
  0.7875890000000E+13   0.3152897328760E-16
  0.8073670000000E+13   0.3105670709679E-16
  0.8276410000000E+13   0.3056336540977E-16
  0.8484250000000E+13   0.3005660137906E-16
  0.8697300000000E+13   0.2957632220175E-16
  0.8915700000000E+13   0.2907736135076E-16
  0.9139590000000E+13   0.2861990381968E-16
  0.9369100000000E+13   0.2815601119511E-16
  0.9604380000000E+13   0.2770938727358E-16
  0.9845560000000E+13   0.2727874211292E-16
  0.1009280000000E+14   0.2683358245261E-16
  0.1034620000000E+14   0.2639595341951E-16
  0.1060610000000E+14   0.2593743518748E-16
  0.1087240000000E+14   0.2551932730969E-16
  0.1114540000000E+14   0.2508857544988E-16
  0.1142530000000E+14   0.2467060353323E-16
  0.1171220000000E+14   0.2425803705039E-16
  0.1200630000000E+14   0.2382812430529E-16
  0.1230780000000E+14   0.2339935643783E-16
  0.1261690000000E+14   0.2294741956300E-16
  0.1293370000000E+14   0.2254745570920E-16
  0.1325850000000E+14   0.2213054265076E-16
  0.1359150000000E+14   0.2172322997739E-16
  0.1393280000000E+14   0.2131501740786E-16
  0.1428260000000E+14   0.2090578739335E-16
  0.1464130000000E+14   0.2054143574388E-16
  0.1500900000000E+14   0.2014890543019E-16
  0.1538590000000E+14   0.1962708409080E-16
  0.1577220000000E+14   0.1908732337603E-16
  0.1616830000000E+14   0.1821197892039E-16
  0.1657430000000E+14   0.1716951645900E-16
  0.1699050000000E+14   0.1605245056118E-16
  0.1741720000000E+14   0.1469040621367E-16
  0.1785460000000E+14   0.1341097559041E-16
  0.1830290000000E+14   0.1207206663929E-16
  0.1876260000000E+14   0.1081632212252E-16
  0.1923370000000E+14   0.9696573633752E-17
  0.1971670000000E+14   0.8680894272895E-17
  0.2021180000000E+14   0.7798110332055E-17
  0.2071940000000E+14   0.7105170977156E-17
  0.2123970000000E+14   0.6470738005722E-17
  0.2177310000000E+14   0.6387112157235E-17
  0.2231980000000E+14   0.6289889926712E-17
  0.2288030000000E+14   0.6346574880300E-17
  0.2345490000000E+14   0.6437406515806E-17
  0.2404390000000E+14   0.6539251678498E-17
  0.2464770000000E+14   0.6680603374740E-17
  0.2526660000000E+14   0.6781630467375E-17
  0.2590110000000E+14   0.6902399912732E-17
  0.2655150000000E+14   0.6982969469729E-17
  0.2721830000000E+14   0.7135084094089E-17
  0.2790180000000E+14   0.7281893947902E-17
  0.2860240000000E+14   0.7352412238645E-17
  0.2932070000000E+14   0.7342176051096E-17
  0.3005700000000E+14   0.7301362643341E-17
  0.3081180000000E+14   0.7111616018375E-17
  0.3158550000000E+14   0.6928155078875E-17
  0.3237870000000E+14   0.6199840125375E-17
  0.3319170000000E+14   0.5355015699339E-17
  0.3402530000000E+14   0.4579001819816E-17
  0.3487970000000E+14   0.3866171887784E-17
  0.3575560000000E+14   0.3203085079250E-17
  0.3665350000000E+14   0.2609793444696E-17
  0.3757390000000E+14   0.2039159164871E-17
  0.3851740000000E+14   0.1692813517757E-17
  0.3948470000000E+14   0.1412175560390E-17
  0.4047620000000E+14   0.1233224074254E-17
  0.4149260000000E+14   0.1170892227885E-17
  0.4253460000000E+14   0.1118635331441E-17
  0.4360270000000E+14   0.1103697905851E-17
  0.4469770000000E+14   0.1091053800555E-17
  0.4582010000000E+14   0.1080901370782E-17
  0.4697070000000E+14   0.1072650876730E-17
  0.4815020000000E+14   0.1064928846198E-17
  0.4935940000000E+14   0.1057590340227E-17
  0.5059890000000E+14   0.1051631924617E-17
  0.5186950000000E+14   0.1047473718576E-17
  0.5317200000000E+14   0.1044114152326E-17
  0.5450730000000E+14   0.1042923032870E-17
  0.6258450000000E+14   0.1051605147107E-17
  0.7185870000000E+14   0.1070247772155E-17
  0.8250720000000E+14   0.1077155761709E-17
  0.9473370000000E+14   0.1066608520307E-17
  0.1087720000000E+15   0.1043341017755E-17
  0.1248910000000E+15   0.1017019662648E-17
  0.1433980000000E+15   0.9973288663020E-18
  0.1646470000000E+15   0.9946011794551E-18
  0.1890460000000E+15   0.1019135963126E-17
  0.2170600000000E+15   0.1074300177850E-17
  0.2492250000000E+15   0.1162427336286E-17
  0.2861570000000E+15   0.1281557015192E-17
  0.3285620000000E+15   0.1424285358422E-17
  0.3772500000000E+15   0.1578072647547E-17
  0.4331540000000E+15   0.1723903052755E-17
  0.4973410000000E+15   0.1836948510257E-17
  0.5710410000000E+15   0.1890175739023E-17
  0.6556610000000E+15   0.1860353309765E-17
  0.7528220000000E+15   0.1734108915638E-17
  0.8643800000000E+15   0.1516417182389E-17
  0.9924690000000E+15   0.1231201507101E-17
  0.1139540000000E+16   0.9135400921437E-18
  0.1308400000000E+16   0.6138576592958E-18
  0.1502290000000E+16   0.3666202004954E-18
  0.1724910000000E+16   0.1909429552227E-18
  0.1980520000000E+16   0.8471634742151E-19
  0.2274010000000E+16   0.3135731801502E-19
  0.2610990000000E+16   0.9420398576135E-20
  0.2997900000000E+16   0.2227023558270E-20
