         130
  
  0.2997900000000E+11   0.8548865362242E-23
  0.3951060000000E+11   0.1947761478713E-22
  0.5207280000000E+11   0.4432948092724E-22
  0.6862910000000E+11   0.1007350334816E-21
  0.9044930000000E+11   0.2284272680150E-21
  0.1192070000000E+12   0.5164983648599E-21
  0.1571080000000E+12   0.1163381580450E-20
  0.2070600000000E+12   0.2606992856595E-20
  0.2728930000000E+12   0.5801844611056E-20
  0.3596580000000E+12   0.1395056070125E-19
  0.4740100000000E+12   0.4000483328875E-19
  0.6247180000000E+12   0.1127717145086E-18
  0.8233440000000E+12   0.3099725560815E-18
  0.1085120000000E+13   0.8237906517894E-18
  0.1430130000000E+13   0.2084394207089E-17
  0.1884830000000E+13   0.4922308498749E-17
  0.2484100000000E+13   0.1052497962803E-16
  0.3273910000000E+13   0.1944716564597E-16
  0.4314820000000E+13   0.2939779801644E-16
  0.5686700000000E+13   0.3454327686412E-16
  0.7494750000000E+13   0.3229820249213E-16
  0.7682960000000E+13   0.3187075247206E-16
  0.7875890000000E+13   0.3141689845740E-16
  0.8073670000000E+13   0.3093670420622E-16
  0.8276410000000E+13   0.3043463762658E-16
  0.8484250000000E+13   0.2991863804989E-16
  0.8697300000000E+13   0.2942858904514E-16
  0.8915700000000E+13   0.2891996360428E-16
  0.9139590000000E+13   0.2845269186464E-16
  0.9369100000000E+13   0.2797950669493E-16
  0.9604380000000E+13   0.2752409468846E-16
  0.9845560000000E+13   0.2708535053156E-16
  0.1009280000000E+14   0.2663314038261E-16
  0.1034620000000E+14   0.2618942321398E-16
  0.1060610000000E+14   0.2572601426365E-16
  0.1087240000000E+14   0.2530381208429E-16
  0.1114540000000E+14   0.2487010658270E-16
  0.1142530000000E+14   0.2445012115393E-16
  0.1171220000000E+14   0.2403649971426E-16
  0.1200630000000E+14   0.2360652259078E-16
  0.1230780000000E+14   0.2317849070898E-16
  0.1261690000000E+14   0.2272813627694E-16
  0.1293370000000E+14   0.2233016331954E-16
  0.1325850000000E+14   0.2191593695122E-16
  0.1359150000000E+14   0.2151181323846E-16
  0.1393280000000E+14   0.2110730670540E-16
  0.1428260000000E+14   0.2070223211356E-16
  0.1464130000000E+14   0.2034224953055E-16
  0.1500900000000E+14   0.1995456997050E-16
  0.1538590000000E+14   0.1943852938072E-16
  0.1577220000000E+14   0.1890492810038E-16
  0.1616830000000E+14   0.1803759812418E-16
  0.1657430000000E+14   0.1700424320591E-16
  0.1699050000000E+14   0.1589695173905E-16
  0.1741720000000E+14   0.1454621305266E-16
  0.1785460000000E+14   0.1327801638993E-16
  0.1830290000000E+14   0.1195074599886E-16
  0.1876260000000E+14   0.1070640496886E-16
  0.1923370000000E+14   0.9597370103747E-17
  0.1971670000000E+14   0.8591869580008E-17
  0.2021180000000E+14   0.7718615677924E-17
  0.2071940000000E+14   0.7034076808513E-17
  0.2123970000000E+14   0.6407669799601E-17
  0.2177310000000E+14   0.6328898210338E-17
  0.2231980000000E+14   0.6236629254434E-17
  0.2288030000000E+14   0.6297501076398E-17
  0.2345490000000E+14   0.6392386017662E-17
  0.2404390000000E+14   0.6498240513900E-17
  0.2464770000000E+14   0.6643251276862E-17
  0.2526660000000E+14   0.6748035078878E-17
  0.2590110000000E+14   0.6872334228519E-17
  0.2655150000000E+14   0.6956545081425E-17
  0.2721830000000E+14   0.7111887762536E-17
  0.2790180000000E+14   0.7261791219423E-17
  0.2860240000000E+14   0.7335652426653E-17
  0.2932070000000E+14   0.7328996414046E-17
  0.3005700000000E+14   0.7291884612762E-17
  0.3081180000000E+14   0.7106371934370E-17
  0.3158550000000E+14   0.6927012015340E-17
  0.3237870000000E+14   0.6204582045417E-17
  0.3319170000000E+14   0.5365086077721E-17
  0.3402530000000E+14   0.4592986539705E-17
  0.3487970000000E+14   0.3882740601099E-17
  0.3575560000000E+14   0.3220764269128E-17
  0.3665350000000E+14   0.2627273035346E-17
  0.3757390000000E+14   0.2055546327294E-17
  0.3851740000000E+14   0.1707897901970E-17
  0.3948470000000E+14   0.1425344954400E-17
  0.4047620000000E+14   0.1245155047760E-17
  0.4149260000000E+14   0.1182581216653E-17
  0.4253460000000E+14   0.1130026583530E-17
  0.4360270000000E+14   0.1115170026138E-17
  0.4469770000000E+14   0.1102561930723E-17
  0.4582010000000E+14   0.1092413805666E-17
  0.4697070000000E+14   0.1084136805630E-17
  0.4815020000000E+14   0.1076343981769E-17
  0.4935940000000E+14   0.1068896018280E-17
  0.5059890000000E+14   0.1062811769442E-17
  0.5186950000000E+14   0.1058522139515E-17
  0.5317200000000E+14   0.1055016150130E-17
  0.5450730000000E+14   0.1053688743645E-17
  0.6258450000000E+14   0.1061589920547E-17
  0.7185870000000E+14   0.1079419806588E-17
  0.8250720000000E+14   0.1085325143710E-17
  0.9473370000000E+14   0.1073621393558E-17
  0.1087720000000E+15   0.1049194222791E-17
  0.1248910000000E+15   0.1021873907726E-17
  0.1433980000000E+15   0.1001436378730E-17
  0.1646470000000E+15   0.9981948575029E-18
  0.1890460000000E+15   0.1022333550856E-17
  0.2170600000000E+15   0.1077051049648E-17
  0.2492250000000E+15   0.1164621147852E-17
  0.2861570000000E+15   0.1283144187774E-17
  0.3285620000000E+15   0.1425307394663E-17
  0.3772500000000E+15   0.1578643534182E-17
  0.4331540000000E+15   0.1724173512182E-17
  0.4973410000000E+15   0.1837067840394E-17
  0.5710410000000E+15   0.1890248720335E-17
  0.6556610000000E+15   0.1860432699859E-17
  0.7528220000000E+15   0.1734221872107E-17
  0.8643800000000E+15   0.1516554293383E-17
  0.9924690000000E+15   0.1231327255581E-17
  0.1139540000000E+16   0.9136689506296E-18
  0.1308400000000E+16   0.6139388743886E-18
  0.1502290000000E+16   0.3666602821922E-18
  0.1724910000000E+16   0.1909586032916E-18
  0.1980520000000E+16   0.8472367452195E-19
  0.2274010000000E+16   0.3135996747518E-19
  0.2610990000000E+16   0.9421179832330E-20
  0.2997900000000E+16   0.2227205624912E-20
