mstar = 2 Msun, Rstar = 2.5 Rsun, Tstar = 10000, mdisk = 0.003603 Msun, Rc = 150 AU, Rin = 0.5 AU, Rout = 250 AU, inclination = 45 degree, powerlaw = -1 
         130
  
  0.2997900000000E+11   0.4881329624495E-23
  0.3951060000000E+11   0.1111802830247E-22
  0.5207280000000E+11   0.2530136175714E-22
  0.6862910000000E+11   0.5750232102286E-22
  0.9044930000000E+11   0.1304384166397E-21
  0.1192070000000E+12   0.2951148938806E-21
  0.1571080000000E+12   0.6653387501939E-21
  0.2070600000000E+12   0.1492884155932E-20
  0.2728930000000E+12   0.3328379946383E-20
  0.3596580000000E+12   0.8023525837408E-20
  0.4740100000000E+12   0.2309897379302E-19
  0.6247180000000E+12   0.6549387342592E-19
  0.8233440000000E+12   0.1815861555767E-18
  0.1085120000000E+13   0.4889654137149E-18
  0.1430130000000E+13   0.1262472466015E-17
  0.1884830000000E+13   0.3076886619717E-17
  0.2484100000000E+13   0.6912528604899E-17
  0.3273910000000E+13   0.1378023528223E-16
  0.4314820000000E+13   0.2324741398215E-16
  0.5686700000000E+13   0.3111345877164E-16
  0.7494750000000E+13   0.3170971565853E-16
  0.7682960000000E+13   0.3137652949596E-16
  0.7875890000000E+13   0.3098630879896E-16
  0.8073670000000E+13   0.3054142302761E-16
  0.8276410000000E+13   0.3004935573717E-16
  0.8484250000000E+13   0.2952111697814E-16
  0.8697300000000E+13   0.2899730565410E-16
  0.8915700000000E+13   0.2843883371501E-16
  0.9139590000000E+13   0.2790399276050E-16
  0.9369100000000E+13   0.2735270005333E-16
  0.9604380000000E+13   0.2680970439429E-16
  0.9845560000000E+13   0.2627717076659E-16
  0.1009280000000E+14   0.2573193542717E-16
  0.1034620000000E+14   0.2519618833106E-16
  0.1060610000000E+14   0.2464777646251E-16
  0.1087240000000E+14   0.2414179661003E-16
  0.1114540000000E+14   0.2363392092874E-16
  0.1142530000000E+14   0.2314724855052E-16
  0.1171220000000E+14   0.2267614617807E-16
  0.1200630000000E+14   0.2220079990943E-16
  0.1230780000000E+14   0.2173717565734E-16
  0.1261690000000E+14   0.2126317116656E-16
  0.1293370000000E+14   0.2084521703060E-16
  0.1325850000000E+14   0.2042110503767E-16
  0.1359150000000E+14   0.2001373332564E-16
  0.1393280000000E+14   0.1961274636426E-16
  0.1428260000000E+14   0.1921703729077E-16
  0.1464130000000E+14   0.1886771721015E-16
  0.1500900000000E+14   0.1849721010045E-16
  0.1538590000000E+14   0.1801149542419E-16
  0.1577220000000E+14   0.1751188932286E-16
  0.1616830000000E+14   0.1670500932087E-16
  0.1657430000000E+14   0.1574536577971E-16
  0.1699050000000E+14   0.1471801872748E-16
  0.1741720000000E+14   0.1346610910136E-16
  0.1785460000000E+14   0.1229142264582E-16
  0.1830290000000E+14   0.1106318299501E-16
  0.1876260000000E+14   0.9912465796292E-17
  0.1923370000000E+14   0.8887453802524E-17
  0.1971670000000E+14   0.7958555068023E-17
  0.2021180000000E+14   0.7151845153529E-17
  0.2071940000000E+14   0.6518847755879E-17
  0.2123970000000E+14   0.5939510367078E-17
  0.2177310000000E+14   0.5863526179968E-17
  0.2231980000000E+14   0.5776728138907E-17
  0.2288030000000E+14   0.5832860476145E-17
  0.2345490000000E+14   0.5922110252307E-17
  0.2404390000000E+14   0.6022784895037E-17
  0.2464770000000E+14   0.6160945091429E-17
  0.2526660000000E+14   0.6262346486870E-17
  0.2590110000000E+14   0.6382467147489E-17
  0.2655150000000E+14   0.6465668676344E-17
  0.2721830000000E+14   0.6615686952699E-17
  0.2790180000000E+14   0.6760967231853E-17
  0.2860240000000E+14   0.6835580560938E-17
  0.2932070000000E+14   0.6835178853369E-17
  0.3005700000000E+14   0.6806308495776E-17
  0.3081180000000E+14   0.6638463250771E-17
  0.3158550000000E+14   0.6476333399199E-17
  0.3237870000000E+14   0.5804664952774E-17
  0.3319170000000E+14   0.5023260047078E-17
  0.3402530000000E+14   0.4305042104796E-17
  0.3487970000000E+14   0.3644585798524E-17
  0.3575560000000E+14   0.3028578420511E-17
  0.3665350000000E+14   0.2475919814580E-17
  0.3757390000000E+14   0.1943474566842E-17
  0.3851740000000E+14   0.1621258538883E-17
  0.3948470000000E+14   0.1359268909702E-17
  0.4047620000000E+14   0.1191152298579E-17
  0.4149260000000E+14   0.1133796790298E-17
  0.4253460000000E+14   0.1085460092764E-17
  0.4360270000000E+14   0.1073273415423E-17
  0.4469770000000E+14   0.1063039660376E-17
  0.4582010000000E+14   0.1054972031059E-17
  0.4697070000000E+14   0.1048500156097E-17
  0.4815020000000E+14   0.1042263418018E-17
  0.4935940000000E+14   0.1036123447274E-17
  0.5059890000000E+14   0.1031100898544E-17
  0.5186950000000E+14   0.1027649309344E-17
  0.5317200000000E+14   0.1024777679038E-17
  0.5450730000000E+14   0.1023915883953E-17
  0.6258450000000E+14   0.1032214256942E-17
  0.7185870000000E+14   0.1048745334469E-17
  0.8250720000000E+14   0.1053479449606E-17
  0.9473370000000E+14   0.1041998634534E-17
  0.1087720000000E+15   0.1019900632669E-17
  0.1248910000000E+15   0.9970807757659E-18
  0.1433980000000E+15   0.9829227682266E-18
  0.1646470000000E+15   0.9868928323669E-18
  0.1890460000000E+15   0.1017940696755E-17
  0.2170600000000E+15   0.1078075378384E-17
  0.2492250000000E+15   0.1168830395551E-17
  0.2861570000000E+15   0.1288475176186E-17
  0.3285620000000E+15   0.1430289939995E-17
  0.3772500000000E+15   0.1582431099112E-17
  0.4331540000000E+15   0.1726597905808E-17
  0.4973410000000E+15   0.1838563613541E-17
  0.5710410000000E+15   0.1891475038836E-17
  0.6556610000000E+15   0.1861902459274E-17
  0.7528220000000E+15   0.1736332717758E-17
  0.8643800000000E+15   0.1519116063673E-17
  0.9924690000000E+15   0.1233676595697E-17
  0.1139540000000E+16   0.9160772406759E-18
  0.1308400000000E+16   0.6154566008161E-18
  0.1502290000000E+16   0.3674091490100E-18
  0.1724910000000E+16   0.1912508854513E-18
  0.1980520000000E+16   0.8486053973601E-19
  0.2274010000000E+16   0.3140945660295E-19
  0.2610990000000E+16   0.9435772652075E-20
  0.2997900000000E+16   0.2230606346598E-20
