         130
  
  0.2997900000000E+11   0.6651977138741E-23
  0.3951060000000E+11   0.1515422206454E-22
  0.5207280000000E+11   0.3448938297921E-22
  0.6862910000000E+11   0.7838037840647E-22
  0.9044930000000E+11   0.1777668840488E-21
  0.1192070000000E+12   0.4020650470013E-21
  0.1571080000000E+12   0.9060094479898E-21
  0.2070600000000E+12   0.2031457367982E-20
  0.2728930000000E+12   0.4524673845240E-20
  0.3596580000000E+12   0.1089223291375E-19
  0.4740100000000E+12   0.3129171612531E-19
  0.6247180000000E+12   0.8844991921776E-19
  0.8233440000000E+12   0.2441174499988E-18
  0.1085120000000E+13   0.6528634368238E-18
  0.1430130000000E+13   0.1668154505935E-17
  0.1884830000000E+13   0.4000517423211E-17
  0.2484100000000E+13   0.8764011587641E-17
  0.3273910000000E+13   0.1680618018798E-16
  0.4314820000000E+13   0.2677828831585E-16
  0.5686700000000E+13   0.3336483321132E-16
  0.7494750000000E+13   0.3217409127634E-16
  0.7682960000000E+13   0.3175770797166E-16
  0.7875890000000E+13   0.3130267436186E-16
  0.8073670000000E+13   0.3081083260005E-16
  0.8276410000000E+13   0.3028848743838E-16
  0.8484250000000E+13   0.2974519421074E-16
  0.8697300000000E+13   0.2922049410206E-16
  0.8915700000000E+13   0.2867381886901E-16
  0.9139590000000E+13   0.2816321782898E-16
  0.9369100000000E+13   0.2764580177784E-16
  0.9604380000000E+13   0.2714526706727E-16
  0.9845560000000E+13   0.2666191047262E-16
  0.1009280000000E+14   0.2616872962066E-16
  0.1034620000000E+14   0.2568715459159E-16
  0.1060610000000E+14   0.2519131244343E-16
  0.1087240000000E+14   0.2473889608019E-16
  0.1114540000000E+14   0.2428054548961E-16
  0.1142530000000E+14   0.2384005614977E-16
  0.1171220000000E+14   0.2341040281667E-16
  0.1200630000000E+14   0.2296970213957E-16
  0.1230780000000E+14   0.2253494942853E-16
  0.1261690000000E+14   0.2208246277290E-16
  0.1293370000000E+14   0.2168345025711E-16
  0.1325850000000E+14   0.2127170274660E-16
  0.1359150000000E+14   0.2087211872285E-16
  0.1393280000000E+14   0.2047419328602E-16
  0.1428260000000E+14   0.2007737865590E-16
  0.1464130000000E+14   0.1972551661684E-16
  0.1500900000000E+14   0.1934796135394E-16
  0.1538590000000E+14   0.1884687370938E-16
  0.1577220000000E+14   0.1832929681351E-16
  0.1616830000000E+14   0.1748849477530E-16
  0.1657430000000E+14   0.1648682308400E-16
  0.1699050000000E+14   0.1541352162618E-16
  0.1741720000000E+14   0.1410423359390E-16
  0.1785460000000E+14   0.1287506779991E-16
  0.1830290000000E+14   0.1158904978710E-16
  0.1876260000000E+14   0.1038377418913E-16
  0.1923370000000E+14   0.9309891335995E-17
  0.1971670000000E+14   0.8336571806937E-17
  0.2021180000000E+14   0.7491447265072E-17
  0.2071940000000E+14   0.6828805329253E-17
  0.2123970000000E+14   0.6222466578061E-17
  0.2177310000000E+14   0.6145080600698E-17
  0.2231980000000E+14   0.6055141674923E-17
  0.2288030000000E+14   0.6113738221969E-17
  0.2345490000000E+14   0.6205694538521E-17
  0.2404390000000E+14   0.6308775318646E-17
  0.2464770000000E+14   0.6450199752584E-17
  0.2526660000000E+14   0.6552916858575E-17
  0.2590110000000E+14   0.6674913611777E-17
  0.2655150000000E+14   0.6758080440365E-17
  0.2721830000000E+14   0.6910517224511E-17
  0.2790180000000E+14   0.7057558754122E-17
  0.2860240000000E+14   0.7130619723497E-17
  0.2932070000000E+14   0.7125474134566E-17
  0.3005700000000E+14   0.7090753000835E-17
  0.3081180000000E+14   0.6911803099032E-17
  0.3158550000000E+14   0.6738805223060E-17
  0.3237870000000E+14   0.6037968567803E-17
  0.3319170000000E+14   0.5223868901140E-17
  0.3402530000000E+14   0.4475228951240E-17
  0.3487970000000E+14   0.3787195692262E-17
  0.3575560000000E+14   0.3146596698225E-17
  0.3665350000000E+14   0.2572396669646E-17
  0.3757390000000E+14   0.2019218826646E-17
  0.3851740000000E+14   0.1683511426908E-17
  0.3948470000000E+14   0.1411078463857E-17
  0.4047620000000E+14   0.1236678918663E-17
  0.4149260000000E+14   0.1176325351881E-17
  0.4253460000000E+14   0.1125587321198E-17
  0.4360270000000E+14   0.1111616126734E-17
  0.4469770000000E+14   0.1099781880211E-17
  0.4582010000000E+14   0.1090291661667E-17
  0.4697070000000E+14   0.1082566319364E-17
  0.4815020000000E+14   0.1075242835828E-17
  0.4935940000000E+14   0.1068180542364E-17
  0.5059890000000E+14   0.1062384009267E-17
  0.5186950000000E+14   0.1058282457155E-17
  0.5317200000000E+14   0.1054883935558E-17
  0.5450730000000E+14   0.1053571720679E-17
  0.6258450000000E+14   0.1060392810834E-17
  0.7185870000000E+14   0.1075831457034E-17
  0.8250720000000E+14   0.1078953231272E-17
  0.9473370000000E+14   0.1064847996167E-17
  0.1087720000000E+15   0.1038972417023E-17
  0.1248910000000E+15   0.1011521013538E-17
  0.1433980000000E+15   0.9923595715095E-18
  0.1646470000000E+15   0.9914897134996E-18
  0.1890460000000E+15   0.1018417758788E-17
  0.2170600000000E+15   0.1075642485458E-17
  0.2492250000000E+15   0.1164967862233E-17
  0.2861570000000E+15   0.1284428780406E-17
  0.3285620000000E+15   0.1426835798301E-17
  0.3772500000000E+15   0.1579925166392E-17
  0.4331540000000E+15   0.1725039073779E-17
  0.4973410000000E+15   0.1837655803365E-17
  0.5710410000000E+15   0.1890810219878E-17
  0.6556610000000E+15   0.1861165184003E-17
  0.7528220000000E+15   0.1735296803101E-17
  0.8643800000000E+15   0.1517862836794E-17
  0.9924690000000E+15   0.1232527595607E-17
  0.1139540000000E+16   0.9148992316285E-18
  0.1308400000000E+16   0.6147142414189E-18
  0.1502290000000E+16   0.3670428989782E-18
  0.1724910000000E+16   0.1911079569959E-18
  0.1980520000000E+16   0.8479361003724E-19
  0.2274010000000E+16   0.3138525570650E-19
  0.2610990000000E+16   0.9428636606072E-20
  0.2997900000000E+16   0.2228943366420E-20
