mstar = 2 Msun, Rstar = 2.5 Rsun, Tstar = 10000, mdisk = 0.0015231 Msun, Rc = 150 AU, Rin = 0.5 AU, Rout = 250 AU, inclination = 45 degree, powerlaw = -1 
         130
  
  0.2997900000000E+11   0.2252540825251E-23
  0.3951060000000E+11   0.5124016431519E-23
  0.5207280000000E+11   0.1165148318872E-22
  0.6862910000000E+11   0.2647030817155E-22
  0.9044930000000E+11   0.6004627917767E-22
  0.1192070000000E+12   0.1359100214924E-21
  0.1571080000000E+12   0.3066703326989E-21
  0.2070600000000E+12   0.6890396899709E-21
  0.2728930000000E+12   0.1539258203816E-20
  0.3596580000000E+12   0.3721029372120E-20
  0.4740100000000E+12   0.1075712288914E-19
  0.6247180000000E+12   0.3068597957579E-19
  0.8233440000000E+12   0.8583347598839E-19
  0.1085120000000E+13   0.2341476831836E-18
  0.1430130000000E+13   0.6163759203485E-18
  0.1884830000000E+13   0.1547085614663E-17
  0.2484100000000E+13   0.3637333419099E-17
  0.3273910000000E+13   0.7782020044920E-17
  0.4314820000000E+13   0.1463742004045E-16
  0.5686700000000E+13   0.2289006564394E-16
  0.7494750000000E+13   0.2786546668299E-16
  0.7682960000000E+13   0.2797197216815E-16
  0.7875890000000E+13   0.2800368024081E-16
  0.8073670000000E+13   0.2795742523223E-16
  0.8276410000000E+13   0.2783689638121E-16
  0.8484250000000E+13   0.2765086193840E-16
  0.8697300000000E+13   0.2744353061592E-16
  0.8915700000000E+13   0.2716482861298E-16
  0.9139590000000E+13   0.2687962211218E-16
  0.9369100000000E+13   0.2653884636292E-16
  0.9604380000000E+13   0.2616904456031E-16
  0.9845560000000E+13   0.2577140063958E-16
  0.1009280000000E+14   0.2532215783415E-16
  0.1034620000000E+14   0.2484656622347E-16
  0.1060610000000E+14   0.2432550113410E-16
  0.1087240000000E+14   0.2381554510851E-16
  0.1114540000000E+14   0.2327732729047E-16
  0.1142530000000E+14   0.2273643122027E-16
  0.1171220000000E+14   0.2219164468949E-16
  0.1200630000000E+14   0.2163022999671E-16
  0.1230780000000E+14   0.2107059032868E-16
  0.1261690000000E+14   0.2049824341448E-16
  0.1293370000000E+14   0.1997221926167E-16
  0.1325850000000E+14   0.1944381612119E-16
  0.1359150000000E+14   0.1893487572391E-16
  0.1393280000000E+14   0.1843929110222E-16
  0.1428260000000E+14   0.1795800660045E-16
  0.1464130000000E+14   0.1752616013015E-16
  0.1500900000000E+14   0.1708913346674E-16
  0.1538590000000E+14   0.1656860222499E-16
  0.1577220000000E+14   0.1604765668704E-16
  0.1616830000000E+14   0.1527828869637E-16
  0.1657430000000E+14   0.1438738131940E-16
  0.1699050000000E+14   0.1344535247366E-16
  0.1741720000000E+14   0.1231912474449E-16
  0.1785460000000E+14   0.1126324181188E-16
  0.1830290000000E+14   0.1016757760057E-16
  0.1876260000000E+14   0.9142434000678E-17
  0.1923370000000E+14   0.8227693875200E-17
  0.1971670000000E+14   0.7398073205145E-17
  0.2021180000000E+14   0.6674650537965E-17
  0.2071940000000E+14   0.6099605390536E-17
  0.2123970000000E+14   0.5572928700794E-17
  0.2177310000000E+14   0.5469335688590E-17
  0.2231980000000E+14   0.5362585380302E-17
  0.2288030000000E+14   0.5383037439106E-17
  0.2345490000000E+14   0.5439469253474E-17
  0.2404390000000E+14   0.5513329457427E-17
  0.2464770000000E+14   0.5626917651485E-17
  0.2526660000000E+14   0.5714050922259E-17
  0.2590110000000E+14   0.5822381113199E-17
  0.2655150000000E+14   0.5901284937487E-17
  0.2721830000000E+14   0.6043144571045E-17
  0.2790180000000E+14   0.6183400878197E-17
  0.2860240000000E+14   0.6261392396237E-17
  0.2932070000000E+14   0.6272278915919E-17
  0.3005700000000E+14   0.6258058390911E-17
  0.3081180000000E+14   0.6117266475503E-17
  0.3158550000000E+14   0.5981635678518E-17
  0.3237870000000E+14   0.5378382697032E-17
  0.3319170000000E+14   0.4672728284072E-17
  0.3402530000000E+14   0.4023138315733E-17
  0.3487970000000E+14   0.3424780166772E-17
  0.3575560000000E+14   0.2865964242326E-17
  0.3665350000000E+14   0.2364367605091E-17
  0.3757390000000E+14   0.1879288594451E-17
  0.3851740000000E+14   0.1584527154555E-17
  0.3948470000000E+14   0.1342093084341E-17
  0.4047620000000E+14   0.1184096869174E-17
  0.4149260000000E+14   0.1128763746864E-17
  0.4253460000000E+14   0.1081218707012E-17
  0.4360270000000E+14   0.1068472210589E-17
  0.4469770000000E+14   0.1057569364018E-17
  0.4582010000000E+14   0.1048727097517E-17
  0.4697070000000E+14   0.1041385188824E-17
  0.4815020000000E+14   0.1034167575349E-17
  0.4935940000000E+14   0.1026916397942E-17
  0.5059890000000E+14   0.1020677464883E-17
  0.5186950000000E+14   0.1015946206412E-17
  0.5317200000000E+14   0.1011716141044E-17
  0.5450730000000E+14   0.1009515262405E-17
  0.6258450000000E+14   0.1010622174555E-17
  0.7185870000000E+14   0.1021547485563E-17
  0.8250720000000E+14   0.1022703898606E-17
  0.9473370000000E+14   0.1010437504801E-17
  0.1087720000000E+15   0.9908819724169E-18
  0.1248910000000E+15   0.9734006296374E-18
  0.1433980000000E+15   0.9660530175114E-18
  0.1646470000000E+15   0.9768525504557E-18
  0.1890460000000E+15   0.1013713275450E-17
  0.2170600000000E+15   0.1078285665971E-17
  0.2492250000000E+15   0.1171856086029E-17
  0.2861570000000E+15   0.1292580350878E-17
  0.3285620000000E+15   0.1434098189943E-17
  0.3772500000000E+15   0.1585353306919E-17
  0.4331540000000E+15   0.1728652787264E-17
  0.4973410000000E+15   0.1840042241863E-17
  0.5710410000000E+15   0.1892798141788E-17
  0.6556610000000E+15   0.1863485883007E-17
  0.7528220000000E+15   0.1738581000196E-17
  0.8643800000000E+15   0.1521837000674E-17
  0.9924690000000E+15   0.1236171400060E-17
  0.1139540000000E+16   0.9186364213481E-18
  0.1308400000000E+16   0.6170691413453E-18
  0.1502290000000E+16   0.3682044468866E-18
  0.1724910000000E+16   0.1915611263282E-18
  0.1980520000000E+16   0.8500582704264E-19
  0.2274010000000E+16   0.3146198906073E-19
  0.2610990000000E+16   0.9451262391633E-20
  0.2997900000000E+16   0.2234216005352E-20
