         130
  
  0.2997900000000E+11   0.4460834094332E-23
  0.3951060000000E+11   0.1015942652998E-22
  0.5207280000000E+11   0.2311894845610E-22
  0.6862910000000E+11   0.5254245983075E-22
  0.9044930000000E+11   0.1191927028516E-21
  0.1192070000000E+12   0.2696958965783E-21
  0.1571080000000E+12   0.6081185940685E-21
  0.2070600000000E+12   0.1364778746515E-20
  0.2728930000000E+12   0.3043657739893E-20
  0.3596580000000E+12   0.7340168210718E-20
  0.4740100000000E+12   0.2114452827522E-19
  0.6247180000000E+12   0.6000520416111E-19
  0.8233440000000E+12   0.1665821616326E-18
  0.1085120000000E+13   0.4494156393813E-18
  0.1430130000000E+13   0.1163670546568E-17
  0.1884830000000E+13   0.2848466084309E-17
  0.2484100000000E+13   0.6442616823361E-17
  0.3273910000000E+13   0.1297760254090E-16
  0.4314820000000E+13   0.2223762026904E-16
  0.5686700000000E+13   0.3038824086323E-16
  0.7494750000000E+13   0.3157696248866E-16
  0.7682960000000E+13   0.3128199133194E-16
  0.7875890000000E+13   0.3092462268354E-16
  0.8073670000000E+13   0.3050696570732E-16
  0.8276410000000E+13   0.3003652438440E-16
  0.8484250000000E+13   0.2952449874765E-16
  0.8697300000000E+13   0.2901201968100E-16
  0.8915700000000E+13   0.2845957833786E-16
  0.9139590000000E+13   0.2792604414572E-16
  0.9369100000000E+13   0.2737135455413E-16
  0.9604380000000E+13   0.2682069331993E-16
  0.9845560000000E+13   0.2627664520494E-16
  0.1009280000000E+14   0.2571697504983E-16
  0.1034620000000E+14   0.2516433457138E-16
  0.1060610000000E+14   0.2459767800258E-16
  0.1087240000000E+14   0.2407175127199E-16
  0.1114540000000E+14   0.2354371535710E-16
  0.1142530000000E+14   0.2303677561483E-16
  0.1171220000000E+14   0.2254595291880E-16
  0.1200630000000E+14   0.2205238139206E-16
  0.1230780000000E+14   0.2157198187246E-16
  0.1261690000000E+14   0.2108339888672E-16
  0.1293370000000E+14   0.2065170715046E-16
  0.1325850000000E+14   0.2021618523542E-16
  0.1359150000000E+14   0.1979926549931E-16
  0.1393280000000E+14   0.1939076685091E-16
  0.1428260000000E+14   0.1898949861618E-16
  0.1464130000000E+14   0.1863568187449E-16
  0.1500900000000E+14   0.1826277141979E-16
  0.1538590000000E+14   0.1777798693910E-16
  0.1577220000000E+14   0.1728071707937E-16
  0.1616830000000E+14   0.1648156230650E-16
  0.1657430000000E+14   0.1553240784533E-16
  0.1699050000000E+14   0.1451698488408E-16
  0.1741720000000E+14   0.1328056301912E-16
  0.1785460000000E+14   0.1212063405163E-16
  0.1830290000000E+14   0.1090843458199E-16
  0.1876260000000E+14   0.9773151428409E-17
  0.1923370000000E+14   0.8762170554408E-17
  0.1971670000000E+14   0.7846247758402E-17
  0.2021180000000E+14   0.7050974684291E-17
  0.2071940000000E+14   0.6426811401730E-17
  0.2123970000000E+14   0.5855774329409E-17
  0.2177310000000E+14   0.5779723373480E-17
  0.2231980000000E+14   0.5693661727352E-17
  0.2288030000000E+14   0.5748903250982E-17
  0.2345490000000E+14   0.5837424860166E-17
  0.2404390000000E+14   0.5937742154256E-17
  0.2464770000000E+14   0.6075556875244E-17
  0.2526660000000E+14   0.6177534943872E-17
  0.2590110000000E+14   0.6298403509090E-17
  0.2655150000000E+14   0.6383030647836E-17
  0.2721830000000E+14   0.6534116389400E-17
  0.2790180000000E+14   0.6680911900624E-17
  0.2860240000000E+14   0.6757779035806E-17
  0.2932070000000E+14   0.6760357121877E-17
  0.3005700000000E+14   0.6734858565692E-17
  0.3081180000000E+14   0.6571543410834E-17
  0.3158550000000E+14   0.6413914189336E-17
  0.3237870000000E+14   0.5750392621837E-17
  0.3319170000000E+14   0.4977568599612E-17
  0.3402530000000E+14   0.4267241665649E-17
  0.3487970000000E+14   0.3614136265069E-17
  0.3575560000000E+14   0.3005161936233E-17
  0.3665350000000E+14   0.2458748746043E-17
  0.3757390000000E+14   0.1931000819014E-17
  0.3851740000000E+14   0.1611890792946E-17
  0.3948470000000E+14   0.1352470298509E-17
  0.4047620000000E+14   0.1186081250498E-17
  0.4149260000000E+14   0.1129423195416E-17
  0.4253460000000E+14   0.1081552200791E-17
  0.4360270000000E+14   0.1069649475027E-17
  0.4469770000000E+14   0.1059654566501E-17
  0.4582010000000E+14   0.1051783882307E-17
  0.4697070000000E+14   0.1045469517442E-17
  0.4815020000000E+14   0.1039343894682E-17
  0.4935940000000E+14   0.1033264856431E-17
  0.5059890000000E+14   0.1028262657744E-17
  0.5186950000000E+14   0.1024802195118E-17
  0.5317200000000E+14   0.1021886498834E-17
  0.5450730000000E+14   0.1020970995595E-17
  0.6258450000000E+14   0.1028716978670E-17
  0.7185870000000E+14   0.1044510744098E-17
  0.8250720000000E+14   0.1048480954305E-17
  0.9473370000000E+14   0.1036515733920E-17
  0.1087720000000E+15   0.1014492453466E-17
  0.1248910000000E+15   0.9923230609074E-18
  0.1433980000000E+15   0.9791698904741E-18
  0.1646470000000E+15   0.9841967353648E-18
  0.1890460000000E+15   0.1016097167573E-17
  0.2170600000000E+15   0.1076820126914E-17
  0.2492250000000E+15   0.1167939181256E-17
  0.2861570000000E+15   0.1287842283876E-17
  0.3285620000000E+15   0.1429900751960E-17
  0.3772500000000E+15   0.1582265731307E-17
  0.4331540000000E+15   0.1726587062637E-17
  0.4973410000000E+15   0.1838631975754E-17
  0.5710410000000E+15   0.1891591776525E-17
  0.6556610000000E+15   0.1862074697734E-17
  0.7528220000000E+15   0.1736590533075E-17
  0.8643800000000E+15   0.1519430951923E-17
  0.9924690000000E+15   0.1233965616233E-17
  0.1139540000000E+16   0.9163736621814E-18
  0.1308400000000E+16   0.6156433929379E-18
  0.1502290000000E+16   0.3675012926675E-18
  0.1724910000000E+16   0.1912868387440E-18
  0.1980520000000E+16   0.8487737616926E-19
  0.2274010000000E+16   0.3141554436579E-19
  0.2610990000000E+16   0.9437567716524E-20
  0.2997900000000E+16   0.2231024664600E-20
