mstar = 2 Msun, Rstar = 2.5 Rsun, Tstar = 10000, mdisk = 0.0014909 Msun, Rc = 150 AU, Rin = 0.5 AU, Rout = 250 AU, inclination = 45 degree, powerlaw = -1 
         130
  
  0.2997900000000E+11   0.2210332376619E-23
  0.3951060000000E+11   0.5027759342577E-23
  0.5207280000000E+11   0.1143223383025E-22
  0.6862910000000E+11   0.2597171704559E-22
  0.9044930000000E+11   0.5891485726988E-22
  0.1192070000000E+12   0.1333498032516E-21
  0.1571080000000E+12   0.3008985890544E-21
  0.2070600000000E+12   0.6760924267366E-21
  0.2728930000000E+12   0.1510406430820E-20
  0.3596580000000E+12   0.3651527314369E-20
  0.4740100000000E+12   0.1055722393519E-19
  0.6247180000000E+12   0.3011996515332E-19
  0.8233440000000E+12   0.8426712368339E-19
  0.1085120000000E+13   0.2299402120873E-18
  0.1430130000000E+13   0.6055477590579E-18
  0.1884830000000E+13   0.1520810237420E-17
  0.2484100000000E+13   0.3578672378245E-17
  0.3273910000000E+13   0.7666382728171E-17
  0.4314820000000E+13   0.1444747182714E-16
  0.5686700000000E+13   0.2265495807153E-16
  0.7494750000000E+13   0.2767360531711E-16
  0.7682960000000E+13   0.2778791322139E-16
  0.7875890000000E+13   0.2782769786942E-16
  0.8073670000000E+13   0.2778965218945E-16
  0.8276410000000E+13   0.2767734707420E-16
  0.8484250000000E+13   0.2749946172796E-16
  0.8697300000000E+13   0.2730029562032E-16
  0.8915700000000E+13   0.2702943255464E-16
  0.9139590000000E+13   0.2675195104317E-16
  0.9369100000000E+13   0.2641842777612E-16
  0.9604380000000E+13   0.2605544273049E-16
  0.9845560000000E+13   0.2566407495267E-16
  0.1009280000000E+14   0.2522033379843E-16
  0.1034620000000E+14   0.2474952368985E-16
  0.1060610000000E+14   0.2423237293022E-16
  0.1087240000000E+14   0.2372565542031E-16
  0.1114540000000E+14   0.2318980801880E-16
  0.1142530000000E+14   0.2265047674039E-16
  0.1171220000000E+14   0.2210647047484E-16
  0.1200630000000E+14   0.2154508598389E-16
  0.1230780000000E+14   0.2098482389822E-16
  0.1261690000000E+14   0.2041132699981E-16
  0.1293370000000E+14   0.1988361189319E-16
  0.1325850000000E+14   0.1935315046401E-16
  0.1359150000000E+14   0.1884183761467E-16
  0.1393280000000E+14   0.1834370819478E-16
  0.1428260000000E+14   0.1785981243199E-16
  0.1464130000000E+14   0.1742516640439E-16
  0.1500900000000E+14   0.1698552300793E-16
  0.1538590000000E+14   0.1646314603725E-16
  0.1577220000000E+14   0.1594072885269E-16
  0.1616830000000E+14   0.1517187980423E-16
  0.1657430000000E+14   0.1428276371789E-16
  0.1699050000000E+14   0.1334337858595E-16
  0.1741720000000E+14   0.1222151186321E-16
  0.1785460000000E+14   0.1117004316098E-16
  0.1830290000000E+14   0.1007960855273E-16
  0.1876260000000E+14   0.9059749114821E-17
  0.1923370000000E+14   0.8149987961910E-17
  0.1971670000000E+14   0.7325165671121E-17
  0.2021180000000E+14   0.6606232179651E-17
  0.2071940000000E+14   0.6034912682993E-17
  0.2123970000000E+14   0.5511868674275E-17
  0.2177310000000E+14   0.5408843540309E-17
  0.2231980000000E+14   0.5302774241351E-17
  0.2288030000000E+14   0.5322935692496E-17
  0.2345490000000E+14   0.5378965486726E-17
  0.2404390000000E+14   0.5452534343026E-17
  0.2464770000000E+14   0.5565710871673E-17
  0.2526660000000E+14   0.5652863496675E-17
  0.2590110000000E+14   0.5761271246692E-17
  0.2655150000000E+14   0.5840519829759E-17
  0.2721830000000E+14   0.5982227148924E-17
  0.2790180000000E+14   0.6122407490485E-17
  0.2860240000000E+14   0.6201013968177E-17
  0.2932070000000E+14   0.6213148885759E-17
  0.3005700000000E+14   0.6200497968256E-17
  0.3081180000000E+14   0.6062384330417E-17
  0.3158550000000E+14   0.5929481642414E-17
  0.3237870000000E+14   0.5332560869434E-17
  0.3319170000000E+14   0.4634084791251E-17
  0.3402530000000E+14   0.3990982154891E-17
  0.3487970000000E+14   0.3397950071409E-17
  0.3575560000000E+14   0.2843911225710E-17
  0.3665350000000E+14   0.2346505191179E-17
  0.3757390000000E+14   0.1865101262192E-17
  0.3851740000000E+14   0.1572839863643E-17
  0.3948470000000E+14   0.1332833449747E-17
  0.4047620000000E+14   0.1176841019370E-17
  0.4149260000000E+14   0.1122457675617E-17
  0.4253460000000E+14   0.1075711182535E-17
  0.4360270000000E+14   0.1063334283594E-17
  0.4469770000000E+14   0.1052742796188E-17
  0.4582010000000E+14   0.1044153792609E-17
  0.4697070000000E+14   0.1037014321539E-17
  0.4815020000000E+14   0.1029961566771E-17
  0.4935940000000E+14   0.1022839504124E-17
  0.5059890000000E+14   0.1016689283822E-17
  0.5186950000000E+14   0.1012007470726E-17
  0.5317200000000E+14   0.1007797293596E-17
  0.5450730000000E+14   0.1005583764836E-17
  0.6258450000000E+14   0.1006325059257E-17
  0.7185870000000E+14   0.1016844278361E-17
  0.8250720000000E+14   0.1017910566476E-17
  0.9473370000000E+14   0.1005975469662E-17
  0.1087720000000E+15   0.9871263537840E-18
  0.1248910000000E+15   0.9705501211229E-18
  0.1433980000000E+15   0.9640901393237E-18
  0.1646470000000E+15   0.9756034184903E-18
  0.1890460000000E+15   0.1012952930889E-17
  0.2170600000000E+15   0.1077842633507E-17
  0.2492250000000E+15   0.1171626726800E-17
  0.2861570000000E+15   0.1292491588204E-17
  0.3285620000000E+15   0.1434080172561E-17
  0.3772500000000E+15   0.1585356550415E-17
  0.4331540000000E+15   0.1728661518190E-17
  0.4973410000000E+15   0.1840057449126E-17
  0.5710410000000E+15   0.1892822975918E-17
  0.6556610000000E+15   0.1863523731312E-17
  0.7528220000000E+15   0.1738638253871E-17
  0.8643800000000E+15   0.1521907059457E-17
  0.9924690000000E+15   0.1236235725737E-17
  0.1139540000000E+16   0.9187024437020E-18
  0.1308400000000E+16   0.6171107389605E-18
  0.1502290000000E+16   0.3682249578911E-18
  0.1724910000000E+16   0.1915691253270E-18
  0.1980520000000E+16   0.8500957318500E-19
  0.2274010000000E+16   0.3146334354988E-19
  0.2610990000000E+16   0.9451661770475E-20
  0.2997900000000E+16   0.2234309073675E-20
