mstar = 2 Msun, Rstar = 2.5 Rsun, Tstar = 10000, mdisk = 0.0044341 Msun, Rc = 150 AU, Rin = 0.5 AU, Rout = 250 AU, inclination = 45 degree, powerlaw = -1 
         130
  
  0.2997900000000E+11   0.5872177321878E-23
  0.3951060000000E+11   0.1337669490655E-22
  0.5207280000000E+11   0.3044309010731E-22
  0.6862910000000E+11   0.6918618418586E-22
  0.9044930000000E+11   0.1569253059590E-21
  0.1192070000000E+12   0.3549706366063E-21
  0.1571080000000E+12   0.8000390262276E-21
  0.2070600000000E+12   0.1794335429997E-20
  0.2728930000000E+12   0.3998026107158E-20
  0.3596580000000E+12   0.9629542136697E-20
  0.4740100000000E+12   0.2768682759305E-19
  0.6247180000000E+12   0.7835465095306E-19
  0.8233440000000E+12   0.2166450082269E-18
  0.1085120000000E+13   0.5809740907566E-18
  0.1430130000000E+13   0.1490706970342E-17
  0.1884830000000E+13   0.3598417694941E-17
  0.2484100000000E+13   0.7964356235164E-17
  0.3273910000000E+13   0.1551560052244E-16
  0.4314820000000E+13   0.2529656559338E-16
  0.5686700000000E+13   0.3240703172336E-16
  0.7494750000000E+13   0.3185197772795E-16
  0.7682960000000E+13   0.3145951080549E-16
  0.7875890000000E+13   0.3102157091665E-16
  0.8073670000000E+13   0.3054045047588E-16
  0.8276410000000E+13   0.3002308763710E-16
  0.8484250000000E+13   0.2947970891721E-16
  0.8697300000000E+13   0.2895010064951E-16
  0.8915700000000E+13   0.2839478176158E-16
  0.9139590000000E+13   0.2787157188553E-16
  0.9369100000000E+13   0.2733909600377E-16
  0.9604380000000E+13   0.2682135357865E-16
  0.9845560000000E+13   0.2631938624382E-16
  0.1009280000000E+14   0.2580775040049E-16
  0.1034620000000E+14   0.2530797497892E-16
  0.1060610000000E+14   0.2479558724164E-16
  0.1087240000000E+14   0.2432701902328E-16
  0.1114540000000E+14   0.2385480527402E-16
  0.1142530000000E+14   0.2340227434526E-16
  0.1171220000000E+14   0.2296278207807E-16
  0.1200630000000E+14   0.2251507829865E-16
  0.1230780000000E+14   0.2207562927386E-16
  0.1261690000000E+14   0.2162121995287E-16
  0.1293370000000E+14   0.2122116194229E-16
  0.1325850000000E+14   0.2081068044253E-16
  0.1359150000000E+14   0.2041386634757E-16
  0.1393280000000E+14   0.2002023518171E-16
  0.1428260000000E+14   0.1962904437095E-16
  0.1464130000000E+14   0.1928305659988E-16
  0.1500900000000E+14   0.1891286111375E-16
  0.1538590000000E+14   0.1842223664999E-16
  0.1577220000000E+14   0.1791598964667E-16
  0.1616830000000E+14   0.1709286495508E-16
  0.1657430000000E+14   0.1611212512395E-16
  0.1699050000000E+14   0.1506136520543E-16
  0.1741720000000E+14   0.1377940171385E-16
  0.1785460000000E+14   0.1257635846041E-16
  0.1830290000000E+14   0.1131788037436E-16
  0.1876260000000E+14   0.1013880790434E-16
  0.1923370000000E+14   0.9088603071488E-17
  0.1971670000000E+14   0.8137125618522E-17
  0.2021180000000E+14   0.7311343773540E-17
  0.2071940000000E+14   0.6664140629314E-17
  0.2123970000000E+14   0.6072051843254E-17
  0.2177310000000E+14   0.5996967618515E-17
  0.2231980000000E+14   0.5910078233711E-17
  0.2288030000000E+14   0.5969216548592E-17
  0.2345490000000E+14   0.6061740157002E-17
  0.2404390000000E+14   0.6165742083668E-17
  0.2464770000000E+14   0.6307804459055E-17
  0.2526660000000E+14   0.6411965284505E-17
  0.2590110000000E+14   0.6535274355917E-17
  0.2655150000000E+14   0.6620629352753E-17
  0.2721830000000E+14   0.6774548896750E-17
  0.2790180000000E+14   0.6923548782655E-17
  0.2860240000000E+14   0.6999909494156E-17
  0.2932070000000E+14   0.6999268874839E-17
  0.3005700000000E+14   0.6969502074228E-17
  0.3081180000000E+14   0.6797083233493E-17
  0.3158550000000E+14   0.6630430585492E-17
  0.3237870000000E+14   0.5941180123624E-17
  0.3319170000000E+14   0.5139386052073E-17
  0.3402530000000E+14   0.4402146951856E-17
  0.3487970000000E+14   0.3724408740914E-17
  0.3575560000000E+14   0.3092348398043E-17
  0.3665350000000E+14   0.2525693746826E-17
  0.3757390000000E+14   0.1980256149875E-17
  0.3851740000000E+14   0.1650124093861E-17
  0.3948470000000E+14   0.1382996762927E-17
  0.4047620000000E+14   0.1212803644852E-17
  0.4149260000000E+14   0.1154406521622E-17
  0.4253460000000E+14   0.1105314152293E-17
  0.4360270000000E+14   0.1092319365269E-17
  0.4469770000000E+14   0.1081393779943E-17
  0.4582010000000E+14   0.1072737476560E-17
  0.4697070000000E+14   0.1065776406393E-17
  0.4815020000000E+14   0.1059155260917E-17
  0.4935940000000E+14   0.1052728253144E-17
  0.5059890000000E+14   0.1047492500563E-17
  0.5186950000000E+14   0.1043881783872E-17
  0.5317200000000E+14   0.1040909881174E-17
  0.5450730000000E+14   0.1039968470382E-17
  0.6258450000000E+14   0.1048107950702E-17
  0.7185870000000E+14   0.1064251581766E-17
  0.8250720000000E+14   0.1068044257105E-17
  0.9473370000000E+14   0.1054962462120E-17
  0.1087720000000E+15   0.1030640700517E-17
  0.1248910000000E+15   0.1005179073702E-17
  0.1433980000000E+15   0.9882022623112E-18
  0.1646470000000E+15   0.9894278384426E-18
  0.1890460000000E+15   0.1018093436485E-17
  0.2170600000000E+15   0.1076515575386E-17
  0.2492250000000E+15   0.1166444569640E-17
  0.2861570000000E+15   0.1286037484351E-17
  0.3285620000000E+15   0.1428262070159E-17
  0.3772500000000E+15   0.1580985034475E-17
  0.4331540000000E+15   0.1725697186223E-17
  0.4973410000000E+15   0.1838025597671E-17
  0.5710410000000E+15   0.1891064810063E-17
  0.6556610000000E+15   0.1861436796380E-17
  0.7528220000000E+15   0.1735674740129E-17
  0.8643800000000E+15   0.1518319509578E-17
  0.9924690000000E+15   0.1232946240776E-17
  0.1139540000000E+16   0.9153283944530E-18
  0.1308400000000E+16   0.6149846986932E-18
  0.1502290000000E+16   0.3671763405202E-18
  0.1724910000000E+16   0.1911600364652E-18
  0.1980520000000E+16   0.8481799718476E-19
  0.2274010000000E+16   0.3139407382851E-19
  0.2610990000000E+16   0.9431236791113E-20
  0.2997900000000E+16   0.2229549314162E-20
