         130
  
  0.2997900000000E+11   0.1914661036923E-23
  0.3951060000000E+11   0.4353454843712E-23
  0.5207280000000E+11   0.9896275599104E-23
  0.6862910000000E+11   0.2247863367242E-22
  0.9044930000000E+11   0.5098766260582E-22
  0.1192070000000E+12   0.1154102358844E-21
  0.1571080000000E+12   0.2604508439962E-21
  0.2070600000000E+12   0.5853452854552E-21
  0.2728930000000E+12   0.1308144533437E-20
  0.3596580000000E+12   0.3164160701001E-20
  0.4740100000000E+12   0.9154937103303E-20
  0.6247180000000E+12   0.2614737425824E-19
  0.8233440000000E+12   0.7326549232892E-19
  0.1085120000000E+13   0.2003598077386E-18
  0.1430130000000E+13   0.5293233873160E-18
  0.1884830000000E+13   0.1335552814923E-17
  0.2484100000000E+13   0.3164411407365E-17
  0.3273910000000E+13   0.6849188426895E-17
  0.4314820000000E+13   0.1311103776011E-16
  0.5686700000000E+13   0.2104315567132E-16
  0.7494750000000E+13   0.2651709423797E-16
  0.7682960000000E+13   0.2670690850475E-16
  0.7875890000000E+13   0.2682517975618E-16
  0.8073670000000E+13   0.2686752344487E-16
  0.8276410000000E+13   0.2683651163242E-16
  0.8484250000000E+13   0.2674001000598E-16
  0.8697300000000E+13   0.2662279983745E-16
  0.8915700000000E+13   0.2643192003204E-16
  0.9139590000000E+13   0.2623384208261E-16
  0.9369100000000E+13   0.2597635529939E-16
  0.9604380000000E+13   0.2568608037889E-16
  0.9845560000000E+13   0.2536315712088E-16
  0.1009280000000E+14   0.2498168211587E-16
  0.1034620000000E+14   0.2456715714749E-16
  0.1060610000000E+14   0.2409895668145E-16
  0.1087240000000E+14   0.2363526951748E-16
  0.1114540000000E+14   0.2313474579590E-16
  0.1142530000000E+14   0.2262359422311E-16
  0.1171220000000E+14   0.2210043754397E-16
  0.1200630000000E+14   0.2155259474119E-16
  0.1230780000000E+14   0.2099929217506E-16
  0.1261690000000E+14   0.2042673475793E-16
  0.1293370000000E+14   0.1989439641928E-16
  0.1325850000000E+14   0.1935455580272E-16
  0.1359150000000E+14   0.1882974298649E-16
  0.1393280000000E+14   0.1831493872457E-16
  0.1428260000000E+14   0.1781211485655E-16
  0.1464130000000E+14   0.1735603461975E-16
  0.1500900000000E+14   0.1689486805977E-16
  0.1538590000000E+14   0.1635452452104E-16
  0.1577220000000E+14   0.1581557892756E-16
  0.1616830000000E+14   0.1504091305396E-16
  0.1657430000000E+14   0.1415234071716E-16
  0.1699050000000E+14   0.1321726517090E-16
  0.1741720000000E+14   0.1210807779934E-16
  0.1785460000000E+14   0.1106849060259E-16
  0.1830290000000E+14   0.9992862948500E-17
  0.1876260000000E+14   0.8986807503131E-17
  0.1923370000000E+14   0.8088316013301E-17
  0.1971670000000E+14   0.7272869096185E-17
  0.2021180000000E+14   0.6560806177142E-17
  0.2071940000000E+14   0.5992748899772E-17
  0.2123970000000E+14   0.5472521958090E-17
  0.2177310000000E+14   0.5360729397375E-17
  0.2231980000000E+14   0.5246580065833E-17
  0.2288030000000E+14   0.5255407495637E-17
  0.2345490000000E+14   0.5300078957994E-17
  0.2404390000000E+14   0.5363179305905E-17
  0.2464770000000E+14   0.5466370350569E-17
  0.2526660000000E+14   0.5546235554373E-17
  0.2590110000000E+14   0.5648530736680E-17
  0.2655150000000E+14   0.5723833857104E-17
  0.2721830000000E+14   0.5861357565384E-17
  0.2790180000000E+14   0.5998266410846E-17
  0.2860240000000E+14   0.6075418620840E-17
  0.2932070000000E+14   0.6087836508606E-17
  0.3005700000000E+14   0.6076201034893E-17
  0.3081180000000E+14   0.5941627641402E-17
  0.3158550000000E+14   0.5812254087372E-17
  0.3237870000000E+14   0.5227751520673E-17
  0.3319170000000E+14   0.4543811105892E-17
  0.3402530000000E+14   0.3914189052745E-17
  0.3487970000000E+14   0.3334314637828E-17
  0.3575560000000E+14   0.2793328135968E-17
  0.3665350000000E+14   0.2307540473271E-17
  0.3757390000000E+14   0.1837051280249E-17
  0.3851740000000E+14   0.1551507738960E-17
  0.3948470000000E+14   0.1316602861927E-17
  0.4047620000000E+14   0.1163089719883E-17
  0.4149260000000E+14   0.1109620788522E-17
  0.4253460000000E+14   0.1063494748104E-17
  0.4360270000000E+14   0.1051834047252E-17
  0.4469770000000E+14   0.1041913315125E-17
  0.4582010000000E+14   0.1033951541074E-17
  0.4697070000000E+14   0.1027391245176E-17
  0.4815020000000E+14   0.1020855635025E-17
  0.4935940000000E+14   0.1014185809112E-17
  0.5059890000000E+14   0.1008437141468E-17
  0.5186950000000E+14   0.1004120492317E-17
  0.5317200000000E+14   0.1000227683033E-17
  0.5450730000000E+14   0.9983157049418E-18
  0.6258450000000E+14   0.1000263973656E-17
  0.7185870000000E+14   0.1011334744394E-17
  0.8250720000000E+14   0.1012443290776E-17
  0.9473370000000E+14   0.1000382203712E-17
  0.1087720000000E+15   0.9815615589894E-18
  0.1248910000000E+15   0.9653846041363E-18
  0.1433980000000E+15   0.9597563166092E-18
  0.1646470000000E+15   0.9723817975883E-18
  0.1890460000000E+15   0.1010844414945E-17
  0.2170600000000E+15   0.1076660944226E-17
  0.2492250000000E+15   0.1171146561419E-17
  0.2861570000000E+15   0.1292490843668E-17
  0.3285620000000E+15   0.1434300855425E-17
  0.3772500000000E+15   0.1585593983754E-17
  0.4331540000000E+15   0.1728853025150E-17
  0.4973410000000E+15   0.1840218440629E-17
  0.5710410000000E+15   0.1892987894269E-17
  0.6556610000000E+15   0.1863731428361E-17
  0.7528220000000E+15   0.1738935548144E-17
  0.8643800000000E+15   0.1522266974026E-17
  0.9924690000000E+15   0.1236565744870E-17
  0.1139540000000E+16   0.9190411268986E-18
  0.1308400000000E+16   0.6173241210987E-18
  0.1502290000000E+16   0.3683301687175E-18
  0.1724910000000E+16   0.1916101542858E-18
  0.1980520000000E+16   0.8502878826573E-19
  0.2274010000000E+16   0.3147029110675E-19
  0.2610990000000E+16   0.9453710292211E-20
  0.2997900000000E+16   0.2234786445317E-20
