mstar = 2 Msun, Rstar = 2.5 Rsun, Tstar = 10000, mdisk = 0.0055626 Msun, Rc = 150 AU, Rin = 0.5 AU, Rout = 250 AU, inclination = 45 degree, powerlaw = -1 
         130
  
  0.2997900000000E+11   0.7205380499680E-23
  0.3951060000000E+11   0.1641558986500E-22
  0.5207280000000E+11   0.3736042002706E-22
  0.6862910000000E+11   0.8490321818503E-22
  0.9044930000000E+11   0.1925503341372E-21
  0.1192070000000E+12   0.4354622838797E-21
  0.1571080000000E+12   0.9811347469804E-21
  0.2070600000000E+12   0.2199486533234E-20
  0.2728930000000E+12   0.4897646055341E-20
  0.3596580000000E+12   0.1178571230012E-19
  0.4740100000000E+12   0.3383908478957E-19
  0.6247180000000E+12   0.9556887733079E-19
  0.8233440000000E+12   0.2634291208389E-18
  0.1085120000000E+13   0.7031368144647E-18
  0.1430130000000E+13   0.1791177132752E-17
  0.1884830000000E+13   0.4275168367042E-17
  0.2484100000000E+13   0.9295733377606E-17
  0.3273910000000E+13   0.1762103173674E-16
  0.4314820000000E+13   0.2761318991658E-16
  0.5686700000000E+13   0.3374570221084E-16
  0.7494750000000E+13   0.3216431204790E-16
  0.7682960000000E+13   0.3174034385884E-16
  0.7875890000000E+13   0.3128231449519E-16
  0.8073670000000E+13   0.3079156363026E-16
  0.8276410000000E+13   0.3027384272158E-16
  0.8484250000000E+13   0.2973820488968E-16
  0.8697300000000E+13   0.2922437609601E-16
  0.8915700000000E+13   0.2869041412385E-16
  0.9139590000000E+13   0.2819507576772E-16
  0.9369100000000E+13   0.2769389730292E-16
  0.9604380000000E+13   0.2721056620751E-16
  0.9845560000000E+13   0.2674482530137E-16
  0.1009280000000E+14   0.2626842382494E-16
  0.1034620000000E+14   0.2580292403635E-16
  0.1060610000000E+14   0.2532149450575E-16
  0.1087240000000E+14   0.2488299395396E-16
  0.1114540000000E+14   0.2443667397463E-16
  0.1142530000000E+14   0.2400679662423E-16
  0.1171220000000E+14   0.2358611122741E-16
  0.1200630000000E+14   0.2315231712049E-16
  0.1230780000000E+14   0.2272285842956E-16
  0.1261690000000E+14   0.2227375448052E-16
  0.1293370000000E+14   0.2187754387345E-16
  0.1325850000000E+14   0.2146705816943E-16
  0.1359150000000E+14   0.2106772050516E-16
  0.1393280000000E+14   0.2066902784896E-16
  0.1428260000000E+14   0.2027055703134E-16
  0.1464130000000E+14   0.1991678559677E-16
  0.1500900000000E+14   0.1953633052326E-16
  0.1538590000000E+14   0.1903044801522E-16
  0.1577220000000E+14   0.1850753138891E-16
  0.1616830000000E+14   0.1765788364884E-16
  0.1657430000000E+14   0.1664571431151E-16
  0.1699050000000E+14   0.1556119497808E-16
  0.1741720000000E+14   0.1423836002646E-16
  0.1785460000000E+14   0.1299641828471E-16
  0.1830290000000E+14   0.1169699489679E-16
  0.1876260000000E+14   0.1047888581608E-16
  0.1923370000000E+14   0.9393394405304E-17
  0.1971670000000E+14   0.8409416905129E-17
  0.2021180000000E+14   0.7554989825548E-17
  0.2071940000000E+14   0.6885110242888E-17
  0.2123970000000E+14   0.6272098670387E-17
  0.2177310000000E+14   0.6194188742788E-17
  0.2231980000000E+14   0.6103213308084E-17
  0.2288030000000E+14   0.6161988677945E-17
  0.2345490000000E+14   0.6254194373272E-17
  0.2404390000000E+14   0.6357335707948E-17
  0.2464770000000E+14   0.6498976565100E-17
  0.2526660000000E+14   0.6601350834482E-17
  0.2590110000000E+14   0.6722966783942E-17
  0.2655150000000E+14   0.6805373676192E-17
  0.2721830000000E+14   0.6957345069049E-17
  0.2790180000000E+14   0.7103882400902E-17
  0.2860240000000E+14   0.7175904490401E-17
  0.2932070000000E+14   0.7169315912709E-17
  0.3005700000000E+14   0.7132939101450E-17
  0.3081180000000E+14   0.6951625019012E-17
  0.3158550000000E+14   0.6776403326755E-17
  0.3237870000000E+14   0.6070649479248E-17
  0.3319170000000E+14   0.5250686479330E-17
  0.3402530000000E+14   0.4496192633391E-17
  0.3487970000000E+14   0.3801968374258E-17
  0.3575560000000E+14   0.3155232535622E-17
  0.3665350000000E+14   0.2575988831109E-17
  0.3757390000000E+14   0.2018259546177E-17
  0.3851740000000E+14   0.1680252568451E-17
  0.3948470000000E+14   0.1406107809596E-17
  0.4047620000000E+14   0.1231002280033E-17
  0.4149260000000E+14   0.1170354025901E-17
  0.4253460000000E+14   0.1119401363637E-17
  0.4360270000000E+14   0.1105315185607E-17
  0.4469770000000E+14   0.1093385138860E-17
  0.4582010000000E+14   0.1083814845924E-17
  0.4697070000000E+14   0.1076024436278E-17
  0.4815020000000E+14   0.1068650709686E-17
  0.4935940000000E+14   0.1061554567681E-17
  0.5059890000000E+14   0.1055736036658E-17
  0.5186950000000E+14   0.1051620257170E-17
  0.5317200000000E+14   0.1048215940361E-17
  0.5450730000000E+14   0.1046898168447E-17
  0.6258450000000E+14   0.1053769821737E-17
  0.7185870000000E+14   0.1069509730016E-17
  0.8250720000000E+14   0.1073397689990E-17
  0.9473370000000E+14   0.1060538132308E-17
  0.1087720000000E+15   0.1036215330926E-17
  0.1248910000000E+15   0.1010319020268E-17
  0.1433980000000E+15   0.9923884163378E-18
  0.1646470000000E+15   0.9922094551540E-18
  0.1890460000000E+15   0.1019276015867E-17
  0.2170600000000E+15   0.1076254149657E-17
  0.2492250000000E+15   0.1165193603962E-17
  0.2861570000000E+15   0.1284320172762E-17
  0.3285620000000E+15   0.1426542333654E-17
  0.3772500000000E+15   0.1579608301744E-17
  0.4331540000000E+15   0.1724787087769E-17
  0.4973410000000E+15   0.1837460874782E-17
  0.5710410000000E+15   0.1890613265477E-17
  0.6556610000000E+15   0.1860908126995E-17
  0.7528220000000E+15   0.1734921600481E-17
  0.8643800000000E+15   0.1517406910760E-17
  0.9924690000000E+15   0.1232109475442E-17
  0.1139540000000E+16   0.9144706464517E-18
  0.1308400000000E+16   0.6144441401409E-18
  0.1502290000000E+16   0.3669096229030E-18
  0.1724910000000E+16   0.1910559373723E-18
  0.1980520000000E+16   0.8476925128088E-19
  0.2274010000000E+16   0.3137644779197E-19
  0.2610990000000E+16   0.9426039417425E-20
  0.2997900000000E+16   0.2228338114587E-20
