         130
  
  0.2997900000000E+11   0.7852780638370E-23
  0.3951060000000E+11   0.1789128999253E-22
  0.5207280000000E+11   0.4071956596283E-22
  0.6862910000000E+11   0.9253579867044E-22
  0.9044930000000E+11   0.2098512658775E-21
  0.1192070000000E+12   0.4745538066153E-21
  0.1571080000000E+12   0.1069090360541E-20
  0.2070600000000E+12   0.2396276749692E-20
  0.2728930000000E+12   0.5334651225019E-20
  0.3596580000000E+12   0.1283316837495E-19
  0.4740100000000E+12   0.3682728915153E-19
  0.6247180000000E+12   0.1039259862428E-18
  0.8233440000000E+12   0.2861173872721E-18
  0.1085120000000E+13   0.7622498675251E-18
  0.1430130000000E+13   0.1935956574343E-17
  0.1884830000000E+13   0.4598663685881E-17
  0.2484100000000E+13   0.9922909369776E-17
  0.3273910000000E+13   0.1858747402273E-16
  0.4314820000000E+13   0.2863332509548E-16
  0.5686700000000E+13   0.3431900411883E-16
  0.7494750000000E+13   0.3236340939678E-16
  0.7682960000000E+13   0.3193219413261E-16
  0.7875890000000E+13   0.3147094124927E-16
  0.8073670000000E+13   0.3098041988192E-16
  0.8276410000000E+13   0.3046580750050E-16
  0.8484250000000E+13   0.2993565388068E-16
  0.8697300000000E+13   0.2942986740598E-16
  0.8915700000000E+13   0.2890513199312E-16
  0.9139590000000E+13   0.2842092349672E-16
  0.9369100000000E+13   0.2793124144507E-16
  0.9604380000000E+13   0.2745979724804E-16
  0.9845560000000E+13   0.2700585788821E-16
  0.1009280000000E+14   0.2654010752441E-16
  0.1034620000000E+14   0.2608429223205E-16
  0.1060610000000E+14   0.2561075709652E-16
  0.1087240000000E+14   0.2517949610793E-16
  0.1114540000000E+14   0.2473858536549E-16
  0.1142530000000E+14   0.2431277431478E-16
  0.1171220000000E+14   0.2389471281765E-16
  0.1200630000000E+14   0.2346180335089E-16
  0.1230780000000E+14   0.2303194718788E-16
  0.1261690000000E+14   0.2258095763566E-16
  0.1293370000000E+14   0.2218262864592E-16
  0.1325850000000E+14   0.2176886535246E-16
  0.1359150000000E+14   0.2136565007831E-16
  0.1393280000000E+14   0.2096246019142E-16
  0.1428260000000E+14   0.2055903294199E-16
  0.1464130000000E+14   0.2020055775052E-16
  0.1500900000000E+14   0.1981482680501E-16
  0.1538590000000E+14   0.1930194951656E-16
  0.1577220000000E+14   0.1877175130479E-16
  0.1616830000000E+14   0.1791059596141E-16
  0.1657430000000E+14   0.1688475371875E-16
  0.1699050000000E+14   0.1578554117053E-16
  0.1741720000000E+14   0.1444479786400E-16
  0.1785460000000E+14   0.1318585578824E-16
  0.1830290000000E+14   0.1186818727705E-16
  0.1876260000000E+14   0.1063258722846E-16
  0.1923370000000E+14   0.9531228040847E-17
  0.1971670000000E+14   0.8532638461384E-17
  0.2021180000000E+14   0.7665215487410E-17
  0.2071940000000E+14   0.6985078996979E-17
  0.2123970000000E+14   0.6362623592671E-17
  0.2177310000000E+14   0.6284028470182E-17
  0.2231980000000E+14   0.6192084175346E-17
  0.2288030000000E+14   0.6252253148100E-17
  0.2345490000000E+14   0.6346215623281E-17
  0.2404390000000E+14   0.6451209792597E-17
  0.2464770000000E+14   0.6595316759873E-17
  0.2526660000000E+14   0.6699545482464E-17
  0.2590110000000E+14   0.6823081410872E-17
  0.2655150000000E+14   0.6906764990121E-17
  0.2721830000000E+14   0.7061284571630E-17
  0.2790180000000E+14   0.7210402344609E-17
  0.2860240000000E+14   0.7284071090795E-17
  0.2932070000000E+14   0.7277739974235E-17
  0.3005700000000E+14   0.7241179249789E-17
  0.3081180000000E+14   0.7057252144226E-17
  0.3158550000000E+14   0.6879456042370E-17
  0.3237870000000E+14   0.6162062207000E-17
  0.3319170000000E+14   0.5328305898239E-17
  0.3402530000000E+14   0.4561336287089E-17
  0.3487970000000E+14   0.3855730622952E-17
  0.3575560000000E+14   0.3197969997825E-17
  0.3665350000000E+14   0.2608423228618E-17
  0.3757390000000E+14   0.2040113466798E-17
  0.3851740000000E+14   0.1694380685662E-17
  0.3948470000000E+14   0.1413679415891E-17
  0.4047620000000E+14   0.1234259452008E-17
  0.4149260000000E+14   0.1172269846210E-17
  0.4253460000000E+14   0.1120278940258E-17
  0.4360270000000E+14   0.1106022509944E-17
  0.4469770000000E+14   0.1093986688465E-17
  0.4582010000000E+14   0.1084380498833E-17
  0.4697070000000E+14   0.1076611928492E-17
  0.4815020000000E+14   0.1069293329498E-17
  0.4935940000000E+14   0.1062283990573E-17
  0.5059890000000E+14   0.1056600900056E-17
  0.5186950000000E+14   0.1052679947544E-17
  0.5317200000000E+14   0.1049508283463E-17
  0.5450730000000E+14   0.1048484951589E-17
  0.6258450000000E+14   0.1057545006135E-17
  0.7185870000000E+14   0.1075757697695E-17
  0.8250720000000E+14   0.1081564100475E-17
  0.9473370000000E+14   0.1069611834003E-17
  0.1087720000000E+15   0.1045056623833E-17
  0.1248910000000E+15   0.1017926388860E-17
  0.1433980000000E+15   0.9980919482693E-18
  0.1646470000000E+15   0.9957947817508E-18
  0.1890460000000E+15   0.1020992426063E-17
  0.2170600000000E+15   0.1076646271183E-17
  0.2492250000000E+15   0.1164880583993E-17
  0.2861570000000E+15   0.1283766032880E-17
  0.3285620000000E+15   0.1426009865230E-17
  0.3772500000000E+15   0.1579210440015E-17
  0.4331540000000E+15   0.1724530036291E-17
  0.4973410000000E+15   0.1837277342552E-17
  0.5710410000000E+15   0.1890417814054E-17
  0.6556610000000E+15   0.1860637891527E-17
  0.7528220000000E+15   0.1734518465438E-17
  0.8643800000000E+15   0.1516914631742E-17
  0.9924690000000E+15   0.1231657727201E-17
  0.1139540000000E+16   0.9140076130505E-18
  0.1308400000000E+16   0.6141523177096E-18
  0.1502290000000E+16   0.3667656174356E-18
  0.1724910000000E+16   0.1909997245858E-18
  0.1980520000000E+16   0.8474292944294E-19
  0.2274010000000E+16   0.3136692997851E-19
  0.2610990000000E+16   0.9423232885837E-20
  0.2997900000000E+16   0.2227684074568E-20
