         130
  
  0.2997900000000E+11   0.8884089341387E-23
  0.3951060000000E+11   0.2024166489285E-22
  0.5207280000000E+11   0.4606848871343E-22
  0.6862910000000E+11   0.1046857541135E-21
  0.9044930000000E+11   0.2373806014734E-21
  0.1192070000000E+12   0.5367229395302E-21
  0.1571080000000E+12   0.1208870454941E-20
  0.2070600000000E+12   0.2708721551926E-20
  0.2728930000000E+12   0.6027612235263E-20
  0.3596580000000E+12   0.1449121326121E-19
  0.4740100000000E+12   0.4154473245103E-19
  0.6247180000000E+12   0.1170678070455E-18
  0.8233440000000E+12   0.3215904845215E-18
  0.1085120000000E+13   0.8538716539335E-18
  0.1430130000000E+13   0.2157320744608E-17
  0.1884830000000E+13   0.5082522915166E-17
  0.2484100000000E+13   0.1082690486320E-16
  0.3273910000000E+13   0.1989120942077E-16
  0.4314820000000E+13   0.2983484394365E-16
  0.5686700000000E+13   0.3478593800858E-16
  0.7494750000000E+13   0.3245719139825E-16
  0.7682960000000E+13   0.3203399718988E-16
  0.7875890000000E+13   0.3158566311305E-16
  0.8073670000000E+13   0.3111193704356E-16
  0.8276410000000E+13   0.3061699673611E-16
  0.8484250000000E+13   0.3010853075871E-16
  0.8697300000000E+13   0.2962644180874E-16
  0.8915700000000E+13   0.2912563847492E-16
  0.9139590000000E+13   0.2866630183075E-16
  0.9369100000000E+13   0.2820058560574E-16
  0.9604380000000E+13   0.2775219688554E-16
  0.9845560000000E+13   0.2731983883372E-16
  0.1009280000000E+14   0.2687306333159E-16
  0.1034620000000E+14   0.2643392708478E-16
  0.1060610000000E+14   0.2597401081248E-16
  0.1087240000000E+14   0.2555461600906E-16
  0.1114540000000E+14   0.2512270713168E-16
  0.1142530000000E+14   0.2470369746533E-16
  0.1171220000000E+14   0.2429022261898E-16
  0.1200630000000E+14   0.2385951189925E-16
  0.1230780000000E+14   0.2343004139313E-16
  0.1261690000000E+14   0.2297748009824E-16
  0.1293370000000E+14   0.2257699364761E-16
  0.1325850000000E+14   0.2215963475887E-16
  0.1359150000000E+14   0.2175198574137E-16
  0.1393280000000E+14   0.2134353446164E-16
  0.1428260000000E+14   0.2093415232919E-16
  0.1464130000000E+14   0.2056975710579E-16
  0.1500900000000E+14   0.2017723148893E-16
  0.1538590000000E+14   0.1965542861454E-16
  0.1577220000000E+14   0.1911579831810E-16
  0.1616830000000E+14   0.1824044533174E-16
  0.1657430000000E+14   0.1719797212310E-16
  0.1699050000000E+14   0.1608099386496E-16
  0.1741720000000E+14   0.1471898159308E-16
  0.1785460000000E+14   0.1343977881409E-16
  0.1830290000000E+14   0.1210113061422E-16
  0.1876260000000E+14   0.1084576876189E-16
  0.1923370000000E+14   0.9726563889293E-17
  0.1971670000000E+14   0.8711453745199E-17
  0.2021180000000E+14   0.7829059982934E-17
  0.2071940000000E+14   0.7136322723312E-17
  0.2123970000000E+14   0.6501986668809E-17
  0.2177310000000E+14   0.6419046678477E-17
  0.2231980000000E+14   0.6322612066493E-17
  0.2288030000000E+14   0.6380338492369E-17
  0.2345490000000E+14   0.6472274387596E-17
  0.2404390000000E+14   0.6575304054083E-17
  0.2464770000000E+14   0.6718236012168E-17
  0.2526660000000E+14   0.6821000083302E-17
  0.2590110000000E+14   0.6943686075021E-17
  0.2655150000000E+14   0.7026231438584E-17
  0.2721830000000E+14   0.7180810795904E-17
  0.2790180000000E+14   0.7330126656250E-17
  0.2860240000000E+14   0.7402878997870E-17
  0.2932070000000E+14   0.7394537517886E-17
  0.3005700000000E+14   0.7355468766404E-17
  0.3081180000000E+14   0.7166783823625E-17
  0.3158550000000E+14   0.6984337071552E-17
  0.3237870000000E+14   0.6254096573128E-17
  0.3319170000000E+14   0.5405598986222E-17
  0.3402530000000E+14   0.4625149544902E-17
  0.3487970000000E+14   0.3907617615916E-17
  0.3575560000000E+14   0.3239387575605E-17
  0.3665350000000E+14   0.2640165154962E-17
  0.3757390000000E+14   0.2063287562444E-17
  0.3851740000000E+14   0.1713569787215E-17
  0.3948470000000E+14   0.1430450770534E-17
  0.4047620000000E+14   0.1249898898275E-17
  0.4149260000000E+14   0.1186870017293E-17
  0.4253460000000E+14   0.1133974806699E-17
  0.4360270000000E+14   0.1118684281568E-17
  0.4469770000000E+14   0.1105722662369E-17
  0.4582010000000E+14   0.1095290517842E-17
  0.4697070000000E+14   0.1086791210539E-17
  0.4815020000000E+14   0.1078838505176E-17
  0.4935940000000E+14   0.1071284610200E-17
  0.5059890000000E+14   0.1065133616712E-17
  0.5186950000000E+14   0.1060804464227E-17
  0.5317200000000E+14   0.1057289315948E-17
  0.5450730000000E+14   0.1055966135667E-17
  0.6258450000000E+14   0.1064063410956E-17
  0.7185870000000E+14   0.1082015381933E-17
  0.8250720000000E+14   0.1087819339730E-17
  0.9473370000000E+14   0.1075770790654E-17
  0.1087720000000E+15   0.1050760539710E-17
  0.1248910000000E+15   0.1022685319636E-17
  0.1433980000000E+15   0.1001431964629E-17
  0.1646470000000E+15   0.9974455043375E-18
  0.1890460000000E+15   0.1021041048482E-17
  0.2170600000000E+15   0.1075509260454E-17
  0.2492250000000E+15   0.1163131746355E-17
  0.2861570000000E+15   0.1281921432287E-17
  0.3285620000000E+15   0.1424447681276E-17
  0.3772500000000E+15   0.1578130266461E-17
  0.4331540000000E+15   0.1723912336723E-17
  0.4973410000000E+15   0.1836938944624E-17
  0.5710410000000E+15   0.1890159451195E-17
  0.6556610000000E+15   0.1860331929207E-17
  0.7528220000000E+15   0.1734078865466E-17
  0.8643800000000E+15   0.1516381108977E-17
  0.9924690000000E+15   0.1231168486404E-17
  0.1139540000000E+16   0.9135062652683E-18
  0.1308400000000E+16   0.6138363398802E-18
  0.1502290000000E+16   0.3666096786983E-18
  0.1724910000000E+16   0.1909388473975E-18
  0.1980520000000E+16   0.8471442396627E-19
  0.2274010000000E+16   0.3135662249781E-19
  0.2610990000000E+16   0.9420193486180E-20
  0.2997900000000E+16   0.2226975763363E-20
