mstar = 1.0669 Msun, Rstar = 2.3313 Rsun, Tstar = 3953.7, mdisk = 0.0009855 Msun, Rc = 39.216 AU, Rin = 0.0537 AU, Rout = 60.171 AU, inclination = 45 degree, powerlaw = -1 
         130
  
  0.2997900000000E+11   0.1139427012867E-23
  0.3951060000000E+11   0.2584907392535E-23
  0.5207280000000E+11   0.5853886051969E-23
  0.6862910000000E+11   0.1322322478817E-22
  0.9044930000000E+11   0.2976412472276E-22
  0.1192070000000E+12   0.6667593688480E-22
  0.1571080000000E+12   0.1484141627045E-21
  0.2070600000000E+12   0.3275729803253E-21
  0.2728930000000E+12   0.7149325354291E-21
  0.3596580000000E+12   0.1642336125038E-20
  0.4740100000000E+12   0.4292484389779E-20
  0.6247180000000E+12   0.1096765100808E-19
  0.8233440000000E+12   0.2695958243258E-19
  0.1085120000000E+13   0.6251786480158E-19
  0.1430130000000E+13   0.1328153563051E-18
  0.1884830000000E+13   0.2489858977946E-18
  0.2484100000000E+13   0.3928378051818E-18
  0.3273910000000E+13   0.4973784168251E-18
  0.4314820000000E+13   0.5023559854352E-18
  0.5686700000000E+13   0.4370108778533E-18
  0.7494750000000E+13   0.3601653121339E-18
  0.7682960000000E+13   0.3531418616549E-18
  0.7875890000000E+13   0.3459461433173E-18
  0.8073670000000E+13   0.3385295414684E-18
  0.8276410000000E+13   0.3309222734826E-18
  0.8484250000000E+13   0.3232114599785E-18
  0.8697300000000E+13   0.3159331161376E-18
  0.8915700000000E+13   0.3084278802062E-18
  0.9139590000000E+13   0.3014976722810E-18
  0.9369100000000E+13   0.2944805308779E-18
  0.9604380000000E+13   0.2876805497793E-18
  0.9845560000000E+13   0.2810708137680E-18
  0.1009280000000E+14   0.2742844852915E-18
  0.1034620000000E+14   0.2676055072846E-18
  0.1060610000000E+14   0.2607178286481E-18
  0.1087240000000E+14   0.2543333296273E-18
  0.1114540000000E+14   0.2478605624322E-18
  0.1142530000000E+14   0.2415894921806E-18
  0.1171220000000E+14   0.2354558855684E-18
  0.1200630000000E+14   0.2292392604706E-18
  0.1230780000000E+14   0.2231466618192E-18
  0.1261690000000E+14   0.2169538337548E-18
  0.1293370000000E+14   0.2113920240804E-18
  0.1325850000000E+14   0.2058020182652E-18
  0.1359150000000E+14   0.2004392182987E-18
  0.1393280000000E+14   0.1952122691692E-18
  0.1428260000000E+14   0.1901277986634E-18
  0.1464130000000E+14   0.1855814997856E-18
  0.1500900000000E+14   0.1809546890902E-18
  0.1538590000000E+14   0.1754435072454E-18
  0.1577220000000E+14   0.1699950041194E-18
  0.1616830000000E+14   0.1621306133857E-18
  0.1657430000000E+14   0.1532774639748E-18
  0.1699050000000E+14   0.1441877881616E-18
  0.1741720000000E+14   0.1335872439705E-18
  0.1785460000000E+14   0.1239222536722E-18
  0.1830290000000E+14   0.1140657576122E-18
  0.1876260000000E+14   0.1049784538441E-18
  0.1923370000000E+14   0.9703802847370E-19
  0.1971670000000E+14   0.8997291580920E-19
  0.2021180000000E+14   0.8395628758437E-19
  0.2071940000000E+14   0.7939201253687E-19
  0.2123970000000E+14   0.7528093478533E-19
  0.2177310000000E+14   0.7534199477320E-19
  0.2231980000000E+14   0.7535438370210E-19
  0.2288030000000E+14   0.7661064180608E-19
  0.2345490000000E+14   0.7821706235164E-19
  0.2404390000000E+14   0.8000392106261E-19
  0.2464770000000E+14   0.8217942997026E-19
  0.2526660000000E+14   0.8406581757791E-19
  0.2590110000000E+14   0.8614651494793E-19
  0.2655150000000E+14   0.8798451488923E-19
  0.2721830000000E+14   0.9044454934776E-19
  0.2790180000000E+14   0.9291412011232E-19
  0.2860240000000E+14   0.9485193119201E-19
  0.2932070000000E+14   0.9621933381506E-19
  0.3005700000000E+14   0.9737799905619E-19
  0.3081180000000E+14   0.9737814435006E-19
  0.3158550000000E+14   0.9741631360848E-19
  0.3237870000000E+14   0.9286859127594E-19
  0.3319170000000E+14   0.8684472012231E-19
  0.3402530000000E+14   0.8073235914961E-19
  0.3487970000000E+14   0.7436433505469E-19
  0.3575560000000E+14   0.6738645089441E-19
  0.3665350000000E+14   0.6040643128445E-19
  0.3757390000000E+14   0.5302015710181E-19
  0.3851740000000E+14   0.4858561177102E-19
  0.3948470000000E+14   0.4496778821690E-19
  0.4047620000000E+14   0.4260514188103E-19
  0.4149260000000E+14   0.4191960570882E-19
  0.4253460000000E+14   0.4136591877458E-19
  0.4360270000000E+14   0.4136933403793E-19
  0.4469770000000E+14   0.4140350478133E-19
  0.4582010000000E+14   0.4147684673220E-19
  0.4697070000000E+14   0.4158589874264E-19
  0.4815020000000E+14   0.4171146792117E-19
  0.4935940000000E+14   0.4185800098484E-19
  0.5059890000000E+14   0.4204395010950E-19
  0.5186950000000E+14   0.4228200096172E-19
  0.5317200000000E+14   0.4256165361062E-19
  0.5450730000000E+14   0.4290785265676E-19
  0.6258450000000E+14   0.4581849788856E-19
  0.7185870000000E+14   0.5040551895271E-19
  0.8250720000000E+14   0.5650365984262E-19
  0.9473370000000E+14   0.6388819039473E-19
  0.1087720000000E+15   0.7215105382844E-19
  0.1248910000000E+15   0.8074989087384E-19
  0.1433980000000E+15   0.8903016224991E-19
  0.1646470000000E+15   0.9625075534966E-19
  0.1890460000000E+15   0.1015871146762E-18
  0.2170600000000E+15   0.1040573252932E-18
  0.2492250000000E+15   0.1027003235264E-18
  0.2861570000000E+15   0.9675865959016E-19
  0.3285620000000E+15   0.8606844081508E-19
  0.3772500000000E+15   0.7140302505983E-19
  0.4331540000000E+15   0.5450966741885E-19
  0.4973410000000E+15   0.3773757193294E-19
  0.5710410000000E+15   0.2331490732706E-19
  0.6556610000000E+15   0.1262694588883E-19
  0.7528220000000E+15   0.5875295052994E-20
  0.8643800000000E+15   0.2295820914250E-20
  0.9924690000000E+15   0.7340490355030E-21
  0.1139540000000E+16   0.1864039991852E-21
  0.1308400000000E+16   0.3633449958410E-22
  0.1502290000000E+16   0.5226849938509E-23
  0.1724910000000E+16   0.5305239939086E-24
  0.1980520000000E+16   0.3607939958316E-25
  0.2274010000000E+16   0.1549259982143E-26
  0.2610990000000E+16   0.3923969954857E-28
  0.2997900000000E+16   0.5421399937718E-30
