mstar = 0.3482 Msun, Rstar = 2.5726 Rsun, Tstar = 6242.6, mdisk = 0.0018612 Msun, Rc = 12.305 AU, Rin = 0.0965 AU, Rout = 90.245 AU, inclination = 45 degree, powerlaw = -1 
         130
  
  0.2997900000000E+11   0.5851150260520E-23
  0.3951060000000E+11   0.1316427659055E-22
  0.5207280000000E+11   0.2950294249214E-22
  0.6862910000000E+11   0.6581168307877E-22
  0.9044930000000E+11   0.1459900874058E-21
  0.1192070000000E+12   0.3217192110999E-21
  0.1571080000000E+12   0.7034250177279E-21
  0.2070600000000E+12   0.1523533756288E-20
  0.2728930000000E+12   0.3262096253658E-20
  0.3596580000000E+12   0.7255584213838E-20
  0.4740100000000E+12   0.1758451129858E-19
  0.6247180000000E+12   0.4069732762410E-19
  0.8233440000000E+12   0.8828126577176E-19
  0.1085120000000E+13   0.1763616356433E-18
  0.1430130000000E+13   0.3210459220817E-18
  0.1884830000000E+13   0.5370421614944E-18
  0.2484100000000E+13   0.8428602279654E-18
  0.3273910000000E+13   0.1253809573914E-17
  0.4314820000000E+13   0.1763278215247E-17
  0.5686700000000E+13   0.2330934247080E-17
  0.7494750000000E+13   0.2873473954660E-17
  0.7682960000000E+13   0.2917014877485E-17
  0.7875890000000E+13   0.2958814963693E-17
  0.8073670000000E+13   0.2998554371903E-17
  0.8276410000000E+13   0.3036179530767E-17
  0.8484250000000E+13   0.3071891762117E-17
  0.8697300000000E+13   0.3107904967164E-17
  0.8915700000000E+13   0.3141354349888E-17
  0.9139590000000E+13   0.3175861434750E-17
  0.9369100000000E+13   0.3208370902272E-17
  0.9604380000000E+13   0.3240333994139E-17
  0.9845560000000E+13   0.3271659260129E-17
  0.1009280000000E+14   0.3300279258394E-17
  0.1034620000000E+14   0.3327630994022E-17
  0.1060610000000E+14   0.3351734849889E-17
  0.1087240000000E+14   0.3376905005891E-17
  0.1114540000000E+14   0.3399397082513E-17
  0.1142530000000E+14   0.3421104539173E-17
  0.1171220000000E+14   0.3441513480859E-17
  0.1200630000000E+14   0.3458834941645E-17
  0.1230780000000E+14   0.3474499712368E-17
  0.1261690000000E+14   0.3486456556632E-17
  0.1293370000000E+14   0.3501076372568E-17
  0.1325850000000E+14   0.3512571915130E-17
  0.1359150000000E+14   0.3523254920708E-17
  0.1393280000000E+14   0.3532188717515E-17
  0.1428260000000E+14   0.3539341051724E-17
  0.1464130000000E+14   0.3549279805386E-17
  0.1500900000000E+14   0.3554862796865E-17
  0.1538590000000E+14   0.3545230082019E-17
  0.1577220000000E+14   0.3531220574651E-17
  0.1616830000000E+14   0.3477121912325E-17
  0.1657430000000E+14   0.3398380273836E-17
  0.1699050000000E+14   0.3303619111289E-17
  0.1741720000000E+14   0.3169478560997E-17
  0.1785460000000E+14   0.3034698233967E-17
  0.1830290000000E+14   0.2879846122189E-17
  0.1876260000000E+14   0.2723811801905E-17
  0.1923370000000E+14   0.2575664652491E-17
  0.1971670000000E+14   0.2432303085630E-17
  0.2021180000000E+14   0.2300385618030E-17
  0.2071940000000E+14   0.2192918853016E-17
  0.2123970000000E+14   0.2088803032423E-17
  0.2177310000000E+14   0.2086621316771E-17
  0.2231980000000E+14   0.2081144657431E-17
  0.2288030000000E+14   0.2106180090636E-17
  0.2345490000000E+14   0.2138417379619E-17
  0.2404390000000E+14   0.2173242706274E-17
  0.2464770000000E+14   0.2216554531707E-17
  0.2526660000000E+14   0.2251744714413E-17
  0.2590110000000E+14   0.2291159251067E-17
  0.2655150000000E+14   0.2322099647954E-17
  0.2721830000000E+14   0.2368096917707E-17
  0.2790180000000E+14   0.2412816368163E-17
  0.2860240000000E+14   0.2440919513236E-17
  0.2932070000000E+14   0.2450986713526E-17
  0.3005700000000E+14   0.2453452493832E-17
  0.3081180000000E+14   0.2421709047790E-17
  0.3158550000000E+14   0.2389321026948E-17
  0.3237870000000E+14   0.2226826422170E-17
  0.3319170000000E+14   0.2023528759944E-17
  0.3402530000000E+14   0.1822192231978E-17
  0.3487970000000E+14   0.1622060917334E-17
  0.3575560000000E+14   0.1419710763588E-17
  0.3665350000000E+14   0.1222000114428E-17
  0.3757390000000E+14   0.1014283144737E-17
  0.3851740000000E+14   0.8737517497843E-18
  0.3948470000000E+14   0.7501858761486E-18
  0.4047620000000E+14   0.6626024922813E-18
  0.4149260000000E+14   0.6220481620929E-18
  0.4253460000000E+14   0.5852580710671E-18
  0.4360270000000E+14   0.5642168232724E-18
  0.4469770000000E+14   0.5441291247371E-18
  0.4582010000000E+14   0.5251920694627E-18
  0.4697070000000E+14   0.5072595189083E-18
  0.4815020000000E+14   0.4898651945825E-18
  0.4935940000000E+14   0.4730641150181E-18
  0.5059890000000E+14   0.4573558434544E-18
  0.5186950000000E+14   0.4429674743236E-18
  0.5317200000000E+14   0.4295652139908E-18
  0.5450730000000E+14   0.4176921917348E-18
  0.6258450000000E+14   0.3709720094924E-18
  0.7185870000000E+14   0.3509270997091E-18
  0.8250720000000E+14   0.3482288111193E-18
  0.9473370000000E+14   0.3571896632357E-18
  0.1087720000000E+15   0.3732265291171E-18
  0.1248910000000E+15   0.3923071641550E-18
  0.1433980000000E+15   0.4109922323736E-18
  0.1646470000000E+15   0.4274982858760E-18
  0.1890460000000E+15   0.4426042325507E-18
  0.2170600000000E+15   0.4572805097188E-18
  0.2492250000000E+15   0.4730570214159E-18
  0.2861570000000E+15   0.4883477097921E-18
  0.3285620000000E+15   0.4981330596871E-18
  0.3772500000000E+15   0.4954922088334E-18
  0.4331540000000E+15   0.4738074929353E-18
  0.4973410000000E+15   0.4297035602374E-18
  0.5710410000000E+15   0.3647846570899E-18
  0.6556610000000E+15   0.2860337365253E-18
  0.7528220000000E+15   0.2042068390740E-18
  0.8643800000000E+15   0.1307497349909E-18
  0.9924690000000E+15   0.7383812157336E-19
  0.1139540000000E+16   0.3602107080613E-19
  0.1308400000000E+16   0.1488984248055E-19
  0.1502290000000E+16   0.5080513024263E-20
  0.1724910000000E+16   0.1390207826208E-20
  0.1980520000000E+16   0.2948703702990E-21
  0.2274010000000E+16   0.4675304856131E-22
  0.2610990000000E+16   0.5306159559833E-23
  0.2997900000000E+16   0.4102397750222E-24
