mstar = 0.2219 Msun, Rstar = 1.098 Rsun, Tstar = 4316.1, mdisk = 0.0039525 Msun, Rc = 17.751 AU, Rin = 0.0594 AU, Rout = 78.697 AU, inclination = 45 degree, powerlaw = -1 
         130
  
  0.2997900000000E+11   0.4477042486083E-23
  0.3951060000000E+11   0.1004797306217E-22
  0.5207280000000E+11   0.2244957885785E-22
  0.6862910000000E+11   0.4988025554221E-22
  0.9044930000000E+11   0.1100648842758E-21
  0.1192070000000E+12   0.2407682445790E-21
  0.1571080000000E+12   0.5209324206740E-21
  0.2070600000000E+12   0.1111440355989E-20
  0.2728930000000E+12   0.2329145960970E-20
  0.3596580000000E+12   0.5031557971775E-20
  0.4740100000000E+12   0.1172782895296E-19
  0.6247180000000E+12   0.2559152342176E-19
  0.8233440000000E+12   0.5087938569241E-19
  0.1085120000000E+13   0.8988859034060E-19
  0.1430130000000E+13   0.1390856242169E-18
  0.1884830000000E+13   0.1907105381321E-18
  0.2484100000000E+13   0.2388362914234E-18
  0.3273910000000E+13   0.2784144313309E-18
  0.4314820000000E+13   0.3041250337084E-18
  0.5686700000000E+13   0.3101309574563E-18
  0.7494750000000E+13   0.2898220347283E-18
  0.7682960000000E+13   0.2865737870129E-18
  0.7875890000000E+13   0.2830076309325E-18
  0.8073670000000E+13   0.2790955284382E-18
  0.8276410000000E+13   0.2748631517467E-18
  0.8484250000000E+13   0.2703781965518E-18
  0.8697300000000E+13   0.2660320754977E-18
  0.8915700000000E+13   0.2613599683284E-18
  0.9139590000000E+13   0.2569491469931E-18
  0.9369100000000E+13   0.2523259483060E-18
  0.9604380000000E+13   0.2477191346901E-18
  0.9845560000000E+13   0.2431166009785E-18
  0.1009280000000E+14   0.2382495567540E-18
  0.1034620000000E+14   0.2333320159979E-18
  0.1060610000000E+14   0.2281296971459E-18
  0.1087240000000E+14   0.2231847788488E-18
  0.1114540000000E+14   0.2180538698776E-18
  0.1142530000000E+14   0.2129636594944E-18
  0.1171220000000E+14   0.2078640219781E-18
  0.1200630000000E+14   0.2025885262663E-18
  0.1230780000000E+14   0.1972985812812E-18
  0.1261690000000E+14   0.1918244733206E-18
  0.1293370000000E+14   0.1867395443446E-18
  0.1325850000000E+14   0.1815352359465E-18
  0.1359150000000E+14   0.1764160931567E-18
  0.1393280000000E+14   0.1713151722958E-18
  0.1428260000000E+14   0.1662410930270E-18
  0.1464130000000E+14   0.1615048020324E-18
  0.1500900000000E+14   0.1566236323946E-18
  0.1538590000000E+14   0.1509799175473E-18
  0.1577220000000E+14   0.1453213672487E-18
  0.1616830000000E+14   0.1377359553039E-18
  0.1657430000000E+14   0.1293431882705E-18
  0.1699050000000E+14   0.1207328061509E-18
  0.1741720000000E+14   0.1109234332867E-18
  0.1785460000000E+14   0.1018412750520E-18
  0.1830290000000E+14   0.9263993776675E-19
  0.1876260000000E+14   0.8412427232678E-19
  0.1923370000000E+14   0.7657402595236E-19
  0.1971670000000E+14   0.6978014980998E-19
  0.2021180000000E+14   0.6388272823635E-19
  0.2071940000000E+14   0.5918160287050E-19
  0.2123970000000E+14   0.5490710877856E-19
  0.2177310000000E+14   0.5381111655736E-19
  0.2231980000000E+14   0.5264752798942E-19
  0.2288030000000E+14   0.5230875882014E-19
  0.2345490000000E+14   0.5211529462586E-19
  0.2404390000000E+14   0.5193894543756E-19
  0.2464770000000E+14   0.5191230843999E-19
  0.2526660000000E+14   0.5165009925959E-19
  0.2590110000000E+14   0.5143800032102E-19
  0.2655150000000E+14   0.5101363207950E-19
  0.2721830000000E+14   0.5085994866910E-19
  0.2790180000000E+14   0.5063783923954E-19
  0.2860240000000E+14   0.5008873657014E-19
  0.2932070000000E+14   0.4922874348165E-19
  0.3005700000000E+14   0.4826614680040E-19
  0.3081180000000E+14   0.4679867766265E-19
  0.3158550000000E+14   0.4539873774907E-19
  0.3237870000000E+14   0.4218222459330E-19
  0.3319170000000E+14   0.3860259592215E-19
  0.3402530000000E+14   0.3527855404542E-19
  0.3487970000000E+14   0.3216934709417E-19
  0.3575560000000E+14   0.2921800334130E-19
  0.3665350000000E+14   0.2648818237974E-19
  0.3757390000000E+14   0.2372574376682E-19
  0.3851740000000E+14   0.2187565352389E-19
  0.3948470000000E+14   0.2026441431345E-19
  0.4047620000000E+14   0.1916115460878E-19
  0.4149260000000E+14   0.1877624177995E-19
  0.4253460000000E+14   0.1846576868566E-19
  0.4360270000000E+14   0.1841595534450E-19
  0.4469770000000E+14   0.1839312934229E-19
  0.4582010000000E+14   0.1839877867719E-19
  0.4697070000000E+14   0.1842889370824E-19
  0.4815020000000E+14   0.1847446591447E-19
  0.4935940000000E+14   0.1853445791010E-19
  0.5059890000000E+14   0.1861541436485E-19
  0.5186950000000E+14   0.1871932654790E-19
  0.5317200000000E+14   0.1883971539617E-19
  0.5450730000000E+14   0.1898393592727E-19
  0.6258450000000E+14   0.2004134715522E-19
  0.7185870000000E+14   0.2131978196065E-19
  0.8250720000000E+14   0.2255238494512E-19
  0.9473370000000E+14   0.2361154697030E-19
  0.1087720000000E+15   0.2449221396365E-19
  0.1248910000000E+15   0.2530224218023E-19
  0.1433980000000E+15   0.2618279038467E-19
  0.1646470000000E+15   0.2722514071146E-19
  0.1890460000000E+15   0.2837087669428E-19
  0.2170600000000E+15   0.2932928015848E-19
  0.2492250000000E+15   0.2966647691901E-19
  0.2861570000000E+15   0.2892748749034E-19
  0.3285620000000E+15   0.2681997284522E-19
  0.3772500000000E+15   0.2334491271285E-19
  0.4331540000000E+15   0.1883732461819E-19
  0.4973410000000E+15   0.1390337569867E-19
  0.5710410000000E+15   0.9248358722687E-20
  0.6556610000000E+15   0.5453354594769E-20
  0.7528220000000E+15   0.2797039840314E-20
  0.8643800000000E+15   0.1222695555175E-20
  0.9924690000000E+15   0.4451422462434E-21
  0.1139540000000E+16   0.1310272303994E-21
  0.1308400000000E+16   0.3035172844444E-22
  0.1502290000000E+16   0.5327139618455E-23
  0.1724910000000E+16   0.6794757032099E-24
  0.1980520000000E+16   0.5994559940255E-25
  0.2274010000000E+16   0.3472003687010E-26
  0.2610990000000E+16   0.1239875333363E-27
  0.2997900000000E+16   0.2541268826071E-29
