mstar = 0.2767 Msun, Rstar = 2.3112 Rsun, Tstar = 2596.6, mdisk = 0.0056437 Msun, Rc = 20.321 AU, Rin = 0.0486 AU, Rout = 184.488 AU, inclination = 45 degree, powerlaw = -1 
         130
  
  0.2997900000000E+11   0.4882754864866E-23
  0.3951060000000E+11   0.1093299557953E-22
  0.5207280000000E+11   0.2436471036266E-22
  0.6862910000000E+11   0.5397477474639E-22
  0.9044930000000E+11   0.1186607490116E-21
  0.1192070000000E+12   0.2583194477036E-21
  0.1571080000000E+12   0.5552505696852E-21
  0.2070600000000E+12   0.1173950717034E-20
  0.2728930000000E+12   0.2429187949200E-20
  0.3596580000000E+12   0.5155802573026E-20
  0.4740100000000E+12   0.1171924396351E-19
  0.6247180000000E+12   0.2469096481237E-19
  0.8233440000000E+12   0.4680204080178E-19
  0.1085120000000E+13   0.7765539190920E-19
  0.1430130000000E+13   0.1114025960816E-18
  0.1884830000000E+13   0.1410373113328E-18
  0.2484100000000E+13   0.1633954854667E-18
  0.3273910000000E+13   0.1764536545090E-18
  0.4314820000000E+13   0.1788539357471E-18
  0.5686700000000E+13   0.1691462714630E-18
  0.7494750000000E+13   0.1457461715096E-18
  0.7682960000000E+13   0.1430037070510E-18
  0.7875890000000E+13   0.1401222952678E-18
  0.8073670000000E+13   0.1370912420083E-18
  0.8276410000000E+13   0.1339307357128E-18
  0.8484250000000E+13   0.1306825149770E-18
  0.8697300000000E+13   0.1275594390476E-18
  0.8915700000000E+13   0.1243138979549E-18
  0.9139590000000E+13   0.1212559812577E-18
  0.9369100000000E+13   0.1181373058463E-18
  0.9604380000000E+13   0.1150773035848E-18
  0.9845560000000E+13   0.1120695215238E-18
  0.1009280000000E+14   0.1089816915251E-18
  0.1034620000000E+14   0.1059232578360E-18
  0.1060610000000E+14   0.1027830139348E-18
  0.1087240000000E+14   0.9982281061459E-19
  0.1114540000000E+14   0.9683191617657E-19
  0.1142530000000E+14   0.9391772692707E-19
  0.1171220000000E+14   0.9105791564499E-19
  0.1200630000000E+14   0.8817876795628E-19
  0.1230780000000E+14   0.8535508497908E-19
  0.1261690000000E+14   0.8251259845898E-19
  0.1293370000000E+14   0.7990012110445E-19
  0.1325850000000E+14   0.7729638595862E-19
  0.1359150000000E+14   0.7478852836099E-19
  0.1393280000000E+14   0.7234741507244E-19
  0.1428260000000E+14   0.6997558502778E-19
  0.1464130000000E+14   0.6779537511711E-19
  0.1500900000000E+14   0.6561081315917E-19
  0.1538590000000E+14   0.6318441489969E-19
  0.1577220000000E+14   0.6081307109620E-19
  0.1616830000000E+14   0.5777433844222E-19
  0.1657430000000E+14   0.5451187632788E-19
  0.1699050000000E+14   0.5125019401329E-19
  0.1741720000000E+14   0.4763054422976E-19
  0.1785460000000E+14   0.4435559887008E-19
  0.1830290000000E+14   0.4110969656178E-19
  0.1876260000000E+14   0.3817199971410E-19
  0.1923370000000E+14   0.3562252665137E-19
  0.1971670000000E+14   0.3337305822040E-19
  0.2021180000000E+14   0.3146348738643E-19
  0.2071940000000E+14   0.2999258413340E-19
  0.2123970000000E+14   0.2868324075884E-19
  0.2177310000000E+14   0.2849727714718E-19
  0.2231980000000E+14   0.2829363100752E-19
  0.2288030000000E+14   0.2838397630299E-19
  0.2345490000000E+14   0.2852558958091E-19
  0.2404390000000E+14   0.2867495966997E-19
  0.2464770000000E+14   0.2887438252767E-19
  0.2526660000000E+14   0.2899348816654E-19
  0.2590110000000E+14   0.2913260823517E-19
  0.2655150000000E+14   0.2920035341003E-19
  0.2721830000000E+14   0.2935870518715E-19
  0.2790180000000E+14   0.2949212840357E-19
  0.2860240000000E+14   0.2951232791051E-19
  0.2932070000000E+14   0.2942450850948E-19
  0.3005700000000E+14   0.2930076418819E-19
  0.3081180000000E+14   0.2900731862324E-19
  0.3158550000000E+14   0.2873217596202E-19
  0.3237870000000E+14   0.2782787628084E-19
  0.3319170000000E+14   0.2674827191375E-19
  0.3402530000000E+14   0.2569131922838E-19
  0.3487970000000E+14   0.2464039122059E-19
  0.3575560000000E+14   0.2356522694150E-19
  0.3665350000000E+14   0.2247370460201E-19
  0.3757390000000E+14   0.2124618124590E-19
  0.3851740000000E+14   0.2038279446213E-19
  0.3948470000000E+14   0.1957913914052E-19
  0.4047620000000E+14   0.1905404921646E-19
  0.4149260000000E+14   0.1893608243902E-19
  0.4253460000000E+14   0.1885778158255E-19
  0.4360270000000E+14   0.1893492028351E-19
  0.4469770000000E+14   0.1903072653099E-19
  0.4582010000000E+14   0.1914718216627E-19
  0.4697070000000E+14   0.1928318265168E-19
  0.4815020000000E+14   0.1943434908390E-19
  0.4935940000000E+14   0.1960129082882E-19
  0.5059890000000E+14   0.1978832794580E-19
  0.5186950000000E+14   0.1999679812264E-19
  0.5317200000000E+14   0.2022414051513E-19
  0.5450730000000E+14   0.2047432042242E-19
  0.6258450000000E+14   0.2218289649873E-19
  0.7185870000000E+14   0.2426015501949E-19
  0.8250720000000E+14   0.2643044770071E-19
  0.9473370000000E+14   0.2842174031908E-19
  0.1087720000000E+15   0.2996769978886E-19
  0.1248910000000E+15   0.3083296761069E-19
  0.1433980000000E+15   0.3080877225989E-19
  0.1646470000000E+15   0.2972772162886E-19
  0.1890460000000E+15   0.2749118896013E-19
  0.2170600000000E+15   0.2411069437429E-19
  0.2492250000000E+15   0.1980159292579E-19
  0.2861570000000E+15   0.1500588870053E-19
  0.3285620000000E+15   0.1032603205104E-19
  0.3772500000000E+15   0.6342679767764E-20
  0.4331540000000E+15   0.3413701615927E-20
  0.4973410000000E+15   0.1577296619314E-20
  0.5710410000000E+15   0.6114035615057E-21
  0.6556610000000E+15   0.1936921442691E-21
  0.7528220000000E+15   0.4866652433093E-22
  0.8643800000000E+15   0.9371013918673E-23
  0.9924690000000E+15   0.1329421919270E-23
  0.1139540000000E+16   0.1327857081730E-24
  0.1308400000000E+16   0.8867080903549E-26
  0.1502290000000E+16   0.3728355566047E-27
  0.1724910000000E+16   0.9218170436397E-29
  0.1980520000000E+16   0.1238620353108E-30
  0.2274010000000E+16   0.8263868152080E-33
  0.2610990000000E+16   0.2467970274555E-35
  0.2997900000000E+16   0.2928958901887E-38
