mstar = 0.2447 Msun, Rstar = 1.5806 Rsun, Tstar = 5417.2, mdisk = 0.00139 Msun, Rc = 17.288 AU, Rin = 0.1551 AU, Rout = 108.82 AU, inclination = 45 degree, powerlaw = -1 
         130
  
  0.2997900000000E+11   0.2639911681697E-23
  0.3951060000000E+11   0.5988271950621E-23
  0.5207280000000E+11   0.1355033786788E-22
  0.6862910000000E+11   0.3056412719049E-22
  0.9044930000000E+11   0.6865788428384E-22
  0.1192070000000E+12   0.1534258102300E-21
  0.1571080000000E+12   0.3405966837581E-21
  0.2070600000000E+12   0.7498299403533E-21
  0.2728930000000E+12   0.1633430334727E-20
  0.3596580000000E+12   0.3728390496743E-20
  0.4740100000000E+12   0.9506597929248E-20
  0.6247180000000E+12   0.2342887274547E-19
  0.8233440000000E+12   0.5475859845102E-19
  0.1085120000000E+13   0.1187573280489E-18
  0.1430130000000E+13   0.2325926091166E-18
  0.1884830000000E+13   0.4015218844932E-18
  0.2484100000000E+13   0.6055876535020E-18
  0.3273910000000E+13   0.8143525622926E-18
  0.4314820000000E+13   0.1009543969740E-17
  0.5686700000000E+13   0.1165484151226E-17
  0.7494750000000E+13   0.1239948962126E-17
  0.7682960000000E+13   0.1241168460730E-17
  0.7875890000000E+13   0.1241083656105E-17
  0.8073670000000E+13   0.1239552382803E-17
  0.8276410000000E+13   0.1236611130750E-17
  0.8484250000000E+13   0.1232448567664E-17
  0.8697300000000E+13   0.1228437478960E-17
  0.8915700000000E+13   0.1222895562156E-17
  0.9139590000000E+13   0.1217963080650E-17
  0.9369100000000E+13   0.1211885218396E-17
  0.9604380000000E+13   0.1205509746342E-17
  0.9845560000000E+13   0.1198793288103E-17
  0.1009280000000E+14   0.1190652422228E-17
  0.1034620000000E+14   0.1181902178066E-17
  0.1060610000000E+14   0.1171550245218E-17
  0.1087240000000E+14   0.1161829353109E-17
  0.1114540000000E+14   0.1150865487296E-17
  0.1142530000000E+14   0.1139611143470E-17
  0.1171220000000E+14   0.1127834959409E-17
  0.1200630000000E+14   0.1114747110140E-17
  0.1230780000000E+14   0.1101046663953E-17
  0.1261690000000E+14   0.1085881951202E-17
  0.1293370000000E+14   0.1072010850647E-17
  0.1325850000000E+14   0.1056959183982E-17
  0.1359150000000E+14   0.1041717389409E-17
  0.1393280000000E+14   0.1025930674568E-17
  0.1428260000000E+14   0.1009617206212E-17
  0.1464130000000E+14   0.9944714388800E-18
  0.1500900000000E+14   0.9778541859797E-18
  0.1538590000000E+14   0.9561076694589E-18
  0.1577220000000E+14   0.9333118236864E-18
  0.1616830000000E+14   0.8978631849160E-18
  0.1657430000000E+14   0.8558131047521E-18
  0.1699050000000E+14   0.8104772126828E-18
  0.1741720000000E+14   0.7552918126984E-18
  0.1785460000000E+14   0.7024619762269E-18
  0.1830290000000E+14   0.6464877889140E-18
  0.1876260000000E+14   0.5928924201504E-18
  0.1923370000000E+14   0.5439531615463E-18
  0.1971670000000E+14   0.4985747892335E-18
  0.2021180000000E+14   0.4581545547896E-18
  0.2071940000000E+14   0.4254098806175E-18
  0.2123970000000E+14   0.3948930431209E-18
  0.2177310000000E+14   0.3884778788880E-18
  0.2231980000000E+14   0.3813622564951E-18
  0.2288030000000E+14   0.3807615537581E-18
  0.2345490000000E+14   0.3813453875007E-18
  0.2404390000000E+14   0.3820961251169E-18
  0.2464770000000E+14   0.3841282248416E-18
  0.2526660000000E+14   0.3841800416198E-18
  0.2590110000000E+14   0.3846716163180E-18
  0.2655150000000E+14   0.3832916354785E-18
  0.2721830000000E+14   0.3842743906984E-18
  0.2790180000000E+14   0.3846666909797E-18
  0.2860240000000E+14   0.3820087729347E-18
  0.2932070000000E+14   0.3763495634154E-18
  0.3005700000000E+14   0.3695714892733E-18
  0.3081180000000E+14   0.3578445987881E-18
  0.3158550000000E+14   0.3464823049438E-18
  0.3237870000000E+14   0.3175177029732E-18
  0.3319170000000E+14   0.2847801846781E-18
  0.3402530000000E+14   0.2543079698821E-18
  0.3487970000000E+14   0.2259255261790E-18
  0.3575560000000E+14   0.1991137832557E-18
  0.3665350000000E+14   0.1746075350766E-18
  0.3757390000000E+14   0.1505166424842E-18
  0.3851740000000E+14   0.1351889425556E-18
  0.3948470000000E+14   0.1224797733167E-18
  0.4047620000000E+14   0.1141752974506E-18
  0.4149260000000E+14   0.1113043091808E-18
  0.4253460000000E+14   0.1089880560689E-18
  0.4360270000000E+14   0.1084974481893E-18
  0.4469770000000E+14   0.1081676769706E-18
  0.4582010000000E+14   0.1079988593362E-18
  0.4697070000000E+14   0.1079561297208E-18
  0.4815020000000E+14   0.1079689077387E-18
  0.4935940000000E+14   0.1080237665127E-18
  0.5059890000000E+14   0.1081584036845E-18
  0.5186950000000E+14   0.1083814170452E-18
  0.5317200000000E+14   0.1086434870874E-18
  0.5450730000000E+14   0.1089942896396E-18
  0.6258450000000E+14   0.1112436317494E-18
  0.7185870000000E+14   0.1126794638770E-18
  0.8250720000000E+14   0.1119152064141E-18
  0.9473370000000E+14   0.1088364736806E-18
  0.1087720000000E+15   0.1043324933187E-18
  0.1248910000000E+15   0.9998324383757E-19
  0.1433980000000E+15   0.9742930952234E-19
  0.1646470000000E+15   0.9790130321916E-19
  0.1890460000000E+15   0.1017151295055E-18
  0.2170600000000E+15   0.1078749880417E-18
  0.2492250000000E+15   0.1145353526958E-18
  0.2861570000000E+15   0.1193953238701E-18
  0.3285620000000E+15   0.1203015950907E-18
  0.3772500000000E+15   0.1157211160164E-18
  0.4331540000000E+15   0.1050845348179E-18
  0.4973410000000E+15   0.8906582199190E-19
  0.5710410000000E+15   0.6958877655472E-19
  0.6556610000000E+15   0.4941978855804E-19
  0.7528220000000E+15   0.3136277492569E-19
  0.8643800000000E+15   0.1753332666714E-19
  0.9924690000000E+15   0.8502738269026E-20
  0.1139540000000E+16   0.3460239834268E-20
  0.1308400000000E+16   0.1176179137569E-20
  0.1502290000000E+16   0.3215416234938E-21
  0.1724910000000E+16   0.6823103737722E-22
  0.1980520000000E+16   0.1071607232867E-22
  0.2274010000000E+16   0.1205362579122E-23
  0.2610990000000E+16   0.9221939018224E-25
  0.2997900000000E+16   0.4532887655328E-26
