mstar = 0.2751 Msun, Rstar = 2.3142 Rsun, Tstar = 3021.8, mdisk = 0.0050057 Msun, Rc = 54.771 AU, Rin = 0.1686 AU, Rout = 79.627 AU, inclination = 45 degree, powerlaw = -1 
         130
  
  0.2997900000000E+11   0.4412733400793E-23
  0.3951060000000E+11   0.1000199268011E-22
  0.5207280000000E+11   0.2260512199367E-22
  0.6862910000000E+11   0.5089289315682E-22
  0.9044930000000E+11   0.1139992990002E-21
  0.1192070000000E+12   0.2536551083038E-21
  0.1571080000000E+12   0.5594564902670E-21
  0.2070600000000E+12   0.1219680667883E-20
  0.2728930000000E+12   0.2618397420419E-20
  0.3596580000000E+12   0.5875387701015E-20
  0.4740100000000E+12   0.1479603198985E-19
  0.6247180000000E+12   0.3581230472445E-19
  0.8233440000000E+12   0.8141035799701E-19
  0.1085120000000E+13   0.1688824505624E-18
  0.1430130000000E+13   0.3072169918507E-18
  0.1884830000000E+13   0.4688115143940E-18
  0.2484100000000E+13   0.5800542899350E-18
  0.3273910000000E+13   0.5916289060135E-18
  0.4314820000000E+13   0.5446382971192E-18
  0.5686700000000E+13   0.4781835824810E-18
  0.7494750000000E+13   0.3843021485468E-18
  0.7682960000000E+13   0.3745308157299E-18
  0.7875890000000E+13   0.3644710655845E-18
  0.8073670000000E+13   0.3541031913018E-18
  0.8276410000000E+13   0.3434914679788E-18
  0.8484250000000E+13   0.3327560046519E-18
  0.8697300000000E+13   0.3224673308327E-18
  0.8915700000000E+13   0.3119678623399E-18
  0.9139590000000E+13   0.3020776043086E-18
  0.9369100000000E+13   0.2921430631216E-18
  0.9604380000000E+13   0.2824777315073E-18
  0.9845560000000E+13   0.2730624200000E-18
  0.1009280000000E+14   0.2635568061971E-18
  0.1034620000000E+14   0.2542415383369E-18
  0.1060610000000E+14   0.2448321825714E-18
  0.1087240000000E+14   0.2359912590552E-18
  0.1114540000000E+14   0.2271801107532E-18
  0.1142530000000E+14   0.2186656313938E-18
  0.1171220000000E+14   0.2103859721578E-18
  0.1200630000000E+14   0.2021535504427E-18
  0.1230780000000E+14   0.1941483375194E-18
  0.1261690000000E+14   0.1861837797453E-18
  0.1293370000000E+14   0.1788662600545E-18
  0.1325850000000E+14   0.1716436444101E-18
  0.1359150000000E+14   0.1647228771207E-18
  0.1393280000000E+14   0.1580273370477E-18
  0.1428260000000E+14   0.1515577515149E-18
  0.1464130000000E+14   0.1456059816310E-18
  0.1500900000000E+14   0.1396891325139E-18
  0.1538590000000E+14   0.1332238911089E-18
  0.1577220000000E+14   0.1269291315128E-18
  0.1616830000000E+14   0.1190464853303E-18
  0.1657430000000E+14   0.1106575447474E-18
  0.1699050000000E+14   0.1023126450838E-18
  0.1741720000000E+14   0.9315948681681E-19
  0.1785460000000E+14   0.8490416055995E-19
  0.1830290000000E+14   0.7680289086097E-19
  0.1876260000000E+14   0.6952623617483E-19
  0.1923370000000E+14   0.6327227590856E-19
  0.1971670000000E+14   0.5783662389493E-19
  0.2021180000000E+14   0.5329851137225E-19
  0.2071940000000E+14   0.4984221152028E-19
  0.2123970000000E+14   0.4684559495734E-19
  0.2177310000000E+14   0.4627400929168E-19
  0.2231980000000E+14   0.4568674929021E-19
  0.2288030000000E+14   0.4570493024803E-19
  0.2345490000000E+14   0.4582811842212E-19
  0.2404390000000E+14   0.4596561478764E-19
  0.2464770000000E+14   0.4620044630792E-19
  0.2526660000000E+14   0.4627948485289E-19
  0.2590110000000E+14   0.4639144528987E-19
  0.2655150000000E+14   0.4637418574300E-19
  0.2721830000000E+14   0.4652233373986E-19
  0.2790180000000E+14   0.4662770644451E-19
  0.2860240000000E+14   0.4654567185402E-19
  0.2932070000000E+14   0.4630381182131E-19
  0.3005700000000E+14   0.4602903139002E-19
  0.3081180000000E+14   0.4552813649842E-19
  0.3158550000000E+14   0.4510385782388E-19
  0.3237870000000E+14   0.4390364828565E-19
  0.3319170000000E+14   0.4267239885167E-19
  0.3402530000000E+14   0.4167496450399E-19
  0.3487970000000E+14   0.4086684584178E-19
  0.3575560000000E+14   0.4018489624712E-19
  0.3665350000000E+14   0.3960428781404E-19
  0.3757390000000E+14   0.3894524879370E-19
  0.3851740000000E+14   0.3855589402075E-19
  0.3948470000000E+14   0.3810285080145E-19
  0.4047620000000E+14   0.3777516346225E-19
  0.4149260000000E+14   0.3788664652851E-19
  0.4253460000000E+14   0.3799372153363E-19
  0.4360270000000E+14   0.3828457296211E-19
  0.4469770000000E+14   0.3855611276409E-19
  0.4582010000000E+14   0.3880957407197E-19
  0.4697070000000E+14   0.3904202886973E-19
  0.4815020000000E+14   0.3924423925486E-19
  0.4935940000000E+14   0.3941582181875E-19
  0.5059890000000E+14   0.3956504525084E-19
  0.5186950000000E+14   0.3969610176206E-19
  0.5317200000000E+14   0.3980420315489E-19
  0.5450730000000E+14   0.3990019906748E-19
  0.6258450000000E+14   0.4013292054489E-19
  0.7185870000000E+14   0.3999996772342E-19
  0.8250720000000E+14   0.3979895179979E-19
  0.9473370000000E+14   0.3995978945805E-19
  0.1087720000000E+15   0.4078019038361E-19
  0.1248910000000E+15   0.4222925032538E-19
  0.1433980000000E+15   0.4386265672739E-19
  0.1646470000000E+15   0.4493789842497E-19
  0.1890460000000E+15   0.4464475531740E-19
  0.2170600000000E+15   0.4237061680155E-19
  0.2492250000000E+15   0.3791796933397E-19
  0.2861570000000E+15   0.3160027469509E-19
  0.3285620000000E+15   0.2420395683977E-19
  0.3772500000000E+15   0.1679202897636E-19
  0.4331540000000E+15   0.1037745733510E-19
  0.4973410000000E+15   0.5607605273004E-20
  0.5710410000000E+15   0.2594154381198E-20
  0.6556610000000E+15   0.1001535935110E-20
  0.7528220000000E+15   0.3112675730423E-21
  0.8643800000000E+15   0.7688772370602E-22
  0.9924690000000E+15   0.1493589673306E-22
  0.1139540000000E+16   0.2054730931777E-23
  0.1308400000000E+16   0.2158706488572E-24
  0.1502290000000E+16   0.1559215962737E-25
  0.1724910000000E+16   0.7186549615230E-27
  0.1980520000000E+16   0.1863631575708E-28
  0.2274010000000E+16   0.2675968735558E-30
  0.2610990000000E+16   0.1924582096873E-32
  0.2997900000000E+16   0.6259371956030E-35
