mstar = 0.4471 Msun, Rstar = 1.611 Rsun, Tstar = 4452.8, mdisk = 0.0038978 Msun, Rc = 39.108 AU, Rin = 0.0513 AU, Rout = 129.491 AU, inclination = 45 degree, powerlaw = -1 
         130
  
  0.2997900000000E+11   0.4235529962942E-23
  0.3951060000000E+11   0.9590581796028E-23
  0.5207280000000E+11   0.2165393614927E-22
  0.6862910000000E+11   0.4871243476989E-22
  0.9044930000000E+11   0.1090711136146E-21
  0.1192070000000E+12   0.2427531532134E-21
  0.1571080000000E+12   0.5360831140961E-21
  0.2070600000000E+12   0.1171828342529E-20
  0.2728930000000E+12   0.2527238982380E-20
  0.3596580000000E+12   0.5703724120348E-20
  0.4740100000000E+12   0.1443810379101E-19
  0.6247180000000E+12   0.3522101492368E-19
  0.8233440000000E+12   0.8098149941720E-19
  0.1085120000000E+13   0.1707649349468E-18
  0.1430130000000E+13   0.3182381774884E-18
  0.1884830000000E+13   0.5037914655078E-18
  0.2484100000000E+13   0.6594249126095E-18
  0.3273910000000E+13   0.7280626074647E-18
  0.4314820000000E+13   0.7307956358450E-18
  0.5686700000000E+13   0.6934933106148E-18
  0.7494750000000E+13   0.6060597815845E-18
  0.7682960000000E+13   0.5955950016199E-18
  0.7875890000000E+13   0.5845370762715E-18
  0.8073670000000E+13   0.5728317975742E-18
  0.8276410000000E+13   0.5605525755523E-18
  0.8484250000000E+13   0.5478663893320E-18
  0.8697300000000E+13   0.5356734239068E-18
  0.8915700000000E+13   0.5229147513280E-18
  0.9139590000000E+13   0.5109183121485E-18
  0.9369100000000E+13   0.4986162292692E-18
  0.9604380000000E+13   0.4865230084842E-18
  0.9845560000000E+13   0.4746098361112E-18
  0.1009280000000E+14   0.4622873402688E-18
  0.1034620000000E+14   0.4500305181973E-18
  0.1060610000000E+14   0.4373350823495E-18
  0.1087240000000E+14   0.4253750445014E-18
  0.1114540000000E+14   0.4131944472313E-18
  0.1142530000000E+14   0.4012774521586E-18
  0.1171220000000E+14   0.3895186942957E-18
  0.1200630000000E+14   0.3775692491634E-18
  0.1230780000000E+14   0.3657700706717E-18
  0.1261690000000E+14   0.3537663116514E-18
  0.1293370000000E+14   0.3427453206441E-18
  0.1325850000000E+14   0.3316503714485E-18
  0.1359150000000E+14   0.3208987365725E-18
  0.1393280000000E+14   0.3103522413334E-18
  0.1428260000000E+14   0.3000247236502E-18
  0.1464130000000E+14   0.2905382145163E-18
  0.1500900000000E+14   0.2809100247892E-18
  0.1538590000000E+14   0.2698969203077E-18
  0.1577220000000E+14   0.2590038270085E-18
  0.1616830000000E+14   0.2444164409887E-18
  0.1657430000000E+14   0.2284035346427E-18
  0.1699050000000E+14   0.2121479840051E-18
  0.1741720000000E+14   0.1937496508344E-18
  0.1785460000000E+14   0.1769766888403E-18
  0.1830290000000E+14   0.1601789187341E-18
  0.1876260000000E+14   0.1448737737260E-18
  0.1923370000000E+14   0.1315373238826E-18
  0.1971670000000E+14   0.1197238171799E-18
  0.2021180000000E+14   0.1096497774758E-18
  0.2071940000000E+14   0.1018218119067E-18
  0.2123970000000E+14   0.9480621809342E-19
  0.2177310000000E+14   0.9355251965752E-19
  0.2231980000000E+14   0.9221083244671E-19
  0.2288030000000E+14   0.9243094570815E-19
  0.2345490000000E+14   0.9298797098417E-19
  0.2404390000000E+14   0.9364888469643E-19
  0.2464770000000E+14   0.9467862207602E-19
  0.2526660000000E+14   0.9532694772448E-19
  0.2590110000000E+14   0.9615577012363E-19
  0.2655150000000E+14   0.9661505069916E-19
  0.2721830000000E+14   0.9770373943147E-19
  0.2790180000000E+14   0.9870325924136E-19
  0.2860240000000E+14   0.9904777910102E-19
  0.2932070000000E+14   0.9873466936087E-19
  0.3005700000000E+14   0.9819488280900E-19
  0.3081180000000E+14   0.9649047375071E-19
  0.3158550000000E+14   0.9487622297158E-19
  0.3237870000000E+14   0.8888926285118E-19
  0.3319170000000E+14   0.8174529664377E-19
  0.3402530000000E+14   0.7481133186691E-19
  0.3487970000000E+14   0.6803638767667E-19
  0.3575560000000E+14   0.6130106195712E-19
  0.3665350000000E+14   0.5484591712787E-19
  0.3757390000000E+14   0.4807926846103E-19
  0.3851740000000E+14   0.4348218374647E-19
  0.3948470000000E+14   0.3931825100336E-19
  0.4047620000000E+14   0.3647796682444E-19
  0.4149260000000E+14   0.3536313809530E-19
  0.4253460000000E+14   0.3438275796087E-19
  0.4360270000000E+14   0.3400181259463E-19
  0.4469770000000E+14   0.3366718437325E-19
  0.4582010000000E+14   0.3338674392196E-19
  0.4697070000000E+14   0.3315524514265E-19
  0.4815020000000E+14   0.3295420671641E-19
  0.4935940000000E+14   0.3278760712870E-19
  0.5059890000000E+14   0.3267506841752E-19
  0.5186950000000E+14   0.3262474569674E-19
  0.5317200000000E+14   0.3262449794841E-19
  0.5450730000000E+14   0.3269639952624E-19
  0.6258450000000E+14   0.3409283513610E-19
  0.7185870000000E+14   0.3692814974077E-19
  0.8250720000000E+14   0.4076797783105E-19
  0.9473370000000E+14   0.4525651104922E-19
  0.1087720000000E+15   0.5005739044898E-19
  0.1248910000000E+15   0.5488814720232E-19
  0.1433980000000E+15   0.5951102971786E-19
  0.1646470000000E+15   0.6373381634318E-19
  0.1890460000000E+15   0.6735272208365E-19
  0.2170600000000E+15   0.6994672193822E-19
  0.2492250000000E+15   0.7091540845243E-19
  0.2861570000000E+15   0.6948768945166E-19
  0.3285620000000E+15   0.6502321610155E-19
  0.3772500000000E+15   0.5737415522095E-19
  0.4331540000000E+15   0.4711556388482E-19
  0.4973410000000E+15   0.3552155181763E-19
  0.5710410000000E+15   0.2422728233892E-19
  0.6556610000000E+15   0.1470833976070E-19
  0.7528220000000E+15   0.7804547405327E-20
  0.8643800000000E+15   0.3547214108325E-20
  0.9924690000000E+15   0.1349697033585E-20
  0.1139540000000E+16   0.4183229342791E-21
  0.1308400000000E+16   0.1026193716759E-21
  0.1502290000000E+16   0.1922740561370E-22
  0.1724910000000E+16   0.2643468889949E-23
  0.1980520000000E+16   0.2545207640173E-24
  0.2274010000000E+16   0.1629387532580E-25
  0.2610990000000E+16   0.6527624876932E-27
  0.2997900000000E+16   0.1526755467638E-28
