mstar = 0.6686 Msun, Rstar = 2.4139 Rsun, Tstar = 5183.7, mdisk = 0.0016082 Msun, Rc = 42.165 AU, Rin = 0.1307 AU, Rout = 53.196 AU, inclination = 45 degree, powerlaw = -1 
         130
  
  0.2997900000000E+11   0.2491275595431E-23
  0.3951060000000E+11   0.5663763639108E-23
  0.5207280000000E+11   0.1285723718878E-22
  0.6862910000000E+11   0.2912573131343E-22
  0.9044930000000E+11   0.6578877580755E-22
  0.1192070000000E+12   0.1480273732478E-21
  0.1571080000000E+12   0.3313602267503E-21
  0.2070600000000E+12   0.7367297825485E-21
  0.2728930000000E+12   0.1623401159743E-20
  0.3596580000000E+12   0.3775029311531E-20
  0.4740100000000E+12   0.1000913120023E-19
  0.6247180000000E+12   0.2605005098503E-19
  0.8233440000000E+12   0.6562103136603E-19
  0.1085120000000E+13   0.1573522873135E-18
  0.1430130000000E+13   0.3501835779712E-18
  0.1884830000000E+13   0.7004601285805E-18
  0.2484100000000E+13   0.1208792305854E-17
  0.3273910000000E+13   0.1723541145332E-17
  0.4314820000000E+13   0.2007714216771E-17
  0.5686700000000E+13   0.2015611525400E-17
  0.7494750000000E+13   0.1872291526915E-17
  0.7682960000000E+13   0.1853514758105E-17
  0.7875890000000E+13   0.1833135782408E-17
  0.8073670000000E+13   0.1810920641870E-17
  0.8276410000000E+13   0.1786980177002E-17
  0.8484250000000E+13   0.1761699725238E-17
  0.8697300000000E+13   0.1737601252720E-17
  0.8915700000000E+13   0.1711613462566E-17
  0.9139590000000E+13   0.1687580043459E-17
  0.9369100000000E+13   0.1662346149695E-17
  0.9604380000000E+13   0.1637409247316E-17
  0.9845560000000E+13   0.1612668988067E-17
  0.1009280000000E+14   0.1586269224567E-17
  0.1034620000000E+14   0.1559625142866E-17
  0.1060610000000E+14   0.1531085173030E-17
  0.1087240000000E+14   0.1504367984449E-17
  0.1114540000000E+14   0.1476370476500E-17
  0.1142530000000E+14   0.1448649699255E-17
  0.1171220000000E+14   0.1420830961883E-17
  0.1200630000000E+14   0.1391685344108E-17
  0.1230780000000E+14   0.1362335107700E-17
  0.1261690000000E+14   0.1331487689377E-17
  0.1293370000000E+14   0.1303349232255E-17
  0.1325850000000E+14   0.1274151706300E-17
  0.1359150000000E+14   0.1245393743598E-17
  0.1393280000000E+14   0.1216548553189E-17
  0.1428260000000E+14   0.1187650268574E-17
  0.1464130000000E+14   0.1161117682438E-17
  0.1500900000000E+14   0.1133168762426E-17
  0.1538590000000E+14   0.1098765318874E-17
  0.1577220000000E+14   0.1063739866218E-17
  0.1616830000000E+14   0.1012366335275E-17
  0.1657430000000E+14   0.9534375955520E-18
  0.1699050000000E+14   0.8916928929251E-18
  0.1741720000000E+14   0.8189212092051E-18
  0.1785460000000E+14   0.7511533945615E-18
  0.1830290000000E+14   0.6814206228344E-18
  0.1876260000000E+14   0.6165462638953E-18
  0.1923370000000E+14   0.5589448149304E-18
  0.1971670000000E+14   0.5069476176917E-18
  0.2021180000000E+14   0.4618329715582E-18
  0.2071940000000E+14   0.4261749497486E-18
  0.2123970000000E+14   0.3936262810304E-18
  0.2177310000000E+14   0.3873901244129E-18
  0.2231980000000E+14   0.3805312720952E-18
  0.2288030000000E+14   0.3807904966021E-18
  0.2345490000000E+14   0.3824950559931E-18
  0.2404390000000E+14   0.3845728271286E-18
  0.2464770000000E+14   0.3882517120075E-18
  0.2526660000000E+14   0.3899978791896E-18
  0.2590110000000E+14   0.3924565833100E-18
  0.2655150000000E+14   0.3930466026210E-18
  0.2721830000000E+14   0.3965734206885E-18
  0.2790180000000E+14   0.3996901882348E-18
  0.2860240000000E+14   0.3995213322205E-18
  0.2932070000000E+14   0.3959894130843E-18
  0.3005700000000E+14   0.3912221529043E-18
  0.3081180000000E+14   0.3805497631431E-18
  0.3158550000000E+14   0.3702527135127E-18
  0.3237870000000E+14   0.3385404761035E-18
  0.3319170000000E+14   0.3022559751585E-18
  0.3402530000000E+14   0.2686877325850E-18
  0.3487970000000E+14   0.2375935600672E-18
  0.3575560000000E+14   0.2083765419591E-18
  0.3665350000000E+14   0.1818210420362E-18
  0.3757390000000E+14   0.1558971655673E-18
  0.3851740000000E+14   0.1395974154107E-18
  0.3948470000000E+14   0.1260228355872E-18
  0.4047620000000E+14   0.1171488080619E-18
  0.4149260000000E+14   0.1140441036321E-18
  0.4253460000000E+14   0.1115461528761E-18
  0.4360270000000E+14   0.1110166965479E-18
  0.4469770000000E+14   0.1107096148131E-18
  0.4582010000000E+14   0.1106365744909E-18
  0.4697070000000E+14   0.1107698995374E-18
  0.4815020000000E+14   0.1110444808234E-18
  0.4935940000000E+14   0.1114551293281E-18
  0.5059890000000E+14   0.1120471344611E-18
  0.5186950000000E+14   0.1128346677568E-18
  0.5317200000000E+14   0.1137701477623E-18
  0.5450730000000E+14   0.1149066882597E-18
  0.6258450000000E+14   0.1235928400523E-18
  0.7185870000000E+14   0.1348028989539E-18
  0.8250720000000E+14   0.1466670274082E-18
  0.9473370000000E+14   0.1581962774115E-18
  0.1087720000000E+15   0.1690819103471E-18
  0.1248910000000E+15   0.1796523037816E-18
  0.1433980000000E+15   0.1905405613151E-18
  0.1646470000000E+15   0.2024696317061E-18
  0.1890460000000E+15   0.2157658224115E-18
  0.2170600000000E+15   0.2294051490553E-18
  0.2492250000000E+15   0.2411530073551E-18
  0.2861570000000E+15   0.2476405065725E-18
  0.3285620000000E+15   0.2453353037984E-18
  0.3772500000000E+15   0.2316971994273E-18
  0.4331540000000E+15   0.2061670371727E-18
  0.4973410000000E+15   0.1707743886228E-18
  0.5710410000000E+15   0.1299876680029E-18
  0.6556610000000E+15   0.8963338184289E-19
  0.7528220000000E+15   0.5510706101474E-19
  0.8643800000000E+15   0.2967495483284E-19
  0.9924690000000E+15   0.1371795500609E-19
  0.1139540000000E+16   0.5319765689833E-20
  0.1308400000000E+16   0.1686485885357E-20
  0.1502290000000E+16   0.4241014955906E-21
  0.1724910000000E+16   0.8174228318996E-22
  0.1980520000000E+16   0.1160723754722E-22
  0.2274010000000E+16   0.1160682395140E-23
  0.2610990000000E+16   0.7759507801258E-25
  0.2997900000000E+16   0.3267338612724E-26
