mstar = 0.3635 Msun, Rstar = 2.7399 Rsun, Tstar = 3252.1, mdisk = 0.0085334 Msun, Rc = 34.618 AU, Rin = 0.1486 AU, Rout = 134.511 AU, inclination = 45 degree, powerlaw = -1 
         130
  
  0.2997900000000E+11   0.8813638590080E-23
  0.3951060000000E+11   0.1987428524705E-22
  0.5207280000000E+11   0.4463852233242E-22
  0.6862910000000E+11   0.9976174223337E-22
  0.9044930000000E+11   0.2215602813445E-21
  0.1192070000000E+12   0.4881664255020E-21
  0.1571080000000E+12   0.1064747418625E-20
  0.2070600000000E+12   0.2292286645231E-20
  0.2728930000000E+12   0.4852336191582E-20
  0.3596580000000E+12   0.1064637481631E-19
  0.4740100000000E+12   0.2559336719847E-19
  0.6247180000000E+12   0.5815379200132E-19
  0.8233440000000E+12   0.1215145271837E-18
  0.1085120000000E+13   0.2264477715678E-18
  0.1430130000000E+13   0.3648919002434E-18
  0.1884830000000E+13   0.5025865216839E-18
  0.2484100000000E+13   0.6081097955315E-18
  0.3273910000000E+13   0.6772032999295E-18
  0.4314820000000E+13   0.7090501412067E-18
  0.5686700000000E+13   0.6933988853677E-18
  0.7494750000000E+13   0.6186953981975E-18
  0.7682960000000E+13   0.6089815768544E-18
  0.7875890000000E+13   0.5986120392787E-18
  0.8073670000000E+13   0.5875330421891E-18
  0.8276410000000E+13   0.5758148061091E-18
  0.8484250000000E+13   0.5636172855690E-18
  0.8697300000000E+13   0.5518077575389E-18
  0.8915700000000E+13   0.5393688750693E-18
  0.9139590000000E+13   0.5275815914577E-18
  0.9369100000000E+13   0.5154168685133E-18
  0.9604380000000E+13   0.5033721921889E-18
  0.9845560000000E+13   0.4914229058727E-18
  0.1009280000000E+14   0.4790038482942E-18
  0.1034620000000E+14   0.4665746814910E-18
  0.1060610000000E+14   0.4536490179802E-18
  0.1087240000000E+14   0.4413622014490E-18
  0.1114540000000E+14   0.4287952544122E-18
  0.1142530000000E+14   0.4164188039637E-18
  0.1171220000000E+14   0.4041322380765E-18
  0.1200630000000E+14   0.3916053315836E-18
  0.1230780000000E+14   0.3791676076453E-18
  0.1261690000000E+14   0.3664838360362E-18
  0.1293370000000E+14   0.3546898897616E-18
  0.1325850000000E+14   0.3427783287281E-18
  0.1359150000000E+14   0.3311539541669E-18
  0.1393280000000E+14   0.3196866750301E-18
  0.1428260000000E+14   0.3083896124466E-18
  0.1464130000000E+14   0.2978494801262E-18
  0.1500900000000E+14   0.2871486157769E-18
  0.1538590000000E+14   0.2751383890945E-18
  0.1577220000000E+14   0.2632364026508E-18
  0.1616830000000E+14   0.2479267850025E-18
  0.1657430000000E+14   0.2313267777109E-18
  0.1699050000000E+14   0.2145335377137E-18
  0.1741720000000E+14   0.1957805130822E-18
  0.1785460000000E+14   0.1785674083640E-18
  0.1830290000000E+14   0.1613673408042E-18
  0.1876260000000E+14   0.1456170868926E-18
  0.1923370000000E+14   0.1318010431276E-18
  0.1971670000000E+14   0.1195245924669E-18
  0.2021180000000E+14   0.1089989015515E-18
  0.2071940000000E+14   0.1007099614391E-18
  0.2123970000000E+14   0.9330845044835E-19
  0.2177310000000E+14   0.9135762310313E-19
  0.2231980000000E+14   0.8933713088231E-19
  0.2288030000000E+14   0.8870273370145E-19
  0.2345490000000E+14   0.8831073417981E-19
  0.2404390000000E+14   0.8794881538353E-19
  0.2464770000000E+14   0.8783030542680E-19
  0.2526660000000E+14   0.8734511878975E-19
  0.2590110000000E+14   0.8694312293667E-19
  0.2655150000000E+14   0.8623132660481E-19
  0.2721830000000E+14   0.8592862148070E-19
  0.2790180000000E+14   0.8553194321517E-19
  0.2860240000000E+14   0.8467279444525E-19
  0.2932070000000E+14   0.8340852656464E-19
  0.3005700000000E+14   0.8205588320211E-19
  0.3081180000000E+14   0.8009330582645E-19
  0.3158550000000E+14   0.7830915199355E-19
  0.3237870000000E+14   0.7432469375384E-19
  0.3319170000000E+14   0.7011984251883E-19
  0.3402530000000E+14   0.6647040616173E-19
  0.3487970000000E+14   0.6332006975264E-19
  0.3575560000000E+14   0.6056631011135E-19
  0.3665350000000E+14   0.5822015014137E-19
  0.3757390000000E+14   0.5595159127521E-19
  0.3851740000000E+14   0.5472807729346E-19
  0.3948470000000E+14   0.5373479067085E-19
  0.4047620000000E+14   0.5322781879628E-19
  0.4149260000000E+14   0.5354956609495E-19
  0.4253460000000E+14   0.5393092071005E-19
  0.4360270000000E+14   0.5464187729764E-19
  0.4469770000000E+14   0.5536619966488E-19
  0.4582010000000E+14   0.5610283813372E-19
  0.4697070000000E+14   0.5684484499432E-19
  0.4815020000000E+14   0.5757582773130E-19
  0.4935940000000E+14   0.5829227550734E-19
  0.5059890000000E+14   0.5900298143635E-19
  0.5186950000000E+14   0.5971019881586E-19
  0.5317200000000E+14   0.6040401462243E-19
  0.5450730000000E+14   0.6109643680657E-19
  0.6258450000000E+14   0.6466261648643E-19
  0.7185870000000E+14   0.6754234293526E-19
  0.8250720000000E+14   0.6965034373176E-19
  0.9473370000000E+14   0.7128985346844E-19
  0.1087720000000E+15   0.7292332974960E-19
  0.1248910000000E+15   0.7490420567371E-19
  0.1433980000000E+15   0.7714555556023E-19
  0.1646470000000E+15   0.7899795920349E-19
  0.1890460000000E+15   0.7935508405323E-19
  0.2170600000000E+15   0.7699770232228E-19
  0.2492250000000E+15   0.7111461272175E-19
  0.2861570000000E+15   0.6167535771314E-19
  0.3285620000000E+15   0.4957115885721E-19
  0.3772500000000E+15   0.3642369654266E-19
  0.4331540000000E+15   0.2410426553954E-19
  0.4973410000000E+15   0.1413024052699E-19
  0.5710410000000E+15   0.7201499686352E-20
  0.6556610000000E+15   0.3123938843617E-20
  0.7528220000000E+15   0.1125551752058E-20
  0.8643800000000E+15   0.3279128489591E-21
  0.9924690000000E+15   0.7491557235621E-22
  0.1139540000000E+16   0.1291284137552E-22
  0.1308400000000E+16   0.1618344259183E-23
  0.1502290000000E+16   0.1403093150155E-24
  0.1724910000000E+16   0.7963166629206E-26
  0.1980520000000E+16   0.2772162092849E-27
  0.2274010000000E+16   0.5520171724685E-29
  0.2610990000000E+16   0.5785634323832E-31
  0.2997900000000E+16   0.2902272116050E-33
