mstar = 0.301 Msun, Rstar = 2.5527 Rsun, Tstar = 5691.5, mdisk = 0.0034032 Msun, Rc = 12.173 AU, Rin = 0.3585 AU, Rout = 56.778 AU, inclination = 45 degree, powerlaw = -1 
         130
  
  0.2997900000000E+11   0.8897151377979E-23
  0.3951060000000E+11   0.1996295006281E-22
  0.5207280000000E+11   0.4455529730774E-22
  0.6862910000000E+11   0.9879416262502E-22
  0.9044930000000E+11   0.2173212513469E-21
  0.1192070000000E+12   0.4734963072463E-21
  0.1571080000000E+12   0.1019973032137E-20
  0.2070600000000E+12   0.2167665648724E-20
  0.2728930000000E+12   0.4533138746128E-20
  0.3596580000000E+12   0.9729151889129E-20
  0.4740100000000E+12   0.2210833413841E-19
  0.6247180000000E+12   0.4707628864828E-19
  0.8233440000000E+12   0.9259696521253E-19
  0.1085120000000E+13   0.1676275849675E-18
  0.1430130000000E+13   0.2823778444588E-18
  0.1884830000000E+13   0.4510253733165E-18
  0.2484100000000E+13   0.6878245687943E-18
  0.3273910000000E+13   0.9968615387020E-18
  0.4314820000000E+13   0.1368596360090E-17
  0.5686700000000E+13   0.1774259049144E-17
  0.7494750000000E+13   0.2156484610172E-17
  0.7682960000000E+13   0.2186958876539E-17
  0.7875890000000E+13   0.2216159160763E-17
  0.8073670000000E+13   0.2243855121166E-17
  0.8276410000000E+13   0.2270020386464E-17
  0.8484250000000E+13   0.2294820710571E-17
  0.8697300000000E+13   0.2319926027222E-17
  0.8915700000000E+13   0.2343185235847E-17
  0.9139590000000E+13   0.2367302132095E-17
  0.9369100000000E+13   0.2389989280933E-17
  0.9604380000000E+13   0.2412319248854E-17
  0.9845560000000E+13   0.2434212038780E-17
  0.1009280000000E+14   0.2454141722916E-17
  0.1034620000000E+14   0.2473156923130E-17
  0.1060610000000E+14   0.2489808450289E-17
  0.1087240000000E+14   0.2507208860639E-17
  0.1114540000000E+14   0.2522630748400E-17
  0.1142530000000E+14   0.2537414711775E-17
  0.1171220000000E+14   0.2551164716615E-17
  0.1200630000000E+14   0.2562591149378E-17
  0.1230780000000E+14   0.2572688395249E-17
  0.1261690000000E+14   0.2579995167201E-17
  0.1293370000000E+14   0.2588941369872E-17
  0.1325850000000E+14   0.2595441486924E-17
  0.1359150000000E+14   0.2601075235198E-17
  0.1393280000000E+14   0.2605156296421E-17
  0.1428260000000E+14   0.2607634150241E-17
  0.1464130000000E+14   0.2611570104520E-17
  0.1500900000000E+14   0.2612077737887E-17
  0.1538590000000E+14   0.2601900368464E-17
  0.1577220000000E+14   0.2588377333102E-17
  0.1616830000000E+14   0.2547909419975E-17
  0.1657430000000E+14   0.2491050193411E-17
  0.1699050000000E+14   0.2423644097930E-17
  0.1741720000000E+14   0.2330535988480E-17
  0.1785460000000E+14   0.2237135930437E-17
  0.1830290000000E+14   0.2130753814144E-17
  0.1876260000000E+14   0.2023625103823E-17
  0.1923370000000E+14   0.1921544148214E-17
  0.1971670000000E+14   0.1822427271716E-17
  0.2021180000000E+14   0.1730552450307E-17
  0.2071940000000E+14   0.1654404807941E-17
  0.2123970000000E+14   0.1580234741227E-17
  0.2177310000000E+14   0.1572393681024E-17
  0.2231980000000E+14   0.1561860618625E-17
  0.2288030000000E+14   0.1570265414443E-17
  0.2345490000000E+14   0.1582255533918E-17
  0.2404390000000E+14   0.1594802604043E-17
  0.2464770000000E+14   0.1611412044994E-17
  0.2526660000000E+14   0.1621857432751E-17
  0.2590110000000E+14   0.1633688177090E-17
  0.2655150000000E+14   0.1639354858848E-17
  0.2721830000000E+14   0.1652645598308E-17
  0.2790180000000E+14   0.1663869114805E-17
  0.2860240000000E+14   0.1664535502209E-17
  0.2932070000000E+14   0.1654356978844E-17
  0.3005700000000E+14   0.1639468319070E-17
  0.3081180000000E+14   0.1605953091522E-17
  0.3158550000000E+14   0.1572302091181E-17
  0.3237870000000E+14   0.1471647532209E-17
  0.3319170000000E+14   0.1352101537181E-17
  0.3402530000000E+14   0.1236020550591E-17
  0.3487970000000E+14   0.1123057414593E-17
  0.3575560000000E+14   0.1011334296906E-17
  0.3665350000000E+14   0.9039215437284E-18
  0.3757390000000E+14   0.7920579758236E-18
  0.3851740000000E+14   0.7160881358896E-18
  0.3948470000000E+14   0.6491584247469E-18
  0.4047620000000E+14   0.6021090069638E-18
  0.4149260000000E+14   0.5830332483458E-18
  0.4253460000000E+14   0.5665265534117E-18
  0.4360270000000E+14   0.5598798649911E-18
  0.4469770000000E+14   0.5539602723814E-18
  0.4582010000000E+14   0.5487964476359E-18
  0.4697070000000E+14   0.5442158761234E-18
  0.4815020000000E+14   0.5398374760760E-18
  0.4935940000000E+14   0.5356018617929E-18
  0.5059890000000E+14   0.5317377149759E-18
  0.5186950000000E+14   0.5283084096691E-18
  0.5317200000000E+14   0.5250420103408E-18
  0.5450730000000E+14   0.5222283260304E-18
  0.6258450000000E+14   0.5074839577447E-18
  0.7185870000000E+14   0.4874164918500E-18
  0.8250720000000E+14   0.4556037658286E-18
  0.9473370000000E+14   0.4133248845623E-18
  0.1087720000000E+15   0.3671554081062E-18
  0.1248910000000E+15   0.3261644137535E-18
  0.1433980000000E+15   0.2982286518138E-18
  0.1646470000000E+15   0.2878164690183E-18
  0.1890460000000E+15   0.2945708378307E-18
  0.2170600000000E+15   0.3132063637825E-18
  0.2492250000000E+15   0.3362146506058E-18
  0.2861570000000E+15   0.3555853545046E-18
  0.3285620000000E+15   0.3643401569856E-18
  0.3772500000000E+15   0.3573519448391E-18
  0.4331540000000E+15   0.3320431271952E-18
  0.4973410000000E+15   0.2892049227791E-18
  0.5710410000000E+15   0.2333838404689E-18
  0.6556610000000E+15   0.1722258499014E-18
  0.7528220000000E+15   0.1144956853006E-18
  0.8643800000000E+15   0.6749093356408E-19
  0.9924690000000E+15   0.3465372002101E-19
  0.1139540000000E+16   0.1514411074015E-19
  0.1308400000000E+16   0.5521841502266E-20
  0.1502290000000E+16   0.1631593194156E-20
  0.1724910000000E+16   0.3784728440997E-21
  0.1980520000000E+16   0.6636130878824E-22
  0.2274010000000E+16   0.8457244923423E-23
  0.2610990000000E+16   0.7469131937819E-24
  0.2997900000000E+16   0.4329663726617E-25
