mstar = 0.5774 Msun, Rstar = 2.1816 Rsun, Tstar = 3369, mdisk = 0.00789 Msun, Rc = 67.386 AU, Rin = 0.3816 AU, Rout = 129.516 AU, inclination = 45 degree, powerlaw = -1 
         130
  
  0.2997900000000E+11   0.6155612821935E-23
  0.3951060000000E+11   0.1394814446744E-22
  0.5207280000000E+11   0.3150725837305E-22
  0.6862910000000E+11   0.7087741946256E-22
  0.9044930000000E+11   0.1585688983528E-21
  0.1192070000000E+12   0.3521798572549E-21
  0.1571080000000E+12   0.7746720222262E-21
  0.2070600000000E+12   0.1682279958412E-20
  0.2728930000000E+12   0.3591256394753E-20
  0.3596580000000E+12   0.7997115065907E-20
  0.4740100000000E+12   0.1993552110379E-19
  0.6247180000000E+12   0.4753681207945E-19
  0.8233440000000E+12   0.1057302025545E-18
  0.1085120000000E+13   0.2125414569445E-18
  0.1430130000000E+13   0.3700241484622E-18
  0.1884830000000E+13   0.5330146875523E-18
  0.2484100000000E+13   0.6170372493048E-18
  0.3273910000000E+13   0.5933081449737E-18
  0.4314820000000E+13   0.5263314558670E-18
  0.5686700000000E+13   0.4501270464915E-18
  0.7494750000000E+13   0.3518219008243E-18
  0.7682960000000E+13   0.3419559079645E-18
  0.7875890000000E+13   0.3318568406781E-18
  0.8073670000000E+13   0.3215078021827E-18
  0.8276410000000E+13   0.3109757916038E-18
  0.8484250000000E+13   0.3003810509845E-18
  0.8697300000000E+13   0.2902843266180E-18
  0.8915700000000E+13   0.2800388894493E-18
  0.9139590000000E+13   0.2704446233889E-18
  0.9369100000000E+13   0.2608629499324E-18
  0.9604380000000E+13   0.2515971800740E-18
  0.9845560000000E+13   0.2426280387139E-18
  0.1009280000000E+14   0.2336274693091E-18
  0.1034620000000E+14   0.2248650775362E-18
  0.1060610000000E+14   0.2160691668734E-18
  0.1087240000000E+14   0.2078690435488E-18
  0.1114540000000E+14   0.1997528964356E-18
  0.1142530000000E+14   0.1919718140458E-18
  0.1171220000000E+14   0.1844657891366E-18
  0.1200630000000E+14   0.1770593531369E-18
  0.1230780000000E+14   0.1699204830093E-18
  0.1261690000000E+14   0.1628772823198E-18
  0.1293370000000E+14   0.1564812975215E-18
  0.1325850000000E+14   0.1502260317710E-18
  0.1359150000000E+14   0.1442984878859E-18
  0.1393280000000E+14   0.1386275266134E-18
  0.1428260000000E+14   0.1332106801928E-18
  0.1464130000000E+14   0.1283017666091E-18
  0.1500900000000E+14   0.1234743048035E-18
  0.1538590000000E+14   0.1182278570570E-18
  0.1577220000000E+14   0.1131917502754E-18
  0.1616830000000E+14   0.1068904424760E-18
  0.1657430000000E+14   0.1002831386965E-18
  0.1699050000000E+14   0.9384948804999E-19
  0.1741720000000E+14   0.8693095101858E-19
  0.1785460000000E+14   0.8090020379922E-19
  0.1830290000000E+14   0.7516763849415E-19
  0.1876260000000E+14   0.7022902161967E-19
  0.1923370000000E+14   0.6618377898317E-19
  0.1971670000000E+14   0.6283830355424E-19
  0.2021180000000E+14   0.6020239700371E-19
  0.2071940000000E+14   0.5835125821540E-19
  0.2123970000000E+14   0.5684081009996E-19
  0.2177310000000E+14   0.5687260352867E-19
  0.2231980000000E+14   0.5688508583761E-19
  0.2288030000000E+14   0.5726393724175E-19
  0.2345490000000E+14   0.5769547534927E-19
  0.2404390000000E+14   0.5812059892163E-19
  0.2464770000000E+14   0.5859122511813E-19
  0.2526660000000E+14   0.5894588533157E-19
  0.2590110000000E+14   0.5930237316864E-19
  0.2655150000000E+14   0.5955374416296E-19
  0.2721830000000E+14   0.5988756231074E-19
  0.2790180000000E+14   0.6016738976652E-19
  0.2860240000000E+14   0.6029302325812E-19
  0.2932070000000E+14   0.6027624051754E-19
  0.3005700000000E+14   0.6019593678195E-19
  0.3081180000000E+14   0.5991301443432E-19
  0.3158550000000E+14   0.5962801742710E-19
  0.3237870000000E+14   0.5871880864789E-19
  0.3319170000000E+14   0.5767667042847E-19
  0.3402530000000E+14   0.5668077785884E-19
  0.3487970000000E+14   0.5569843497864E-19
  0.3575560000000E+14   0.5468201892113E-19
  0.3665350000000E+14   0.5362334911407E-19
  0.3757390000000E+14   0.5239189875052E-19
  0.3851740000000E+14   0.5136419916156E-19
  0.3948470000000E+14   0.5024537385407E-19
  0.4047620000000E+14   0.4916953299495E-19
  0.4149260000000E+14   0.4845850765393E-19
  0.4253460000000E+14   0.4771338168458E-19
  0.4360270000000E+14   0.4714182493382E-19
  0.4469770000000E+14   0.4653768215227E-19
  0.4582010000000E+14   0.4590721193220E-19
  0.4697070000000E+14   0.4525267713356E-19
  0.4815020000000E+14   0.4457005032588E-19
  0.4935940000000E+14   0.4386477439865E-19
  0.5059890000000E+14   0.4315070099996E-19
  0.5186950000000E+14   0.4243683674725E-19
  0.5317200000000E+14   0.4172409991965E-19
  0.5450730000000E+14   0.4102702571491E-19
  0.6258450000000E+14   0.3757093380608E-19
  0.7185870000000E+14   0.3542609567596E-19
  0.8250720000000E+14   0.3516628819965E-19
  0.9473370000000E+14   0.3696115608856E-19
  0.1087720000000E+15   0.4046150220529E-19
  0.1248910000000E+15   0.4492813228570E-19
  0.1433980000000E+15   0.4944335801729E-19
  0.1646470000000E+15   0.5308526481668E-19
  0.1890460000000E+15   0.5501824960691E-19
  0.2170600000000E+15   0.5456743350682E-19
  0.2492250000000E+15   0.5133819043249E-19
  0.2861570000000E+15   0.4537011096386E-19
  0.3285620000000E+15   0.3724537391214E-19
  0.3772500000000E+15   0.2804491225839E-19
  0.4331540000000E+15   0.1909442872581E-19
  0.4973410000000E+15   0.1156818881549E-19
  0.5710410000000E+15   0.6124439659448E-20
  0.6556610000000E+15   0.2776037715296E-20
  0.7528220000000E+15   0.1052442121520E-20
  0.8643800000000E+15   0.3250270969435E-21
  0.9924690000000E+15   0.7933346094830E-22
  0.1139540000000E+16   0.1477077417012E-22
  0.1308400000000E+16   0.2017562902676E-23
  0.1502290000000E+16   0.1929708640451E-24
  0.1724910000000E+16   0.1225854988970E-25
  0.1980520000000E+16   0.4865284687907E-27
  0.2274010000000E+16   0.1125817825971E-28
  0.2610990000000E+16   0.1402080450048E-30
  0.2997900000000E+16   0.8573877213357E-33
