mstar = 1.3602 Msun, Rstar = 1.2394 Rsun, Tstar = 3674.7, mdisk = 0.00079883 Msun, Rc = 35.56 AU, Rin = 0.0753 AU, Rout = 61.13 AU, inclination = 45 degree, powerlaw = -1 
         130
  
  0.2997900000000E+11   0.6576156739780E-24
  0.3951060000000E+11   0.1491045397578E-23
  0.5207280000000E+11   0.3372037495961E-23
  0.6862910000000E+11   0.7599140725197E-23
  0.9044930000000E+11   0.1704395471569E-22
  0.1192070000000E+12   0.3798466358561E-22
  0.1571080000000E+12   0.8393601617544E-22
  0.2070600000000E+12   0.1833755783234E-21
  0.2728930000000E+12   0.3945480344000E-21
  0.3596580000000E+12   0.8891792197473E-21
  0.4740100000000E+12   0.2265295280301E-20
  0.6247180000000E+12   0.5578163194516E-20
  0.8233440000000E+12   0.1300925075033E-19
  0.1085120000000E+13   0.2801366565337E-19
  0.1430130000000E+13   0.5365300422605E-19
  0.1884830000000E+13   0.8734140435834E-19
  0.2484100000000E+13   0.1150343403583E-18
  0.3273910000000E+13   0.1188474400347E-18
  0.4314820000000E+13   0.1010549487376E-18
  0.5686700000000E+13   0.7985417975563E-19
  0.7494750000000E+13   0.6108525008781E-19
  0.7682960000000E+13   0.5942369452180E-19
  0.7875890000000E+13   0.5773787966908E-19
  0.8073670000000E+13   0.5602226156805E-19
  0.8276410000000E+13   0.5428498779492E-19
  0.8484250000000E+13   0.5254480564969E-19
  0.8697300000000E+13   0.5089924622581E-19
  0.8915700000000E+13   0.4923082617216E-19
  0.9139590000000E+13   0.4768111930140E-19
  0.9369100000000E+13   0.4613319597889E-19
  0.9604380000000E+13   0.4464099950101E-19
  0.9845560000000E+13   0.4320020156085E-19
  0.1009280000000E+14   0.4174971616473E-19
  0.1034620000000E+14   0.4033707522108E-19
  0.1060610000000E+14   0.3891103148942E-19
  0.1087240000000E+14   0.3758794200800E-19
  0.1114540000000E+14   0.3627155848455E-19
  0.1142530000000E+14   0.3500881030503E-19
  0.1171220000000E+14   0.3378831951546E-19
  0.1200630000000E+14   0.3257577004371E-19
  0.1230780000000E+14   0.3140282809422E-19
  0.1261690000000E+14   0.3023478863894E-19
  0.1293370000000E+14   0.2918185542877E-19
  0.1325850000000E+14   0.2814327445823E-19
  0.1359150000000E+14   0.2715639870258E-19
  0.1393280000000E+14   0.2620686436104E-19
  0.1428260000000E+14   0.2529414419522E-19
  0.1464130000000E+14   0.2447425187779E-19
  0.1500900000000E+14   0.2365491432822E-19
  0.1538590000000E+14   0.2271968758203E-19
  0.1577220000000E+14   0.2180553281688E-19
  0.1616830000000E+14   0.2055890641147E-19
  0.1657430000000E+14   0.1919008537507E-19
  0.1699050000000E+14   0.1780837616833E-19
  0.1741720000000E+14   0.1624760793450E-19
  0.1785460000000E+14   0.1484734555304E-19
  0.1830290000000E+14   0.1346335386514E-19
  0.1876260000000E+14   0.1222893320079E-19
  0.1923370000000E+14   0.1118099758594E-19
  0.1971670000000E+14   0.1027989929722E-19
  0.2021180000000E+14   0.9536242358072E-20
  0.2071940000000E+14   0.8978099188271E-20
  0.2123970000000E+14   0.8491954678587E-20
  0.2177310000000E+14   0.8423669759116E-20
  0.2231980000000E+14   0.8352596794811E-20
  0.2288030000000E+14   0.8397068257519E-20
  0.2345490000000E+14   0.8470736524793E-20
  0.2404390000000E+14   0.8557202786698E-20
  0.2464770000000E+14   0.8676059553641E-20
  0.2526660000000E+14   0.8770495179046E-20
  0.2590110000000E+14   0.8881571034532E-20
  0.2655150000000E+14   0.8967198280509E-20
  0.2721830000000E+14   0.9103299823611E-20
  0.2790180000000E+14   0.9236020305518E-20
  0.2860240000000E+14   0.9317752029936E-20
  0.2932070000000E+14   0.9347642651973E-20
  0.3005700000000E+14   0.9360611270921E-20
  0.3081180000000E+14   0.9285465876567E-20
  0.3158550000000E+14   0.9222840435495E-20
  0.3237870000000E+14   0.8858108965990E-20
  0.3319170000000E+14   0.8465439175694E-20
  0.3402530000000E+14   0.8149697929302E-20
  0.3487970000000E+14   0.7901974133454E-20
  0.3575560000000E+14   0.7712473991688E-20
  0.3665350000000E+14   0.7583629408379E-20
  0.3757390000000E+14   0.7492811115223E-20
  0.3851740000000E+14   0.7512601714076E-20
  0.3948470000000E+14   0.7567247909870E-20
  0.4047620000000E+14   0.7660491545989E-20
  0.4149260000000E+14   0.7803427270877E-20
  0.4253460000000E+14   0.7953994470235E-20
  0.4360270000000E+14   0.8125217326204E-20
  0.4469770000000E+14   0.8300962682370E-20
  0.4582010000000E+14   0.8481052543780E-20
  0.4697070000000E+14   0.8665093058411E-20
  0.4815020000000E+14   0.8852136031847E-20
  0.4935940000000E+14   0.9041932896248E-20
  0.5059890000000E+14   0.9234812106863E-20
  0.5186950000000E+14   0.9430693498921E-20
  0.5317200000000E+14   0.9629221748150E-20
  0.5450730000000E+14   0.9830841680343E-20
  0.6258450000000E+14   0.1099983056262E-19
  0.7185870000000E+14   0.1224480312705E-19
  0.8250720000000E+14   0.1357544604891E-19
  0.9473370000000E+14   0.1502056945574E-19
  0.1087720000000E+15   0.1660351844802E-19
  0.1248910000000E+15   0.1831070574214E-19
  0.1433980000000E+15   0.2004896591959E-19
  0.1646470000000E+15   0.2162706752580E-19
  0.1890460000000E+15   0.2276661131114E-19
  0.2170600000000E+15   0.2314969472557E-19
  0.2492250000000E+15   0.2250583536115E-19
  0.2861570000000E+15   0.2070323040351E-19
  0.3285620000000E+15   0.1782474076258E-19
  0.3772500000000E+15   0.1419276986510E-19
  0.4331540000000E+15   0.1031300640206E-19
  0.4973410000000E+15   0.6737450352015E-20
  0.5710410000000E+15   0.3891439978102E-20
  0.6556610000000E+15   0.1949949980327E-20
  0.7528220000000E+15   0.8296919914163E-21
  0.8643800000000E+15   0.2925439969707E-21
  0.9924690000000E+15   0.8312229913924E-22
  0.1139540000000E+16   0.1843249980912E-22
  0.1308400000000E+16   0.3075119968156E-23
  0.1502290000000E+16   0.3699809961687E-24
  0.1724910000000E+16   0.3058729968326E-25
  0.1980520000000E+16   0.1643569982980E-26
  0.2274010000000E+16   0.5384999944236E-28
  0.2610990000000E+16   0.9997969896467E-30
  0.2997900000000E+16   0.9670239899861E-32
