mstar = 0.6969 Msun, Rstar = 1.8827 Rsun, Tstar = 5184.1, mdisk = 0.0027829 Msun, Rc = 54.014 AU, Rin = 0.2621 AU, Rout = 110.774 AU, inclination = 45 degree, powerlaw = -1 
         130
  
  0.2997900000000E+11   0.3409702948743E-23
  0.3951060000000E+11   0.7751660773625E-23
  0.5207280000000E+11   0.1758940114222E-22
  0.6862910000000E+11   0.3980981875716E-22
  0.9044930000000E+11   0.8979004659970E-22
  0.1192070000000E+12   0.2015881544951E-21
  0.1571080000000E+12   0.4498312073391E-21
  0.2070600000000E+12   0.9956661618649E-21
  0.2728930000000E+12   0.2180215388869E-20
  0.3596580000000E+12   0.5027810920416E-20
  0.4740100000000E+12   0.1318682864368E-19
  0.6247180000000E+12   0.3377026924872E-19
  0.8233440000000E+12   0.8305361232903E-19
  0.1085120000000E+13   0.1922878878246E-18
  0.1430130000000E+13   0.4069731974751E-18
  0.1884830000000E+13   0.7590500017508E-18
  0.2484100000000E+13   0.1192894697799E-17
  0.3273910000000E+13   0.1518345420220E-17
  0.4314820000000E+13   0.1583066417214E-17
  0.5686700000000E+13   0.1468930356176E-17
  0.7494750000000E+13   0.1284014735620E-17
  0.7682960000000E+13   0.1263788544309E-17
  0.7875890000000E+13   0.1242462687349E-17
  0.8073670000000E+13   0.1219879388494E-17
  0.8276410000000E+13   0.1196153563706E-17
  0.8484250000000E+13   0.1171602755626E-17
  0.8697300000000E+13   0.1148121605635E-17
  0.8915700000000E+13   0.1123422843511E-17
  0.9139590000000E+13   0.1100344375580E-17
  0.9369100000000E+13   0.1076565362381E-17
  0.9604380000000E+13   0.1053178920040E-17
  0.9845560000000E+13   0.1030113264533E-17
  0.1009280000000E+14   0.1006060751057E-17
  0.1034620000000E+14   0.9820414800108E-18
  0.1060610000000E+14   0.9569183653892E-18
  0.1087240000000E+14   0.9332833579313E-18
  0.1114540000000E+14   0.9089983709640E-18
  0.1142530000000E+14   0.8851350236150E-18
  0.1171220000000E+14   0.8614457363010E-18
  0.1200630000000E+14   0.8371266729696E-18
  0.1230780000000E+14   0.8129396205186E-18
  0.1261690000000E+14   0.7880619891869E-18
  0.1293370000000E+14   0.7652155456471E-18
  0.1325850000000E+14   0.7419657618479E-18
  0.1359150000000E+14   0.7192778316963E-18
  0.1393280000000E+14   0.6968194490605E-18
  0.1428260000000E+14   0.6746168899117E-18
  0.1464130000000E+14   0.6541476049085E-18
  0.1500900000000E+14   0.6330921472582E-18
  0.1538590000000E+14   0.6084691506637E-18
  0.1577220000000E+14   0.5838467572568E-18
  0.1616830000000E+14   0.5500392546255E-18
  0.1657430000000E+14   0.5124556858007E-18
  0.1699050000000E+14   0.4739629938591E-18
  0.1741720000000E+14   0.4299952507341E-18
  0.1785460000000E+14   0.3897254540660E-18
  0.1830290000000E+14   0.3492537627767E-18
  0.1876260000000E+14   0.3123337770988E-18
  0.1923370000000E+14   0.2801647517299E-18
  0.1971670000000E+14   0.2517321408361E-18
  0.2021180000000E+14   0.2275859661690E-18
  0.2071940000000E+14   0.2089207797450E-18
  0.2123970000000E+14   0.1923462555662E-18
  0.2177310000000E+14   0.1892860637116E-18
  0.2231980000000E+14   0.1860126277224E-18
  0.2288030000000E+14   0.1862622469263E-18
  0.2345490000000E+14   0.1871864498261E-18
  0.2404390000000E+14   0.1882520399683E-18
  0.2464770000000E+14   0.1900242135017E-18
  0.2526660000000E+14   0.1908720359368E-18
  0.2590110000000E+14   0.1920247456523E-18
  0.2655150000000E+14   0.1923456932679E-18
  0.2721830000000E+14   0.1939201578429E-18
  0.2790180000000E+14   0.1952920900476E-18
  0.2860240000000E+14   0.1952852621674E-18
  0.2932070000000E+14   0.1939530350455E-18
  0.3005700000000E+14   0.1922251539352E-18
  0.3081180000000E+14   0.1883385568007E-18
  0.3158550000000E+14   0.1848195578396E-18
  0.3237870000000E+14   0.1736099073652E-18
  0.3319170000000E+14   0.1612887012944E-18
  0.3402530000000E+14   0.1504715634270E-18
  0.3487970000000E+14   0.1409056051725E-18
  0.3575560000000E+14   0.1321867990388E-18
  0.3665350000000E+14   0.1243617256907E-18
  0.3757390000000E+14   0.1162814266305E-18
  0.3851740000000E+14   0.1112030238307E-18
  0.3948470000000E+14   0.1063293819578E-18
  0.4047620000000E+14   0.1027849211367E-18
  0.4149260000000E+14   0.1021468008246E-18
  0.4253460000000E+14   0.1015687777046E-18
  0.4360270000000E+14   0.1021769005323E-18
  0.4469770000000E+14   0.1027474214533E-18
  0.4582010000000E+14   0.1032904705910E-18
  0.4697070000000E+14   0.1037866818735E-18
  0.4815020000000E+14   0.1041781611171E-18
  0.4935940000000E+14   0.1044586876906E-18
  0.5059890000000E+14   0.1046773141462E-18
  0.5186950000000E+14   0.1048592544964E-18
  0.5317200000000E+14   0.1049661497726E-18
  0.5450730000000E+14   0.1050702264017E-18
  0.6258450000000E+14   0.1047506490855E-18
  0.7185870000000E+14   0.1028621421810E-18
  0.8250720000000E+14   0.9952755639636E-19
  0.9473370000000E+14   0.9602572783247E-19
  0.1087720000000E+15   0.9415334890976E-19
  0.1248910000000E+15   0.9550184219384E-19
  0.1433980000000E+15   0.1008376536222E-18
  0.1646470000000E+15   0.1098944622042E-18
  0.1890460000000E+15   0.1213957299056E-18
  0.2170600000000E+15   0.1333032287053E-18
  0.2492250000000E+15   0.1432888717710E-18
  0.2861570000000E+15   0.1490463805597E-18
  0.3285620000000E+15   0.1486131173819E-18
  0.3772500000000E+15   0.1407525469359E-18
  0.4331540000000E+15   0.1253834849625E-18
  0.4973410000000E+15   0.1039001322280E-18
  0.5710410000000E+15   0.7909530318951E-19
  0.6556610000000E+15   0.5454244559744E-19
  0.7528220000000E+15   0.3353252583611E-19
  0.8643800000000E+15   0.1805705147224E-19
  0.9924690000000E+15   0.8347727519914E-20
  0.1139540000000E+16   0.3237121158485E-20
  0.1308400000000E+16   0.1026394611453E-20
  0.1502290000000E+16   0.2581640735205E-21
  0.1724910000000E+16   0.4977171806201E-22
  0.1980520000000E+16   0.7068647875088E-23
  0.2274010000000E+16   0.7069938047189E-24
  0.2610990000000E+16   0.4727626401440E-25
  0.2997900000000E+16   0.1991247499382E-26
