mstar = 0.1785 Msun, Rstar = 1.276 Rsun, Tstar = 3469, mdisk = 0.0085563 Msun, Rc = 20.365 AU, Rin = 0.0776 AU, Rout = 70.271 AU, inclination = 45 degree, powerlaw = -1 
         130
  
  0.2997900000000E+11   0.8212940300304E-23
  0.3951060000000E+11   0.1828324544429E-22
  0.5207280000000E+11   0.4046735673287E-22
  0.6862910000000E+11   0.8894032437767E-22
  0.9044930000000E+11   0.1937784399317E-21
  0.1192070000000E+12   0.4176097336597E-21
  0.1571080000000E+12   0.8876597626089E-21
  0.2070600000000E+12   0.1853905749673E-20
  0.2728930000000E+12   0.3785473672191E-20
  0.3596580000000E+12   0.7876544951442E-20
  0.4740100000000E+12   0.1724010927157E-19
  0.6247180000000E+12   0.3464438329732E-19
  0.8233440000000E+12   0.6208105762033E-19
  0.1085120000000E+13   0.9699538119337E-19
  0.1430130000000E+13   0.1314300702864E-18
  0.1884830000000E+13   0.1566035458883E-18
  0.2484100000000E+13   0.1660217215381E-18
  0.3273910000000E+13   0.1568734658098E-18
  0.4314820000000E+13   0.1325747206644E-18
  0.5686700000000E+13   0.1011762867687E-18
  0.7494750000000E+13   0.7129552095395E-19
  0.7682960000000E+13   0.6890319486895E-19
  0.7875890000000E+13   0.6656143420106E-19
  0.8073670000000E+13   0.6426924806730E-19
  0.8276410000000E+13   0.6203168078004E-19
  0.8484250000000E+13   0.5985714031073E-19
  0.8697300000000E+13   0.5778599974721E-19
  0.8915700000000E+13   0.5576886439258E-19
  0.9139590000000E+13   0.5386225947651E-19
  0.9369100000000E+13   0.5201776345433E-19
  0.9604380000000E+13   0.5025513943735E-19
  0.9845560000000E+13   0.4857072894732E-19
  0.1009280000000E+14   0.4693928107041E-19
  0.1034620000000E+14   0.4537786700509E-19
  0.1060610000000E+14   0.4386501717810E-19
  0.1087240000000E+14   0.4244276293040E-19
  0.1114540000000E+14   0.4107315494136E-19
  0.1142530000000E+14   0.3977118624588E-19
  0.1171220000000E+14   0.3853091457654E-19
  0.1200630000000E+14   0.3733855909102E-19
  0.1230780000000E+14   0.3620346419387E-19
  0.1261690000000E+14   0.3511229897269E-19
  0.1293370000000E+14   0.3410040141443E-19
  0.1325850000000E+14   0.3313206901330E-19
  0.1359150000000E+14   0.3221819652285E-19
  0.1393280000000E+14   0.3135270339038E-19
  0.1428260000000E+14   0.3053411494573E-19
  0.1464130000000E+14   0.2977811098918E-19
  0.1500900000000E+14   0.2905493807415E-19
  0.1538590000000E+14   0.2832884690101E-19
  0.1577220000000E+14   0.2764097887208E-19
  0.1616830000000E+14   0.2688456334046E-19
  0.1657430000000E+14   0.2612040861652E-19
  0.1699050000000E+14   0.2537778471443E-19
  0.1741720000000E+14   0.2459876570830E-19
  0.1785460000000E+14   0.2388429474261E-19
  0.1830290000000E+14   0.2318245949130E-19
  0.1876260000000E+14   0.2253386286024E-19
  0.1923370000000E+14   0.2195206893856E-19
  0.1971670000000E+14   0.2142323092635E-19
  0.2021180000000E+14   0.2095611909641E-19
  0.2071940000000E+14   0.2057337310543E-19
  0.2123970000000E+14   0.2022560645320E-19
  0.2177310000000E+14   0.2011963536672E-19
  0.2231980000000E+14   0.2002715355843E-19
  0.2288030000000E+14   0.2001649069999E-19
  0.2345490000000E+14   0.2003809609190E-19
  0.2404390000000E+14   0.2008267884174E-19
  0.2464770000000E+14   0.2016146351456E-19
  0.2526660000000E+14   0.2024290696048E-19
  0.2590110000000E+14   0.2035046383961E-19
  0.2655150000000E+14   0.2046079484395E-19
  0.2721830000000E+14   0.2061636478538E-19
  0.2790180000000E+14   0.2078666025060E-19
  0.2860240000000E+14   0.2094520319209E-19
  0.2932070000000E+14   0.2109030866882E-19
  0.3005700000000E+14   0.2123979544548E-19
  0.3081180000000E+14   0.2134840185752E-19
  0.3158550000000E+14   0.2147148397744E-19
  0.3237870000000E+14   0.2138282023089E-19
  0.3319170000000E+14   0.2121709320924E-19
  0.3402530000000E+14   0.2103938680928E-19
  0.3487970000000E+14   0.2084330986910E-19
  0.3575560000000E+14   0.2061156907132E-19
  0.3665350000000E+14   0.2034793665479E-19
  0.3757390000000E+14   0.1998581772406E-19
  0.3851740000000E+14   0.1975097933226E-19
  0.3948470000000E+14   0.1948771304576E-19
  0.4047620000000E+14   0.1929584217376E-19
  0.4149260000000E+14   0.1933413800220E-19
  0.4253460000000E+14   0.1937736017346E-19
  0.4360270000000E+14   0.1952821578622E-19
  0.4469770000000E+14   0.1967936224269E-19
  0.4582010000000E+14   0.1983097719650E-19
  0.4697070000000E+14   0.1998100916329E-19
  0.4815020000000E+14   0.2012355314518E-19
  0.4935940000000E+14   0.2025766891713E-19
  0.5059890000000E+14   0.2038729754745E-19
  0.5186950000000E+14   0.2051375437740E-19
  0.5317200000000E+14   0.2063337912107E-19
  0.5450730000000E+14   0.2075134050955E-19
  0.6258450000000E+14   0.2127647331569E-19
  0.7185870000000E+14   0.2149554520184E-19
  0.8250720000000E+14   0.2135761907781E-19
  0.9473370000000E+14   0.2098107960290E-19
  0.1087720000000E+15   0.2058117865603E-19
  0.1248910000000E+15   0.2037851335985E-19
  0.1433980000000E+15   0.2046972703195E-19
  0.1646470000000E+15   0.2075761124425E-19
  0.1890460000000E+15   0.2095293912899E-19
  0.2170600000000E+15   0.2066310427048E-19
  0.2492250000000E+15   0.1955843757347E-19
  0.2861570000000E+15   0.1749799252802E-19
  0.3285620000000E+15   0.1459655081660E-19
  0.3772500000000E+15   0.1120270285016E-19
  0.4331540000000E+15   0.7798391120569E-20
  0.4973410000000E+15   0.4846712398836E-20
  0.5710410000000E+15   0.2642093336909E-20
  0.6556610000000E+15   0.1238169180541E-20
  0.7528220000000E+15   0.4873026219602E-21
  0.8643800000000E+15   0.1571480218972E-21
  0.9924690000000E+15   0.4038175834947E-22
  0.1139540000000E+16   0.7955877429680E-23
  0.1308400000000E+16   0.1165741528898E-23
  0.1502290000000E+16   0.1210131931029E-24
  0.1724910000000E+16   0.8446132899382E-26
  0.1980520000000E+16   0.3721475382494E-27
  0.2274010000000E+16   0.9716339232015E-29
  0.2610990000000E+16   0.1389857485278E-30
  0.2997900000000E+16   0.9963858253527E-33
