mstar = 0.9233 Msun, Rstar = 1.0289 Rsun, Tstar = 4090.5, mdisk = 0.0019109 Msun, Rc = 35.173 AU, Rin = 0.1539 AU, Rout = 176.48 AU, inclination = 45 degree, powerlaw = -1 
         130
  
  0.2997900000000E+11   0.1499392411622E-23
  0.3951060000000E+11   0.3397894710177E-23
  0.5207280000000E+11   0.7676765017647E-23
  0.6862910000000E+11   0.1727330442169E-22
  0.9044930000000E+11   0.3865605507242E-22
  0.1192070000000E+12   0.8588944032436E-22
  0.1571080000000E+12   0.1890325331395E-21
  0.2070600000000E+12   0.4108143383876E-21
  0.2728930000000E+12   0.8778636985916E-21
  0.3596580000000E+12   0.1958195851529E-20
  0.4740100000000E+12   0.4899121116116E-20
  0.6247180000000E+12   0.1174618576468E-19
  0.8233440000000E+12   0.2633661237516E-19
  0.1085120000000E+13   0.5352940900104E-19
  0.1430130000000E+13   0.9451549733583E-19
  0.1884830000000E+13   0.1382051548033E-18
  0.2484100000000E+13   0.1614138666893E-18
  0.3273910000000E+13   0.1536896375306E-18
  0.4314820000000E+13   0.1327620271654E-18
  0.5686700000000E+13   0.1115221278101E-18
  0.7494750000000E+13   0.8699028186166E-19
  0.7682960000000E+13   0.8457282235009E-19
  0.7875890000000E+13   0.8209662686435E-19
  0.8073670000000E+13   0.7955590433783E-19
  0.8276410000000E+13   0.7696560770986E-19
  0.8484250000000E+13   0.7435608310340E-19
  0.8697300000000E+13   0.7187417953814E-19
  0.8915700000000E+13   0.6934819631707E-19
  0.9139590000000E+13   0.6698925769934E-19
  0.9369100000000E+13   0.6462709496813E-19
  0.9604380000000E+13   0.6234164668102E-19
  0.9845560000000E+13   0.6012710529388E-19
  0.1009280000000E+14   0.5789486139899E-19
  0.1034620000000E+14   0.5571647456355E-19
  0.1060610000000E+14   0.5351769689247E-19
  0.1087240000000E+14   0.5146929023888E-19
  0.1114540000000E+14   0.4943151605920E-19
  0.1142530000000E+14   0.4747261699300E-19
  0.1171220000000E+14   0.4557600139642E-19
  0.1200630000000E+14   0.4369355696231E-19
  0.1230780000000E+14   0.4187183813509E-19
  0.1261690000000E+14   0.4006268220780E-19
  0.1293370000000E+14   0.3842124293865E-19
  0.1325850000000E+14   0.3680596716059E-19
  0.1359150000000E+14   0.3526976610418E-19
  0.1393280000000E+14   0.3379275622306E-19
  0.1428260000000E+14   0.3237502800482E-19
  0.1464130000000E+14   0.3109038133823E-19
  0.1500900000000E+14   0.2981640700233E-19
  0.1538590000000E+14   0.2840845268960E-19
  0.1577220000000E+14   0.2704802511430E-19
  0.1616830000000E+14   0.2530534820072E-19
  0.1657430000000E+14   0.2345767136247E-19
  0.1699050000000E+14   0.2164487655641E-19
  0.1741720000000E+14   0.1967618443822E-19
  0.1785460000000E+14   0.1795449940895E-19
  0.1830290000000E+14   0.1630812774537E-19
  0.1876260000000E+14   0.1488398152480E-19
  0.1923370000000E+14   0.1371159187476E-19
  0.1971670000000E+14   0.1273409332212E-19
  0.2021180000000E+14   0.1195639668830E-19
  0.2071940000000E+14   0.1140206655442E-19
  0.2123970000000E+14   0.1094365104875E-19
  0.2177310000000E+14   0.1094199279637E-19
  0.2231980000000E+14   0.1093812253388E-19
  0.2288030000000E+14   0.1104907241380E-19
  0.2345490000000E+14   0.1118155771573E-19
  0.2404390000000E+14   0.1131809309721E-19
  0.2464770000000E+14   0.1147482587048E-19
  0.2526660000000E+14   0.1160275792770E-19
  0.2590110000000E+14   0.1173870209127E-19
  0.2655150000000E+14   0.1184960068079E-19
  0.2721830000000E+14   0.1199586814263E-19
  0.2790180000000E+14   0.1213524280686E-19
  0.2860240000000E+14   0.1223525630030E-19
  0.2932070000000E+14   0.1229893582415E-19
  0.3005700000000E+14   0.1235249818701E-19
  0.3081180000000E+14   0.1234843322768E-19
  0.3158550000000E+14   0.1235502504978E-19
  0.3237870000000E+14   0.1215793928008E-19
  0.3319170000000E+14   0.1193048949224E-19
  0.3402530000000E+14   0.1173601795155E-19
  0.3487970000000E+14   0.1156291524607E-19
  0.3575560000000E+14   0.1139327830743E-19
  0.3665350000000E+14   0.1122035438397E-19
  0.3757390000000E+14   0.1099581970060E-19
  0.3851740000000E+14   0.1084247652128E-19
  0.3948470000000E+14   0.1067438428302E-19
  0.4047620000000E+14   0.1055111396508E-19
  0.4149260000000E+14   0.1054622659914E-19
  0.4253460000000E+14   0.1053957921335E-19
  0.4360270000000E+14   0.1057914648509E-19
  0.4469770000000E+14   0.1061346451063E-19
  0.4582010000000E+14   0.1064330072873E-19
  0.4697070000000E+14   0.1066838717599E-19
  0.4815020000000E+14   0.1068681557244E-19
  0.4935940000000E+14   0.1069897392485E-19
  0.5059890000000E+14   0.1070752210220E-19
  0.5186950000000E+14   0.1071396164207E-19
  0.5317200000000E+14   0.1071762068740E-19
  0.5450730000000E+14   0.1072169656095E-19
  0.6258450000000E+14   0.1075539687888E-19
  0.7185870000000E+14   0.1090433994736E-19
  0.8250720000000E+14   0.1130935824300E-19
  0.9473370000000E+14   0.1210922740091E-19
  0.1087720000000E+15   0.1337029853168E-19
  0.1248910000000E+15   0.1504751884273E-19
  0.1433980000000E+15   0.1698166867929E-19
  0.1646470000000E+15   0.1892941744949E-19
  0.1890460000000E+15   0.2060076612273E-19
  0.2170600000000E+15   0.2169217336964E-19
  0.2492250000000E+15   0.2192502173774E-19
  0.2861570000000E+15   0.2109626274841E-19
  0.3285620000000E+15   0.1914590543225E-19
  0.3772500000000E+15   0.1621660019344E-19
  0.4331540000000E+15   0.1266559988380E-19
  0.4973410000000E+15   0.8998599906286E-20
  0.5710410000000E+15   0.5727309939751E-20
  0.6556610000000E+15   0.3209839965951E-20
  0.7528220000000E+15   0.1553529983279E-20
  0.8643800000000E+15   0.6351609930619E-21
  0.9924690000000E+15   0.2139189976476E-21
  0.1139540000000E+16   0.5766439935189E-22
  0.1308400000000E+16   0.1203759986536E-22
  0.1502290000000E+16   0.1873469979314E-23
  0.1724910000000E+16   0.2081419977373E-24
  0.1980520000000E+16   0.1570279982885E-25
  0.2274010000000E+16   0.7596019917305E-27
  0.2610990000000E+16   0.2205959976006E-28
  0.2997900000000E+16   0.3566109961238E-30
