mstar = 1.0899 Msun, Rstar = 1.7529 Rsun, Tstar = 4143.9, mdisk = 0.0058607 Msun, Rc = 42.587 AU, Rin = 1.0229 AU, Rout = 78.536 AU, inclination = 45 degree, powerlaw = -1 
         130
  
  0.2997900000000E+11   0.4881973055232E-23
  0.3951060000000E+11   0.1106599386508E-22
  0.5207280000000E+11   0.2500770580918E-22
  0.6862910000000E+11   0.5628714927442E-22
  0.9044930000000E+11   0.1260131475732E-21
  0.1192070000000E+12   0.2801080913359E-21
  0.1571080000000E+12   0.6167686357799E-21
  0.2070600000000E+12   0.1341030387036E-20
  0.2728930000000E+12   0.2867084049394E-20
  0.3596580000000E+12   0.6388481246448E-20
  0.4740100000000E+12   0.1586014840863E-19
  0.6247180000000E+12   0.3749798611784E-19
  0.8233440000000E+12   0.8223459324389E-19
  0.1085120000000E+13   0.1619283977714E-18
  0.1430130000000E+13   0.2744580834786E-18
  0.1884830000000E+13   0.3849813194737E-18
  0.2484100000000E+13   0.4424456074316E-18
  0.3273910000000E+13   0.4396862606344E-18
  0.4314820000000E+13   0.4102477111623E-18
  0.5686700000000E+13   0.3657752736738E-18
  0.7494750000000E+13   0.3045293400397E-18
  0.7682960000000E+13   0.2983343992758E-18
  0.7875890000000E+13   0.2919488302277E-18
  0.8073670000000E+13   0.2853481264829E-18
  0.8276410000000E+13   0.2785788903854E-18
  0.8484250000000E+13   0.2717358526816E-18
  0.8697300000000E+13   0.2652994266705E-18
  0.8915700000000E+13   0.2587031819674E-18
  0.9139590000000E+13   0.2526413153523E-18
  0.9369100000000E+13   0.2465506159561E-18
  0.9604380000000E+13   0.2406943381747E-18
  0.9845560000000E+13   0.2350512703765E-18
  0.1009280000000E+14   0.2293229596456E-18
  0.1034620000000E+14   0.2237449229617E-18
  0.1060610000000E+14   0.2180688929138E-18
  0.1087240000000E+14   0.2128611919750E-18
  0.1114540000000E+14   0.2076536607100E-18
  0.1142530000000E+14   0.2026730494306E-18
  0.1171220000000E+14   0.1978617676005E-18
  0.1200630000000E+14   0.1930560822826E-18
  0.1230780000000E+14   0.1884089578782E-18
  0.1261690000000E+14   0.1837587707913E-18
  0.1293370000000E+14   0.1796188153782E-18
  0.1325850000000E+14   0.1755167897329E-18
  0.1359150000000E+14   0.1716259251607E-18
  0.1393280000000E+14   0.1678779603448E-18
  0.1428260000000E+14   0.1642703035907E-18
  0.1464130000000E+14   0.1610394894082E-18
  0.1500900000000E+14   0.1577852485012E-18
  0.1538590000000E+14   0.1540437149762E-18
  0.1577220000000E+14   0.1504005420780E-18
  0.1616830000000E+14   0.1454915968827E-18
  0.1657430000000E+14   0.1402056957643E-18
  0.1699050000000E+14   0.1349793014606E-18
  0.1741720000000E+14   0.1291815457070E-18
  0.1785460000000E+14   0.1240651706582E-18
  0.1830290000000E+14   0.1190444989027E-18
  0.1876260000000E+14   0.1145634126867E-18
  0.1923370000000E+14   0.1107161053466E-18
  0.1971670000000E+14   0.1073117589806E-18
  0.2021180000000E+14   0.1043850781759E-18
  0.2071940000000E+14   0.1020913254939E-18
  0.2123970000000E+14   0.9994252070379E-19
  0.2177310000000E+14   0.9967872404949E-19
  0.2231980000000E+14   0.9924675470037E-19
  0.2288030000000E+14   0.9917724882608E-19
  0.2345490000000E+14   0.9902578451370E-19
  0.2404390000000E+14   0.9870632822515E-19
  0.2464770000000E+14   0.9828307490322E-19
  0.2526660000000E+14   0.9755636317268E-19
  0.2590110000000E+14   0.9668209654562E-19
  0.2655150000000E+14   0.9554460421932E-19
  0.2721830000000E+14   0.9437271353763E-19
  0.2790180000000E+14   0.9302241706467E-19
  0.2860240000000E+14   0.9139970913219E-19
  0.2932070000000E+14   0.8953006041708E-19
  0.3005700000000E+14   0.8751064736743E-19
  0.3081180000000E+14   0.8519174574671E-19
  0.3158550000000E+14   0.8280688438013E-19
  0.3237870000000E+14   0.7961624056430E-19
  0.3319170000000E+14   0.7616776141858E-19
  0.3402530000000E+14   0.7269112891963E-19
  0.3487970000000E+14   0.6915366465038E-19
  0.3575560000000E+14   0.6548247636044E-19
  0.3665350000000E+14   0.6164344422283E-19
  0.3757390000000E+14   0.5731815216805E-19
  0.3851740000000E+14   0.5341604152126E-19
  0.3948470000000E+14   0.4946219524916E-19
  0.4047620000000E+14   0.4598988425814E-19
  0.4149260000000E+14   0.4356936240210E-19
  0.4253460000000E+14   0.4127621684915E-19
  0.4360270000000E+14   0.3942026246094E-19
  0.4469770000000E+14   0.3763956466331E-19
  0.4582010000000E+14   0.3594616042367E-19
  0.4697070000000E+14   0.3434366130052E-19
  0.4815020000000E+14   0.3282822236115E-19
  0.4935940000000E+14   0.3140775397744E-19
  0.5059890000000E+14   0.3009797470827E-19
  0.5186950000000E+14   0.2890619058172E-19
  0.5317200000000E+14   0.2782944683374E-19
  0.5450730000000E+14   0.2687792013204E-19
  0.6258450000000E+14   0.2372541864184E-19
  0.7185870000000E+14   0.2388619471506E-19
  0.8250720000000E+14   0.2665174133755E-19
  0.9473370000000E+14   0.3125098698329E-19
  0.1087720000000E+15   0.3702413527447E-19
  0.1248910000000E+15   0.4345873536332E-19
  0.1433980000000E+15   0.5009182296164E-19
  0.1646470000000E+15   0.5639186403717E-19
  0.1890460000000E+15   0.6169807843737E-19
  0.2170600000000E+15   0.6523660636481E-19
  0.2492250000000E+15   0.6622309974525E-19
  0.2861570000000E+15   0.6404039934380E-19
  0.3285620000000E+15   0.5846489938037E-19
  0.3772500000000E+15   0.4986619946448E-19
  0.4331540000000E+15   0.3926619956973E-19
  0.4973410000000E+15   0.2816419968191E-19
  0.5710410000000E+15   0.1812429978635E-19
  0.6556610000000E+15   0.1028779987102E-19
  0.7528220000000E+15   0.5052719929838E-20
  0.8643800000000E+15   0.2100919967920E-20
  0.9924690000000E+15   0.7214139885271E-21
  0.1139540000000E+16   0.1988379964202E-21
  0.1308400000000E+16   0.4258139925348E-22
  0.1502290000000E+16   0.6824249888823E-23
  0.1724910000000E+16   0.7841259883840E-24
  0.1980520000000E+16   0.6148769907406E-25
  0.2274010000000E+16   0.3109329953512E-26
  0.2610990000000E+16   0.9501759858744E-28
  0.2997900000000E+16   0.1628569975893E-29
