mstar = 0.3444 Msun, Rstar = 4.3187 Rsun, Tstar = 3268.7, mdisk = 0.0020093 Msun, Rc = 31.524 AU, Rin = 0.1108 AU, Rout = 97.907 AU, inclination = 45 degree, powerlaw = -1 
         130
  
  0.2997900000000E+11   0.3074318916368E-23
  0.3951060000000E+11   0.6970253052871E-23
  0.5207280000000E+11   0.1577488664877E-22
  0.6862910000000E+11   0.3560933183108E-22
  0.9044930000000E+11   0.8010116380177E-22
  0.1192070000000E+12   0.1793487027456E-21
  0.1571080000000E+12   0.3991477097250E-21
  0.2070600000000E+12   0.8813801410213E-21
  0.2728930000000E+12   0.1926497450931E-20
  0.3596580000000E+12   0.4427239935623E-20
  0.4740100000000E+12   0.1149568097538E-19
  0.6247180000000E+12   0.2908508309703E-19
  0.8233440000000E+12   0.7047309379361E-19
  0.1085120000000E+13   0.1601709887534E-18
  0.1430130000000E+13   0.3315595623110E-18
  0.1884830000000E+13   0.6035763696922E-18
  0.2484100000000E+13   0.9321389094672E-18
  0.3273910000000E+13   0.1203688595658E-17
  0.4314820000000E+13   0.1353160086576E-17
  0.5686700000000E+13   0.1404733322657E-17
  0.7494750000000E+13   0.1351209505457E-17
  0.7682960000000E+13   0.1340141890918E-17
  0.7875890000000E+13   0.1327613589629E-17
  0.8073670000000E+13   0.1313479761666E-17
  0.8276410000000E+13   0.1297836279431E-17
  0.8484250000000E+13   0.1280967654408E-17
  0.8697300000000E+13   0.1264623905072E-17
  0.8915700000000E+13   0.1246710319892E-17
  0.9139590000000E+13   0.1229874430144E-17
  0.9369100000000E+13   0.1211968942899E-17
  0.9604380000000E+13   0.1194030749987E-17
  0.9845560000000E+13   0.1176004673612E-17
  0.1009280000000E+14   0.1156647607006E-17
  0.1034620000000E+14   0.1136936493660E-17
  0.1060610000000E+14   0.1115777442902E-17
  0.1087240000000E+14   0.1095690392275E-17
  0.1114540000000E+14   0.1074603311582E-17
  0.1142530000000E+14   0.1053575168515E-17
  0.1171220000000E+14   0.1032372063022E-17
  0.1200630000000E+14   0.1010198841702E-17
  0.1230780000000E+14   0.9878191262204E-18
  0.1261690000000E+14   0.9644099255088E-18
  0.1293370000000E+14   0.9427341472935E-18
  0.1325850000000E+14   0.9203460179153E-18
  0.1359150000000E+14   0.8982334049522E-18
  0.1393280000000E+14   0.8760730485484E-18
  0.1428260000000E+14   0.8539047862463E-18
  0.1464130000000E+14   0.8332696380796E-18
  0.1500900000000E+14   0.8117841441848E-18
  0.1538590000000E+14   0.7863420226897E-18
  0.1577220000000E+14   0.7606446600724E-18
  0.1616830000000E+14   0.7250127927684E-18
  0.1657430000000E+14   0.6849673046747E-18
  0.1699050000000E+14   0.6434379916985E-18
  0.1741720000000E+14   0.5953076650344E-18
  0.1785460000000E+14   0.5504406921150E-18
  0.1830290000000E+14   0.5044513189249E-18
  0.1876260000000E+14   0.4615429548430E-18
  0.1923370000000E+14   0.4232398343329E-18
  0.1971670000000E+14   0.3884911852884E-18
  0.2021180000000E+14   0.3581405923230E-18
  0.2071940000000E+14   0.3339480034841E-18
  0.2123970000000E+14   0.3117995462730E-18
  0.2177310000000E+14   0.3071143199420E-18
  0.2231980000000E+14   0.3020470132794E-18
  0.2288030000000E+14   0.3016454780308E-18
  0.2345490000000E+14   0.3021258456485E-18
  0.2404390000000E+14   0.3027586222451E-18
  0.2464770000000E+14   0.3043056135274E-18
  0.2526660000000E+14   0.3045437119206E-18
  0.2590110000000E+14   0.3051323422059E-18
  0.2655150000000E+14   0.3045070590697E-18
  0.2721830000000E+14   0.3055019115680E-18
  0.2790180000000E+14   0.3061230826662E-18
  0.2860240000000E+14   0.3047587415939E-18
  0.2932070000000E+14   0.3014853215245E-18
  0.3005700000000E+14   0.2975494767794E-18
  0.3081180000000E+14   0.2904955242389E-18
  0.3158550000000E+14   0.2837553380908E-18
  0.3237870000000E+14   0.2656385440882E-18
  0.3319170000000E+14   0.2448041889273E-18
  0.3402530000000E+14   0.2250499130216E-18
  0.3487970000000E+14   0.2062407545767E-18
  0.3575560000000E+14   0.1879831158303E-18
  0.3665350000000E+14   0.1707269202727E-18
  0.3757390000000E+14   0.1529578154306E-18
  0.3851740000000E+14   0.1414233686971E-18
  0.3948470000000E+14   0.1316086490604E-18
  0.4047620000000E+14   0.1252597380279E-18
  0.4149260000000E+14   0.1234661028938E-18
  0.4253460000000E+14   0.1221414660975E-18
  0.4360270000000E+14   0.1224321234126E-18
  0.4469770000000E+14   0.1229042216724E-18
  0.4582010000000E+14   0.1235681880044E-18
  0.4697070000000E+14   0.1244029323177E-18
  0.4815020000000E+14   0.1253563978361E-18
  0.4935940000000E+14   0.1264260512452E-18
  0.5059890000000E+14   0.1276535811949E-18
  0.5186950000000E+14   0.1290537727708E-18
  0.5317200000000E+14   0.1305896453173E-18
  0.5450730000000E+14   0.1323060617396E-18
  0.6258450000000E+14   0.1441371684918E-18
  0.7185870000000E+14   0.1585600708548E-18
  0.8250720000000E+14   0.1736837217251E-18
  0.9473370000000E+14   0.1879845146156E-18
  0.1087720000000E+15   0.2001921208128E-18
  0.1248910000000E+15   0.2093831254887E-18
  0.1433980000000E+15   0.2148095899306E-18
  0.1646470000000E+15   0.2158067993806E-18
  0.1890460000000E+15   0.2116098248094E-18
  0.2170600000000E+15   0.2010218510954E-18
  0.2492250000000E+15   0.1830838309905E-18
  0.2861570000000E+15   0.1577044042736E-18
  0.3285620000000E+15   0.1265485909944E-18
  0.3772500000000E+15   0.9312276701265E-19
  0.4331540000000E+15   0.6181842460936E-19
  0.4973410000000E+15   0.3638460970645E-19
  0.5710410000000E+15   0.1862932842110E-19
  0.6556610000000E+15   0.8122144511682E-20
  0.7528220000000E+15   0.2941029275917E-20
  0.8643800000000E+15   0.8619845516521E-21
  0.9924690000000E+15   0.1986156956283E-21
  0.1139540000000E+16   0.3449030501090E-22
  0.1308400000000E+16   0.4381193735749E-23
  0.1502290000000E+16   0.3862194060514E-24
  0.1724910000000E+16   0.2234454324160E-25
  0.1980520000000E+16   0.7925778666607E-27
  0.2274010000000E+16   0.1613648498824E-28
  0.2610990000000E+16   0.1734748863795E-30
  0.2997900000000E+16   0.8959099111763E-33
