mstar = 0.3096 Msun, Rstar = 2.8415 Rsun, Tstar = 3251.1, mdisk = 0.0051364 Msun, Rc = 24.183 AU, Rin = 0.0649 AU, Rout = 47.475 AU, inclination = 45 degree, powerlaw = -1 
         130
  
  0.2997900000000E+11   0.6164871639028E-23
  0.3951060000000E+11   0.1386720817708E-22
  0.5207280000000E+11   0.3107502324206E-22
  0.6862910000000E+11   0.6931357133594E-22
  0.9044930000000E+11   0.1537168877833E-21
  0.1192070000000E+12   0.3384361647130E-21
  0.1571080000000E+12   0.7382830371011E-21
  0.2070600000000E+12   0.1591483455704E-20
  0.2728930000000E+12   0.3378009728018E-20
  0.3596580000000E+12   0.7437225760758E-20
  0.4740100000000E+12   0.1791803604499E-19
  0.6247180000000E+12   0.4083271598630E-19
  0.8233440000000E+12   0.8572279399381E-19
  0.1085120000000E+13   0.1611690594345E-18
  0.1430130000000E+13   0.2645354494705E-18
  0.1884830000000E+13   0.3775088163431E-18
  0.2484100000000E+13   0.4813362033554E-18
  0.3273910000000E+13   0.5666686359348E-18
  0.4314820000000E+13   0.6234418929346E-18
  0.5686700000000E+13   0.6375017758184E-18
  0.7494750000000E+13   0.5939812046016E-18
  0.7682960000000E+13   0.5869911780358E-18
  0.7875890000000E+13   0.5793309093308E-18
  0.8073670000000E+13   0.5709442349299E-18
  0.8276410000000E+13   0.5618863647780E-18
  0.8484250000000E+13   0.5522980538716E-18
  0.8697300000000E+13   0.5429841642150E-18
  0.8915700000000E+13   0.5329965114842E-18
  0.9139590000000E+13   0.5235401441531E-18
  0.9369100000000E+13   0.5136480555121E-18
  0.9604380000000E+13   0.5037915291453E-18
  0.9845560000000E+13   0.4939497192898E-18
  0.1009280000000E+14   0.4835766899189E-18
  0.1034620000000E+14   0.4731137005438E-18
  0.1060610000000E+14   0.4620866265768E-18
  0.1087240000000E+14   0.4516050406774E-18
  0.1114540000000E+14   0.4407699172927E-18
  0.1142530000000E+14   0.4300467006735E-18
  0.1171220000000E+14   0.4193379693447E-18
  0.1200630000000E+14   0.4083108040970E-18
  0.1230780000000E+14   0.3972992862205E-18
  0.1261690000000E+14   0.3859632796033E-18
  0.1293370000000E+14   0.3754609963492E-18
  0.1325850000000E+14   0.3647738161265E-18
  0.1359150000000E+14   0.3543161635683E-18
  0.1393280000000E+14   0.3439593085682E-18
  0.1428260000000E+14   0.3337230990857E-18
  0.1464130000000E+14   0.3242242519287E-18
  0.1500900000000E+14   0.3145105763374E-18
  0.1538590000000E+14   0.3033769098909E-18
  0.1577220000000E+14   0.2923059168922E-18
  0.1616830000000E+14   0.2775728484522E-18
  0.1657430000000E+14   0.2613966442061E-18
  0.1699050000000E+14   0.2449392698271E-18
  0.1741720000000E+14   0.2263080188019E-18
  0.1785460000000E+14   0.2092312683139E-18
  0.1830290000000E+14   0.1920702987677E-18
  0.1876260000000E+14   0.1763628924369E-18
  0.1923370000000E+14   0.1626078272546E-18
  0.1971670000000E+14   0.1503707738164E-18
  0.2021180000000E+14   0.1398952670656E-18
  0.2071940000000E+14   0.1317291755085E-18
  0.2123970000000E+14   0.1243917555762E-18
  0.2177310000000E+14   0.1231186034167E-18
  0.2231980000000E+14   0.1217412461834E-18
  0.2288030000000E+14   0.1219795326490E-18
  0.2345490000000E+14   0.1225335743519E-18
  0.2404390000000E+14   0.1231542205543E-18
  0.2464770000000E+14   0.1241016369902E-18
  0.2526660000000E+14   0.1246261991453E-18
  0.2590110000000E+14   0.1252879816414E-18
  0.2655150000000E+14   0.1255621947978E-18
  0.2721830000000E+14   0.1264044012181E-18
  0.2790180000000E+14   0.1271375886434E-18
  0.2860240000000E+14   0.1272157911081E-18
  0.2932070000000E+14   0.1266618706716E-18
  0.3005700000000E+14   0.1258876144013E-18
  0.3081180000000E+14   0.1240175163999E-18
  0.3158550000000E+14   0.1222289075671E-18
  0.3237870000000E+14   0.1163200120781E-18
  0.3319170000000E+14   0.1092515626819E-18
  0.3402530000000E+14   0.1023285007830E-18
  0.3487970000000E+14   0.9545090168920E-19
  0.3575560000000E+14   0.8844140988973E-19
  0.3665350000000E+14   0.8142792464829E-19
  0.3757390000000E+14   0.7367108234112E-19
  0.3851740000000E+14   0.6825963628805E-19
  0.3948470000000E+14   0.6332438843443E-19
  0.4047620000000E+14   0.5978190141525E-19
  0.4149260000000E+14   0.5837117045578E-19
  0.4253460000000E+14   0.5714080662037E-19
  0.4360270000000E+14   0.5670786690060E-19
  0.4469770000000E+14   0.5634621625204E-19
  0.4582010000000E+14   0.5606675545310E-19
  0.4697070000000E+14   0.5586431182607E-19
  0.4815020000000E+14   0.5571598250629E-19
  0.4935940000000E+14   0.5562421127596E-19
  0.5059890000000E+14   0.5561682863624E-19
  0.5186950000000E+14   0.5570388640990E-19
  0.5317200000000E+14   0.5587025808089E-19
  0.5450730000000E+14   0.5614308746371E-19
  0.6258450000000E+14   0.5914907143102E-19
  0.7185870000000E+14   0.6414485465498E-19
  0.8250720000000E+14   0.7023136658756E-19
  0.9473370000000E+14   0.7659826890590E-19
  0.1087720000000E+15   0.8248528784893E-19
  0.1248910000000E+15   0.8725986547711E-19
  0.1433980000000E+15   0.9038472494431E-19
  0.1646470000000E+15   0.9141050957425E-19
  0.1890460000000E+15   0.8993500372241E-19
  0.2170600000000E+15   0.8547902870802E-19
  0.2492250000000E+15   0.7773513699567E-19
  0.2861570000000E+15   0.6678054412969E-19
  0.3285620000000E+15   0.5341048672899E-19
  0.3772500000000E+15   0.3915766807344E-19
  0.4331540000000E+15   0.2588986214226E-19
  0.4973410000000E+15   0.1517147188450E-19
  0.5710410000000E+15   0.7730894264426E-20
  0.6556610000000E+15   0.3353460971526E-20
  0.7528220000000E+15   0.1208499321597E-20
  0.8643800000000E+15   0.3521318177681E-21
  0.9924690000000E+15   0.8042646510536E-22
  0.1139540000000E+16   0.1386741097250E-22
  0.1308400000000E+16   0.1736254421611E-23
  0.1502290000000E+16   0.1503103580199E-24
  0.1724910000000E+16   0.8516115389015E-26
  0.1980520000000E+16   0.2961559242841E-27
  0.2274010000000E+16   0.5889178027950E-29
  0.2610990000000E+16   0.6162688204475E-31
  0.2997900000000E+16   0.3085901866170E-33
