mstar = 0.326 Msun, Rstar = 1.3963 Rsun, Tstar = 3514.3, mdisk = 0.0023666 Msun, Rc = 11.281 AU, Rin = 0.0581 AU, Rout = 59.126 AU, inclination = 45 degree, powerlaw = -1 
         130
  
  0.2997900000000E+11   0.2585459233582E-23
  0.3951060000000E+11   0.5781146035858E-23
  0.5207280000000E+11   0.1285950736454E-22
  0.6862910000000E+11   0.2842262894028E-22
  0.9044930000000E+11   0.6232768491355E-22
  0.1192070000000E+12   0.1353400237472E-21
  0.1571080000000E+12   0.2902751559384E-21
  0.2070600000000E+12   0.6129304771800E-21
  0.2728930000000E+12   0.1268735223363E-20
  0.3596580000000E+12   0.2691725788788E-20
  0.4740100000000E+12   0.6078777214190E-20
  0.6247180000000E+12   0.1274215950969E-19
  0.8233440000000E+12   0.2416305687798E-19
  0.1085120000000E+13   0.4069898865339E-19
  0.1430130000000E+13   0.6089214452746E-19
  0.1884830000000E+13   0.8273067841813E-19
  0.2484100000000E+13   0.1040285790714E-18
  0.3273910000000E+13   0.1216702608540E-18
  0.4314820000000E+13   0.1329421970833E-18
  0.5686700000000E+13   0.1352437984071E-18
  0.7494750000000E+13   0.1261278328960E-18
  0.7682960000000E+13   0.1247163802603E-18
  0.7875890000000E+13   0.1231714651874E-18
  0.8073670000000E+13   0.1214801396595E-18
  0.8276410000000E+13   0.1196537422568E-18
  0.8484250000000E+13   0.1177235194573E-18
  0.8697300000000E+13   0.1158667107490E-18
  0.8915700000000E+13   0.1138722904781E-18
  0.9139590000000E+13   0.1120064685806E-18
  0.9369100000000E+13   0.1100537836693E-18
  0.9604380000000E+13   0.1081179703678E-18
  0.9845560000000E+13   0.1061935397966E-18
  0.1009280000000E+14   0.1041575921368E-18
  0.1034620000000E+14   0.1021067417473E-18
  0.1060610000000E+14   0.9993350120634E-19
  0.1087240000000E+14   0.9788426897531E-19
  0.1114540000000E+14   0.9575582859171E-19
  0.1142530000000E+14   0.9365091249206E-19
  0.1171220000000E+14   0.9154597416291E-19
  0.1200630000000E+14   0.8936456779641E-19
  0.1230780000000E+14   0.8718002717084E-19
  0.1261690000000E+14   0.8491305540448E-19
  0.1293370000000E+14   0.8282746793688E-19
  0.1325850000000E+14   0.8068817352376E-19
  0.1359150000000E+14   0.7858818138412E-19
  0.1393280000000E+14   0.7649587724338E-19
  0.1428260000000E+14   0.7441384649203E-19
  0.1464130000000E+14   0.7248669063107E-19
  0.1500900000000E+14   0.7048964700929E-19
  0.1538590000000E+14   0.6813296488263E-19
  0.1577220000000E+14   0.6576366313073E-19
  0.1616830000000E+14   0.6248614674514E-19
  0.1657430000000E+14   0.5882243067841E-19
  0.1699050000000E+14   0.5504820004225E-19
  0.1741720000000E+14   0.5070485001325E-19
  0.1785460000000E+14   0.4668783446528E-19
  0.1830290000000E+14   0.4260461669825E-19
  0.1876260000000E+14   0.3883041533346E-19
  0.1923370000000E+14   0.3549041021658E-19
  0.1971670000000E+14   0.3248486812771E-19
  0.2021180000000E+14   0.2988023268415E-19
  0.2071940000000E+14   0.2782135113728E-19
  0.2123970000000E+14   0.2594917813585E-19
  0.2177310000000E+14   0.2556199178550E-19
  0.2231980000000E+14   0.2514265129724E-19
  0.2288030000000E+14   0.2511879689567E-19
  0.2345490000000E+14   0.2517082355308E-19
  0.2404390000000E+14   0.2523310235269E-19
  0.2464770000000E+14   0.2537108798408E-19
  0.2526660000000E+14   0.2539704037158E-19
  0.2590110000000E+14   0.2545119973828E-19
  0.2655150000000E+14   0.2539885496172E-19
  0.2721830000000E+14   0.2547772390329E-19
  0.2790180000000E+14   0.2551993201808E-19
  0.2860240000000E+14   0.2539293447727E-19
  0.2932070000000E+14   0.2510839581499E-19
  0.3005700000000E+14   0.2476940125571E-19
  0.3081180000000E+14   0.2417970930206E-19
  0.3158550000000E+14   0.2362106398405E-19
  0.3237870000000E+14   0.2217404869549E-19
  0.3319170000000E+14   0.2054868517251E-19
  0.3402530000000E+14   0.1903969947023E-19
  0.3487970000000E+14   0.1763863601946E-19
  0.3575560000000E+14   0.1631004710293E-19
  0.3665350000000E+14   0.1509296018986E-19
  0.3757390000000E+14   0.1385984729194E-19
  0.3851740000000E+14   0.1311362517028E-19
  0.3948470000000E+14   0.1253291972324E-19
  0.4047620000000E+14   0.1222055380457E-19
  0.4149260000000E+14   0.1222896178255E-19
  0.4253460000000E+14   0.1227618978914E-19
  0.4360270000000E+14   0.1242981550096E-19
  0.4469770000000E+14   0.1259878977963E-19
  0.4582010000000E+14   0.1278299130029E-19
  0.4697070000000E+14   0.1298056319087E-19
  0.4815020000000E+14   0.1318768707753E-19
  0.4935940000000E+14   0.1340362974467E-19
  0.5059890000000E+14   0.1363027107677E-19
  0.5186950000000E+14   0.1386777611689E-19
  0.5317200000000E+14   0.1411350922656E-19
  0.5450730000000E+14   0.1436962471956E-19
  0.6258450000000E+14   0.1590933110547E-19
  0.7185870000000E+14   0.1753870399815E-19
  0.8250720000000E+14   0.1913850918333E-19
  0.9473370000000E+14   0.2065237202815E-19
  0.1087720000000E+15   0.2206794009675E-19
  0.1248910000000E+15   0.2339375339564E-19
  0.1433980000000E+15   0.2460031282556E-19
  0.1646470000000E+15   0.2557645273555E-19
  0.1890460000000E+15   0.2610199929020E-19
  0.2170600000000E+15   0.2586421432670E-19
  0.2492250000000E+15   0.2457498213578E-19
  0.2861570000000E+15   0.2209796718451E-19
  0.3285620000000E+15   0.1855970130777E-19
  0.3772500000000E+15   0.1436602757544E-19
  0.4331540000000E+15   0.1010284359500E-19
  0.4973410000000E+15   0.6354953235100E-20
  0.5710410000000E+15   0.3513530655065E-20
  0.6556610000000E+15   0.1674159859256E-20
  0.7528220000000E+15   0.6722868858348E-21
  0.8643800000000E+15   0.2217969479273E-21
  0.9924690000000E+15   0.5838808459567E-22
  0.1139540000000E+16   0.1186089573255E-22
  0.1308400000000E+16   0.1789299394838E-23
  0.1502290000000E+16   0.1917809460021E-24
  0.1724910000000E+16   0.1388469702789E-25
  0.1980520000000E+16   0.6406378556998E-27
  0.2274010000000E+16   0.1762109611776E-28
  0.2610990000000E+16   0.2676219420749E-30
  0.2997900000000E+16   0.2055349561108E-32
