mstar = 0.7403 Msun, Rstar = 1.817 Rsun, Tstar = 4504.4, mdisk = 0.0025757 Msun, Rc = 38.927 AU, Rin = 0.0438 AU, Rout = 76.822 AU, inclination = 45 degree, powerlaw = -1 
         130
  
  0.2997900000000E+11   0.2854911850586E-23
  0.3951060000000E+11   0.6469925640165E-23
  0.5207280000000E+11   0.1462475187179E-22
  0.6862910000000E+11   0.3294820820225E-22
  0.9044930000000E+11   0.7391106429714E-22
  0.1192070000000E+12   0.1648838142033E-21
  0.1571080000000E+12   0.3651899936269E-21
  0.2070600000000E+12   0.8012204110999E-21
  0.2728930000000E+12   0.1735978616587E-20
  0.3596580000000E+12   0.3945664469956E-20
  0.4740100000000E+12   0.1011964668452E-19
  0.6247180000000E+12   0.2515741114618E-19
  0.8233440000000E+12   0.5942819387869E-19
  0.1085120000000E+13   0.1301435168604E-18
  0.1430130000000E+13   0.2550441005363E-18
  0.1884830000000E+13   0.4290228299857E-18
  0.2484100000000E+13   0.5945227095847E-18
  0.3273910000000E+13   0.6708882233404E-18
  0.4314820000000E+13   0.6562817305071E-18
  0.5686700000000E+13   0.6046677775391E-18
  0.7494750000000E+13   0.5236386997426E-18
  0.7682960000000E+13   0.5145816296280E-18
  0.7875890000000E+13   0.5050604419309E-18
  0.8073670000000E+13   0.4950216954396E-18
  0.8276410000000E+13   0.4845269757516E-18
  0.8484250000000E+13   0.4737191621600E-18
  0.8697300000000E+13   0.4634017041277E-18
  0.8915700000000E+13   0.4526195366207E-18
  0.9139590000000E+13   0.4425623151929E-18
  0.9369100000000E+13   0.4322647886249E-18
  0.9604380000000E+13   0.4221864222679E-18
  0.9845560000000E+13   0.4122978368446E-18
  0.1009280000000E+14   0.4020667807736E-18
  0.1034620000000E+14   0.3919157502380E-18
  0.1060610000000E+14   0.3813874619652E-18
  0.1087240000000E+14   0.3715352925437E-18
  0.1114540000000E+14   0.3614983296138E-18
  0.1142530000000E+14   0.3517089609896E-18
  0.1171220000000E+14   0.3420701866696E-18
  0.1200630000000E+14   0.3322657316320E-18
  0.1230780000000E+14   0.3226007700752E-18
  0.1261690000000E+14   0.3127526760141E-18
  0.1293370000000E+14   0.3037934769738E-18
  0.1325850000000E+14   0.2947644882490E-18
  0.1359150000000E+14   0.2860479464153E-18
  0.1393280000000E+14   0.2775143972800E-18
  0.1428260000000E+14   0.2691741396847E-18
  0.1464130000000E+14   0.2615964539336E-18
  0.1500900000000E+14   0.2538874175903E-18
  0.1538590000000E+14   0.2449034705343E-18
  0.1577220000000E+14   0.2360186993465E-18
  0.1616830000000E+14   0.2237290717987E-18
  0.1657430000000E+14   0.2101025963140E-18
  0.1699050000000E+14   0.1962180968390E-18
  0.1741720000000E+14   0.1803212524654E-18
  0.1785460000000E+14   0.1658761219805E-18
  0.1830290000000E+14   0.1513301644418E-18
  0.1876260000000E+14   0.1380638974963E-18
  0.1923370000000E+14   0.1265236524371E-18
  0.1971670000000E+14   0.1163147804514E-18
  0.2021180000000E+14   0.1076382871170E-18
  0.2071940000000E+14   0.1009869448244E-18
  0.2123970000000E+14   0.9500710116158E-19
  0.2177310000000E+14   0.9454009532871E-19
  0.2231980000000E+14   0.9398602092655E-19
  0.2288030000000E+14   0.9496869216913E-19
  0.2345490000000E+14   0.9632339971996E-19
  0.2404390000000E+14   0.9782212275019E-19
  0.2464770000000E+14   0.9973227449730E-19
  0.2526660000000E+14   0.1012978906585E-18
  0.2590110000000E+14   0.1030996770740E-18
  0.2655150000000E+14   0.1045243388128E-18
  0.2721830000000E+14   0.1066265694041E-18
  0.2790180000000E+14   0.1086679119703E-18
  0.2860240000000E+14   0.1100615755921E-18
  0.2932070000000E+14   0.1107815204288E-18
  0.3005700000000E+14   0.1112790084723E-18
  0.3081180000000E+14   0.1104988570010E-18
  0.3158550000000E+14   0.1097945566609E-18
  0.3237870000000E+14   0.1040822058994E-18
  0.3319170000000E+14   0.9695190475899E-19
  0.3402530000000E+14   0.8980304479234E-19
  0.3487970000000E+14   0.8267331584507E-19
  0.3575560000000E+14   0.7543243995491E-19
  0.3665350000000E+14   0.6823819858124E-19
  0.3757390000000E+14   0.6012683093685E-19
  0.3851740000000E+14   0.5452343275697E-19
  0.3948470000000E+14   0.4938090295026E-19
  0.4047620000000E+14   0.4588796544052E-19
  0.4149260000000E+14   0.4466211552211E-19
  0.4253460000000E+14   0.4357118492830E-19
  0.4360270000000E+14   0.4325688804308E-19
  0.4469770000000E+14   0.4296638100802E-19
  0.4582010000000E+14   0.4271137994196E-19
  0.4697070000000E+14   0.4248466651015E-19
  0.4815020000000E+14   0.4226257854642E-19
  0.4935940000000E+14   0.4204888139384E-19
  0.5059890000000E+14   0.4187319366469E-19
  0.5186950000000E+14   0.4175092458260E-19
  0.5317200000000E+14   0.4166627694524E-19
  0.5450730000000E+14   0.4165357237495E-19
  0.6258450000000E+14   0.4253183289846E-19
  0.7185870000000E+14   0.4503416509023E-19
  0.8250720000000E+14   0.4904757215583E-19
  0.9473370000000E+14   0.5447146884095E-19
  0.1087720000000E+15   0.6100217855179E-19
  0.1248910000000E+15   0.6818837517281E-19
  0.1433980000000E+15   0.7547930031953E-19
  0.1646470000000E+15   0.8230912280969E-19
  0.1890460000000E+15   0.8812796810429E-19
  0.2170600000000E+15   0.9224254541406E-19
  0.2492250000000E+15   0.9389812308940E-19
  0.2861570000000E+15   0.9223192446994E-19
  0.3285620000000E+15   0.8654126609369E-19
  0.3772500000000E+15   0.7667266518457E-19
  0.4331540000000E+15   0.6332535546422E-19
  0.4973410000000E+15   0.4809534333123E-19
  0.5710410000000E+15   0.3309793147949E-19
  0.6556610000000E+15   0.2030727609033E-19
  0.7528220000000E+15   0.1091031182523E-19
  0.8643800000000E+15   0.5030091375460E-20
  0.9924690000000E+15   0.1944881375693E-20
  0.1139540000000E+16   0.6143318710359E-21
  0.1308400000000E+16   0.1538490184617E-21
  0.1502290000000E+16   0.2951064398605E-22
  0.1724910000000E+16   0.4167963432629E-23
  0.1980520000000E+16   0.4142092631983E-24
  0.2274010000000E+16   0.2749408735201E-25
  0.2610990000000E+16   0.1148215382146E-26
  0.2997900000000E+16   0.2816918830418E-28
