mstar = 0.4588 Msun, Rstar = 1.6821 Rsun, Tstar = 3641.6, mdisk = 0.0028139 Msun, Rc = 22.251 AU, Rin = 0.0399 AU, Rout = 77.76 AU, inclination = 45 degree, powerlaw = -1 
         130
  
  0.2997900000000E+11   0.2855067491918E-23
  0.3951060000000E+11   0.6437135522068E-23
  0.5207280000000E+11   0.1446252283193E-22
  0.6862910000000E+11   0.3235049939159E-22
  0.9044930000000E+11   0.7195955669989E-22
  0.1192070000000E+12   0.1589209419935E-21
  0.1571080000000E+12   0.3477341796407E-21
  0.2070600000000E+12   0.7517209853206E-21
  0.2728930000000E+12   0.1599375372848E-20
  0.3596580000000E+12   0.3537961471002E-20
  0.4740100000000E+12   0.8641663008204E-20
  0.6247180000000E+12   0.2004917380951E-19
  0.8233440000000E+12   0.4301369764097E-19
  0.1085120000000E+13   0.8271740655950E-19
  0.1430130000000E+13   0.1375433443786E-18
  0.1884830000000E+13   0.1930500658552E-18
  0.2484100000000E+13   0.2317557893196E-18
  0.3273910000000E+13   0.2507363344616E-18
  0.4314820000000E+13   0.2542199671781E-18
  0.5686700000000E+13   0.2418034692740E-18
  0.7494750000000E+13   0.2116704117594E-18
  0.7682960000000E+13   0.2081084753232E-18
  0.7875890000000E+13   0.2043474659945E-18
  0.8073670000000E+13   0.2003675942289E-18
  0.8276410000000E+13   0.1961952442844E-18
  0.8484250000000E+13   0.1918893506423E-18
  0.8697300000000E+13   0.1877698316735E-18
  0.8915700000000E+13   0.1834587686779E-18
  0.9139590000000E+13   0.1794277958713E-18
  0.9369100000000E+13   0.1752964777177E-18
  0.9604380000000E+13   0.1712464715255E-18
  0.9845560000000E+13   0.1672662087343E-18
  0.1009280000000E+14   0.1631473606884E-18
  0.1034620000000E+14   0.1590578112217E-18
  0.1060610000000E+14   0.1548186168791E-18
  0.1087240000000E+14   0.1508440814681E-18
  0.1114540000000E+14   0.1467953767946E-18
  0.1142530000000E+14   0.1428439351735E-18
  0.1171220000000E+14   0.1389518942928E-18
  0.1200630000000E+14   0.1349973087069E-18
  0.1230780000000E+14   0.1310995013968E-18
  0.1261690000000E+14   0.1271345990496E-18
  0.1293370000000E+14   0.1235179252129E-18
  0.1325850000000E+14   0.1198805582186E-18
  0.1359150000000E+14   0.1163680161050E-18
  0.1393280000000E+14   0.1129318425831E-18
  0.1428260000000E+14   0.1095770608201E-18
  0.1464130000000E+14   0.1065199415090E-18
  0.1500900000000E+14   0.1034202312423E-18
  0.1538590000000E+14   0.9984924269816E-19
  0.1577220000000E+14   0.9632836285056E-19
  0.1616830000000E+14   0.9154600312991E-19
  0.1657430000000E+14   0.8628569863048E-19
  0.1699050000000E+14   0.8095292479808E-19
  0.1741720000000E+14   0.7489230065366E-19
  0.1785460000000E+14   0.6939151624897E-19
  0.1830290000000E+14   0.6387380275257E-19
  0.1876260000000E+14   0.5885059243448E-19
  0.1923370000000E+14   0.5447923644912E-19
  0.1971670000000E+14   0.5060543723629E-19
  0.2021180000000E+14   0.4730410804113E-19
  0.2071940000000E+14   0.4475505115783E-19
  0.2123970000000E+14   0.4245834751564E-19
  0.2177310000000E+14   0.4223675094933E-19
  0.2231980000000E+14   0.4197977152057E-19
  0.2288030000000E+14   0.4229582794295E-19
  0.2345490000000E+14   0.4273508617706E-19
  0.2404390000000E+14   0.4322096739233E-19
  0.2464770000000E+14   0.4385607691220E-19
  0.2526660000000E+14   0.4435923232005E-19
  0.2590110000000E+14   0.4493292014778E-19
  0.2655150000000E+14   0.4537543671103E-19
  0.2721830000000E+14   0.4606469274993E-19
  0.2790180000000E+14   0.4672804551159E-19
  0.2860240000000E+14   0.4714269383841E-19
  0.2932070000000E+14   0.4730356985483E-19
  0.3005700000000E+14   0.4736832351949E-19
  0.3081180000000E+14   0.4695925476273E-19
  0.3158550000000E+14   0.4656964079697E-19
  0.3237870000000E+14   0.4436197053288E-19
  0.3319170000000E+14   0.4157627533123E-19
  0.3402530000000E+14   0.3879765357555E-19
  0.3487970000000E+14   0.3595821448067E-19
  0.3575560000000E+14   0.3304530785970E-19
  0.3665350000000E+14   0.3022795896005E-19
  0.3757390000000E+14   0.2725286547494E-19
  0.3851740000000E+14   0.2524235168267E-19
  0.3948470000000E+14   0.2343785480006E-19
  0.4047620000000E+14   0.2216212081398E-19
  0.4149260000000E+14   0.2171849271161E-19
  0.4253460000000E+14   0.2134208914252E-19
  0.4360270000000E+14   0.2128624608468E-19
  0.4469770000000E+14   0.2125321849993E-19
  0.4582010000000E+14   0.2124752396916E-19
  0.4697070000000E+14   0.2126703679705E-19
  0.4815020000000E+14   0.2130068666844E-19
  0.4935940000000E+14   0.2135060487524E-19
  0.5059890000000E+14   0.2142775316329E-19
  0.5186950000000E+14   0.2153610077952E-19
  0.5317200000000E+14   0.2166984523285E-19
  0.5450730000000E+14   0.2184079986526E-19
  0.6258450000000E+14   0.2329952435801E-19
  0.7185870000000E+14   0.2549885726058E-19
  0.8250720000000E+14   0.2823097150595E-19
  0.9473370000000E+14   0.3131240129548E-19
  0.1087720000000E+15   0.3451657214675E-19
  0.1248910000000E+15   0.3758479517258E-19
  0.1433980000000E+15   0.4023862048192E-19
  0.1646470000000E+15   0.4219867423259E-19
  0.1890460000000E+15   0.4318141332473E-19
  0.2170600000000E+15   0.4284706894564E-19
  0.2492250000000E+15   0.4089065914141E-19
  0.2861570000000E+15   0.3712577405429E-19
  0.3285620000000E+15   0.3166338878231E-19
  0.3772500000000E+15   0.2501934437251E-19
  0.4331540000000E+15   0.1804766692236E-19
  0.4973410000000E+15   0.1169882065234E-19
  0.5710410000000E+15   0.6698019563035E-20
  0.6556610000000E+15   0.3322755590575E-20
  0.7528220000000E+15   0.1397599086594E-20
  0.8643800000000E+15   0.4863049391757E-21
  0.9924690000000E+15   0.1360916476188E-21
  0.1139540000000E+16   0.2965619371305E-22
  0.1308400000000E+16   0.4849393684466E-23
  0.1502290000000E+16   0.5701774120848E-24
  0.1724910000000E+16   0.4590870385125E-25
  0.1980520000000E+16   0.2393124714040E-26
  0.2274010000000E+16   0.7572353655783E-28
  0.2610990000000E+16   0.1350777138010E-29
  0.2997900000000E+16   0.1247847393210E-31
