mstar = 0.6917 Msun, Rstar = 1.6713 Rsun, Tstar = 4406.3, mdisk = 0.0063378 Msun, Rc = 26.959 AU, Rin = 0.2039 AU, Rout = 86.449 AU, inclination = 45 degree, powerlaw = -1 
         130
  
  0.2997900000000E+11   0.6544733668873E-23
  0.3951060000000E+11   0.1476303483712E-22
  0.5207280000000E+11   0.3316528470307E-22
  0.6862910000000E+11   0.7412132209464E-22
  0.9044930000000E+11   0.1645744530163E-21
  0.1192070000000E+12   0.3624027927331E-21
  0.1571080000000E+12   0.7896885609202E-21
  0.2070600000000E+12   0.1697720280610E-20
  0.2728930000000E+12   0.3586913616681E-20
  0.3596580000000E+12   0.7843936558109E-20
  0.4740100000000E+12   0.1872354788441E-19
  0.6247180000000E+12   0.4212769656446E-19
  0.8233440000000E+12   0.8688289303376E-19
  0.1085120000000E+13   0.1592381589389E-18
  0.1430130000000E+13   0.2523171978082E-18
  0.1884830000000E+13   0.3447822962432E-18
  0.2484100000000E+13   0.4198112200893E-18
  0.3273910000000E+13   0.4724813635413E-18
  0.4314820000000E+13   0.4977704210334E-18
  0.5686700000000E+13   0.4887767610639E-18
  0.7494750000000E+13   0.4393627720153E-18
  0.7682960000000E+13   0.4329036901627E-18
  0.7875890000000E+13   0.4259859335271E-18
  0.8073670000000E+13   0.4185651909364E-18
  0.8276410000000E+13   0.4106866018489E-18
  0.8484250000000E+13   0.4024664594468E-18
  0.8697300000000E+13   0.3945609607344E-18
  0.8915700000000E+13   0.3861906917383E-18
  0.9139590000000E+13   0.3783343366186E-18
  0.9369100000000E+13   0.3702025160886E-18
  0.9604380000000E+13   0.3621745345591E-18
  0.9845560000000E+13   0.3542289032857E-18
  0.1009280000000E+14   0.3459216348999E-18
  0.1034620000000E+14   0.3376038718503E-18
  0.1060610000000E+14   0.3288897162458E-18
  0.1087240000000E+14   0.3206643127580E-18
  0.1114540000000E+14   0.3122021264619E-18
  0.1142530000000E+14   0.3038718208045E-18
  0.1171220000000E+14   0.2955905391335E-18
  0.1200630000000E+14   0.2870862833079E-18
  0.1230780000000E+14   0.2786206662189E-18
  0.1261690000000E+14   0.2699172886764E-18
  0.1293370000000E+14   0.2618963198349E-18
  0.1325850000000E+14   0.2537358512758E-18
  0.1359150000000E+14   0.2457625339894E-18
  0.1393280000000E+14   0.2378680053615E-18
  0.1428260000000E+14   0.2300623809813E-18
  0.1464130000000E+14   0.2228387503578E-18
  0.1500900000000E+14   0.2154281942154E-18
  0.1538590000000E+14   0.2068527449666E-18
  0.1577220000000E+14   0.1983007301466E-18
  0.1616830000000E+14   0.1867820506309E-18
  0.1657430000000E+14   0.1740980341692E-18
  0.1699050000000E+14   0.1612008347148E-18
  0.1741720000000E+14   0.1466364928361E-18
  0.1785460000000E+14   0.1333649841821E-18
  0.1830290000000E+14   0.1201358570398E-18
  0.1876260000000E+14   0.1081516811700E-18
  0.1923370000000E+14   0.9776165812814E-19
  0.1971670000000E+14   0.8864272694994E-19
  0.2021180000000E+14   0.8094968324796E-19
  0.2071940000000E+14   0.7504413835890E-19
  0.2123970000000E+14   0.6984872228370E-19
  0.2177310000000E+14   0.6888974890567E-19
  0.2231980000000E+14   0.6787238500340E-19
  0.2288030000000E+14   0.6793915425831E-19
  0.2345490000000E+14   0.6820209707751E-19
  0.2404390000000E+14   0.6849369528158E-19
  0.2464770000000E+14   0.6898520594209E-19
  0.2526660000000E+14   0.6918884987442E-19
  0.2590110000000E+14   0.6947263612353E-19
  0.2655150000000E+14   0.6950736240894E-19
  0.2721830000000E+14   0.6988771897676E-19
  0.2790180000000E+14   0.7019831827307E-19
  0.2860240000000E+14   0.7011376688870E-19
  0.2932070000000E+14   0.6966556372926E-19
  0.3005700000000E+14   0.6911473560702E-19
  0.3081180000000E+14   0.6799649490883E-19
  0.3158550000000E+14   0.6699952926481E-19
  0.3237870000000E+14   0.6402435352467E-19
  0.3319170000000E+14   0.6083123850052E-19
  0.3402530000000E+14   0.5809016833987E-19
  0.3487970000000E+14   0.5572233451787E-19
  0.3575560000000E+14   0.5361260711161E-19
  0.3665350000000E+14   0.5175478582233E-19
  0.3757390000000E+14   0.4981099412680E-19
  0.3851740000000E+14   0.4860836688928E-19
  0.3948470000000E+14   0.4739225452038E-19
  0.4047620000000E+14   0.4649530340054E-19
  0.4149260000000E+14   0.4645049509611E-19
  0.4253460000000E+14   0.4641093636116E-19
  0.4360270000000E+14   0.4672928680936E-19
  0.4469770000000E+14   0.4702525766638E-19
  0.4582010000000E+14   0.4730140852285E-19
  0.4697070000000E+14   0.4755175526901E-19
  0.4815020000000E+14   0.4775853873478E-19
  0.4935940000000E+14   0.4792007674626E-19
  0.5059890000000E+14   0.4805169031490E-19
  0.5186950000000E+14   0.4816106147820E-19
  0.5317200000000E+14   0.4823757773526E-19
  0.5450730000000E+14   0.4830259916558E-19
  0.6258450000000E+14   0.4824318190293E-19
  0.7185870000000E+14   0.4760967415294E-19
  0.8250720000000E+14   0.4676088591710E-19
  0.9473370000000E+14   0.4643145561976E-19
  0.1087720000000E+15   0.4738333509391E-19
  0.1248910000000E+15   0.5008054378096E-19
  0.1433980000000E+15   0.5445973157301E-19
  0.1646470000000E+15   0.5992947335671E-19
  0.1890460000000E+15   0.6550544738490E-19
  0.2170600000000E+15   0.7001603060818E-19
  0.2492250000000E+15   0.7232711067685E-19
  0.2861570000000E+15   0.7151415427077E-19
  0.3285620000000E+15   0.6705477706915E-19
  0.3772500000000E+15   0.5902762254653E-19
  0.4331540000000E+15   0.4823510706345E-19
  0.4973410000000E+15   0.3612599701697E-19
  0.5710410000000E+15   0.2444429648691E-19
  0.6556610000000E+15   0.1470369684311E-19
  0.7528220000000E+15   0.7720667366792E-20
  0.8643800000000E+15   0.3466738368431E-20
  0.9924690000000E+15   0.1300319310785E-20
  0.1139540000000E+16   0.3966547117191E-21
  0.1308400000000E+16   0.9543543486190E-22
  0.1502290000000E+16   0.1748319009773E-22
  0.1724910000000E+16   0.2342228997552E-23
  0.1980520000000E+16   0.2190749012131E-24
  0.2274010000000E+16   0.1356369402076E-25
  0.2610990000000E+16   0.5229377736286E-27
  0.2997900000000E+16   0.1170419500321E-28
