mstar = 0.4502 Msun, Rstar = 1.5844 Rsun, Tstar = 4231.8, mdisk = 0.0068727 Msun, Rc = 21.317 AU, Rin = 0.1967 AU, Rout = 107.181 AU, inclination = 45 degree, powerlaw = -1 
         130
  
  0.2997900000000E+11   0.7286864272375E-23
  0.3951060000000E+11   0.1636896057709E-22
  0.5207280000000E+11   0.3659102818931E-22
  0.6862910000000E+11   0.8130175264187E-22
  0.9044930000000E+11   0.1792950514358E-21
  0.1192070000000E+12   0.3917251186549E-21
  0.1571080000000E+12   0.8458714126993E-21
  0.2070600000000E+12   0.1799589510167E-20
  0.2728930000000E+12   0.3756586351445E-20
  0.3596580000000E+12   0.8067854951070E-20
  0.4740100000000E+12   0.1861636056023E-19
  0.6247180000000E+12   0.4005177563219E-19
  0.8233440000000E+12   0.7812059583727E-19
  0.1085120000000E+13   0.1348768712381E-18
  0.1430130000000E+13   0.2046007830758E-18
  0.1884830000000E+13   0.2783873257766E-18
  0.2484100000000E+13   0.3491987261804E-18
  0.3273910000000E+13   0.4073912926856E-18
  0.4314820000000E+13   0.4434199622275E-18
  0.5686700000000E+13   0.4486669265063E-18
  0.7494750000000E+13   0.4148238983320E-18
  0.7682960000000E+13   0.4097460020603E-18
  0.7875890000000E+13   0.4042132361220E-18
  0.8073670000000E+13   0.3981847218975E-18
  0.8276410000000E+13   0.3916997615233E-18
  0.8484250000000E+13   0.3848600508506E-18
  0.8697300000000E+13   0.3782507309573E-18
  0.8915700000000E+13   0.3711764166056E-18
  0.9139590000000E+13   0.3645132723353E-18
  0.9369100000000E+13   0.3575537900859E-18
  0.9604380000000E+13   0.3506387848541E-18
  0.9845560000000E+13   0.3437480828905E-18
  0.1009280000000E+14   0.3364798788748E-18
  0.1034620000000E+14   0.3291525186489E-18
  0.1060610000000E+14   0.3214163462470E-18
  0.1087240000000E+14   0.3140778070919E-18
  0.1114540000000E+14   0.3064741102051E-18
  0.1142530000000E+14   0.2989419554385E-18
  0.1171220000000E+14   0.2914059762983E-18
  0.1200630000000E+14   0.2836177395771E-18
  0.1230780000000E+14   0.2758173664004E-18
  0.1261690000000E+14   0.2677491654352E-18
  0.1293370000000E+14   0.2602652709404E-18
  0.1325850000000E+14   0.2526103709107E-18
  0.1359150000000E+14   0.2450855795934E-18
  0.1393280000000E+14   0.2375933289628E-18
  0.1428260000000E+14   0.2301461653290E-18
  0.1464130000000E+14   0.2232017506412E-18
  0.1500900000000E+14   0.2160482757130E-18
  0.1538590000000E+14   0.2077788396191E-18
  0.1577220000000E+14   0.1995006865096E-18
  0.1616830000000E+14   0.1884190753981E-18
  0.1657430000000E+14   0.1762009814140E-18
  0.1699050000000E+14   0.1637261850068E-18
  0.1741720000000E+14   0.1495929303605E-18
  0.1785460000000E+14   0.1366077479611E-18
  0.1830290000000E+14   0.1235633024402E-18
  0.1876260000000E+14   0.1116242677522E-18
  0.1923370000000E+14   0.1011761232233E-18
  0.1971670000000E+14   0.9191203195659E-19
  0.2021180000000E+14   0.8400930969276E-19
  0.2071940000000E+14   0.7785144858598E-19
  0.2123970000000E+14   0.7237347333703E-19
  0.2177310000000E+14   0.7118985420560E-19
  0.2231980000000E+14   0.6994809862758E-19
  0.2288030000000E+14   0.6981210825798E-19
  0.2345490000000E+14   0.6987855750531E-19
  0.2404390000000E+14   0.6997921247359E-19
  0.2464770000000E+14   0.7028071306986E-19
  0.2526660000000E+14   0.7029200191495E-19
  0.2590110000000E+14   0.7037965778229E-19
  0.2655150000000E+14   0.7020986653894E-19
  0.2721830000000E+14   0.7038099398453E-19
  0.2790180000000E+14   0.7047401921544E-19
  0.2860240000000E+14   0.7017535401005E-19
  0.2932070000000E+14   0.6952521770302E-19
  0.3005700000000E+14   0.6878632076256E-19
  0.3081180000000E+14   0.6751358427436E-19
  0.3158550000000E+14   0.6636935605538E-19
  0.3237870000000E+14   0.6332575384769E-19
  0.3319170000000E+14   0.6002874451806E-19
  0.3402530000000E+14   0.5711993611455E-19
  0.3487970000000E+14   0.5452142935787E-19
  0.3575560000000E+14   0.5211202206455E-19
  0.3665350000000E+14   0.4988680185193E-19
  0.3757390000000E+14   0.4751665400498E-19
  0.3851740000000E+14   0.4605425648869E-19
  0.3948470000000E+14   0.4475586996201E-19
  0.4047620000000E+14   0.4393921649467E-19
  0.4149260000000E+14   0.4387053322687E-19
  0.4253460000000E+14   0.4381716625473E-19
  0.4360270000000E+14   0.4401824945807E-19
  0.4469770000000E+14   0.4419603880260E-19
  0.4582010000000E+14   0.4435131096929E-19
  0.4697070000000E+14   0.4447938936371E-19
  0.4815020000000E+14   0.4456708275827E-19
  0.4935940000000E+14   0.4461292467631E-19
  0.5059890000000E+14   0.4462750612387E-19
  0.5186950000000E+14   0.4461553087215E-19
  0.5317200000000E+14   0.4457029797646E-19
  0.5450730000000E+14   0.4450587225151E-19
  0.6258450000000E+14   0.4368087959149E-19
  0.7185870000000E+14   0.4226494062979E-19
  0.8250720000000E+14   0.4069372257352E-19
  0.9473370000000E+14   0.3968051224321E-19
  0.1087720000000E+15   0.3990872326562E-19
  0.1248910000000E+15   0.4174494695837E-19
  0.1433980000000E+15   0.4505452135664E-19
  0.1646470000000E+15   0.4923926580792E-19
  0.1890460000000E+15   0.5339472885893E-19
  0.2170600000000E+15   0.5651293452566E-19
  0.2492250000000E+15   0.5767707098346E-19
  0.2861570000000E+15   0.5620321737219E-19
  0.3285620000000E+15   0.5179089205827E-19
  0.3772500000000E+15   0.4466457902050E-19
  0.4331540000000E+15   0.3562912588175E-19
  0.4973410000000E+15   0.2594451318489E-19
  0.5710410000000E+15   0.1699101322601E-19
  0.6556610000000E+15   0.9841713496502E-20
  0.7528220000000E+15   0.4947647798014E-20
  0.8643800000000E+15   0.2113133033017E-20
  0.9924690000000E+15   0.7483052208015E-21
  0.1139540000000E+16   0.2136751829853E-21
  0.1308400000000E+16   0.4765588272638E-22
  0.1502290000000E+16   0.8002210904600E-23
  0.1724910000000E+16   0.9700646011846E-24
  0.1980520000000E+16   0.8089224543286E-25
  0.2274010000000E+16   0.4389828175212E-26
  0.2610990000000E+16   0.1454756636692E-27
  0.2997900000000E+16   0.2736626669543E-29
