mstar = 0.8595 Msun, Rstar = 1.7809 Rsun, Tstar = 4425.4, mdisk = 0.0076239 Msun, Rc = 30.911 AU, Rin = 0.0488 AU, Rout = 92.003 AU, inclination = 45 degree, powerlaw = -1 
         130
  
  0.2997900000000E+11   0.7516192310654E-23
  0.3951060000000E+11   0.1691335313910E-22
  0.5207280000000E+11   0.3791313463187E-22
  0.6862910000000E+11   0.8457624544604E-22
  0.9044930000000E+11   0.1875148268613E-21
  0.1192070000000E+12   0.4124718704773E-21
  0.1571080000000E+12   0.8980980401412E-21
  0.2070600000000E+12   0.1929694505957E-20
  0.2728930000000E+12   0.4074840717128E-20
  0.3596580000000E+12   0.8911926795369E-20
  0.4740100000000E+12   0.2132383446465E-19
  0.6247180000000E+12   0.4810014142040E-19
  0.8233440000000E+12   0.9937209835864E-19
  0.1085120000000E+13   0.1821116217274E-18
  0.1430130000000E+13   0.2873322113095E-18
  0.1884830000000E+13   0.3877745228077E-18
  0.2484100000000E+13   0.4620116913782E-18
  0.3273910000000E+13   0.5073377874056E-18
  0.4314820000000E+13   0.5230365450018E-18
  0.5686700000000E+13   0.5038805246917E-18
  0.7494750000000E+13   0.4448931913706E-18
  0.7682960000000E+13   0.4376972940421E-18
  0.7875890000000E+13   0.4300689138274E-18
  0.8073670000000E+13   0.4219661969305E-18
  0.8276410000000E+13   0.4134437413059E-18
  0.8484250000000E+13   0.4046237847741E-18
  0.8697300000000E+13   0.3961829468461E-18
  0.8915700000000E+13   0.3873200406355E-18
  0.9139590000000E+13   0.3790398252225E-18
  0.9369100000000E+13   0.3705308416157E-18
  0.9604380000000E+13   0.3621852586732E-18
  0.9845560000000E+13   0.3539812720044E-18
  0.1009280000000E+14   0.3454651628628E-18
  0.1034620000000E+14   0.3369964487939E-18
  0.1060610000000E+14   0.3281858540169E-18
  0.1087240000000E+14   0.3199310737465E-18
  0.1114540000000E+14   0.3114948330448E-18
  0.1142530000000E+14   0.3032509154928E-18
  0.1171220000000E+14   0.2951093909662E-18
  0.1200630000000E+14   0.2867986636474E-18
  0.1230780000000E+14   0.2785798192096E-18
  0.1261690000000E+14   0.2701784315696E-18
  0.1293370000000E+14   0.2625189497010E-18
  0.1325850000000E+14   0.2547773482956E-18
  0.1359150000000E+14   0.2472783630761E-18
  0.1393280000000E+14   0.2399124181429E-18
  0.1428260000000E+14   0.2326931257446E-18
  0.1464130000000E+14   0.2261111502038E-18
  0.1500900000000E+14   0.2193932554306E-18
  0.1538590000000E+14   0.2115587297558E-18
  0.1577220000000E+14   0.2037946277414E-18
  0.1616830000000E+14   0.1930868216807E-18
  0.1657430000000E+14   0.1812319466898E-18
  0.1699050000000E+14   0.1691702958626E-18
  0.1741720000000E+14   0.1554079675439E-18
  0.1785460000000E+14   0.1428987346797E-18
  0.1830290000000E+14   0.1303431125474E-18
  0.1876260000000E+14   0.1189175612162E-18
  0.1923370000000E+14   0.1089796173678E-18
  0.1971670000000E+14   0.1001752740118E-18
  0.2021180000000E+14   0.9270752988711E-19
  0.2071940000000E+14   0.8698683729254E-19
  0.2123970000000E+14   0.8185964183921E-19
  0.2177310000000E+14   0.8143629920332E-19
  0.2231980000000E+14   0.8094912774981E-19
  0.2288030000000E+14   0.8177805225028E-19
  0.2345490000000E+14   0.8291261859375E-19
  0.2404390000000E+14   0.8416446280785E-19
  0.2464770000000E+14   0.8568484554325E-19
  0.2526660000000E+14   0.8687354200466E-19
  0.2590110000000E+14   0.8820252213508E-19
  0.2655150000000E+14   0.8922148554829E-19
  0.2721830000000E+14   0.9078434893997E-19
  0.2790180000000E+14   0.9231727529072E-19
  0.2860240000000E+14   0.9331582863372E-19
  0.2932070000000E+14   0.9375304076949E-19
  0.3005700000000E+14   0.9399848548529E-19
  0.3081180000000E+14   0.9321342718771E-19
  0.3158550000000E+14   0.9248514651048E-19
  0.3237870000000E+14   0.8779895069506E-19
  0.3319170000000E+14   0.8199412144611E-19
  0.3402530000000E+14   0.7633790589122E-19
  0.3487970000000E+14   0.7061418437471E-19
  0.3575560000000E+14   0.6439025797672E-19
  0.3665350000000E+14   0.5787930741391E-19
  0.3757390000000E+14   0.5045030594333E-19
  0.3851740000000E+14   0.4571732988226E-19
  0.3948470000000E+14   0.4181319633324E-19
  0.4047620000000E+14   0.3923061849784E-19
  0.4149260000000E+14   0.3829123316710E-19
  0.4253460000000E+14   0.3747842282750E-19
  0.4360270000000E+14   0.3724555059434E-19
  0.4469770000000E+14   0.3704583902678E-19
  0.4582010000000E+14   0.3688761040225E-19
  0.4697070000000E+14   0.3676625645614E-19
  0.4815020000000E+14   0.3666356181348E-19
  0.4935940000000E+14   0.3658161195015E-19
  0.5059890000000E+14   0.3653759926786E-19
  0.5186950000000E+14   0.3653977063034E-19
  0.5317200000000E+14   0.3658202495906E-19
  0.5450730000000E+14   0.3668848235708E-19
  0.6258450000000E+14   0.3817482129521E-19
  0.7185870000000E+14   0.4109237733503E-19
  0.8250720000000E+14   0.4524297487241E-19
  0.9473370000000E+14   0.5045227663541E-19
  0.1087720000000E+15   0.5644198013727E-19
  0.1248910000000E+15   0.6284261568545E-19
  0.1433980000000E+15   0.6923076256338E-19
  0.1646470000000E+15   0.7517625282314E-19
  0.1890460000000E+15   0.8023286646641E-19
  0.2170600000000E+15   0.8377782717062E-19
  0.2492250000000E+15   0.8507329421566E-19
  0.2861570000000E+15   0.8327441088012E-19
  0.3285620000000E+15   0.7773169432737E-19
  0.3772500000000E+15   0.6836974088857E-19
  0.4331540000000E+15   0.5594124585680E-19
  0.4973410000000E+15   0.4200236645316E-19
  0.5710410000000E+15   0.2851374978156E-19
  0.6556610000000E+15   0.1721873956110E-19
  0.7528220000000E+15   0.9082386632652E-20
  0.8643800000000E+15   0.4099591538673E-20
  0.9924690000000E+15   0.1546969948614E-20
  0.1139540000000E+16   0.4751679406274E-21
  0.1308400000000E+16   0.1152369855797E-21
  0.1502290000000E+16   0.2130389774519E-22
  0.1724910000000E+16   0.2884129763085E-23
  0.1980520000000E+16   0.2730209764936E-24
  0.2274010000000E+16   0.1713859855417E-25
  0.2610990000000E+16   0.6713119442841E-27
  0.2997900000000E+16   0.1530079874578E-28
