mstar = 0.3234 Msun, Rstar = 1.3634 Rsun, Tstar = 4075.1, mdisk = 0.0035511 Msun, Rc = 15.712 AU, Rin = 0.0539 AU, Rout = 80.553 AU, inclination = 45 degree, powerlaw = -1 
         130
  
  0.2997900000000E+11   0.4094462466764E-23
  0.3951060000000E+11   0.9173499406241E-23
  0.5207280000000E+11   0.2045723580990E-22
  0.6862910000000E+11   0.4536055980747E-22
  0.9044930000000E+11   0.9986999254141E-22
  0.1192070000000E+12   0.2179468024339E-21
  0.1571080000000E+12   0.4703515901977E-21
  0.2070600000000E+12   0.1000771604740E-20
  0.2728930000000E+12   0.2091036608233E-20
  0.3596580000000E+12   0.4498140533165E-20
  0.4740100000000E+12   0.1040623759791E-19
  0.6247180000000E+12   0.2250668447061E-19
  0.8233440000000E+12   0.4428524558905E-19
  0.1085120000000E+13   0.7740715033477E-19
  0.1430130000000E+13   0.1190696882845E-18
  0.1884830000000E+13   0.1640179613465E-18
  0.2484100000000E+13   0.2079396529181E-18
  0.3273910000000E+13   0.2453838548314E-18
  0.4314820000000E+13   0.2705052823460E-18
  0.5686700000000E+13   0.2775195889820E-18
  0.7494750000000E+13   0.2607097128629E-18
  0.7682960000000E+13   0.2579402046163E-18
  0.7875890000000E+13   0.2548896709772E-18
  0.8073670000000E+13   0.2515324448645E-18
  0.8276410000000E+13   0.2478920341488E-18
  0.8484250000000E+13   0.2440293686274E-18
  0.8697300000000E+13   0.2403020525989E-18
  0.8915700000000E+13   0.2362862177974E-18
  0.9139590000000E+13   0.2325186188823E-18
  0.9369100000000E+13   0.2285657337673E-18
  0.9604380000000E+13   0.2246374264208E-18
  0.9845560000000E+13   0.2207227196197E-18
  0.1009280000000E+14   0.2165722134218E-18
  0.1034620000000E+14   0.2123834207334E-18
  0.1060610000000E+14   0.2079382072548E-18
  0.1087240000000E+14   0.2037381120933E-18
  0.1114540000000E+14   0.1993708024922E-18
  0.1142530000000E+14   0.1950455621501E-18
  0.1171220000000E+14   0.1907152728023E-18
  0.1200630000000E+14   0.1862243249111E-18
  0.1230780000000E+14   0.1817219561528E-18
  0.1261690000000E+14   0.1770478541498E-18
  0.1293370000000E+14   0.1727371404126E-18
  0.1325850000000E+14   0.1683135593327E-18
  0.1359150000000E+14   0.1639669724462E-18
  0.1393280000000E+14   0.1596351441219E-18
  0.1428260000000E+14   0.1553251855404E-18
  0.1464130000000E+14   0.1513287181591E-18
  0.1500900000000E+14   0.1471901672506E-18
  0.1538590000000E+14   0.1423249605327E-18
  0.1577220000000E+14   0.1374371689308E-18
  0.1616830000000E+14   0.1307171142929E-18
  0.1657430000000E+14   0.1232221208944E-18
  0.1699050000000E+14   0.1155101935840E-18
  0.1741720000000E+14   0.1066513213733E-18
  0.1785460000000E+14   0.9847024968369E-19
  0.1830290000000E+14   0.9016285503352E-19
  0.1876260000000E+14   0.8248195926415E-19
  0.1923370000000E+14   0.7568854172112E-19
  0.1971670000000E+14   0.6957162049115E-19
  0.2021180000000E+14   0.6426215606017E-19
  0.2071940000000E+14   0.6005288814823E-19
  0.2123970000000E+14   0.5621190336473E-19
  0.2177310000000E+14   0.5541293390982E-19
  0.2231980000000E+14   0.5454212399801E-19
  0.2288030000000E+14   0.5447282186685E-19
  0.2345490000000E+14   0.5454718518026E-19
  0.2404390000000E+14   0.5463641743007E-19
  0.2464770000000E+14   0.5487907185252E-19
  0.2526660000000E+14   0.5489211466318E-19
  0.2590110000000E+14   0.5496019729092E-19
  0.2655150000000E+14   0.5481599844507E-19
  0.2721830000000E+14   0.5495568152612E-19
  0.2790180000000E+14   0.5503211724246E-19
  0.2860240000000E+14   0.5476902493697E-19
  0.2932070000000E+14   0.5417305202002E-19
  0.3005700000000E+14   0.5346083974779E-19
  0.3081180000000E+14   0.5218530877111E-19
  0.3158550000000E+14   0.5095553108554E-19
  0.3237870000000E+14   0.4765981578177E-19
  0.3319170000000E+14   0.4387997012278E-19
  0.3402530000000E+14   0.4029391636294E-19
  0.3487970000000E+14   0.3686335235653E-19
  0.3575560000000E+14   0.3351110055424E-19
  0.3665350000000E+14   0.3027404893617E-19
  0.3757390000000E+14   0.2683795256197E-19
  0.3851740000000E+14   0.2448330262363E-19
  0.3948470000000E+14   0.2243571949480E-19
  0.4047620000000E+14   0.2103273392039E-19
  0.4149260000000E+14   0.2051774046439E-19
  0.4253460000000E+14   0.2009522004201E-19
  0.4360270000000E+14   0.1998455343511E-19
  0.4469770000000E+14   0.1990935493737E-19
  0.4582010000000E+14   0.1987219834876E-19
  0.4697070000000E+14   0.1986955743520E-19
  0.4815020000000E+14   0.1989202011383E-19
  0.4935940000000E+14   0.1993947443442E-19
  0.5059890000000E+14   0.2001993278227E-19
  0.5186950000000E+14   0.2013625979669E-19
  0.5317200000000E+14   0.2028138441972E-19
  0.5450730000000E+14   0.2046382990330E-19
  0.6258450000000E+14   0.2196089460708E-19
  0.7185870000000E+14   0.2403826597602E-19
  0.8250720000000E+14   0.2636345486559E-19
  0.9473370000000E+14   0.2871261281504E-19
  0.1087720000000E+15   0.3095032689369E-19
  0.1248910000000E+15   0.3303035606453E-19
  0.1433980000000E+15   0.3494191290198E-19
  0.1646470000000E+15   0.3666050118625E-19
  0.1890460000000E+15   0.3806813963075E-19
  0.2170600000000E+15   0.3884749216274E-19
  0.2492250000000E+15   0.3855720761294E-19
  0.2861570000000E+15   0.3674564752521E-19
  0.3285620000000E+15   0.3317870098238E-19
  0.3772500000000E+15   0.2801103263332E-19
  0.4331540000000E+15   0.2181677311339E-19
  0.4973410000000E+15   0.1545545690624E-19
  0.5710410000000E+15   0.9804847492898E-20
  0.6556610000000E+15   0.5474531759443E-20
  0.7528220000000E+15   0.2638223320937E-20
  0.8643800000000E+15   0.1073307754153E-20
  0.9924690000000E+15   0.3594388045156E-21
  0.1139540000000E+16   0.9625989775684E-22
  0.1308400000000E+16   0.1994472474875E-22
  0.1502290000000E+16   0.3077528277458E-23
  0.1724910000000E+16   0.3385587677538E-24
  0.1980520000000E+16   0.2525397353225E-25
  0.2274010000000E+16   0.1205836107362E-26
  0.2610990000000E+16   0.3449924820879E-28
  0.2997900000000E+16   0.5482230884983E-30
