mstar = 0.4458 Msun, Rstar = 2.2642 Rsun, Tstar = 4631.5, mdisk = 0.0082747 Msun, Rc = 37.938 AU, Rin = 0.1064 AU, Rout = 89.468 AU, inclination = 45 degree, powerlaw = -1 
         130
  
  0.2997900000000E+11   0.1067144592630E-22
  0.3951060000000E+11   0.2410422743946E-22
  0.5207280000000E+11   0.5426441012982E-22
  0.6862910000000E+11   0.1216580395138E-21
  0.9044930000000E+11   0.2713467633137E-21
  0.1192070000000E+12   0.6012963105057E-21
  0.1571080000000E+12   0.1321516616547E-20
  0.2070600000000E+12   0.2873791112401E-20
  0.2728930000000E+12   0.6164053100002E-20
  0.3596580000000E+12   0.1377834092550E-19
  0.4740100000000E+12   0.3408097338917E-19
  0.6247180000000E+12   0.8055798639725E-19
  0.8233440000000E+12   0.1776764586016E-18
  0.1085120000000E+13   0.3555306956975E-18
  0.1430130000000E+13   0.6252199721242E-18
  0.1884830000000E+13   0.9463930276935E-18
  0.2484100000000E+13   0.1244312869766E-17
  0.3273910000000E+13   0.1479183451552E-17
  0.4314820000000E+13   0.1641438930211E-17
  0.5686700000000E+13   0.1699934851271E-17
  0.7494750000000E+13   0.1613097502140E-17
  0.7682960000000E+13   0.1597295050221E-17
  0.7875890000000E+13   0.1579707177691E-17
  0.8073670000000E+13   0.1560170356672E-17
  0.8276410000000E+13   0.1538815121273E-17
  0.8484250000000E+13   0.1516001417548E-17
  0.8697300000000E+13   0.1493876499638E-17
  0.8915700000000E+13   0.1469888006553E-17
  0.9139590000000E+13   0.1447269947890E-17
  0.9369100000000E+13   0.1423410681694E-17
  0.9604380000000E+13   0.1399576678708E-17
  0.9845560000000E+13   0.1375702812446E-17
  0.1009280000000E+14   0.1350287698312E-17
  0.1034620000000E+14   0.1324517606247E-17
  0.1060610000000E+14   0.1297070814340E-17
  0.1087240000000E+14   0.1271000141017E-17
  0.1114540000000E+14   0.1243804265247E-17
  0.1142530000000E+14   0.1216760246814E-17
  0.1171220000000E+14   0.1189588170812E-17
  0.1200630000000E+14   0.1161332102692E-17
  0.1230780000000E+14   0.1132912151178E-17
  0.1261690000000E+14   0.1103337826104E-17
  0.1293370000000E+14   0.1075927317961E-17
  0.1325850000000E+14   0.1047738611995E-17
  0.1359150000000E+14   0.1019957263492E-17
  0.1393280000000E+14   0.9921927543938E-18
  0.1428260000000E+14   0.9644930608323E-18
  0.1464130000000E+14   0.9386961005149E-18
  0.1500900000000E+14   0.9119490679446E-18
  0.1538590000000E+14   0.8805435222874E-18
  0.1577220000000E+14   0.8489055996993E-18
  0.1616830000000E+14   0.8055080869904E-18
  0.1657430000000E+14   0.7569799769039E-18
  0.1699050000000E+14   0.7068428852914E-18
  0.1741720000000E+14   0.6491059794387E-18
  0.1785460000000E+14   0.5954738145995E-18
  0.1830290000000E+14   0.5408067015277E-18
  0.1876260000000E+14   0.4900753281089E-18
  0.1923370000000E+14   0.4450162418127E-18
  0.1971670000000E+14   0.4043877805176E-18
  0.2021180000000E+14   0.3690907448335E-18
  0.2071940000000E+14   0.3410251309968E-18
  0.2123970000000E+14   0.3154812206316E-18
  0.2177310000000E+14   0.3095136924724E-18
  0.2231980000000E+14   0.3031355947755E-18
  0.2288030000000E+14   0.3019369410550E-18
  0.2345490000000E+14   0.3017043723959E-18
  0.2404390000000E+14   0.3016578345879E-18
  0.2464770000000E+14   0.3026360611857E-18
  0.2526660000000E+14   0.3021689334744E-18
  0.2590110000000E+14   0.3020968124853E-18
  0.2655150000000E+14   0.3006954915272E-18
  0.2721830000000E+14   0.3011292417803E-18
  0.2790180000000E+14   0.3011806511602E-18
  0.2860240000000E+14   0.2990455097789E-18
  0.2932070000000E+14   0.2948151440923E-18
  0.3005700000000E+14   0.2898762397519E-18
  0.3081180000000E+14   0.2814324074671E-18
  0.3158550000000E+14   0.2733502691089E-18
  0.3237870000000E+14   0.2525418456421E-18
  0.3319170000000E+14   0.2289866194999E-18
  0.3402530000000E+14   0.2068984697891E-18
  0.3487970000000E+14   0.1861346562184E-18
  0.3575560000000E+14   0.1662028917950E-18
  0.3665350000000E+14   0.1476748821829E-18
  0.3757390000000E+14   0.1290444481090E-18
  0.3851740000000E+14   0.1168254912670E-18
  0.3948470000000E+14   0.1063654363629E-18
  0.4047620000000E+14   0.9921441458480E-19
  0.4149260000000E+14   0.9644741987950E-19
  0.4253460000000E+14   0.9410310651485E-19
  0.4360270000000E+14   0.9330297037832E-19
  0.4469770000000E+14   0.9265102249183E-19
  0.4582010000000E+14   0.9215726927716E-19
  0.4697070000000E+14   0.9180410078653E-19
  0.4815020000000E+14   0.9154212926594E-19
  0.4935940000000E+14   0.9137019373557E-19
  0.5059890000000E+14   0.9133056332732E-19
  0.5186950000000E+14   0.9143959654134E-19
  0.5317200000000E+14   0.9166281550528E-19
  0.5450730000000E+14   0.9204803924237E-19
  0.6258450000000E+14   0.9619372905303E-19
  0.7185870000000E+14   0.1027138686143E-18
  0.8250720000000E+14   0.1101122840427E-18
  0.9473370000000E+14   0.1173844487429E-18
  0.1087720000000E+15   0.1239775034071E-18
  0.1248910000000E+15   0.1298936708237E-18
  0.1433980000000E+15   0.1354857552445E-18
  0.1646470000000E+15   0.1412307735178E-18
  0.1890460000000E+15   0.1472989268306E-18
  0.2170600000000E+15   0.1528570090039E-18
  0.2492250000000E+15   0.1562348230420E-18
  0.2861570000000E+15   0.1551566152762E-18
  0.3285620000000E+15   0.1476262057061E-18
  0.3772500000000E+15   0.1327988946203E-18
  0.4331540000000E+15   0.1114961808332E-18
  0.4973410000000E+15   0.8622816064997E-19
  0.5710410000000E+15   0.6056071015041E-19
  0.6556610000000E+15   0.3802115990860E-19
  0.7528220000000E+15   0.2095248466948E-19
  0.8643800000000E+15   0.9949752203624E-20
  0.9924690000000E+15   0.3988278931582E-20
  0.1139540000000E+16   0.1309120523933E-20
  0.1308400000000E+16   0.3447940463294E-21
  0.1502290000000E+16   0.7018398913511E-22
  0.1724910000000E+16   0.1061325112121E-22
  0.1980520000000E+16   0.1135982248737E-23
  0.2274010000000E+16   0.8217904882330E-25
  0.2610990000000E+16   0.3788054069969E-26
  0.2997900000000E+16   0.1040772114452E-27
