mstar = 0.5709 Msun, Rstar = 4.3347 Rsun, Tstar = 3248.8, mdisk = 0.0026522 Msun, Rc = 17.46 AU, Rin = 0.2531 AU, Rout = 81.992 AU, inclination = 45 degree, powerlaw = -1 
         130
  
  0.2997900000000E+11   0.4002141189248E-23
  0.3951060000000E+11   0.9039397373926E-23
  0.5207280000000E+11   0.2035302245270E-22
  0.6862910000000E+11   0.4563607905309E-22
  0.9044930000000E+11   0.1017749192933E-21
  0.1192070000000E+12   0.2254132300401E-21
  0.1571080000000E+12   0.4949165159641E-21
  0.2070600000000E+12   0.1074734765408E-20
  0.2728930000000E+12   0.2301494927766E-20
  0.3596580000000E+12   0.5124138299060E-20
  0.4740100000000E+12   0.1252447241326E-19
  0.6247180000000E+12   0.2912643625915E-19
  0.8233440000000E+12   0.6295329077606E-19
  0.1085120000000E+13   0.1233250349208E-18
  0.1430130000000E+13   0.2139104910481E-18
  0.1884830000000E+13   0.3263727148245E-18
  0.2484100000000E+13   0.4467070065260E-18
  0.3273910000000E+13   0.5639858858126E-18
  0.4314820000000E+13   0.6651078416365E-18
  0.5686700000000E+13   0.7315678575743E-18
  0.7494750000000E+13   0.7415850621781E-18
  0.7682960000000E+13   0.7390644873615E-18
  0.7875890000000E+13   0.7357407076210E-18
  0.8073670000000E+13   0.7315279819284E-18
  0.8276410000000E+13   0.7264634548261E-18
  0.8484250000000E+13   0.7206861720320E-18
  0.8697300000000E+13   0.7151303970836E-18
  0.8915700000000E+13   0.7086637877584E-18
  0.9139590000000E+13   0.7027250837626E-18
  0.9369100000000E+13   0.6961383687883E-18
  0.9604380000000E+13   0.6894696638073E-18
  0.9845560000000E+13   0.6826864434178E-18
  0.1009280000000E+14   0.6750821301473E-18
  0.1034620000000E+14   0.6671946736855E-18
  0.1060610000000E+14   0.6583859353239E-18
  0.1087240000000E+14   0.6500960073990E-18
  0.1114540000000E+14   0.6411184163716E-18
  0.1142530000000E+14   0.6320615778041E-18
  0.1171220000000E+14   0.6227763580918E-18
  0.1200630000000E+14   0.6127752352588E-18
  0.1230780000000E+14   0.6024978741340E-18
  0.1261690000000E+14   0.5914254555540E-18
  0.1293370000000E+14   0.5812491469362E-18
  0.1325850000000E+14   0.5704525085517E-18
  0.1359150000000E+14   0.5596391634829E-18
  0.1393280000000E+14   0.5485989625567E-18
  0.1428260000000E+14   0.5373469292046E-18
  0.1464130000000E+14   0.5268707998719E-18
  0.1500900000000E+14   0.5156266243169E-18
  0.1538590000000E+14   0.5015579222931E-18
  0.1577220000000E+14   0.4870563027089E-18
  0.1616830000000E+14   0.4656905341563E-18
  0.1657430000000E+14   0.4410661045270E-18
  0.1699050000000E+14   0.4151446224396E-18
  0.1741720000000E+14   0.3845445164478E-18
  0.1785460000000E+14   0.3559132767756E-18
  0.1830290000000E+14   0.3263960377447E-18
  0.1876260000000E+14   0.2988690404166E-18
  0.1923370000000E+14   0.2743985358083E-18
  0.1971670000000E+14   0.2523355825116E-18
  0.2021180000000E+14   0.2332582738020E-18
  0.2071940000000E+14   0.2183153724663E-18
  0.2123970000000E+14   0.2048375842584E-18
  0.2177310000000E+14   0.2025935764903E-18
  0.2231980000000E+14   0.2000952089649E-18
  0.2288030000000E+14   0.2004947772597E-18
  0.2345490000000E+14   0.2013700546825E-18
  0.2404390000000E+14   0.2022542638451E-18
  0.2464770000000E+14   0.2036037666277E-18
  0.2526660000000E+14   0.2040835627430E-18
  0.2590110000000E+14   0.2046871351800E-18
  0.2655150000000E+14   0.2045175227708E-18
  0.2721830000000E+14   0.2052101578793E-18
  0.2790180000000E+14   0.2056247227194E-18
  0.2860240000000E+14   0.2049053715205E-18
  0.2932070000000E+14   0.2031631453588E-18
  0.3005700000000E+14   0.2011217165776E-18
  0.3081180000000E+14   0.1975625947211E-18
  0.3158550000000E+14   0.1943280980504E-18
  0.3237870000000E+14   0.1858539149655E-18
  0.3319170000000E+14   0.1767587393613E-18
  0.3402530000000E+14   0.1688489223673E-18
  0.3487970000000E+14   0.1619262275339E-18
  0.3575560000000E+14   0.1557149494390E-18
  0.3665350000000E+14   0.1502170678201E-18
  0.3757390000000E+14   0.1444547574346E-18
  0.3851740000000E+14   0.1410286805523E-18
  0.3948470000000E+14   0.1378553469313E-18
  0.4047620000000E+14   0.1359555800592E-18
  0.4149260000000E+14   0.1365487512610E-18
  0.4253460000000E+14   0.1372753324430E-18
  0.4360270000000E+14   0.1389749691400E-18
  0.4469770000000E+14   0.1406832129950E-18
  0.4582010000000E+14   0.1424020506167E-18
  0.4697070000000E+14   0.1441134637197E-18
  0.4815020000000E+14   0.1457708823737E-18
  0.4935940000000E+14   0.1473670144607E-18
  0.5059890000000E+14   0.1489335480594E-18
  0.5186950000000E+14   0.1504827510913E-18
  0.5317200000000E+14   0.1519857728738E-18
  0.5450730000000E+14   0.1534863313907E-18
  0.6258450000000E+14   0.1610897851893E-18
  0.7185870000000E+14   0.1671042806249E-18
  0.8250720000000E+14   0.1714675731454E-18
  0.9473370000000E+14   0.1751012512379E-18
  0.1087720000000E+15   0.1792374896174E-18
  0.1248910000000E+15   0.1846633774624E-18
  0.1433980000000E+15   0.1909434116680E-18
  0.1646470000000E+15   0.1962169231843E-18
  0.1890460000000E+15   0.1975590566502E-18
  0.2170600000000E+15   0.1919006640413E-18
  0.2492250000000E+15   0.1772803831320E-18
  0.2861570000000E+15   0.1537143586246E-18
  0.3285620000000E+15   0.1234915143233E-18
  0.3772500000000E+15   0.9068848904199E-19
  0.4331540000000E+15   0.5998054155669E-19
  0.4973410000000E+15   0.3514100005320E-19
  0.5710410000000E+15   0.1789989848117E-19
  0.6556610000000E+15   0.7761468992201E-20
  0.7528220000000E+15   0.2796609429459E-20
  0.8643800000000E+15   0.8146467719831E-21
  0.9924690000000E+15   0.1858909415036E-21
  0.1139540000000E+16   0.3204568622368E-22
  0.1308400000000E+16   0.4003978382447E-23
  0.1502290000000E+16   0.3456538838708E-24
  0.1724910000000E+16   0.1951969502398E-25
  0.1980520000000E+16   0.6771128182928E-27
  0.2274010000000E+16   0.1342249647739E-28
  0.2610990000000E+16   0.1399569639206E-30
  0.2997900000000E+16   0.6979638225085E-33
