mstar = 0.2937 Msun, Rstar = 2.8521 Rsun, Tstar = 3437.9, mdisk = 0.0026517 Msun, Rc = 67.073 AU, Rin = 0.0653 AU, Rout = 172.997 AU, inclination = 45 degree, powerlaw = -1 
         130
  
  0.2997900000000E+11   0.2991474949852E-23
  0.3951060000000E+11   0.6792765858227E-23
  0.5207280000000E+11   0.1539364790974E-22
  0.6862910000000E+11   0.3478956059809E-22
  0.9044930000000E+11   0.7833572606430E-22
  0.1192070000000E+12   0.1755302222802E-21
  0.1571080000000E+12   0.3907938573067E-21
  0.2070600000000E+12   0.8626743085165E-21
  0.2728930000000E+12   0.1882976327853E-20
  0.3596580000000E+12   0.4326666840249E-20
  0.4740100000000E+12   0.1131665527882E-19
  0.6247180000000E+12   0.2893178769815E-19
  0.8233440000000E+12   0.7112367573379E-19
  0.1085120000000E+13   0.1648517713229E-18
  0.1430130000000E+13   0.3498839909887E-18
  0.1884830000000E+13   0.6553992912698E-18
  0.2484100000000E+13   0.1034708773792E-17
  0.3273910000000E+13   0.1315274038092E-17
  0.4314820000000E+13   0.1341180006340E-17
  0.5686700000000E+13   0.1178250959368E-17
  0.7494750000000E+13   0.9602769521424E-18
  0.7682960000000E+13   0.9390522649051E-18
  0.7875890000000E+13   0.9172322931490E-18
  0.8073670000000E+13   0.8947215120600E-18
  0.8276410000000E+13   0.8716244355565E-18
  0.8484250000000E+13   0.8481874146093E-18
  0.8697300000000E+13   0.8257604811387E-18
  0.8915700000000E+13   0.8027318915424E-18
  0.9139590000000E+13   0.7810849350875E-18
  0.9369100000000E+13   0.7592080915261E-18
  0.9604380000000E+13   0.7378591976942E-18
  0.9845560000000E+13   0.7169859758289E-18
  0.1009280000000E+14   0.6957248337236E-18
  0.1034620000000E+14   0.6747708263865E-18
  0.1060610000000E+14   0.6533946136964E-18
  0.1087240000000E+14   0.6332839399358E-18
  0.1114540000000E+14   0.6130619387749E-18
  0.1142530000000E+14   0.5934185192961E-18
  0.1171220000000E+14   0.5741988534640E-18
  0.1200630000000E+14   0.5549134195934E-18
  0.1230780000000E+14   0.5360382939061E-18
  0.1261690000000E+14   0.5170827439435E-18
  0.1293370000000E+14   0.4996736168917E-18
  0.1325850000000E+14   0.4823469512044E-18
  0.1359150000000E+14   0.4656675267971E-18
  0.1393280000000E+14   0.4494380218186E-18
  0.1428260000000E+14   0.4336687924894E-18
  0.1464130000000E+14   0.4191815577384E-18
  0.1500900000000E+14   0.4046497550885E-18
  0.1538590000000E+14   0.3884206835693E-18
  0.1577220000000E+14   0.3724957166966E-18
  0.1616830000000E+14   0.3518137397447E-18
  0.1657430000000E+14   0.3293603368988E-18
  0.1699050000000E+14   0.3066669272880E-18
  0.1741720000000E+14   0.2811423913059E-18
  0.1785460000000E+14   0.2577794487490E-18
  0.1830290000000E+14   0.2343289488193E-18
  0.1876260000000E+14   0.2128277864346E-18
  0.1923370000000E+14   0.1939373956584E-18
  0.1971670000000E+14   0.1770733363113E-18
  0.2021180000000E+14   0.1625723587949E-18
  0.2071940000000E+14   0.1511982724784E-18
  0.2123970000000E+14   0.1409468635408E-18
  0.2177310000000E+14   0.1389788653947E-18
  0.2231980000000E+14   0.1368899844563E-18
  0.2288030000000E+14   0.1370362665103E-18
  0.2345490000000E+14   0.1376408194157E-18
  0.2404390000000E+14   0.1383645377396E-18
  0.2464770000000E+14   0.1395665809106E-18
  0.2526660000000E+14   0.1402046977065E-18
  0.2590110000000E+14   0.1410541054485E-18
  0.2655150000000E+14   0.1413761811867E-18
  0.2721830000000E+14   0.1425088410485E-18
  0.2790180000000E+14   0.1435028962527E-18
  0.2860240000000E+14   0.1435929535801E-18
  0.2932070000000E+14   0.1427985580887E-18
  0.3005700000000E+14   0.1416998444637E-18
  0.3081180000000E+14   0.1391071836968E-18
  0.3158550000000E+14   0.1366560965627E-18
  0.3237870000000E+14   0.1286682605951E-18
  0.3319170000000E+14   0.1192380912602E-18
  0.3402530000000E+14   0.1101956673880E-18
  0.3487970000000E+14   0.1014189511283E-18
  0.3575560000000E+14   0.9271524094234E-19
  0.3665350000000E+14   0.8429383796057E-19
  0.3757390000000E+14   0.7538260619058E-19
  0.3851740000000E+14   0.6942235169674E-19
  0.3948470000000E+14   0.6409010336809E-19
  0.4047620000000E+14   0.6051733798420E-19
  0.4149260000000E+14   0.5937316755137E-19
  0.4253460000000E+14   0.5843414372334E-19
  0.4360270000000E+14   0.5835154046156E-19
  0.4469770000000E+14   0.5833809922398E-19
  0.4582010000000E+14   0.5840417802496E-19
  0.4697070000000E+14   0.5854216839141E-19
  0.4815020000000E+14   0.5872660223606E-19
  0.4935940000000E+14   0.5896003558084E-19
  0.5059890000000E+14   0.5926934948904E-19
  0.5186950000000E+14   0.5966650894470E-19
  0.5317200000000E+14   0.6013399761807E-19
  0.5450730000000E+14   0.6070105676712E-19
  0.6258450000000E+14   0.6521520694920E-19
  0.7185870000000E+14   0.7159285499496E-19
  0.8250720000000E+14   0.7904858239790E-19
  0.9473370000000E+14   0.8685158816984E-19
  0.1087720000000E+15   0.9425987023639E-19
  0.1248910000000E+15   0.1005946199476E-18
  0.1433980000000E+15   0.1052237864058E-18
  0.1646470000000E+15   0.1075924381231E-18
  0.1890460000000E+15   0.1072027289871E-18
  0.2170600000000E+15   0.1034323983767E-18
  0.2492250000000E+15   0.9579043292596E-19
  0.2861570000000E+15   0.8409983249187E-19
  0.3285620000000E+15   0.6895651175447E-19
  0.3772500000000E+15   0.5194229533327E-19
  0.4331540000000E+15   0.3528684944181E-19
  0.4973410000000E+15   0.2120613175555E-19
  0.5710410000000E+15   0.1103627561554E-19
  0.6556610000000E+15   0.4837361587434E-20
  0.7528220000000E+15   0.1699634531626E-20
  0.8643800000000E+15   0.4871761545245E-21
  0.9924690000000E+15   0.1174669011160E-21
  0.1139540000000E+16   0.1940519221939E-22
  0.1308400000000E+16   0.2884429876390E-23
  0.1502290000000E+16   0.3207708533913E-24
  0.1724910000000E+16   0.2432837389295E-25
  0.1980520000000E+16   0.1019275605283E-26
  0.2274010000000E+16   0.2586088611178E-28
  0.2610990000000E+16   0.3569118715592E-30
  0.2997900000000E+16   0.2449419307784E-32
