mstar = 0.6211 Msun, Rstar = 2.211 Rsun, Tstar = 3506.3, mdisk = 0.0051082 Msun, Rc = 39.241 AU, Rin = 0.0212 AU, Rout = 135.343 AU, inclination = 45 degree, powerlaw = -1 
         130
  
  0.2997900000000E+11   0.4604326515159E-23
  0.3951060000000E+11   0.1038628650426E-22
  0.5207280000000E+11   0.2335375105304E-22
  0.6862910000000E+11   0.5229429426172E-22
  0.9044930000000E+11   0.1164696564015E-21
  0.1192070000000E+12   0.2575773018119E-21
  0.1571080000000E+12   0.5643850801950E-21
  0.2070600000000E+12   0.1221532749189E-20
  0.2728930000000E+12   0.2600898999068E-20
  0.3596580000000E+12   0.5766644635763E-20
  0.4740100000000E+12   0.1421474872527E-19
  0.6247180000000E+12   0.3342332331520E-19
  0.8233440000000E+12   0.7303909048662E-19
  0.1085120000000E+13   0.1435956955336E-18
  0.1430130000000E+13   0.2435030452136E-18
  0.1884830000000E+13   0.3425819220590E-18
  0.2484100000000E+13   0.3962296749084E-18
  0.3273910000000E+13   0.3975808865735E-18
  0.4314820000000E+13   0.3753188651234E-18
  0.5686700000000E+13   0.3389883612297E-18
  0.7494750000000E+13   0.2844388129269E-18
  0.7682960000000E+13   0.2786767230278E-18
  0.7875890000000E+13   0.2727015811076E-18
  0.8073670000000E+13   0.2664910097551E-18
  0.8276410000000E+13   0.2600869244817E-18
  0.8484250000000E+13   0.2535744194329E-18
  0.8697300000000E+13   0.2473870756662E-18
  0.8915700000000E+13   0.2410148193156E-18
  0.9139590000000E+13   0.2350893502864E-18
  0.9369100000000E+13   0.2291019558108E-18
  0.9604380000000E+13   0.2232933313638E-18
  0.9845560000000E+13   0.2176477442540E-18
  0.1009280000000E+14   0.2118953076330E-18
  0.1034620000000E+14   0.2062554070083E-18
  0.1060610000000E+14   0.2004976546576E-18
  0.1087240000000E+14   0.1951501565881E-18
  0.1114540000000E+14   0.1897839095020E-18
  0.1142530000000E+14   0.1846139643252E-18
  0.1171220000000E+14   0.1795918911504E-18
  0.1200630000000E+14   0.1745618350920E-18
  0.1230780000000E+14   0.1696740607097E-18
  0.1261690000000E+14   0.1647725111937E-18
  0.1293370000000E+14   0.1603694566141E-18
  0.1325850000000E+14   0.1560031435048E-18
  0.1359150000000E+14   0.1518510984801E-18
  0.1393280000000E+14   0.1478507758141E-18
  0.1428260000000E+14   0.1440023931471E-18
  0.1464130000000E+14   0.1405663175335E-18
  0.1500900000000E+14   0.1371259843326E-18
  0.1538590000000E+14   0.1331523451481E-18
  0.1577220000000E+14   0.1292795713040E-18
  0.1616830000000E+14   0.1238805728599E-18
  0.1657430000000E+14   0.1178995734632E-18
  0.1699050000000E+14   0.1118182511935E-18
  0.1741720000000E+14   0.1047775765254E-18
  0.1785460000000E+14   0.9837747105870E-19
  0.1830290000000E+14   0.9187066655707E-19
  0.1876260000000E+14   0.8591074437426E-19
  0.1923370000000E+14   0.8071429218338E-19
  0.1971670000000E+14   0.7608524435461E-19
  0.2021180000000E+14   0.7215192077984E-19
  0.2071940000000E+14   0.6920892663218E-19
  0.2123970000000E+14   0.6655961050791E-19
  0.2177310000000E+14   0.6694899590440E-19
  0.2231980000000E+14   0.6729787390318E-19
  0.2288030000000E+14   0.6852208994655E-19
  0.2345490000000E+14   0.6995312291396E-19
  0.2404390000000E+14   0.7146589852542E-19
  0.2464770000000E+14   0.7321957569904E-19
  0.2526660000000E+14   0.7478254131675E-19
  0.2590110000000E+14   0.7647198524250E-19
  0.2655150000000E+14   0.7799224107171E-19
  0.2721830000000E+14   0.7990551456740E-19
  0.2790180000000E+14   0.8183240895798E-19
  0.2860240000000E+14   0.8342536161599E-19
  0.2932070000000E+14   0.8466565493772E-19
  0.3005700000000E+14   0.8580267798051E-19
  0.3081180000000E+14   0.8621238914244E-19
  0.3158550000000E+14   0.8666695628220E-19
  0.3237870000000E+14   0.8413136189533E-19
  0.3319170000000E+14   0.8062506267449E-19
  0.3402530000000E+14   0.7710036176522E-19
  0.3487970000000E+14   0.7345344060273E-19
  0.3575560000000E+14   0.6942388895935E-19
  0.3665350000000E+14   0.6498294294833E-19
  0.3757390000000E+14   0.5877894491662E-19
  0.3851740000000E+14   0.5397796310962E-19
  0.3948470000000E+14   0.4931753499611E-19
  0.4047620000000E+14   0.4616544328627E-19
  0.4149260000000E+14   0.4522257356848E-19
  0.4253460000000E+14   0.4440958994953E-19
  0.4360270000000E+14   0.4435613861222E-19
  0.4469770000000E+14   0.4431182990740E-19
  0.4582010000000E+14   0.4428699342339E-19
  0.4697070000000E+14   0.4427576931616E-19
  0.4815020000000E+14   0.4425310342713E-19
  0.4935940000000E+14   0.4422196532661E-19
  0.5059890000000E+14   0.4421162652233E-19
  0.5186950000000E+14   0.4423503867715E-19
  0.5317200000000E+14   0.4427746922707E-19
  0.5450730000000E+14   0.4437420556742E-19
  0.6258450000000E+14   0.4550971482794E-19
  0.7185870000000E+14   0.4758932748360E-19
  0.8250720000000E+14   0.5038246844382E-19
  0.9473370000000E+14   0.5379975666508E-19
  0.1087720000000E+15   0.5768866375463E-19
  0.1248910000000E+15   0.6175093928439E-19
  0.1433980000000E+15   0.6549015239495E-19
  0.1646470000000E+15   0.6825128499910E-19
  0.1890460000000E+15   0.6931291108590E-19
  0.2170600000000E+15   0.6793904443922E-19
  0.2492250000000E+15   0.6368647315673E-19
  0.2861570000000E+15   0.5651387989683E-19
  0.3285620000000E+15   0.4693181789350E-19
  0.3772500000000E+15   0.3601100613750E-19
  0.4331540000000E+15   0.2515915349166E-19
  0.4973410000000E+15   0.1574814496063E-19
  0.5710410000000E+15   0.8672397473075E-20
  0.6556610000000E+15   0.4117623842376E-20
  0.7528220000000E+15   0.1647570901656E-20
  0.8643800000000E+15   0.5414852560471E-21
  0.9924690000000E+15   0.1419585565284E-21
  0.1139540000000E+16   0.2870361770701E-22
  0.1308400000000E+16   0.4307264964070E-23
  0.1502290000000E+16   0.4588821189241E-24
  0.1724910000000E+16   0.3299280431203E-25
  0.1980520000000E+16   0.1510180880778E-26
  0.2274010000000E+16   0.4116013216578E-28
  0.2610990000000E+16   0.6185951086357E-30
  0.2997900000000E+16   0.4693905244623E-32
