mstar = 0.546 Msun, Rstar = 0.911 Rsun, Tstar = 4771, mdisk = 0.0019165 Msun, Rc = 35.255 AU, Rin = 0.051 AU, Rout = 57.649 AU, inclination = 45 degree, powerlaw = -1 
         130
  
  0.2997900000000E+11   0.1770400534060E-23
  0.3951060000000E+11   0.4012879550925E-23
  0.5207280000000E+11   0.9069666146120E-23
  0.6862910000000E+11   0.2042188624259E-22
  0.9044930000000E+11   0.4575879085536E-22
  0.1192070000000E+12   0.1018772330332E-21
  0.1571080000000E+12   0.2249308364533E-21
  0.2070600000000E+12   0.4911789691414E-21
  0.2728930000000E+12   0.1057015715616E-20
  0.3596580000000E+12   0.2380569506657E-20
  0.4740100000000E+12   0.6032462956133E-20
  0.6247180000000E+12   0.1473564613517E-19
  0.8233440000000E+12   0.3393532628394E-19
  0.1085120000000E+13   0.7166447435190E-19
  0.1430130000000E+13   0.1335006807524E-18
  0.1884830000000E+13   0.2097872525331E-18
  0.2484100000000E+13   0.2672989178682E-18
  0.3273910000000E+13   0.2769169718768E-18
  0.4314820000000E+13   0.2541670978072E-18
  0.5686700000000E+13   0.2241763712223E-18
  0.7494750000000E+13   0.1856589710464E-18
  0.7682960000000E+13   0.1816372498317E-18
  0.7875890000000E+13   0.1774651890981E-18
  0.8073670000000E+13   0.1731264152120E-18
  0.8276410000000E+13   0.1686471229946E-18
  0.8484250000000E+13   0.1640828406921E-18
  0.8697300000000E+13   0.1597271339823E-18
  0.8915700000000E+13   0.1552329282572E-18
  0.9139590000000E+13   0.1510292687663E-18
  0.9369100000000E+13   0.1467682053145E-18
  0.9604380000000E+13   0.1426140258219E-18
  0.9845560000000E+13   0.1385548601546E-18
  0.1009280000000E+14   0.1344040819337E-18
  0.1034620000000E+14   0.1303121306309E-18
  0.1060610000000E+14   0.1261197378666E-18
  0.1087240000000E+14   0.1221918915322E-18
  0.1114540000000E+14   0.1182295156200E-18
  0.1142530000000E+14   0.1143816969515E-18
  0.1171220000000E+14   0.1106128506606E-18
  0.1200630000000E+14   0.1068155497201E-18
  0.1230780000000E+14   0.1030939759652E-18
  0.1261690000000E+14   0.9933875481495E-19
  0.1293370000000E+14   0.9590616843952E-19
  0.1325850000000E+14   0.9247550507711E-19
  0.1359150000000E+14   0.8917057743273E-19
  0.1393280000000E+14   0.8594730042608E-19
  0.1428260000000E+14   0.8280834167248E-19
  0.1464130000000E+14   0.7993696094416E-19
  0.1500900000000E+14   0.7703925942682E-19
  0.1538590000000E+14   0.7374574968604E-19
  0.1577220000000E+14   0.7050090497080E-19
  0.1616830000000E+14   0.6617670215904E-19
  0.1657430000000E+14   0.6144936650733E-19
  0.1699050000000E+14   0.5667029515318E-19
  0.1741720000000E+14   0.5129336150379E-19
  0.1785460000000E+14   0.4641282138317E-19
  0.1830290000000E+14   0.4155163641109E-19
  0.1876260000000E+14   0.3714982274461E-19
  0.1923370000000E+14   0.3333536262075E-19
  0.1971670000000E+14   0.2997846101137E-19
  0.2021180000000E+14   0.2713520217942E-19
  0.2071940000000E+14   0.2493109800239E-19
  0.2123970000000E+14   0.2296735642113E-19
  0.2177310000000E+14   0.2255902896132E-19
  0.2231980000000E+14   0.2212500578967E-19
  0.2288030000000E+14   0.2210041993225E-19
  0.2345490000000E+14   0.2215867806852E-19
  0.2404390000000E+14   0.2223750862764E-19
  0.2464770000000E+14   0.2240875764570E-19
  0.2526660000000E+14   0.2247568412283E-19
  0.2590110000000E+14   0.2258804620560E-19
  0.2655150000000E+14   0.2260301273464E-19
  0.2721830000000E+14   0.2278268616847E-19
  0.2790180000000E+14   0.2295098051286E-19
  0.2860240000000E+14   0.2295186527398E-19
  0.2932070000000E+14   0.2278014242779E-19
  0.3005700000000E+14   0.2255198394816E-19
  0.3081180000000E+14   0.2201177309711E-19
  0.3158550000000E+14   0.2150265572695E-19
  0.3237870000000E+14   0.1986562458932E-19
  0.3319170000000E+14   0.1803788354140E-19
  0.3402530000000E+14   0.1640139055235E-19
  0.3487970000000E+14   0.1493115300402E-19
  0.3575560000000E+14   0.1359174813510E-19
  0.3665350000000E+14   0.1239565948062E-19
  0.3757390000000E+14   0.1123413942306E-19
  0.3851740000000E+14   0.1049968413808E-19
  0.3948470000000E+14   0.9852360805334E-20
  0.4047620000000E+14   0.9417915595584E-20
  0.4149260000000E+14   0.9321324183648E-20
  0.4253460000000E+14   0.9257567387278E-20
  0.4360270000000E+14   0.9322161038630E-20
  0.4469770000000E+14   0.9400812744943E-20
  0.4582010000000E+14   0.9494411312139E-20
  0.4697070000000E+14   0.9601246921933E-20
  0.4815020000000E+14   0.9716979897752E-20
  0.4935940000000E+14   0.9841331784909E-20
  0.5059890000000E+14   0.9977607074294E-20
  0.5186950000000E+14   0.1012704996929E-19
  0.5317200000000E+14   0.1028650471667E-19
  0.5450730000000E+14   0.1045997303986E-19
  0.6258450000000E+14   0.1159676154204E-19
  0.7185870000000E+14   0.1293397185987E-19
  0.8250720000000E+14   0.1435396226870E-19
  0.9473370000000E+14   0.1580432839494E-19
  0.1087720000000E+15   0.1728495396599E-19
  0.1248910000000E+15   0.1883870815222E-19
  0.1433980000000E+15   0.2051286652876E-19
  0.1646470000000E+15   0.2232077890487E-19
  0.1890460000000E+15   0.2418653691993E-19
  0.2170600000000E+15   0.2588606112698E-19
  0.2492250000000E+15   0.2708068468014E-19
  0.2861570000000E+15   0.2737816241923E-19
  0.3285620000000E+15   0.2645334376050E-19
  0.3772500000000E+15   0.2416473521744E-19
  0.4331540000000E+15   0.2063669664475E-19
  0.4973410000000E+15   0.1627700089328E-19
  0.5710410000000E+15   0.1169790251486E-19
  0.6556610000000E+15   0.7545305726995E-20
  0.7528220000000E+15   0.4294265007455E-20
  0.8643800000000E+15   0.2115552730687E-20
  0.9924690000000E+15   0.8827558615575E-21
  0.1139540000000E+16   0.3043481329096E-21
  0.1308400000000E+16   0.8427949521241E-22
  0.1502290000000E+16   0.1814422102873E-22
  0.1724910000000E+16   0.2925798316200E-23
  0.1980520000000E+16   0.3385553532633E-24
  0.2274010000000E+16   0.2676309556379E-25
  0.2610990000000E+16   0.1365999757754E-26
  0.2997900000000E+16   0.4219298809439E-28
