mstar = 0.2929 Msun, Rstar = 1.9656 Rsun, Tstar = 4777.8, mdisk = 0.007665 Msun, Rc = 14.796 AU, Rin = 0.2728 AU, Rout = 56.289 AU, inclination = 45 degree, powerlaw = -1 
         130
  
  0.2997900000000E+11   0.1241660580211E-22
  0.3951060000000E+11   0.2761331983002E-22
  0.5207280000000E+11   0.6099126109076E-22
  0.6862910000000E+11   0.1336266576669E-21
  0.9044930000000E+11   0.2899612999768E-21
  0.1192070000000E+12   0.6220366196015E-21
  0.1571080000000E+12   0.1316273175686E-20
  0.2070600000000E+12   0.2739744518512E-20
  0.2728930000000E+12   0.5589622314632E-20
  0.3596580000000E+12   0.1159996204544E-19
  0.4740100000000E+12   0.2506233711415E-19
  0.6247180000000E+12   0.5022154325683E-19
  0.8233440000000E+12   0.9220925987338E-19
  0.1085120000000E+13   0.1557265703588E-18
  0.1430130000000E+13   0.2460340031671E-18
  0.1884830000000E+13   0.3678866832041E-18
  0.2484100000000E+13   0.5200822194105E-18
  0.3273910000000E+13   0.6921824547945E-18
  0.4314820000000E+13   0.8659012792244E-18
  0.5686700000000E+13   0.1012293032090E-17
  0.7494750000000E+13   0.1090425786084E-17
  0.7682960000000E+13   0.1092656983848E-17
  0.7875890000000E+13   0.1093740587645E-17
  0.8073670000000E+13   0.1093551461635E-17
  0.8276410000000E+13   0.1092116188851E-17
  0.8484250000000E+13   0.1089589813104E-17
  0.8697300000000E+13   0.1087133427702E-17
  0.8915700000000E+13   0.1083317195281E-17
  0.9139590000000E+13   0.1079953165774E-17
  0.9369100000000E+13   0.1075549963102E-17
  0.9604380000000E+13   0.1070824142105E-17
  0.9845560000000E+13   0.1065734082821E-17
  0.1009280000000E+14   0.1059356326720E-17
  0.1034620000000E+14   0.1052379226959E-17
  0.1060610000000E+14   0.1043958049645E-17
  0.1087240000000E+14   0.1035982348582E-17
  0.1114540000000E+14   0.1026860694195E-17
  0.1142530000000E+14   0.1017396387626E-17
  0.1171220000000E+14   0.1007391793756E-17
  0.1200630000000E+14   0.9961786625545E-18
  0.1230780000000E+14   0.9843444847600E-18
  0.1261690000000E+14   0.9711731191893E-18
  0.1293370000000E+14   0.9589852630627E-18
  0.1325850000000E+14   0.9456996756680E-18
  0.1359150000000E+14   0.9321504221246E-18
  0.1393280000000E+14   0.9180390658988E-18
  0.1428260000000E+14   0.9033831312695E-18
  0.1464130000000E+14   0.8895939959200E-18
  0.1500900000000E+14   0.8744775350916E-18
  0.1538590000000E+14   0.8550234523491E-18
  0.1577220000000E+14   0.8346333744198E-18
  0.1616830000000E+14   0.8037716020769E-18
  0.1657430000000E+14   0.7674805241257E-18
  0.1699050000000E+14   0.7285175422258E-18
  0.1741720000000E+14   0.6815080483417E-18
  0.1785460000000E+14   0.6364930357816E-18
  0.1830290000000E+14   0.5889645491133E-18
  0.1876260000000E+14   0.5434617159084E-18
  0.1923370000000E+14   0.5018607289630E-18
  0.1971670000000E+14   0.4632572659450E-18
  0.2021180000000E+14   0.4288466997798E-18
  0.2071940000000E+14   0.4008976452542E-18
  0.2123970000000E+14   0.3749064029368E-18
  0.2177310000000E+14   0.3689897530895E-18
  0.2231980000000E+14   0.3625034627775E-18
  0.2288030000000E+14   0.3613211597442E-18
  0.2345490000000E+14   0.3610259582413E-18
  0.2404390000000E+14   0.3607687115377E-18
  0.2464770000000E+14   0.3614170354061E-18
  0.2526660000000E+14   0.3604232028306E-18
  0.2590110000000E+14   0.3597073618892E-18
  0.2655150000000E+14   0.3575076995881E-18
  0.2721830000000E+14   0.3570393893418E-18
  0.2790180000000E+14   0.3560646890324E-18
  0.2860240000000E+14   0.3528219618697E-18
  0.2932070000000E+14   0.3474396728228E-18
  0.3005700000000E+14   0.3413426073307E-18
  0.3081180000000E+14   0.3318848777949E-18
  0.3158550000000E+14   0.3228795457011E-18
  0.3237870000000E+14   0.3019417525955E-18
  0.3319170000000E+14   0.2787271746359E-18
  0.3402530000000E+14   0.2573424458478E-18
  0.3487970000000E+14   0.2375591399262E-18
  0.3575560000000E+14   0.2188825733038E-18
  0.3665350000000E+14   0.2016497479515E-18
  0.3757390000000E+14   0.1842100514265E-18
  0.3851740000000E+14   0.1729492366492E-18
  0.3948470000000E+14   0.1632552204239E-18
  0.4047620000000E+14   0.1567754893261E-18
  0.4149260000000E+14   0.1547738299370E-18
  0.4253460000000E+14   0.1530809810033E-18
  0.4360270000000E+14   0.1529052859908E-18
  0.4469770000000E+14   0.1527362251945E-18
  0.4582010000000E+14   0.1525707395826E-18
  0.4697070000000E+14   0.1523759707366E-18
  0.4815020000000E+14   0.1520807362781E-18
  0.4935940000000E+14   0.1516711788199E-18
  0.5059890000000E+14   0.1511886157334E-18
  0.5186950000000E+14   0.1506462788790E-18
  0.5317200000000E+14   0.1500007586930E-18
  0.5450730000000E+14   0.1493099407027E-18
  0.6258450000000E+14   0.1436417816070E-18
  0.7185870000000E+14   0.1347277902662E-18
  0.8250720000000E+14   0.1231776914402E-18
  0.9473370000000E+14   0.1111899522654E-18
  0.1087720000000E+15   0.1015470305953E-18
  0.1248910000000E+15   0.9655249745866E-19
  0.1433980000000E+15   0.9710646712260E-19
  0.1646470000000E+15   0.1025272020910E-18
  0.1890460000000E+15   0.1108562608119E-18
  0.2170600000000E+15   0.1194735251282E-18
  0.2492250000000E+15   0.1258077745544E-18
  0.2861570000000E+15   0.1276928864176E-18
  0.3285620000000E+15   0.1236325688543E-18
  0.3772500000000E+15   0.1130632659574E-18
  0.4331540000000E+15   0.9663337631987E-19
  0.4973410000000E+15   0.7627337273884E-19
  0.5710410000000E+15   0.5485583992359E-19
  0.6556610000000E+15   0.3540798620172E-19
  0.7528220000000E+15   0.2016209718049E-19
  0.8643800000000E+15   0.9939762238224E-20
  0.9924690000000E+15   0.4153465851999E-20
  0.1139540000000E+16   0.1433061720109E-20
  0.1308400000000E+16   0.3979233970819E-21
  0.1502290000000E+16   0.8597430629562E-22
  0.1724910000000E+16   0.1392108853189E-22
  0.1980520000000E+16   0.1616513799849E-23
  0.2274010000000E+16   0.1283338922626E-24
  0.2610990000000E+16   0.6582243829865E-26
  0.2997900000000E+16   0.2044499495586E-27
