mstar = 0.7624 Msun, Rstar = 2.2844 Rsun, Tstar = 3612.6, mdisk = 0.00030586 Msun, Rc = 47.108 AU, Rin = 0.4245 AU, Rout = 64.663 AU, inclination = 45 degree, powerlaw = -1 
         130
  
  0.2997900000000E+11   0.3701784810280E-24
  0.3951060000000E+11   0.8383227118908E-24
  0.5207280000000E+11   0.1897599790813E-23
  0.6862910000000E+11   0.4289603619676E-23
  0.9044930000000E+11   0.9674287147959E-23
  0.1192070000000E+12   0.2174213042916E-22
  0.1571080000000E+12   0.4862152740718E-22
  0.2070600000000E+12   0.1079869822703E-21
  0.2728930000000E+12   0.2375973759307E-21
  0.3596580000000E+12   0.5520456859030E-21
  0.4740100000000E+12   0.1470651246983E-20
  0.6247180000000E+12   0.3863448968918E-20
  0.8233440000000E+12   0.9879339147027E-20
  0.1085120000000E+13   0.2423261509239E-19
  0.1430130000000E+13   0.5575763619688E-19
  0.1884830000000E+13   0.1170661736303E-18
  0.2484100000000E+13   0.2161256842598E-18
  0.3273910000000E+13   0.3338113058664E-18
  0.4314820000000E+13   0.4109835200503E-18
  0.5686700000000E+13   0.3916535562280E-18
  0.7494750000000E+13   0.3015914964582E-18
  0.7682960000000E+13   0.2926015848400E-18
  0.7875890000000E+13   0.2835734640932E-18
  0.8073670000000E+13   0.2745079851735E-18
  0.8276410000000E+13   0.2654585560116E-18
  0.8484250000000E+13   0.2565114029206E-18
  0.8697300000000E+13   0.2480674605150E-18
  0.8915700000000E+13   0.2396613743033E-18
  0.9139590000000E+13   0.2318696279107E-18
  0.9369100000000E+13   0.2242219813703E-18
  0.9604380000000E+13   0.2169331972387E-18
  0.9845560000000E+13   0.2099810317777E-18
  0.1009280000000E+14   0.2031034739749E-18
  0.1034620000000E+14   0.1964923960494E-18
  0.1060610000000E+14   0.1899194558655E-18
  0.1087240000000E+14   0.1838721739823E-18
  0.1114540000000E+14   0.1779294423036E-18
  0.1142530000000E+14   0.1722830491382E-18
  0.1171220000000E+14   0.1668742689570E-18
  0.1200630000000E+14   0.1615435061324E-18
  0.1230780000000E+14   0.1564223286647E-18
  0.1261690000000E+14   0.1513515348252E-18
  0.1293370000000E+14   0.1468134416725E-18
  0.1325850000000E+14   0.1423568168633E-18
  0.1359150000000E+14   0.1381453998061E-18
  0.1393280000000E+14   0.1341117679065E-18
  0.1428260000000E+14   0.1302524860434E-18
  0.1464130000000E+14   0.1268125506138E-18
  0.1500900000000E+14   0.1233841359966E-18
  0.1538590000000E+14   0.1194648908141E-18
  0.1577220000000E+14   0.1156610220421E-18
  0.1616830000000E+14   0.1104649403618E-18
  0.1657430000000E+14   0.1048062662445E-18
  0.1699050000000E+14   0.9916386687181E-19
  0.1741720000000E+14   0.9283206646882E-19
  0.1785460000000E+14   0.8725331755242E-19
  0.1830290000000E+14   0.8180574211718E-19
  0.1876260000000E+14   0.7703661152075E-19
  0.1923370000000E+14   0.7308294054997E-19
  0.1971670000000E+14   0.6975553274896E-19
  0.2021180000000E+14   0.6709645511894E-19
  0.2071940000000E+14   0.6524079232675E-19
  0.2123970000000E+14   0.6368631342636E-19
  0.2177310000000E+14   0.6403160811875E-19
  0.2231980000000E+14   0.6434469316148E-19
  0.2288030000000E+14   0.6515955375766E-19
  0.2345490000000E+14   0.6607318215568E-19
  0.2404390000000E+14   0.6700719314000E-19
  0.2464770000000E+14   0.6804305456731E-19
  0.2526660000000E+14   0.6893506615281E-19
  0.2590110000000E+14   0.6985966005776E-19
  0.2655150000000E+14   0.7063959670228E-19
  0.2721830000000E+14   0.7158421968416E-19
  0.2790180000000E+14   0.7246577491096E-19
  0.2860240000000E+14   0.7309596888199E-19
  0.2932070000000E+14   0.7347562844989E-19
  0.3005700000000E+14   0.7373857684255E-19
  0.3081180000000E+14   0.7360419178470E-19
  0.3158550000000E+14   0.7345259364799E-19
  0.3237870000000E+14   0.7196712823222E-19
  0.3319170000000E+14   0.7007752352420E-19
  0.3402530000000E+14   0.6817357596124E-19
  0.3487970000000E+14   0.6619835358497E-19
  0.3575560000000E+14   0.6405642158054E-19
  0.3665350000000E+14   0.6176172812796E-19
  0.3757390000000E+14   0.5901610448805E-19
  0.3851740000000E+14   0.5689858303828E-19
  0.3948470000000E+14   0.5472235578233E-19
  0.4047620000000E+14   0.5292223824942E-19
  0.4149260000000E+14   0.5200126918591E-19
  0.4253460000000E+14   0.5108271655438E-19
  0.4360270000000E+14   0.5050352553404E-19
  0.4469770000000E+14   0.4990167849912E-19
  0.4582010000000E+14   0.4928595544018E-19
  0.4697070000000E+14   0.4865718385416E-19
  0.4815020000000E+14   0.4800587330408E-19
  0.4935940000000E+14   0.4733771303827E-19
  0.5059890000000E+14   0.4667303558144E-19
  0.5186950000000E+14   0.4602419771397E-19
  0.5317200000000E+14   0.4538778700362E-19
  0.5450730000000E+14   0.4478639236234E-19
  0.6258450000000E+14   0.4210598829950E-19
  0.7185870000000E+14   0.4106393742681E-19
  0.8250720000000E+14   0.4211211940576E-19
  0.9473370000000E+14   0.4539896804330E-19
  0.1087720000000E+15   0.5060282524565E-19
  0.1248910000000E+15   0.5700026114139E-19
  0.1433980000000E+15   0.6363216146806E-19
  0.1646470000000E+15   0.6945013172196E-19
  0.1890460000000E+15   0.7340299864889E-19
  0.2170600000000E+15   0.7452579956600E-19
  0.2492250000000E+15   0.7209454444102E-19
  0.2861570000000E+15   0.6584672023807E-19
  0.3285620000000E+15   0.5619129934905E-19
  0.3772500000000E+15   0.4427399785984E-19
  0.4331540000000E+15   0.3177839771601E-19
  0.4973410000000E+15   0.2046709782439E-19
  0.5710410000000E+15   0.1162859817713E-19
  0.6556610000000E+15   0.5717518665880E-20
  0.7528220000000E+15   0.2380319116490E-20
  0.8643800000000E+15   0.8185325804641E-21
  0.9924690000000E+15   0.2259818695282E-21
  0.1139540000000E+16   0.4848436159966E-22
  0.1308400000000E+16   0.7787814207878E-23
  0.1502290000000E+16   0.8970754464885E-24
  0.1724910000000E+16   0.7054826712331E-25
  0.1980520000000E+16   0.3579408242352E-26
  0.2274010000000E+16   0.1097979472944E-27
  0.2610990000000E+16   0.1890009109130E-29
  0.2997900000000E+16   0.1675969220919E-31
