mstar = 0.5688 Msun, Rstar = 2.4693 Rsun, Tstar = 4941.3, mdisk = 0.0036804 Msun, Rc = 32.58 AU, Rin = 0.0292 AU, Rout = 86.304 AU, inclination = 45 degree, powerlaw = -1 
         130
  
  0.2997900000000E+11   0.5473679385082E-23
  0.3951060000000E+11   0.1237230957021E-22
  0.5207280000000E+11   0.2789380963275E-22
  0.6862910000000E+11   0.6268620405109E-22
  0.9044930000000E+11   0.1403069522954E-21
  0.1192070000000E+12   0.3124284784293E-21
  0.1571080000000E+12   0.6911239630093E-21
  0.2070600000000E+12   0.1515833839359E-20
  0.2728930000000E+12   0.3287859564131E-20
  0.3596580000000E+12   0.7474807291091E-20
  0.4740100000000E+12   0.1906000982278E-19
  0.6247180000000E+12   0.4706083943688E-19
  0.8233440000000E+12   0.1102648297395E-18
  0.1085120000000E+13   0.2392585803577E-18
  0.1430130000000E+13   0.4654468932032E-18
  0.1884830000000E+13   0.7851846250668E-18
  0.2484100000000E+13   0.1124541651432E-17
  0.3273910000000E+13   0.1388835797351E-17
  0.4314820000000E+13   0.1557837415594E-17
  0.5686700000000E+13   0.1630007872629E-17
  0.7494750000000E+13   0.1571920510712E-17
  0.7682960000000E+13   0.1559474605959E-17
  0.7875890000000E+13   0.1545370344894E-17
  0.8073670000000E+13   0.1529437638811E-17
  0.8276410000000E+13   0.1511791860649E-17
  0.8484250000000E+13   0.1492776176262E-17
  0.8697300000000E+13   0.1474509846785E-17
  0.8915700000000E+13   0.1454460388021E-17
  0.9139590000000E+13   0.1435844756218E-17
  0.9369100000000E+13   0.1416058666059E-17
  0.9604380000000E+13   0.1396366320376E-17
  0.9845560000000E+13   0.1376705361820E-17
  0.1009280000000E+14   0.1355542455323E-17
  0.1034620000000E+14   0.1334070447259E-17
  0.1060610000000E+14   0.1310923465021E-17
  0.1087240000000E+14   0.1289223189983E-17
  0.1114540000000E+14   0.1266389411916E-17
  0.1142530000000E+14   0.1243736600977E-17
  0.1171220000000E+14   0.1220959693082E-17
  0.1200630000000E+14   0.1197036647542E-17
  0.1230780000000E+14   0.1172919794722E-17
  0.1261690000000E+14   0.1147540387575E-17
  0.1293370000000E+14   0.1124426716724E-17
  0.1325850000000E+14   0.1100433013637E-17
  0.1359150000000E+14   0.1076821762309E-17
  0.1393280000000E+14   0.1053165519605E-17
  0.1428260000000E+14   0.1029500483279E-17
  0.1464130000000E+14   0.1007862542976E-17
  0.1500900000000E+14   0.9850976884751E-18
  0.1538590000000E+14   0.9570106972377E-18
  0.1577220000000E+14   0.9284887913572E-18
  0.1616830000000E+14   0.8864317531345E-18
  0.1657430000000E+14   0.8381909378118E-18
  0.1699050000000E+14   0.7877212070517E-18
  0.1741720000000E+14   0.7281464144471E-18
  0.1785460000000E+14   0.6728491239712E-18
  0.1830290000000E+14   0.6159777873164E-18
  0.1876260000000E+14   0.5632262419956E-18
  0.1923370000000E+14   0.5166268343221E-18
  0.1971670000000E+14   0.4747605717506E-18
  0.2021180000000E+14   0.4387055946729E-18
  0.2071940000000E+14   0.4106858513145E-18
  0.2123970000000E+14   0.3852898378184E-18
  0.2177310000000E+14   0.3826753648898E-18
  0.2231980000000E+14   0.3796386490609E-18
  0.2288030000000E+14   0.3829503863374E-18
  0.2345490000000E+14   0.3877036875867E-18
  0.2404390000000E+14   0.3929737927285E-18
  0.2464770000000E+14   0.3998905586348E-18
  0.2526660000000E+14   0.4053295524734E-18
  0.2590110000000E+14   0.4116605409389E-18
  0.2655150000000E+14   0.4165856331109E-18
  0.2721830000000E+14   0.4243509165676E-18
  0.2790180000000E+14   0.4320773081889E-18
  0.2860240000000E+14   0.4371500510548E-18
  0.2932070000000E+14   0.4394357954000E-18
  0.3005700000000E+14   0.4408154315752E-18
  0.3081180000000E+14   0.4368759074981E-18
  0.3158550000000E+14   0.4333306863448E-18
  0.3237870000000E+14   0.4087800723041E-18
  0.3319170000000E+14   0.3781356996293E-18
  0.3402530000000E+14   0.3482953776536E-18
  0.3487970000000E+14   0.3187477981149E-18
  0.3575560000000E+14   0.2885682332805E-18
  0.3665350000000E+14   0.2586957898422E-18
  0.3757390000000E+14   0.2261267658658E-18
  0.3851740000000E+14   0.2034205189080E-18
  0.3948470000000E+14   0.1822090644475E-18
  0.4047620000000E+14   0.1669906225956E-18
  0.4149260000000E+14   0.1612276183974E-18
  0.4253460000000E+14   0.1560366125027E-18
  0.4360270000000E+14   0.1541960314663E-18
  0.4469770000000E+14   0.1524457092439E-18
  0.4582010000000E+14   0.1508329953369E-18
  0.4697070000000E+14   0.1493242068555E-18
  0.4815020000000E+14   0.1477957274715E-18
  0.4935940000000E+14   0.1462540595908E-18
  0.5059890000000E+14   0.1448253594058E-18
  0.5186950000000E+14   0.1435739129380E-18
  0.5317200000000E+14   0.1424155789870E-18
  0.5450730000000E+14   0.1415161732706E-18
  0.6258450000000E+14   0.1392562279254E-18
  0.7185870000000E+14   0.1409884126989E-18
  0.8250720000000E+14   0.1453289267514E-18
  0.9473370000000E+14   0.1520704426987E-18
  0.1087720000000E+15   0.1614599186620E-18
  0.1248910000000E+15   0.1735840161286E-18
  0.1433980000000E+15   0.1878729294906E-18
  0.1646470000000E+15   0.2031700262143E-18
  0.1890460000000E+15   0.2178917680559E-18
  0.2170600000000E+15   0.2297440269309E-18
  0.2492250000000E+15   0.2365754994456E-18
  0.2861570000000E+15   0.2362145553851E-18
  0.3285620000000E+15   0.2268275373820E-18
  0.3772500000000E+15   0.2075191657469E-18
  0.4331540000000E+15   0.1788092110856E-18
  0.4973410000000E+15   0.1432697889690E-18
  0.5710410000000E+15   0.1052246023022E-18
  0.6556610000000E+15   0.6973823294523E-19
  0.7528220000000E+15   0.4099235825476E-19
  0.8643800000000E+15   0.2097287707230E-19
  0.9924690000000E+15   0.9145498392499E-20
  0.1139540000000E+16   0.3316859364769E-20
  0.1308400000000E+16   0.9738682796569E-21
  0.1502290000000E+16   0.2242660652272E-21
  0.1724910000000E+16   0.3907096051952E-22
  0.1980520000000E+16   0.4939780638882E-23
  0.2274010000000E+16   0.4323202478637E-24
  0.2610990000000E+16   0.2480050026451E-25
  0.2997900000000E+16   0.8760046431452E-27
