mstar = 0.2246 Msun, Rstar = 2.1073 Rsun, Tstar = 3238.3, mdisk = 0.0065603 Msun, Rc = 19.101 AU, Rin = 0.1935 AU, Rout = 78.919 AU, inclination = 45 degree, powerlaw = -1 
         130
  
  0.2997900000000E+11   0.7240371658454E-23
  0.3951060000000E+11   0.1622403906163E-22
  0.5207280000000E+11   0.3615903384494E-22
  0.6862910000000E+11   0.8005753567411E-22
  0.9044930000000E+11   0.1758160430118E-21
  0.1192070000000E+12   0.3822585719404E-21
  0.1571080000000E+12   0.8207996911332E-21
  0.2070600000000E+12   0.1735062753904E-20
  0.2728930000000E+12   0.3595727094779E-20
  0.3596580000000E+12   0.7640247709064E-20
  0.4740100000000E+12   0.1729426304464E-19
  0.6247180000000E+12   0.3636649039312E-19
  0.8233440000000E+12   0.6921137789303E-19
  0.1085120000000E+13   0.1170395089514E-18
  0.1430130000000E+13   0.1759305390419E-18
  0.1884830000000E+13   0.2404772093640E-18
  0.2484100000000E+13   0.3053528949604E-18
  0.3273910000000E+13   0.3621872379261E-18
  0.4314820000000E+13   0.4014829185637E-18
  0.5686700000000E+13   0.4126337028607E-18
  0.7494750000000E+13   0.3850711351784E-18
  0.7682960000000E+13   0.3805158501066E-18
  0.7875890000000E+13   0.3755148791147E-18
  0.8073670000000E+13   0.3700336750967E-18
  0.8276410000000E+13   0.3641079435772E-18
  0.8484250000000E+13   0.3578271836263E-18
  0.8697300000000E+13   0.3516975277013E-18
  0.8915700000000E+13   0.3451232280878E-18
  0.9139590000000E+13   0.3388599893102E-18
  0.9369100000000E+13   0.3323022315818E-18
  0.9604380000000E+13   0.3257455411749E-18
  0.9845560000000E+13   0.3191757586931E-18
  0.1009280000000E+14   0.3122532348822E-18
  0.1034620000000E+14   0.3052540747231E-18
  0.1060610000000E+14   0.2978849031175E-18
  0.1087240000000E+14   0.2908337497430E-18
  0.1114540000000E+14   0.2835443940738E-18
  0.1142530000000E+14   0.2763050147075E-18
  0.1171220000000E+14   0.2690558076627E-18
  0.1200630000000E+14   0.2615938026637E-18
  0.1230780000000E+14   0.2541240244183E-18
  0.1261690000000E+14   0.2464418113347E-18
  0.1293370000000E+14   0.2392547973142E-18
  0.1325850000000E+14   0.2319413751904E-18
  0.1359150000000E+14   0.2247553864051E-18
  0.1393280000000E+14   0.2176201043977E-18
  0.1428260000000E+14   0.2105496798406E-18
  0.1464130000000E+14   0.2039145358759E-18
  0.1500900000000E+14   0.1971441445038E-18
  0.1538590000000E+14   0.1895250161135E-18
  0.1577220000000E+14   0.1819478132323E-18
  0.1616830000000E+14   0.1722119472491E-18
  0.1657430000000E+14   0.1616471721765E-18
  0.1699050000000E+14   0.1509473083368E-18
  0.1741720000000E+14   0.1390021208835E-18
  0.1785460000000E+14   0.1280189377395E-18
  0.1830290000000E+14   0.1170314525313E-18
  0.1876260000000E+14   0.1069501310142E-18
  0.1923370000000E+14   0.9808412300065E-19
  0.1971670000000E+14   0.9018863780168E-19
  0.2021180000000E+14   0.8341295640858E-19
  0.2071940000000E+14   0.7807996489306E-19
  0.2123970000000E+14   0.7332289599831E-19
  0.2177310000000E+14   0.7212743667326E-19
  0.2231980000000E+14   0.7088890171365E-19
  0.2288030000000E+14   0.7055169804589E-19
  0.2345490000000E+14   0.7036691079713E-19
  0.2404390000000E+14   0.7019656538013E-19
  0.2464770000000E+14   0.7017142244847E-19
  0.2526660000000E+14   0.6990564531062E-19
  0.2590110000000E+14   0.6968641388003E-19
  0.2655150000000E+14   0.6926716302186E-19
  0.2721830000000E+14   0.6909643641432E-19
  0.2790180000000E+14   0.6885969178825E-19
  0.2860240000000E+14   0.6833570864120E-19
  0.2932070000000E+14   0.6756288719494E-19
  0.3005700000000E+14   0.6673496269660E-19
  0.3081180000000E+14   0.6554919090006E-19
  0.3158550000000E+14   0.6447114764749E-19
  0.3237870000000E+14   0.6212126775959E-19
  0.3319170000000E+14   0.5962791833201E-19
  0.3402530000000E+14   0.5742897307685E-19
  0.3487970000000E+14   0.5546978651374E-19
  0.3575560000000E+14   0.5366687501033E-19
  0.3665350000000E+14   0.5202723063560E-19
  0.3757390000000E+14   0.5032351858706E-19
  0.3851740000000E+14   0.4926254870296E-19
  0.3948470000000E+14   0.4829767738141E-19
  0.4047620000000E+14   0.4764772384895E-19
  0.4149260000000E+14   0.4755751786176E-19
  0.4253460000000E+14   0.4747075368484E-19
  0.4360270000000E+14   0.4757735254343E-19
  0.4469770000000E+14   0.4765565497658E-19
  0.4582010000000E+14   0.4770565376194E-19
  0.4697070000000E+14   0.4772382284069E-19
  0.4815020000000E+14   0.4769978747608E-19
  0.4935940000000E+14   0.4763268897808E-19
  0.5059890000000E+14   0.4753122530739E-19
  0.5186950000000E+14   0.4739896935459E-19
  0.5317200000000E+14   0.4723196590386E-19
  0.5450730000000E+14   0.4704076603795E-19
  0.6258450000000E+14   0.4549593543711E-19
  0.7185870000000E+14   0.4344060407117E-19
  0.8250720000000E+14   0.4143968090409E-19
  0.9473370000000E+14   0.4018554189035E-19
  0.1087720000000E+15   0.4015354284422E-19
  0.1248910000000E+15   0.4136334792635E-19
  0.1433980000000E+15   0.4330710304947E-19
  0.1646470000000E+15   0.4511903168797E-19
  0.1890460000000E+15   0.4584695325083E-19
  0.2170600000000E+15   0.4471831977989E-19
  0.2492250000000E+15   0.4134109847947E-19
  0.2861570000000E+15   0.3580780288891E-19
  0.3285620000000E+15   0.2871205734962E-19
  0.3772500000000E+15   0.2103295938143E-19
  0.4331540000000E+15   0.1386873916594E-19
  0.4973410000000E+15   0.8095570870552E-20
  0.5710410000000E+15   0.4105437693096E-20
  0.6556610000000E+15   0.1770506503270E-20
  0.7528220000000E+15   0.6334148717230E-21
  0.8643800000000E+15   0.1830633659311E-21
  0.9924690000000E+15   0.4146862887948E-22
  0.1139540000000E+16   0.7071245476404E-23
  0.1308400000000E+16   0.8771664524865E-24
  0.1502290000000E+16   0.7519480320533E-25
  0.1724910000000E+16   0.4212779651740E-26
  0.1980520000000E+16   0.1442923581738E-27
  0.2274010000000E+16   0.2820954363200E-29
  0.2610990000000E+16   0.2894792990460E-31
  0.2997900000000E+16   0.1417279311626E-33
