mstar = 0.2772 Msun, Rstar = 1.5254 Rsun, Tstar = 3593.1, mdisk = 0.0011109 Msun, Rc = 54.249 AU, Rin = 0.0478 AU, Rout = 66.775 AU, inclination = 45 degree, powerlaw = -1 
         130
  
  0.2997900000000E+11   0.1094980314608E-23
  0.3951060000000E+11   0.2486146425962E-23
  0.5207280000000E+11   0.5632583312682E-23
  0.6862910000000E+11   0.1272345850955E-22
  0.9044930000000E+11   0.2862687428177E-22
  0.1192070000000E+12   0.6406712316177E-22
  0.1571080000000E+12   0.1423740317229E-21
  0.2070600000000E+12   0.3134337448150E-21
  0.2728930000000E+12   0.6814251908992E-21
  0.3596580000000E+12   0.1557802354736E-20
  0.4740100000000E+12   0.4052268307408E-20
  0.6247180000000E+12   0.1028444605566E-19
  0.8233440000000E+12   0.2504070882808E-19
  0.1085120000000E+13   0.5731772174337E-19
  0.1430130000000E+13   0.1196789927501E-18
  0.1884830000000E+13   0.2194917894749E-18
  0.2484100000000E+13   0.3373975568191E-18
  0.3273910000000E+13   0.4146279629016E-18
  0.4314820000000E+13   0.4040363523133E-18
  0.5686700000000E+13   0.3338063685437E-18
  0.7494750000000E+13   0.2550253266897E-18
  0.7682960000000E+13   0.2480686637311E-18
  0.7875890000000E+13   0.2410439002745E-18
  0.8073670000000E+13   0.2339242762823E-18
  0.8276410000000E+13   0.2267385768586E-18
  0.8484250000000E+13   0.2195543590342E-18
  0.8697300000000E+13   0.2127407166934E-18
  0.8915700000000E+13   0.2058502388463E-18
  0.9139590000000E+13   0.1994219808614E-18
  0.9369100000000E+13   0.1930111680237E-18
  0.9604380000000E+13   0.1868205954232E-18
  0.9845560000000E+13   0.1808315917870E-18
  0.1009280000000E+14   0.1748082515102E-18
  0.1034620000000E+14   0.1689347101743E-18
  0.1060610000000E+14   0.1630130426781E-18
  0.1087240000000E+14   0.1574894328674E-18
  0.1114540000000E+14   0.1519940912971E-18
  0.1142530000000E+14   0.1467060254875E-18
  0.1171220000000E+14   0.1415803887252E-18
  0.1200630000000E+14   0.1364852430951E-18
  0.1230780000000E+14   0.1315425675224E-18
  0.1261690000000E+14   0.1266207155326E-18
  0.1293370000000E+14   0.1221388581945E-18
  0.1325850000000E+14   0.1177125839390E-18
  0.1359150000000E+14   0.1134856767681E-18
  0.1393280000000E+14   0.1094029458191E-18
  0.1428260000000E+14   0.1054630562947E-18
  0.1464130000000E+14   0.1018754190606E-18
  0.1500900000000E+14   0.9829441131144E-19
  0.1538590000000E+14   0.9429190143857E-19
  0.1577220000000E+14   0.9038140332023E-19
  0.1616830000000E+14   0.8526089922204E-19
  0.1657430000000E+14   0.7970251321747E-19
  0.1699050000000E+14   0.7410129589951E-19
  0.1741720000000E+14   0.6780438802756E-19
  0.1785460000000E+14   0.6207680574737E-19
  0.1830290000000E+14   0.5635262212473E-19
  0.1876260000000E+14   0.5113801778601E-19
  0.1923370000000E+14   0.4658614372655E-19
  0.1971670000000E+14   0.4254516646170E-19
  0.2021180000000E+14   0.3908807721491E-19
  0.2071940000000E+14   0.3639308156000E-19
  0.2123970000000E+14   0.3396726197878E-19
  0.2177310000000E+14   0.3353610622394E-19
  0.2231980000000E+14   0.3307279123174E-19
  0.2288030000000E+14   0.3315062204490E-19
  0.2345490000000E+14   0.3334176391110E-19
  0.2404390000000E+14   0.3356278073775E-19
  0.2464770000000E+14   0.3390309629131E-19
  0.2526660000000E+14   0.3410451353862E-19
  0.2590110000000E+14   0.3436103819896E-19
  0.2655150000000E+14   0.3448737239710E-19
  0.2721830000000E+14   0.3481824711026E-19
  0.2790180000000E+14   0.3511797248074E-19
  0.2860240000000E+14   0.3518960762963E-19
  0.2932070000000E+14   0.3503421717497E-19
  0.3005700000000E+14   0.3479907704760E-19
  0.3081180000000E+14   0.3417314543346E-19
  0.3158550000000E+14   0.3357978710227E-19
  0.3237870000000E+14   0.3155160215628E-19
  0.3319170000000E+14   0.2918536382679E-19
  0.3402530000000E+14   0.2695959947060E-19
  0.3487970000000E+14   0.2485367660693E-19
  0.3575560000000E+14   0.2281642785057E-19
  0.3665350000000E+14   0.2087513658187E-19
  0.3757390000000E+14   0.1883800279310E-19
  0.3851740000000E+14   0.1753568179724E-19
  0.3948470000000E+14   0.1642878658309E-19
  0.4047620000000E+14   0.1573445490141E-19
  0.4149260000000E+14   0.1558577326861E-19
  0.4253460000000E+14   0.1548931498314E-19
  0.4360270000000E+14   0.1558749845260E-19
  0.4469770000000E+14   0.1570617713470E-19
  0.4582010000000E+14   0.1584696876083E-19
  0.4697070000000E+14   0.1600760330189E-19
  0.4815020000000E+14   0.1618159788399E-19
  0.4935940000000E+14   0.1636880751483E-19
  0.5059890000000E+14   0.1657488750348E-19
  0.5186950000000E+14   0.1680194915527E-19
  0.5317200000000E+14   0.1704558848936E-19
  0.5450730000000E+14   0.1731201506067E-19
  0.6258450000000E+14   0.1909231402825E-19
  0.7185870000000E+14   0.2124816313756E-19
  0.8250720000000E+14   0.2357791545380E-19
  0.9473370000000E+14   0.2592579844099E-19
  0.1087720000000E+15   0.2816459592399E-19
  0.1248910000000E+15   0.3019463424057E-19
  0.1433980000000E+15   0.3190987114445E-19
  0.1646470000000E+15   0.3317447395546E-19
  0.1890460000000E+15   0.3378838620705E-19
  0.2170600000000E+15   0.3345072837730E-19
  0.2492250000000E+15   0.3185824022450E-19
  0.2861570000000E+15   0.2882289674062E-19
  0.3285620000000E+15   0.2443731187832E-19
  0.3772500000000E+15   0.1914469095326E-19
  0.4331540000000E+15   0.1365364704114E-19
  0.4973410000000E+15   0.8724163310135E-20
  0.5710410000000E+15   0.4906791262726E-20
  0.6556610000000E+15   0.2380458492745E-20
  0.7528220000000E+15   0.9712701210547E-21
  0.8643800000000E+15   0.3268816626251E-21
  0.9924690000000E+15   0.8886567160564E-22
  0.1139540000000E+16   0.1848267217844E-22
  0.1308400000000E+16   0.2946395588627E-23
  0.1502290000000E+16   0.3387531113333E-24
  0.1724910000000E+16   0.2659652813800E-25
  0.1980520000000E+16   0.1321631310323E-26
  0.2274010000000E+16   0.3973376548733E-28
  0.2610990000000E+16   0.6680952987075E-30
  0.2997900000000E+16   0.5764947094035E-32
