mstar = 0.1887 Msun, Rstar = 1.3504 Rsun, Tstar = 3838.5, mdisk = 0.0066313 Msun, Rc = 47.827 AU, Rin = 0.0245 AU, Rout = 145.047 AU, inclination = 45 degree, powerlaw = -1 
         130
  
  0.2997900000000E+11   0.6090662360261E-23
  0.3951060000000E+11   0.1376490552861E-22
  0.5207280000000E+11   0.3100933070125E-22
  0.6862910000000E+11   0.6957042576172E-22
  0.9044930000000E+11   0.1552521214113E-21
  0.1192070000000E+12   0.3440504024343E-21
  0.1571080000000E+12   0.7555022502963E-21
  0.2070600000000E+12   0.1639113908910E-20
  0.2728930000000E+12   0.3499740181599E-20
  0.3596580000000E+12   0.7788096215300E-20
  0.4740100000000E+12   0.1930011578996E-19
  0.6247180000000E+12   0.4569973157457E-19
  0.8233440000000E+12   0.1007845250458E-18
  0.1085120000000E+13   0.2005936439234E-18
  0.1430130000000E+13   0.3461018245792E-18
  0.1884830000000E+13   0.4985864861118E-18
  0.2484100000000E+13   0.5930673543353E-18
  0.3273910000000E+13   0.6107806956309E-18
  0.4314820000000E+13   0.5864562842446E-18
  0.5686700000000E+13   0.5297493644398E-18
  0.7494750000000E+13   0.4332877826505E-18
  0.7682960000000E+13   0.4229232114437E-18
  0.7875890000000E+13   0.4122135651141E-18
  0.8073670000000E+13   0.4011379696942E-18
  0.8276410000000E+13   0.3897641791087E-18
  0.8484250000000E+13   0.3782205537306E-18
  0.8697300000000E+13   0.3671177264121E-18
  0.8915700000000E+13   0.3557542903809E-18
  0.9139590000000E+13   0.3450092413288E-18
  0.9369100000000E+13   0.3341849775851E-18
  0.9604380000000E+13   0.3236182650494E-18
  0.9845560000000E+13   0.3132911001609E-18
  0.1009280000000E+14   0.3028396286833E-18
  0.1034620000000E+14   0.2925674595748E-18
  0.1060610000000E+14   0.2821701982332E-18
  0.1087240000000E+14   0.2723640232948E-18
  0.1114540000000E+14   0.2625712720961E-18
  0.1142530000000E+14   0.2530818395735E-18
  0.1171220000000E+14   0.2438317651437E-18
  0.1200630000000E+14   0.2346200443280E-18
  0.1230780000000E+14   0.2256439967204E-18
  0.1261690000000E+14   0.2167052430554E-18
  0.1293370000000E+14   0.2084594429097E-18
  0.1325850000000E+14   0.2003138036995E-18
  0.1359150000000E+14   0.1924939082314E-18
  0.1393280000000E+14   0.1849200781768E-18
  0.1428260000000E+14   0.1775941007970E-18
  0.1464130000000E+14   0.1708316444518E-18
  0.1500900000000E+14   0.1641160104433E-18
  0.1538590000000E+14   0.1568221793586E-18
  0.1577220000000E+14   0.1497218686488E-18
  0.1616830000000E+14   0.1409170805181E-18
  0.1657430000000E+14   0.1315534246526E-18
  0.1699050000000E+14   0.1222076850347E-18
  0.1741720000000E+14   0.1119118598294E-18
  0.1785460000000E+14   0.1025181726215E-18
  0.1830290000000E+14   0.9317703544543E-19
  0.1876260000000E+14   0.8463115483631E-19
  0.1923370000000E+14   0.7712236176959E-19
  0.1971670000000E+14   0.7042518811379E-19
  0.2021180000000E+14   0.6465351825786E-19
  0.2071940000000E+14   0.6009110624308E-19
  0.2123970000000E+14   0.5598165250148E-19
  0.2177310000000E+14   0.5499442015620E-19
  0.2231980000000E+14   0.5397468798248E-19
  0.2288030000000E+14   0.5379191830436E-19
  0.2345490000000E+14   0.5377725012043E-19
  0.2404390000000E+14   0.5380680124931E-19
  0.2464770000000E+14   0.5400421851270E-19
  0.2526660000000E+14   0.5399249885492E-19
  0.2590110000000E+14   0.5405048872996E-19
  0.2655150000000E+14   0.5392608872891E-19
  0.2721830000000E+14   0.5407483755798E-19
  0.2790180000000E+14   0.5417259719897E-19
  0.2860240000000E+14   0.5397347116379E-19
  0.2932070000000E+14   0.5349232144958E-19
  0.3005700000000E+14   0.5292692326937E-19
  0.3081180000000E+14   0.5190564007236E-19
  0.3158550000000E+14   0.5095278356240E-19
  0.3237870000000E+14   0.4827147507861E-19
  0.3319170000000E+14   0.4510341515485E-19
  0.3402530000000E+14   0.4200961226372E-19
  0.3487970000000E+14   0.3892629751070E-19
  0.3575560000000E+14   0.3574430803844E-19
  0.3665350000000E+14   0.3252081992398E-19
  0.3757390000000E+14   0.2897284443683E-19
  0.3851740000000E+14   0.2652612482329E-19
  0.3948470000000E+14   0.2428435462866E-19
  0.4047620000000E+14   0.2267625376209E-19
  0.4149260000000E+14   0.2206507930624E-19
  0.4253460000000E+14   0.2152125007752E-19
  0.4360270000000E+14   0.2132429086503E-19
  0.4469770000000E+14   0.2114059902035E-19
  0.4582010000000E+14   0.2097448460060E-19
  0.4697070000000E+14   0.2082269983022E-19
  0.4815020000000E+14   0.2067371827747E-19
  0.4935940000000E+14   0.2052927968112E-19
  0.5059890000000E+14   0.2040161955352E-19
  0.5186950000000E+14   0.2029771417934E-19
  0.5317200000000E+14   0.2021054232640E-19
  0.5450730000000E+14   0.2015544535782E-19
  0.6258450000000E+14   0.2027794111417E-19
  0.7185870000000E+14   0.2111971115072E-19
  0.8250720000000E+14   0.2258398649412E-19
  0.9473370000000E+14   0.2456128368969E-19
  0.1087720000000E+15   0.2685150394635E-19
  0.1248910000000E+15   0.2918278154398E-19
  0.1433980000000E+15   0.3124416594530E-19
  0.1646470000000E+15   0.3273812570595E-19
  0.1890460000000E+15   0.3342097114738E-19
  0.2170600000000E+15   0.3305167919881E-19
  0.2492250000000E+15   0.3146491124789E-19
  0.2861570000000E+15   0.2853939619015E-19
  0.3285620000000E+15   0.2430941953512E-19
  0.3772500000000E+15   0.1910216575918E-19
  0.4331540000000E+15   0.1352955039830E-19
  0.4973410000000E+15   0.8432252063560E-20
  0.5710410000000E+15   0.4502694852841E-20
  0.6556610000000E+15   0.1974571193341E-20
  0.7528220000000E+15   0.6412077824999E-21
  0.8643800000000E+15   0.1725082913108E-21
  0.9924690000000E+15   0.4519780708300E-22
  0.1139540000000E+16   0.6565328083163E-23
  0.1308400000000E+16   0.1348110872304E-23
  0.1502290000000E+16   0.2434721595937E-24
  0.1724910000000E+16   0.3250674823923E-25
  0.1980520000000E+16   0.1898962421340E-26
  0.2274010000000E+16   0.7519837553004E-28
  0.2610990000000E+16   0.1719293450370E-29
  0.2997900000000E+16   0.2094916952753E-31
