mstar = 0.6286 Msun, Rstar = 3.2153 Rsun, Tstar = 3053.2, mdisk = 0.0046847 Msun, Rc = 26.539 AU, Rin = 0.2843 AU, Rout = 107.692 AU, inclination = 45 degree, powerlaw = -1 
         130
  
  0.2997900000000E+11   0.4925031279993E-23
  0.3951060000000E+11   0.1113085185057E-22
  0.5207280000000E+11   0.2506834384409E-22
  0.6862910000000E+11   0.5619914987789E-22
  0.9044930000000E+11   0.1252416763256E-21
  0.1192070000000E+12   0.2769733485418E-21
  0.1571080000000E+12   0.6065299425467E-21
  0.2070600000000E+12   0.1311449765445E-20
  0.2728930000000E+12   0.2789328019898E-20
  0.3596580000000E+12   0.6158189397691E-20
  0.4740100000000E+12   0.1494029332842E-19
  0.6247180000000E+12   0.3433044092119E-19
  0.8233440000000E+12   0.7278915071311E-19
  0.1085120000000E+13   0.1381871546894E-18
  0.1430130000000E+13   0.2272940756051E-18
  0.1884830000000E+13   0.3182259675222E-18
  0.2484100000000E+13   0.3868642711965E-18
  0.3273910000000E+13   0.4284738199207E-18
  0.4314820000000E+13   0.4453591736162E-18
  0.5686700000000E+13   0.4336933372891E-18
  0.7494750000000E+13   0.3869242315562E-18
  0.7682960000000E+13   0.3809100625908E-18
  0.7875890000000E+13   0.3744816296553E-18
  0.8073670000000E+13   0.3676004378379E-18
  0.8276410000000E+13   0.3603103059693E-18
  0.8484250000000E+13   0.3527160169132E-18
  0.8697300000000E+13   0.3454017387922E-18
  0.8915700000000E+13   0.3376783394006E-18
  0.9139590000000E+13   0.3304121855300E-18
  0.9369100000000E+13   0.3229032436710E-18
  0.9604380000000E+13   0.3154874102391E-18
  0.9845560000000E+13   0.3081455440921E-18
  0.1009280000000E+14   0.3004914503539E-18
  0.1034620000000E+14   0.2928363562668E-18
  0.1060610000000E+14   0.2848489828368E-18
  0.1087240000000E+14   0.2773008838313E-18
  0.1114540000000E+14   0.2695636353829E-18
  0.1142530000000E+14   0.2619577723281E-18
  0.1171220000000E+14   0.2544156108887E-18
  0.1200630000000E+14   0.2467098955781E-18
  0.1230780000000E+14   0.2390650795317E-18
  0.1261690000000E+14   0.2312535529520E-18
  0.1293370000000E+14   0.2240524070820E-18
  0.1325850000000E+14   0.2167756670207E-18
  0.1359150000000E+14   0.2096987833455E-18
  0.1393280000000E+14   0.2027337413781E-18
  0.1428260000000E+14   0.1958933374474E-18
  0.1464130000000E+14   0.1895788239595E-18
  0.1500900000000E+14   0.1831638971731E-18
  0.1538590000000E+14   0.1758693728186E-18
  0.1577220000000E+14   0.1686664908976E-18
  0.1616830000000E+14   0.1591846457990E-18
  0.1657430000000E+14   0.1488991051270E-18
  0.1699050000000E+14   0.1385793098228E-18
  0.1741720000000E+14   0.1271108397001E-18
  0.1785460000000E+14   0.1168192974968E-18
  0.1830290000000E+14   0.1067275422326E-18
  0.1876260000000E+14   0.9774342352015E-19
  0.1923370000000E+14   0.9013191167589E-19
  0.1971670000000E+14   0.8361276547313E-19
  0.2021180000000E+14   0.7827986925330E-19
  0.2071940000000E+14   0.7435262494532E-19
  0.2123970000000E+14   0.7102877529604E-19
  0.2177310000000E+14   0.7070630742088E-19
  0.2231980000000E+14   0.7036454189825E-19
  0.2288030000000E+14   0.7077805482943E-19
  0.2345490000000E+14   0.7133467936093E-19
  0.2404390000000E+14   0.7191951925869E-19
  0.2464770000000E+14   0.7264161128069E-19
  0.2526660000000E+14   0.7317817026507E-19
  0.2590110000000E+14   0.7376945616532E-19
  0.2655150000000E+14   0.7420100025133E-19
  0.2721830000000E+14   0.7486234313302E-19
  0.2790180000000E+14   0.7547959087658E-19
  0.2860240000000E+14   0.7584890460462E-19
  0.2932070000000E+14   0.7599558077372E-19
  0.3005700000000E+14   0.7608798341025E-19
  0.3081180000000E+14   0.7584482122486E-19
  0.3158550000000E+14   0.7568665289619E-19
  0.3237870000000E+14   0.7435909225057E-19
  0.3319170000000E+14   0.7291186205934E-19
  0.3402530000000E+14   0.7172758454035E-19
  0.3487970000000E+14   0.7074180401692E-19
  0.3575560000000E+14   0.6987496274120E-19
  0.3665350000000E+14   0.6913045764213E-19
  0.3757390000000E+14   0.6834577627855E-19
  0.3851740000000E+14   0.6803666823635E-19
  0.3948470000000E+14   0.6776487361765E-19
  0.4047620000000E+14   0.6764264078312E-19
  0.4149260000000E+14   0.6788534663448E-19
  0.4253460000000E+14   0.6809545842948E-19
  0.4360270000000E+14   0.6845108528908E-19
  0.4469770000000E+14   0.6876711845346E-19
  0.4582010000000E+14   0.6904479716033E-19
  0.4697070000000E+14   0.6928303803507E-19
  0.4815020000000E+14   0.6947369122299E-19
  0.4935940000000E+14   0.6961780925322E-19
  0.5059890000000E+14   0.6972543959600E-19
  0.5186950000000E+14   0.6980167328504E-19
  0.5317200000000E+14   0.6984527399187E-19
  0.5450730000000E+14   0.6986813247492E-19
  0.6258450000000E+14   0.6967773962985E-19
  0.7185870000000E+14   0.6947166494018E-19
  0.8250720000000E+14   0.7003247247470E-19
  0.9473370000000E+14   0.7206732547516E-19
  0.1087720000000E+15   0.7578504459453E-19
  0.1248910000000E+15   0.8067418443510E-19
  0.1433980000000E+15   0.8553734315290E-19
  0.1646470000000E+15   0.8881201583526E-19
  0.1890460000000E+15   0.8898800806845E-19
  0.2170600000000E+15   0.8500245656936E-19
  0.2492250000000E+15   0.7655252620921E-19
  0.2861570000000E+15   0.6426907090530E-19
  0.3285620000000E+15   0.4968112644968E-19
  0.3772500000000E+15   0.3487610003619E-19
  0.4331540000000E+15   0.2189099884162E-19
  0.4973410000000E+15   0.1207339903747E-19
  0.5710410000000E+15   0.5736379332810E-20
  0.6556610000000E+15   0.2296049605689E-20
  0.7528220000000E+15   0.7546477951217E-21
  0.8643800000000E+15   0.1978039260600E-21
  0.9924690000000E+15   0.3998338317866E-22
  0.1139540000000E+16   0.5997156545258E-23
  0.1308400000000E+16   0.6386546544069E-24
  0.1502290000000E+16   0.4589097937599E-25
  0.1724910000000E+16   0.2099249285982E-26
  0.1980520000000E+16   0.5717357951798E-28
  0.2274010000000E+16   0.8585046992944E-30
  0.2610990000000E+16   0.6507397761487E-32
  0.2997900000000E+16   0.2250219236527E-34
