mstar = 1.2008 Msun, Rstar = 2.3562 Rsun, Tstar = 5059.3, mdisk = 0.002171 Msun, Rc = 32.373 AU, Rin = 0.9842 AU, Rout = 109.614 AU, inclination = 45 degree, powerlaw = -1 
         130
  
  0.2997900000000E+11   0.2841541620440E-23
  0.3951060000000E+11   0.6458403342742E-23
  0.5207280000000E+11   0.1465378166164E-22
  0.6862910000000E+11   0.3316862161719E-22
  0.9044930000000E+11   0.7482957907083E-22
  0.1192070000000E+12   0.1680683654646E-21
  0.1571080000000E+12   0.3752441856956E-21
  0.2070600000000E+12   0.8311690284133E-21
  0.2728930000000E+12   0.1821598653372E-20
  0.3596580000000E+12   0.4201801305901E-20
  0.4740100000000E+12   0.1098256962997E-19
  0.6247180000000E+12   0.2789197485169E-19
  0.8233440000000E+12   0.6752738991663E-19
  0.1085120000000E+13   0.1524234562781E-18
  0.1430130000000E+13   0.3109133804945E-18
  0.1884830000000E+13   0.5523367730448E-18
  0.2484100000000E+13   0.8236984954274E-18
  0.3273910000000E+13   0.1019080517270E-17
  0.4314820000000E+13   0.1096986690990E-17
  0.5686700000000E+13   0.1094294435765E-17
  0.7494750000000E+13   0.1016410764351E-17
  0.7682960000000E+13   0.1005466342688E-17
  0.7875890000000E+13   0.9935737928742E-18
  0.8073670000000E+13   0.9806265313919E-18
  0.8276410000000E+13   0.9667182804039E-18
  0.8484250000000E+13   0.9521040601730E-18
  0.8697300000000E+13   0.9382676682203E-18
  0.8915700000000E+13   0.9234458194149E-18
  0.9139590000000E+13   0.9098696660884E-18
  0.9369100000000E+13   0.8957333579040E-18
  0.9604380000000E+13   0.8819092027699E-18
  0.9845560000000E+13   0.8683474576401E-18
  0.1009280000000E+14   0.8540066634120E-18
  0.1034620000000E+14   0.8396998195702E-18
  0.1060610000000E+14   0.8245102861931E-18
  0.1087240000000E+14   0.8105332901210E-18
  0.1114540000000E+14   0.7960322893012E-18
  0.1142530000000E+14   0.7818797573125E-18
  0.1171220000000E+14   0.7678696734503E-18
  0.1200630000000E+14   0.7533243535438E-18
  0.1230780000000E+14   0.7388666655018E-18
  0.1261690000000E+14   0.7237975095507E-18
  0.1293370000000E+14   0.7103962664780E-18
  0.1325850000000E+14   0.6966176920851E-18
  0.1359150000000E+14   0.6832640088799E-18
  0.1393280000000E+14   0.6700511128043E-18
  0.1428260000000E+14   0.6569983478419E-18
  0.1464130000000E+14   0.6453577129314E-18
  0.1500900000000E+14   0.6331499387171E-18
  0.1538590000000E+14   0.6178226751985E-18
  0.1577220000000E+14   0.6024180146085E-18
  0.1616830000000E+14   0.5791145358818E-18
  0.1657430000000E+14   0.5525503025616E-18
  0.1699050000000E+14   0.5251956641996E-18
  0.1741720000000E+14   0.4932131048875E-18
  0.1785460000000E+14   0.4643960704907E-18
  0.1830290000000E+14   0.4354072365451E-18
  0.1876260000000E+14   0.4093737225840E-18
  0.1923370000000E+14   0.3872350885890E-18
  0.1971670000000E+14   0.3680634461326E-18
  0.2021180000000E+14   0.3522719031364E-18
  0.2071940000000E+14   0.3408942091111E-18
  0.2123970000000E+14   0.3309750227099E-18
  0.2177310000000E+14   0.3329260391957E-18
  0.2231980000000E+14   0.3345230606234E-18
  0.2288030000000E+14   0.3391636613011E-18
  0.2345490000000E+14   0.3442508600968E-18
  0.2404390000000E+14   0.3492907006751E-18
  0.2464770000000E+14   0.3547918871062E-18
  0.2526660000000E+14   0.3592713408661E-18
  0.2590110000000E+14   0.3638494319250E-18
  0.2655150000000E+14   0.3674845753637E-18
  0.2721830000000E+14   0.3720926220811E-18
  0.2790180000000E+14   0.3763306511556E-18
  0.2860240000000E+14   0.3790715641256E-18
  0.2932070000000E+14   0.3803088505376E-18
  0.3005700000000E+14   0.3808606694825E-18
  0.3081180000000E+14   0.3789215693034E-18
  0.3158550000000E+14   0.3768709788468E-18
  0.3237870000000E+14   0.3660884822887E-18
  0.3319170000000E+14   0.3525047182735E-18
  0.3402530000000E+14   0.3386749525803E-18
  0.3487970000000E+14   0.3242290710499E-18
  0.3575560000000E+14   0.3084902359832E-18
  0.3665350000000E+14   0.2913797135072E-18
  0.3757390000000E+14   0.2703784066368E-18
  0.3851740000000E+14   0.2531026639156E-18
  0.3948470000000E+14   0.2348962822295E-18
  0.4047620000000E+14   0.2195890670186E-18
  0.4149260000000E+14   0.2114615181775E-18
  0.4253460000000E+14   0.2034671006538E-18
  0.4360270000000E+14   0.1982243095874E-18
  0.4469770000000E+14   0.1928427302536E-18
  0.4582010000000E+14   0.1873849334394E-18
  0.4697070000000E+14   0.1818452683584E-18
  0.4815020000000E+14   0.1761449024821E-18
  0.4935940000000E+14   0.1703197359050E-18
  0.5059890000000E+14   0.1645096672653E-18
  0.5186950000000E+14   0.1587959507966E-18
  0.5317200000000E+14   0.1531377616915E-18
  0.5450730000000E+14   0.1476875776418E-18
  0.6258450000000E+14   0.1206503392689E-18
  0.7185870000000E+14   0.1012798462650E-18
  0.8250720000000E+14   0.9121194956560E-19
  0.9473370000000E+14   0.9100934175632E-19
  0.1087720000000E+15   0.9954180357688E-19
  0.1248910000000E+15   0.1146237218898E-18
  0.1433980000000E+15   0.1338876119341E-18
  0.1646470000000E+15   0.1551925584404E-18
  0.1890460000000E+15   0.1765175351783E-18
  0.2170600000000E+15   0.1956864126172E-18
  0.2492250000000E+15   0.2102268280789E-18
  0.2861570000000E+15   0.2174980780884E-18
  0.3285620000000E+15   0.2151370031908E-18
  0.3772500000000E+15   0.2017389980322E-18
  0.4331540000000E+15   0.1775919979898E-18
  0.4973410000000E+15   0.1451229982704E-18
  0.5710410000000E+15   0.1086909986151E-18
  0.6556610000000E+15   0.7354559897116E-19
  0.7528220000000E+15   0.4423909928176E-19
  0.8643800000000E+15   0.2322949956934E-19
  0.9924690000000E+15   0.1043069979561E-19
  0.1139540000000E+16   0.3912409909649E-20
  0.1308400000000E+16   0.1193519973376E-20
  0.1502290000000E+16   0.2871509941876E-21
  0.1724910000000E+16   0.5260579906462E-22
  0.1980520000000E+16   0.7047759871810E-23
  0.2274010000000E+16   0.6592009881283E-24
  0.2610990000000E+16   0.4081509927072E-25
  0.2997900000000E+16   0.1573719972048E-26
