mstar = 0.681 Msun, Rstar = 2.2313 Rsun, Tstar = 3909.3, mdisk = 0.0011786 Msun, Rc = 52.9 AU, Rin = 0.2138 AU, Rout = 54.795 AU, inclination = 45 degree, powerlaw = -1 
         130
  
  0.2997900000000E+11   0.1336905096150E-23
  0.3951060000000E+11   0.3036784526054E-23
  0.5207280000000E+11   0.6886791183172E-23
  0.6862910000000E+11   0.1558085935891E-22
  0.9044930000000E+11   0.3513444371118E-22
  0.1192070000000E+12   0.7887217871151E-22
  0.1571080000000E+12   0.1759899384768E-21
  0.2070600000000E+12   0.3895152090210E-21
  0.2728930000000E+12   0.8527621784468E-21
  0.3596580000000E+12   0.1967618911780E-20
  0.4740100000000E+12   0.5180457197004E-20
  0.6247180000000E+12   0.1334706711554E-19
  0.8233440000000E+12   0.3312656436224E-19
  0.1085120000000E+13   0.7774457210410E-19
  0.1430130000000E+13   0.1677764892164E-18
  0.1884830000000E+13   0.3213500546700E-18
  0.2484100000000E+13   0.5218697736269E-18
  0.3273910000000E+13   0.6835182392645E-18
  0.4314820000000E+13   0.7092601816717E-18
  0.5686700000000E+13   0.6178263170717E-18
  0.7494750000000E+13   0.4974692822766E-18
  0.7682960000000E+13   0.4863683124215E-18
  0.7875890000000E+13   0.4750259510878E-18
  0.8073670000000E+13   0.4633763687939E-18
  0.8276410000000E+13   0.4514609298717E-18
  0.8484250000000E+13   0.4394015007317E-18
  0.8697300000000E+13   0.4279360855467E-18
  0.8915700000000E+13   0.4161604424228E-18
  0.9139590000000E+13   0.4051721444519E-18
  0.9369100000000E+13   0.3940614985174E-18
  0.9604380000000E+13   0.3832448393731E-18
  0.9845560000000E+13   0.3726875296236E-18
  0.1009280000000E+14   0.3618901798867E-18
  0.1034620000000E+14   0.3512396800974E-18
  0.1060610000000E+14   0.3403086989619E-18
  0.1087240000000E+14   0.3300636934886E-18
  0.1114540000000E+14   0.3197064550167E-18
  0.1142530000000E+14   0.3096329181479E-18
  0.1171220000000E+14   0.2997505865392E-18
  0.1200630000000E+14   0.2897687307061E-18
  0.1230780000000E+14   0.2799640976293E-18
  0.1261690000000E+14   0.2700451598591E-18
  0.1293370000000E+14   0.2609747300134E-18
  0.1325850000000E+14   0.2518861124612E-18
  0.1359150000000E+14   0.2431170932272E-18
  0.1393280000000E+14   0.2345507021777E-18
  0.1428260000000E+14   0.2261953430981E-18
  0.1464130000000E+14   0.2185477897190E-18
  0.1500900000000E+14   0.2108149330623E-18
  0.1538590000000E+14   0.2020015308589E-18
  0.1577220000000E+14   0.1933170405682E-18
  0.1616830000000E+14   0.1817360583534E-18
  0.1657430000000E+14   0.1690938912881E-18
  0.1699050000000E+14   0.1563454073251E-18
  0.1741720000000E+14   0.1420357373081E-18
  0.1785460000000E+14   0.1291215070748E-18
  0.1830290000000E+14   0.1163314530091E-18
  0.1876260000000E+14   0.1048421010558E-18
  0.1923370000000E+14   0.9499935312670E-19
  0.1971670000000E+14   0.8645259716446E-19
  0.2021180000000E+14   0.7933972934347E-19
  0.2071940000000E+14   0.7399121677489E-19
  0.2123970000000E+14   0.6934702995817E-19
  0.2177310000000E+14   0.6883487154671E-19
  0.2231980000000E+14   0.6828607497484E-19
  0.2288030000000E+14   0.6882322474290E-19
  0.2345490000000E+14   0.6958104663509E-19
  0.2404390000000E+14   0.7039369447707E-19
  0.2464770000000E+14   0.7142373169392E-19
  0.2526660000000E+14   0.7218231842058E-19
  0.2590110000000E+14   0.7302945659266E-19
  0.2655150000000E+14   0.7363040207968E-19
  0.2721830000000E+14   0.7458414298954E-19
  0.2790180000000E+14   0.7546782700164E-19
  0.2860240000000E+14   0.7595116802521E-19
  0.2932070000000E+14   0.7606264153079E-19
  0.3005700000000E+14   0.7606723678765E-19
  0.3081180000000E+14   0.7549320704301E-19
  0.3158550000000E+14   0.7503171087055E-19
  0.3237870000000E+14   0.7254444768342E-19
  0.3319170000000E+14   0.6976750419097E-19
  0.3402530000000E+14   0.6735403073530E-19
  0.3487970000000E+14   0.6519091904761E-19
  0.3575560000000E+14   0.6310534703168E-19
  0.3665350000000E+14   0.6103957754845E-19
  0.3757390000000E+14   0.5850369722989E-19
  0.3851740000000E+14   0.5681915526297E-19
  0.3948470000000E+14   0.5506136542495E-19
  0.4047620000000E+14   0.5381708627110E-19
  0.4149260000000E+14   0.5380505018763E-19
  0.4253460000000E+14   0.5381094825283E-19
  0.4360270000000E+14   0.5431358978192E-19
  0.4469770000000E+14   0.5479617850256E-19
  0.4582010000000E+14   0.5526418958838E-19
  0.4697070000000E+14   0.5571051565491E-19
  0.4815020000000E+14   0.5611169188971E-19
  0.4935940000000E+14   0.5646623458538E-19
  0.5059890000000E+14   0.5679628439100E-19
  0.5186950000000E+14   0.5711344196552E-19
  0.5317200000000E+14   0.5740285033011E-19
  0.5450730000000E+14   0.5769549531059E-19
  0.6258450000000E+14   0.5907864014966E-19
  0.7185870000000E+14   0.6015095303088E-19
  0.8250720000000E+14   0.6114042285315E-19
  0.9473370000000E+14   0.6268232917960E-19
  0.1087720000000E+15   0.6544742582557E-19
  0.1248910000000E+15   0.6977784182340E-19
  0.1433980000000E+15   0.7543483969641E-19
  0.1646470000000E+15   0.8158189261715E-19
  0.1890460000000E+15   0.8692410453792E-19
  0.2170600000000E+15   0.8998097677550E-19
  0.2492250000000E+15   0.8944343658767E-19
  0.2861570000000E+15   0.8448562283284E-19
  0.3285620000000E+15   0.7504452386566E-19
  0.3772500000000E+15   0.6198094662893E-19
  0.4331540000000E+15   0.4700310077499E-19
  0.4973410000000E+15   0.3226878334578E-19
  0.5710410000000E+15   0.1973829074444E-19
  0.6556610000000E+15   0.1056671095903E-19
  0.7528220000000E+15   0.4851363880809E-20
  0.8643800000000E+15   0.1866784596393E-20
  0.9924690000000E+15   0.5864264439190E-21
  0.1139540000000E+16   0.1459266932043E-21
  0.1308400000000E+16   0.2779003045630E-22
  0.1502290000000E+16   0.3892270834985E-23
  0.1724910000000E+16   0.3831264068524E-24
  0.1980520000000E+16   0.2515314338398E-25
  0.2274010000000E+16   0.1037251601786E-26
  0.2610990000000E+16   0.2507906336391E-28
  0.2997900000000E+16   0.3284963613872E-30
