mstar = 0.7394 Msun, Rstar = 2.0276 Rsun, Tstar = 4948.1, mdisk = 0.00102 Msun, Rc = 43.224 AU, Rin = 0.1905 AU, Rout = 261.292 AU, inclination = 45 degree, powerlaw = -1 
         130
  
  0.2997900000000E+11   0.1406539335124E-23
  0.3951060000000E+11   0.3197849389126E-23
  0.5207280000000E+11   0.7260713765101E-23
  0.6862910000000E+11   0.1645280144767E-22
  0.9044930000000E+11   0.3717858649546E-22
  0.1192070000000E+12   0.8369426598338E-22
  0.1571080000000E+12   0.1874469015922E-21
  0.2070600000000E+12   0.4169482379739E-21
  0.2728930000000E+12   0.9189710551071E-21
  0.3596580000000E+12   0.2139018248515E-20
  0.4740100000000E+12   0.5693904066107E-20
  0.6247180000000E+12   0.1489157369646E-19
  0.8233440000000E+12   0.3773331061287E-19
  0.1085120000000E+13   0.9114552751890E-19
  0.1430130000000E+13   0.2047932101050E-18
  0.1884830000000E+13   0.4148898427692E-18
  0.2484100000000E+13   0.7269341892277E-18
  0.3273910000000E+13   0.1048092322333E-17
  0.4314820000000E+13   0.1207823602372E-17
  0.5686700000000E+13   0.1150230354342E-17
  0.7494750000000E+13   0.9937422396324E-18
  0.7682960000000E+13   0.9778157303440E-18
  0.7875890000000E+13   0.9612871047942E-18
  0.8073670000000E+13   0.9440236922764E-18
  0.8276410000000E+13   0.9260861032558E-18
  0.8484250000000E+13   0.9076851891500E-18
  0.8697300000000E+13   0.8902146175362E-18
  0.8915700000000E+13   0.8719508095281E-18
  0.9139590000000E+13   0.8550072400555E-18
  0.9369100000000E+13   0.8376241732826E-18
  0.9604380000000E+13   0.8206100733333E-18
  0.9845560000000E+13   0.8038941781830E-18
  0.1009280000000E+14   0.7864594177159E-18
  0.1034620000000E+14   0.7690699384238E-18
  0.1060610000000E+14   0.7508382327501E-18
  0.1087240000000E+14   0.7337477005564E-18
  0.1114540000000E+14   0.7161365557326E-18
  0.1142530000000E+14   0.6988281824876E-18
  0.1171220000000E+14   0.6816220247890E-18
  0.1200630000000E+14   0.6638814774752E-18
  0.1230780000000E+14   0.6461957677299E-18
  0.1261690000000E+14   0.6279061293522E-18
  0.1293370000000E+14   0.6111641080785E-18
  0.1325850000000E+14   0.5940428786315E-18
  0.1359150000000E+14   0.5773013655077E-18
  0.1393280000000E+14   0.5606753657817E-18
  0.1428260000000E+14   0.5441808543690E-18
  0.1464130000000E+14   0.5290091962333E-18
  0.1500900000000E+14   0.5132913158677E-18
  0.1538590000000E+14   0.4945912131093E-18
  0.1577220000000E+14   0.4757851030702E-18
  0.1616830000000E+14   0.4493445702015E-18
  0.1657430000000E+14   0.4196270895850E-18
  0.1699050000000E+14   0.3889598534751E-18
  0.1741720000000E+14   0.3535397480726E-18
  0.1785460000000E+14   0.3209347399821E-18
  0.1830290000000E+14   0.2879268346822E-18
  0.1876260000000E+14   0.2576532663789E-18
  0.1923370000000E+14   0.2311466945909E-18
  0.1971670000000E+14   0.2075882542984E-18
  0.2021180000000E+14   0.1874770416289E-18
  0.2071940000000E+14   0.1718470641920E-18
  0.2123970000000E+14   0.1578592885961E-18
  0.2177310000000E+14   0.1553322773084E-18
  0.2231980000000E+14   0.1526072719978E-18
  0.2288030000000E+14   0.1529302884744E-18
  0.2345490000000E+14   0.1538627776298E-18
  0.2404390000000E+14   0.1549450948006E-18
  0.2464770000000E+14   0.1566707712988E-18
  0.2526660000000E+14   0.1575866448855E-18
  0.2590110000000E+14   0.1587757656905E-18
  0.2655150000000E+14   0.1592086287846E-18
  0.2721830000000E+14   0.1607431186635E-18
  0.2790180000000E+14   0.1620614954572E-18
  0.2860240000000E+14   0.1620902397882E-18
  0.2932070000000E+14   0.1608796371883E-18
  0.3005700000000E+14   0.1592578115625E-18
  0.3081180000000E+14   0.1556130106027E-18
  0.3158550000000E+14   0.1522414802528E-18
  0.3237870000000E+14   0.1417936131366E-18
  0.3319170000000E+14   0.1302919360945E-18
  0.3402530000000E+14   0.1201366600583E-18
  0.3487970000000E+14   0.1111522694101E-18
  0.3575560000000E+14   0.1029850859200E-18
  0.3665350000000E+14   0.9567864764571E-19
  0.3757390000000E+14   0.8820196265466E-19
  0.3851740000000E+14   0.8364145050760E-19
  0.3948470000000E+14   0.7954896802644E-19
  0.4047620000000E+14   0.7688124618367E-19
  0.4149260000000E+14   0.7669161578417E-19
  0.4253460000000E+14   0.7662235952154E-19
  0.4360270000000E+14   0.7750843477623E-19
  0.4469770000000E+14   0.7840865465391E-19
  0.4582010000000E+14   0.7932937761210E-19
  0.4697070000000E+14   0.8025458199664E-19
  0.4815020000000E+14   0.8114004187579E-19
  0.4935940000000E+14   0.8197959786732E-19
  0.5059890000000E+14   0.8280804073180E-19
  0.5186950000000E+14   0.8364275288345E-19
  0.5317200000000E+14   0.8445300928373E-19
  0.5450730000000E+14   0.8529131692187E-19
  0.6258450000000E+14   0.8975368604324E-19
  0.7185870000000E+14   0.9355380539821E-19
  0.8250720000000E+14   0.9626399965298E-19
  0.9473370000000E+14   0.9828739676944E-19
  0.1087720000000E+15   0.1005989470216E-18
  0.1248910000000E+15   0.1043530518126E-18
  0.1433980000000E+15   0.1103864261120E-18
  0.1646470000000E+15   0.1188931322171E-18
  0.1890460000000E+15   0.1291568815912E-18
  0.2170600000000E+15   0.1394781179125E-18
  0.2492250000000E+15   0.1476019708159E-18
  0.2861570000000E+15   0.1511436381616E-18
  0.3285620000000E+15   0.1481381451336E-18
  0.3772500000000E+15   0.1375577853774E-18
  0.4331540000000E+15   0.1197369013405E-18
  0.4973410000000E+15   0.9656867844234E-19
  0.5710410000000E+15   0.7122601915599E-19
  0.6556610000000E+15   0.4734518338106E-19
  0.7528220000000E+15   0.2789891509592E-19
  0.8643800000000E+15   0.1430601118705E-19
  0.9924690000000E+15   0.6250938859258E-20
  0.1139540000000E+16   0.2272269165430E-20
  0.1308400000000E+16   0.6686716370621E-21
  0.1502290000000E+16   0.1543646286654E-21
  0.1724910000000E+16   0.2696906386223E-22
  0.1980520000000E+16   0.3421508096434E-23
  0.2274010000000E+16   0.3006163934151E-24
  0.2610990000000E+16   0.1732275663964E-25
  0.2997900000000E+16   0.6150399801972E-27
