mstar = 0.6086 Msun, Rstar = 1.6463 Rsun, Tstar = 4453.1, mdisk = 0.00060528 Msun, Rc = 21.546 AU, Rin = 0.0558 AU, Rout = 145.716 AU, inclination = 45 degree, powerlaw = -1 
         130
  
  0.2997900000000E+11   0.8244850688255E-24
  0.3951060000000E+11   0.1871434784691E-23
  0.5207280000000E+11   0.4240187116346E-23
  0.6862910000000E+11   0.9582854490737E-23
  0.9044930000000E+11   0.2158284160336E-22
  0.1192070000000E+12   0.4838735596616E-22
  0.1571080000000E+12   0.1078308066486E-21
  0.2070600000000E+12   0.2384116924825E-21
  0.2728930000000E+12   0.5216893200077E-21
  0.3596580000000E+12   0.1201693792792E-20
  0.4740100000000E+12   0.3142303955553E-20
  0.6247180000000E+12   0.8027527981983E-20
  0.8233440000000E+12   0.1970767217532E-19
  0.1085120000000E+13   0.4558963291732E-19
  0.1430130000000E+13   0.9652099535538E-19
  0.1884830000000E+13   0.1802583660893E-18
  0.2484100000000E+13   0.2841920042228E-18
  0.3273910000000E+13   0.3652848055496E-18
  0.4314820000000E+13   0.3900135802600E-18
  0.5686700000000E+13   0.3745392827755E-18
  0.7494750000000E+13   0.3380294299095E-18
  0.7682960000000E+13   0.3336848622796E-18
  0.7875890000000E+13   0.3290488959670E-18
  0.8073670000000E+13   0.3240833232673E-18
  0.8276410000000E+13   0.3188166165322E-18
  0.8484250000000E+13   0.3133308753945E-18
  0.8697300000000E+13   0.3081156065957E-18
  0.8915700000000E+13   0.3025827329028E-18
  0.9139590000000E+13   0.2974686151409E-18
  0.9369100000000E+13   0.2921718156547E-18
  0.9604380000000E+13   0.2869779052958E-18
  0.9845560000000E+13   0.2818684592681E-18
  0.1009280000000E+14   0.2764969853826E-18
  0.1034620000000E+14   0.2711320859476E-18
  0.1060610000000E+14   0.2654708537014E-18
  0.1087240000000E+14   0.2601985547957E-18
  0.1114540000000E+14   0.2547460096782E-18
  0.1142530000000E+14   0.2493980799242E-18
  0.1171220000000E+14   0.2440851971251E-18
  0.1200630000000E+14   0.2385892577024E-18
  0.1230780000000E+14   0.2331142672987E-18
  0.1261690000000E+14   0.2274305646493E-18
  0.1293370000000E+14   0.2222819100293E-18
  0.1325850000000E+14   0.2170008465838E-18
  0.1359150000000E+14   0.2118499781326E-18
  0.1393280000000E+14   0.2067384984388E-18
  0.1428260000000E+14   0.2016721977748E-18
  0.1464130000000E+14   0.1970640924908E-18
  0.1500900000000E+14   0.1922604454682E-18
  0.1538590000000E+14   0.1864105095223E-18
  0.1577220000000E+14   0.1805149755804E-18
  0.1616830000000E+14   0.1719411255125E-18
  0.1657430000000E+14   0.1622018120127E-18
  0.1699050000000E+14   0.1521010416692E-18
  0.1741720000000E+14   0.1402891548767E-18
  0.1785460000000E+14   0.1294156892618E-18
  0.1830290000000E+14   0.1183273891813E-18
  0.1876260000000E+14   0.1081100081039E-18
  0.1923370000000E+14   0.9913018593175E-19
  0.1971670000000E+14   0.9107856118476E-19
  0.2021180000000E+14   0.8414053191466E-19
  0.2071940000000E+14   0.7872838870520E-19
  0.2123970000000E+14   0.7380356620390E-19
  0.2177310000000E+14   0.7316417429946E-19
  0.2231980000000E+14   0.7242697273896E-19
  0.2288030000000E+14   0.7287003360809E-19
  0.2345490000000E+14   0.7355896535670E-19
  0.2404390000000E+14   0.7431418311782E-19
  0.2464770000000E+14   0.7534737500791E-19
  0.2526660000000E+14   0.7607338495738E-19
  0.2590110000000E+14   0.7693798400883E-19
  0.2655150000000E+14   0.7750664853246E-19
  0.2721830000000E+14   0.7856595788866E-19
  0.2790180000000E+14   0.7958698606205E-19
  0.2860240000000E+14   0.8007816550717E-19
  0.2932070000000E+14   0.8001239879443E-19
  0.3005700000000E+14   0.7975325292336E-19
  0.3081180000000E+14   0.7847952675885E-19
  0.3158550000000E+14   0.7725693429872E-19
  0.3237870000000E+14   0.7220166995867E-19
  0.3319170000000E+14   0.6617644237926E-19
  0.3402530000000E+14   0.6046958808845E-19
  0.3487970000000E+14   0.5499818867183E-19
  0.3575560000000E+14   0.4965273504299E-19
  0.3665350000000E+14   0.4454013989815E-19
  0.3757390000000E+14   0.3913616524228E-19
  0.3851740000000E+14   0.3549569293576E-19
  0.3948470000000E+14   0.3230466341903E-19
  0.4047620000000E+14   0.3016301226977E-19
  0.4149260000000E+14   0.2947348185884E-19
  0.4253460000000E+14   0.2891736457603E-19
  0.4360270000000E+14   0.2882804837394E-19
  0.4469770000000E+14   0.2877984158666E-19
  0.4582010000000E+14   0.2877705176903E-19
  0.4697070000000E+14   0.2881597006136E-19
  0.4815020000000E+14   0.2888323246291E-19
  0.4935940000000E+14   0.2898022401946E-19
  0.5059890000000E+14   0.2912050812364E-19
  0.5186950000000E+14   0.2931027084815E-19
  0.5317200000000E+14   0.2953986412866E-19
  0.5450730000000E+14   0.2982403561764E-19
  0.6258450000000E+14   0.3216444163197E-19
  0.7185870000000E+14   0.3559476458309E-19
  0.8250720000000E+14   0.3980454352281E-19
  0.9473370000000E+14   0.4454328423920E-19
  0.1087720000000E+15   0.4957693903883E-19
  0.1248910000000E+15   0.5472012850510E-19
  0.1433980000000E+15   0.5980135829277E-19
  0.1646470000000E+15   0.6463149447689E-19
  0.1890460000000E+15   0.6893010497148E-19
  0.2170600000000E+15   0.7215749244910E-19
  0.2492250000000E+15   0.7358178259414E-19
  0.2861570000000E+15   0.7235655687433E-19
  0.3285620000000E+15   0.6783491946758E-19
  0.3772500000000E+15   0.5990924622298E-19
  0.4331540000000E+15   0.4922029076271E-19
  0.4973410000000E+15   0.3711962721993E-19
  0.5710410000000E+15   0.2532463534879E-19
  0.6556610000000E+15   0.1538007071724E-19
  0.7528220000000E+15   0.8165816140370E-20
  0.8643800000000E+15   0.3713679958024E-20
  0.9924690000000E+15   0.1413509834977E-20
  0.1139540000000E+16   0.4385009248620E-21
  0.1308400000000E+16   0.1075629825401E-21
  0.1502290000000E+16   0.2014699725775E-22
  0.1724910000000E+16   0.2768779709791E-23
  0.1980520000000E+16   0.2666599706666E-24
  0.2274010000000E+16   0.1707389816083E-25
  0.2610990000000E+16   0.6841569275327E-27
  0.2997900000000E+16   0.1600589832620E-28
