mstar = 0.6758 Msun, Rstar = 1.5718 Rsun, Tstar = 5390.2, mdisk = 0.0049454 Msun, Rc = 33.936 AU, Rin = 0.0544 AU, Rout = 75.666 AU, inclination = 45 degree, powerlaw = -1 
         130
  
  0.2997900000000E+11   0.5994603499814E-23
  0.3951060000000E+11   0.1355080051976E-22
  0.5207280000000E+11   0.3053751411457E-22
  0.6862910000000E+11   0.6855328284604E-22
  0.9044930000000E+11   0.1531467786772E-21
  0.1192070000000E+12   0.3400139408779E-21
  0.1571080000000E+12   0.7489188790245E-21
  0.2070600000000E+12   0.1632689643187E-20
  0.2728930000000E+12   0.3511879500338E-20
  0.3596580000000E+12   0.7888894222159E-20
  0.4740100000000E+12   0.1974017976208E-19
  0.6247180000000E+12   0.4742412777490E-19
  0.8233440000000E+12   0.1068708762824E-18
  0.1085120000000E+13   0.2195755242755E-18
  0.1430130000000E+13   0.3970162661237E-18
  0.1884830000000E+13   0.6126652772232E-18
  0.2484100000000E+13   0.8013932551728E-18
  0.3273910000000E+13   0.9217189127331E-18
  0.4314820000000E+13   0.9819896474775E-18
  0.5686700000000E+13   0.9813171633396E-18
  0.7494750000000E+13   0.9052888527021E-18
  0.7682960000000E+13   0.8945687259378E-18
  0.7875890000000E+13   0.8829457292171E-18
  0.8073670000000E+13   0.8703274993210E-18
  0.8276410000000E+13   0.8567981222073E-18
  0.8484250000000E+13   0.8425809532232E-18
  0.8697300000000E+13   0.8289759225555E-18
  0.8915700000000E+13   0.8144364939543E-18
  0.9139590000000E+13   0.8009109364187E-18
  0.9369100000000E+13   0.7868218997850E-18
  0.9604380000000E+13   0.7729278411440E-18
  0.9845560000000E+13   0.7591855488482E-18
  0.1009280000000E+14   0.7446869589203E-18
  0.1034620000000E+14   0.7301433383086E-18
  0.1060610000000E+14   0.7147623082779E-18
  0.1087240000000E+14   0.7003578458177E-18
  0.1114540000000E+14   0.6854271304561E-18
  0.1142530000000E+14   0.6707263726846E-18
  0.1171220000000E+14   0.6560801510908E-18
  0.1200630000000E+14   0.6409120777654E-18
  0.1230780000000E+14   0.6257644071390E-18
  0.1261690000000E+14   0.6100409260138E-18
  0.1293370000000E+14   0.5957034713812E-18
  0.1325850000000E+14   0.5809932828256E-18
  0.1359150000000E+14   0.5666063749724E-18
  0.1393280000000E+14   0.5523013990971E-18
  0.1428260000000E+14   0.5381008376682E-18
  0.1464130000000E+14   0.5250966117165E-18
  0.1500900000000E+14   0.5115746549060E-18
  0.1538590000000E+14   0.4953020656185E-18
  0.1577220000000E+14   0.4789116099243E-18
  0.1616830000000E+14   0.4554793489153E-18
  0.1657430000000E+14   0.4289779778958E-18
  0.1699050000000E+14   0.4015200205969E-18
  0.1741720000000E+14   0.3695464999581E-18
  0.1785460000000E+14   0.3400285677908E-18
  0.1830290000000E+14   0.3099138109812E-18
  0.1876260000000E+14   0.2820969678261E-18
  0.1923370000000E+14   0.2575298505616E-18
  0.1971670000000E+14   0.2354343757990E-18
  0.2021180000000E+14   0.2163068873015E-18
  0.2071940000000E+14   0.2012393360664E-18
  0.2123970000000E+14   0.1874927270263E-18
  0.2177310000000E+14   0.1851555572268E-18
  0.2231980000000E+14   0.1825742862986E-18
  0.2288030000000E+14   0.1831251882623E-18
  0.2345490000000E+14   0.1843222540948E-18
  0.2404390000000E+14   0.1857082919639E-18
  0.2464770000000E+14   0.1878196947182E-18
  0.2526660000000E+14   0.1891406911006E-18
  0.2590110000000E+14   0.1908288967648E-18
  0.2655150000000E+14   0.1917410090865E-18
  0.2721830000000E+14   0.1939524656268E-18
  0.2790180000000E+14   0.1960051599624E-18
  0.2860240000000E+14   0.1966715071793E-18
  0.2932070000000E+14   0.1958981121769E-18
  0.3005700000000E+14   0.1946041313392E-18
  0.3081180000000E+14   0.1907139007068E-18
  0.3158550000000E+14   0.1869709317723E-18
  0.3237870000000E+14   0.1735172819240E-18
  0.3319170000000E+14   0.1575400002639E-18
  0.3402530000000E+14   0.1422484366018E-18
  0.3487970000000E+14   0.1274358677338E-18
  0.3575560000000E+14   0.1127900565541E-18
  0.3665350000000E+14   0.9861697107007E-19
  0.3757390000000E+14   0.8403107156951E-19
  0.3851740000000E+14   0.7465587895781E-19
  0.3948470000000E+14   0.6665169428821E-19
  0.4047620000000E+14   0.6116270980449E-19
  0.4149260000000E+14   0.5889305141965E-19
  0.4253460000000E+14   0.5690245193277E-19
  0.4360270000000E+14   0.5600897025034E-19
  0.4469770000000E+14   0.5519297628024E-19
  0.4582010000000E+14   0.5446542444147E-19
  0.4697070000000E+14   0.5381558035609E-19
  0.4815020000000E+14   0.5320955827779E-19
  0.4935940000000E+14   0.5264818332087E-19
  0.5059890000000E+14   0.5216610993537E-19
  0.5186950000000E+14   0.5177775638027E-19
  0.5317200000000E+14   0.5146181099800E-19
  0.5450730000000E+14   0.5125457662687E-19
  0.6258450000000E+14   0.5154387544158E-19
  0.7185870000000E+14   0.5401293735161E-19
  0.8250720000000E+14   0.5821036637490E-19
  0.9473370000000E+14   0.6382428237412E-19
  0.1087720000000E+15   0.7050967521324E-19
  0.1248910000000E+15   0.7789972318128E-19
  0.1433980000000E+15   0.8562852091704E-19
  0.1646470000000E+15   0.9342009321100E-19
  0.1890460000000E+15   0.1011042938413E-18
  0.2170600000000E+15   0.1082851754199E-18
  0.2492250000000E+15   0.1143319387278E-18
  0.2861570000000E+15   0.1180894603830E-18
  0.3285620000000E+15   0.1180904270829E-18
  0.3772500000000E+15   0.1130315152308E-18
  0.4331540000000E+15   0.1023329705189E-18
  0.4973410000000E+15   0.8657780404919E-19
  0.5710410000000E+15   0.6757833502256E-19
  0.6556610000000E+15   0.4799106981485E-19
  0.7528220000000E+15   0.3053160038080E-19
  0.8643800000000E+15   0.1710324642434E-19
  0.9924690000000E+15   0.8273530269858E-20
  0.1139540000000E+16   0.3380578324149E-20
  0.1308400000000E+16   0.1137822567541E-20
  0.1502290000000E+16   0.3064742015252E-21
  0.1724910000000E+16   0.6391789494059E-22
  0.1980520000000E+16   0.9937641144881E-23
  0.2274010000000E+16   0.1102744344529E-23
  0.2610990000000E+16   0.8308066326885E-25
  0.2997900000000E+16   0.4012884439154E-26
