mstar = 1.0296 Msun, Rstar = 3.1784 Rsun, Tstar = 3105.4, mdisk = 0.0001384 Msun, Rc = 33.278 AU, Rin = 0.2185 AU, Rout = 35.781 AU, inclination = 45 degree, powerlaw = -1 
         130
  
  0.2997900000000E+11   0.1985998088889E-24
  0.3951060000000E+11   0.4449215518413E-24
  0.5207280000000E+11   0.9990189181370E-24
  0.6862910000000E+11   0.2245192660598E-23
  0.9044930000000E+11   0.5043708818437E-23
  0.1192070000000E+12   0.1130926890962E-22
  0.1571080000000E+12   0.2527032355914E-22
  0.2070600000000E+12   0.5616175575507E-22
  0.2728930000000E+12   0.1238442926625E-21
  0.3596580000000E+12   0.2887500724768E-21
  0.4740100000000E+12   0.7729504622663E-21
  0.6247180000000E+12   0.2046508029671E-20
  0.8233440000000E+12   0.5293380158331E-20
  0.1085120000000E+13   0.1319634386041E-19
  0.1430130000000E+13   0.3105885459921E-19
  0.1884830000000E+13   0.6727313229027E-19
  0.2484100000000E+13   0.1295774566913E-18
  0.3273910000000E+13   0.2116128249556E-18
  0.4314820000000E+13   0.2788759897806E-18
  0.5686700000000E+13   0.2851334706430E-18
  0.7494750000000E+13   0.2318078174323E-18
  0.7682960000000E+13   0.2257566328921E-18
  0.7875890000000E+13   0.2195988466637E-18
  0.8073670000000E+13   0.2133412183054E-18
  0.8276410000000E+13   0.2070288943887E-18
  0.8484250000000E+13   0.2007312093798E-18
  0.8697300000000E+13   0.1947520313274E-18
  0.8915700000000E+13   0.1887522103950E-18
  0.9139590000000E+13   0.1831683124465E-18
  0.9369100000000E+13   0.1776529239045E-18
  0.9604380000000E+13   0.1723725730493E-18
  0.9845560000000E+13   0.1673149325080E-18
  0.1009280000000E+14   0.1622817634936E-18
  0.1034620000000E+14   0.1574217817404E-18
  0.1060610000000E+14   0.1525578100328E-18
  0.1087240000000E+14   0.1480717761483E-18
  0.1114540000000E+14   0.1436341050911E-18
  0.1142530000000E+14   0.1393973382970E-18
  0.1171220000000E+14   0.1353157430080E-18
  0.1200630000000E+14   0.1312587819157E-18
  0.1230780000000E+14   0.1273303945299E-18
  0.1261690000000E+14   0.1233964459367E-18
  0.1293370000000E+14   0.1198599381485E-18
  0.1325850000000E+14   0.1163447464411E-18
  0.1359150000000E+14   0.1129897493450E-18
  0.1393280000000E+14   0.1097384290359E-18
  0.1428260000000E+14   0.1065882082625E-18
  0.1464130000000E+14   0.1037560174001E-18
  0.1500900000000E+14   0.1008840161504E-18
  0.1538590000000E+14   0.9751773882226E-19
  0.1577220000000E+14   0.9419468393557E-19
  0.1616830000000E+14   0.8953674780280E-19
  0.1657430000000E+14   0.8436051402656E-19
  0.1699050000000E+14   0.7909498901849E-19
  0.1741720000000E+14   0.7307217315419E-19
  0.1785460000000E+14   0.6765578616893E-19
  0.1830290000000E+14   0.6226794969725E-19
  0.1876260000000E+14   0.5746576738367E-19
  0.1923370000000E+14   0.5340838951581E-19
  0.1971670000000E+14   0.4993276949070E-19
  0.2021180000000E+14   0.4710018952316E-19
  0.2071940000000E+14   0.4505765576340E-19
  0.2123970000000E+14   0.4332649508089E-19
  0.2177310000000E+14   0.4345014654723E-19
  0.2231980000000E+14   0.4356459218414E-19
  0.2288030000000E+14   0.4418661469964E-19
  0.2345490000000E+14   0.4492847822554E-19
  0.2404390000000E+14   0.4571451755780E-19
  0.2464770000000E+14   0.4662449139413E-19
  0.2526660000000E+14   0.4742297542526E-19
  0.2590110000000E+14   0.4828344603819E-19
  0.2655150000000E+14   0.4903644223597E-19
  0.2721830000000E+14   0.4998490605061E-19
  0.2790180000000E+14   0.5091478833350E-19
  0.2860240000000E+14   0.5164616098232E-19
  0.2932070000000E+14   0.5218471102778E-19
  0.3005700000000E+14   0.5266563589002E-19
  0.3081180000000E+14   0.5281827554248E-19
  0.3158550000000E+14   0.5302023498894E-19
  0.3237870000000E+14   0.5203622692500E-19
  0.3319170000000E+14   0.5084496769956E-19
  0.3402530000000E+14   0.4983565090656E-19
  0.3487970000000E+14   0.4896493602695E-19
  0.3575560000000E+14   0.4815967319766E-19
  0.3665350000000E+14   0.4742004405980E-19
  0.3757390000000E+14   0.4653331574886E-19
  0.3851740000000E+14   0.4614873210430E-19
  0.3948470000000E+14   0.4583258112472E-19
  0.4047620000000E+14   0.4581212390241E-19
  0.4149260000000E+14   0.4626602778227E-19
  0.4253460000000E+14   0.4673451486527E-19
  0.4360270000000E+14   0.4737458338023E-19
  0.4469770000000E+14   0.4801156998590E-19
  0.4582010000000E+14   0.4864730958659E-19
  0.4697070000000E+14   0.4928000234233E-19
  0.4815020000000E+14   0.4990208995009E-19
  0.4935940000000E+14   0.5051347294409E-19
  0.5059890000000E+14   0.5112232795768E-19
  0.5186950000000E+14   0.5173287615384E-19
  0.5317200000000E+14   0.5234141229601E-19
  0.5450730000000E+14   0.5295873959415E-19
  0.6258450000000E+14   0.5650714561254E-19
  0.7185870000000E+14   0.6039303263070E-19
  0.8250720000000E+14   0.6480326599569E-19
  0.9473370000000E+14   0.6993355831794E-19
  0.1087720000000E+15   0.7576689102992E-19
  0.1248910000000E+15   0.8189320245434E-19
  0.1433980000000E+15   0.8743461047687E-19
  0.1646470000000E+15   0.9116323228977E-19
  0.1890460000000E+15   0.9176007865623E-19
  0.2170600000000E+15   0.8817642487802E-19
  0.2492250000000E+15   0.8001616368371E-19
  0.2861570000000E+15   0.6779628790727E-19
  0.3285620000000E+15   0.5297801401083E-19
  0.3772500000000E+15   0.3766281642923E-19
  0.4331540000000E+15   0.2398840061293E-19
  0.4973410000000E+15   0.1345539988845E-19
  0.5710410000000E+15   0.6518499933038E-20
  0.6556610000000E+15   0.2668049972377E-20
  0.7528220000000E+15   0.8997139906829E-21
  0.8643800000000E+15   0.2428819974848E-21
  0.9924690000000E+15   0.5078529947408E-22
  0.1139540000000E+16   0.7919189917990E-23
  0.1308400000000E+16   0.8818149908680E-24
  0.1502290000000E+16   0.6669409930933E-25
  0.1724910000000E+16   0.3235699966492E-26
  0.1980520000000E+16   0.9428259902364E-28
  0.2274010000000E+16   0.1529879984157E-29
  0.2610990000000E+16   0.1267619986873E-31
  0.2997900000000E+16   0.4855169949721E-34
