mstar = 0.413 Msun, Rstar = 1.5426 Rsun, Tstar = 4602.6, mdisk = 0.00084628 Msun, Rc = 23.351 AU, Rin = 2.3261 AU, Rout = 106.101 AU, inclination = 45 degree, powerlaw = -1 
         130
  
  0.2997900000000E+11   0.1066877912800E-23
  0.3951060000000E+11   0.2425925252222E-23
  0.5207280000000E+11   0.5507625324412E-23
  0.6862910000000E+11   0.1247655091199E-22
  0.9044930000000E+11   0.2817781765883E-22
  0.1192070000000E+12   0.6337761904346E-22
  0.1571080000000E+12   0.1417658034885E-21
  0.2070600000000E+12   0.3147728931083E-21
  0.2728930000000E+12   0.6920243455733E-21
  0.3596580000000E+12   0.1605250344151E-20
  0.4740100000000E+12   0.4249777060274E-20
  0.6247180000000E+12   0.1099987390929E-19
  0.8233440000000E+12   0.2732618091960E-19
  0.1085120000000E+13   0.6365946010720E-19
  0.1430130000000E+13   0.1344978998699E-18
  0.1884830000000E+13   0.2479348882579E-18
  0.2484100000000E+13   0.3836301329234E-18
  0.3273910000000E+13   0.4891794486547E-18
  0.4314820000000E+13   0.5365442926011E-18
  0.5686700000000E+13   0.5497578601052E-18
  0.7494750000000E+13   0.5413685641358E-18
  0.7682960000000E+13   0.5393138114250E-18
  0.7875890000000E+13   0.5368832707466E-18
  0.8073670000000E+13   0.5340230581174E-18
  0.8276410000000E+13   0.5307661270074E-18
  0.8484250000000E+13   0.5272127364122E-18
  0.8697300000000E+13   0.5239853236314E-18
  0.8915700000000E+13   0.5203177587834E-18
  0.9139590000000E+13   0.5171451876579E-18
  0.9369100000000E+13   0.5136867907448E-18
  0.9604380000000E+13   0.5102960137098E-18
  0.9845560000000E+13   0.5069357475215E-18
  0.1009280000000E+14   0.5031564616268E-18
  0.1034620000000E+14   0.4992835871383E-18
  0.1060610000000E+14   0.4949260242076E-18
  0.1087240000000E+14   0.4909296439576E-18
  0.1114540000000E+14   0.4865664246339E-18
  0.1142530000000E+14   0.4821790577721E-18
  0.1171220000000E+14   0.4776672285920E-18
  0.1200630000000E+14   0.4727463513111E-18
  0.1230780000000E+14   0.4676550256116E-18
  0.1261690000000E+14   0.4621025493464E-18
  0.1293370000000E+14   0.4569807796324E-18
  0.1325850000000E+14   0.4514628525261E-18
  0.1359150000000E+14   0.4458545695779E-18
  0.1393280000000E+14   0.4400322421334E-18
  0.1428260000000E+14   0.4339923369461E-18
  0.1464130000000E+14   0.4282098994931E-18
  0.1500900000000E+14   0.4219057786965E-18
  0.1538590000000E+14   0.4140916878266E-18
  0.1577220000000E+14   0.4059359951893E-18
  0.1616830000000E+14   0.3944091246134E-18
  0.1657430000000E+14   0.3812563202198E-18
  0.1699050000000E+14   0.3673807399682E-18
  0.1741720000000E+14   0.3511717928049E-18
  0.1785460000000E+14   0.3356464121986E-18
  0.1830290000000E+14   0.3193846296975E-18
  0.1876260000000E+14   0.3036392371788E-18
  0.1923370000000E+14   0.2888647109264E-18
  0.1971670000000E+14   0.2747167499428E-18
  0.2021180000000E+14   0.2614882420955E-18
  0.2071940000000E+14   0.2498494119242E-18
  0.2123970000000E+14   0.2384490482845E-18
  0.2177310000000E+14   0.2329390436855E-18
  0.2231980000000E+14   0.2269769939132E-18
  0.2288030000000E+14   0.2223652298049E-18
  0.2345490000000E+14   0.2177400463395E-18
  0.2404390000000E+14   0.2128562064690E-18
  0.2464770000000E+14   0.2079817689709E-18
  0.2526660000000E+14   0.2023900363716E-18
  0.2590110000000E+14   0.1966565847495E-18
  0.2655150000000E+14   0.1903081498002E-18
  0.2721830000000E+14   0.1842610916091E-18
  0.2790180000000E+14   0.1779074362268E-18
  0.2860240000000E+14   0.1708105249674E-18
  0.2932070000000E+14   0.1630564558211E-18
  0.3005700000000E+14   0.1550615842347E-18
  0.3081180000000E+14   0.1461986888450E-18
  0.3158550000000E+14   0.1374793456190E-18
  0.3237870000000E+14   0.1258463691488E-18
  0.3319170000000E+14   0.1136792527796E-18
  0.3402530000000E+14   0.1020261975971E-18
  0.3487970000000E+14   0.9087324780781E-19
  0.3575560000000E+14   0.8012545370114E-19
  0.3665350000000E+14   0.6992777535246E-19
  0.3757390000000E+14   0.5981149995018E-19
  0.3851740000000E+14   0.5188781704781E-19
  0.3948470000000E+14   0.4478809508460E-19
  0.4047620000000E+14   0.3912934997483E-19
  0.4149260000000E+14   0.3539136313117E-19
  0.4253460000000E+14   0.3210245666965E-19
  0.4360270000000E+14   0.2959903108847E-19
  0.4469770000000E+14   0.2736714824404E-19
  0.4582010000000E+14   0.2539984029230E-19
  0.4697070000000E+14   0.2367953909079E-19
  0.4815020000000E+14   0.2218346003300E-19
  0.4935940000000E+14   0.2090145727271E-19
  0.5059890000000E+14   0.1982924096950E-19
  0.5186950000000E+14   0.1895494767100E-19
  0.5317200000000E+14   0.1825847679357E-19
  0.5450730000000E+14   0.1773146143846E-19
  0.6258450000000E+14   0.1719260507526E-19
  0.7185870000000E+14   0.1943188908918E-19
  0.8250720000000E+14   0.2333292524994E-19
  0.9473370000000E+14   0.2835591952712E-19
  0.1087720000000E+15   0.3424268540855E-19
  0.1248910000000E+15   0.4080448195064E-19
  0.1433980000000E+15   0.4779016616477E-19
  0.1646470000000E+15   0.5481388589289E-19
  0.1890460000000E+15   0.6131812331628E-19
  0.2170600000000E+15   0.6657608658380E-19
  0.2492250000000E+15   0.6975333723714E-19
  0.2861570000000E+15   0.7004016604388E-19
  0.3285620000000E+15   0.6685966634021E-19
  0.3772500000000E+15   0.6010994004158E-19
  0.4331540000000E+15   0.5035169575590E-19
  0.4973410000000E+15   0.3881927417657E-19
  0.5710410000000E+15   0.2716622506816E-19
  0.6556610000000E+15   0.1699036190453E-19
  0.7528220000000E+15   0.9331404099578E-20
  0.8643800000000E+15   0.4412398346813E-20
  0.9924690000000E+15   0.1756416001247E-20
  0.1139540000000E+16   0.5736366543595E-21
  0.1308400000000E+16   0.1492806733357E-21
  0.1502290000000E+16   0.2992526350678E-22
  0.1724910000000E+16   0.4446035352414E-23
  0.1980520000000E+16   0.4682751512075E-24
  0.2274010000000E+16   0.3322745994613E-25
  0.2610990000000E+16   0.1498135461109E-26
  0.2997900000000E+16   0.4013264675821E-28
