mstar = 0.8357 Msun, Rstar = 3.3533 Rsun, Tstar = 3273.5, mdisk = 0.0021307 Msun, Rc = 54.721 AU, Rin = 0.3675 AU, Rout = 85.201 AU, inclination = 45 degree, powerlaw = -1 
         130
  
  0.2997900000000E+11   0.2207067839062E-23
  0.3951060000000E+11   0.5009184741292E-23
  0.5207280000000E+11   0.1134863922670E-22
  0.6862910000000E+11   0.2564438554604E-22
  0.9044930000000E+11   0.5773890993022E-22
  0.1192070000000E+12   0.1293595939246E-21
  0.1571080000000E+12   0.2878954538481E-21
  0.2070600000000E+12   0.6350069352703E-21
  0.2728930000000E+12   0.1383861985279E-20
  0.3596580000000E+12   0.3172699301313E-20
  0.4740100000000E+12   0.8271779476723E-20
  0.6247180000000E+12   0.2100891210228E-19
  0.8233440000000E+12   0.5107216085124E-19
  0.1085120000000E+13   0.1163227827483E-18
  0.1430130000000E+13   0.2405160354142E-18
  0.1884830000000E+13   0.4339869334357E-18
  0.2484100000000E+13   0.6516001323782E-18
  0.3273910000000E+13   0.7808899879195E-18
  0.4314820000000E+13   0.7570427362560E-18
  0.5686700000000E+13   0.6514371813330E-18
  0.7494750000000E+13   0.5297235311844E-18
  0.7682960000000E+13   0.5179038454983E-18
  0.7875890000000E+13   0.5057163545213E-18
  0.8073670000000E+13   0.4931023724545E-18
  0.8276410000000E+13   0.4801222879184E-18
  0.8484250000000E+13   0.4669265734399E-18
  0.8697300000000E+13   0.4543347691540E-18
  0.8915700000000E+13   0.4413688116404E-18
  0.9139590000000E+13   0.4292327174914E-18
  0.9369100000000E+13   0.4169486465126E-18
  0.9604380000000E+13   0.4049772419266E-18
  0.9845560000000E+13   0.3932882130608E-18
  0.1009280000000E+14   0.3813560714063E-18
  0.1034620000000E+14   0.3696043093401E-18
  0.1060610000000E+14   0.3575885982287E-18
  0.1087240000000E+14   0.3463368586555E-18
  0.1114540000000E+14   0.3350117734977E-18
  0.1142530000000E+14   0.3240332349227E-18
  0.1171220000000E+14   0.3133063981970E-18
  0.1200630000000E+14   0.3025348647836E-18
  0.1230780000000E+14   0.2920102754170E-18
  0.1261690000000E+14   0.2814351184297E-18
  0.1293370000000E+14   0.2717963962647E-18
  0.1325850000000E+14   0.2622098302682E-18
  0.1359150000000E+14   0.2530182631800E-18
  0.1393280000000E+14   0.2441030917357E-18
  0.1428260000000E+14   0.2354711501742E-18
  0.1464130000000E+14   0.2276154317611E-18
  0.1500900000000E+14   0.2197443122361E-18
  0.1538590000000E+14   0.2108925499109E-18
  0.1577220000000E+14   0.2022584397452E-18
  0.1616830000000E+14   0.1909326073980E-18
  0.1657430000000E+14   0.1787425415580E-18
  0.1699050000000E+14   0.1666279286274E-18
  0.1741720000000E+14   0.1532391626761E-18
  0.1785460000000E+14   0.1413715021504E-18
  0.1830290000000E+14   0.1298331185129E-18
  0.1876260000000E+14   0.1196884753852E-18
  0.1923370000000E+14   0.1112101319959E-18
  0.1971670000000E+14   0.1040377335777E-18
  0.2021180000000E+14   0.9825469072960E-19
  0.2071940000000E+14   0.9411623927896E-19
  0.2123970000000E+14   0.9065743014859E-19
  0.2177310000000E+14   0.9084262455971E-19
  0.2231980000000E+14   0.9099610417290E-19
  0.2288030000000E+14   0.9206799187264E-19
  0.2345490000000E+14   0.9329732097072E-19
  0.2404390000000E+14   0.9453646080639E-19
  0.2464770000000E+14   0.9591154027029E-19
  0.2526660000000E+14   0.9702467397484E-19
  0.2590110000000E+14   0.9816472971355E-19
  0.2655150000000E+14   0.9907229286586E-19
  0.2721830000000E+14   0.1002039215090E-18
  0.2790180000000E+14   0.1012338975365E-18
  0.2860240000000E+14   0.1019313699210E-18
  0.2932070000000E+14   0.1023328773233E-18
  0.3005700000000E+14   0.1026348841216E-18
  0.3081180000000E+14   0.1025227283105E-18
  0.3158550000000E+14   0.1024746725421E-18
  0.3237870000000E+14   0.1010803017928E-18
  0.3319170000000E+14   0.9949701454005E-19
  0.3402530000000E+14   0.9812391508945E-19
  0.3487970000000E+14   0.9684205674371E-19
  0.3575560000000E+14   0.9547438607056E-19
  0.3665350000000E+14   0.9390005740065E-19
  0.3757390000000E+14   0.9157489377647E-19
  0.3851740000000E+14   0.8970486993760E-19
  0.3948470000000E+14   0.8749620417744E-19
  0.4047620000000E+14   0.8567886114710E-19
  0.4149260000000E+14   0.8525905940646E-19
  0.4253460000000E+14   0.8482707656419E-19
  0.4360270000000E+14   0.8497583818637E-19
  0.4469770000000E+14   0.8507402980940E-19
  0.4582010000000E+14   0.8513113340984E-19
  0.4697070000000E+14   0.8514264977045E-19
  0.4815020000000E+14   0.8508522038303E-19
  0.4935940000000E+14   0.8496271106626E-19
  0.5059890000000E+14   0.8480534587482E-19
  0.5186950000000E+14   0.8463012163206E-19
  0.5317200000000E+14   0.8442564250704E-19
  0.5450730000000E+14   0.8422904967532E-19
  0.6258450000000E+14   0.8314610914493E-19
  0.7185870000000E+14   0.8274138713077E-19
  0.8250720000000E+14   0.8390930714816E-19
  0.9473370000000E+14   0.8749142431442E-19
  0.1087720000000E+15   0.9366242908649E-19
  0.1248910000000E+15   0.1016793542571E-18
  0.1433980000000E+15   0.1099922047882E-18
  0.1646470000000E+15   0.1166238975744E-18
  0.1890460000000E+15   0.1195987827485E-18
  0.2170600000000E+15   0.1173407769404E-18
  0.2492250000000E+15   0.1090478847741E-18
  0.2861570000000E+15   0.9499409121270E-19
  0.3285620000000E+15   0.7667880575623E-19
  0.3772500000000E+15   0.5661208267903E-19
  0.4331540000000E+15   0.3767388103154E-19
  0.4973410000000E+15   0.2222958265401E-19
  0.5710410000000E+15   0.1141628646839E-19
  0.6556610000000E+15   0.4997011005915E-20
  0.7528220000000E+15   0.1820114710618E-20
  0.8643800000000E+15   0.5368308308511E-21
  0.9924690000000E+15   0.1242584332853E-21
  0.1139540000000E+16   0.2177486317722E-22
  0.1308400000000E+16   0.2772373653796E-23
  0.1502290000000E+16   0.2445618067618E-24
  0.1724910000000E+16   0.1415784807981E-25
  0.1980520000000E+16   0.5053100454143E-27
  0.2274010000000E+16   0.1034986088120E-28
  0.2610990000000E+16   0.1120495842850E-30
  0.2997900000000E+16   0.5834158659198E-33
