mstar = 0.6425 Msun, Rstar = 2.0383 Rsun, Tstar = 3425.9, mdisk = 0.0023499 Msun, Rc = 27.009 AU, Rin = 0.1842 AU, Rout = 125.778 AU, inclination = 45 degree, powerlaw = -1 
         130
  
  0.2997900000000E+11   0.2310392406934E-23
  0.3951060000000E+11   0.5233850199103E-23
  0.5207280000000E+11   0.1182205703021E-22
  0.6862910000000E+11   0.2659985927257E-22
  0.9044930000000E+11   0.5954380410445E-22
  0.1192070000000E+12   0.1323952864674E-21
  0.1571080000000E+12   0.2918064463560E-21
  0.2070600000000E+12   0.6357936565762E-21
  0.2728930000000E+12   0.1364429286311E-20
  0.3596580000000E+12   0.3055845904044E-20
  0.4740100000000E+12   0.7634306423518E-20
  0.6247180000000E+12   0.1826017927480E-19
  0.8233440000000E+12   0.4081611996363E-19
  0.1085120000000E+13   0.8275984094914E-19
  0.1430130000000E+13   0.1464018268765E-18
  0.1884830000000E+13   0.2175130853913E-18
  0.2484100000000E+13   0.2671970476114E-18
  0.3273910000000E+13   0.2827050064278E-18
  0.4314820000000E+13   0.2782295526200E-18
  0.5686700000000E+13   0.2601764980027E-18
  0.7494750000000E+13   0.2240026139418E-18
  0.7682960000000E+13   0.2198072079680E-18
  0.7875890000000E+13   0.2153897468000E-18
  0.8073670000000E+13   0.2107291091892E-18
  0.8276410000000E+13   0.2058540100226E-18
  0.8484250000000E+13   0.2008304538309E-18
  0.8697300000000E+13   0.1960098412338E-18
  0.8915700000000E+13   0.1909764673207E-18
  0.9139590000000E+13   0.1862487714459E-18
  0.9369100000000E+13   0.1814098640661E-18
  0.9604380000000E+13   0.1766592197743E-18
  0.9845560000000E+13   0.1719851920877E-18
  0.1009280000000E+14   0.1671597519686E-18
  0.1034620000000E+14   0.1623668377188E-18
  0.1060610000000E+14   0.1574119602572E-18
  0.1087240000000E+14   0.1527455628121E-18
  0.1114540000000E+14   0.1480014931892E-18
  0.1142530000000E+14   0.1433666221644E-18
  0.1171220000000E+14   0.1388000358824E-18
  0.1200630000000E+14   0.1341689239255E-18
  0.1230780000000E+14   0.1296042401757E-18
  0.1261690000000E+14   0.1249725854786E-18
  0.1293370000000E+14   0.1207217275501E-18
  0.1325850000000E+14   0.1164530384314E-18
  0.1359150000000E+14   0.1123243501682E-18
  0.1393280000000E+14   0.1082818473053E-18
  0.1428260000000E+14   0.1043319025203E-18
  0.1464130000000E+14   0.1007035226938E-18
  0.1500900000000E+14   0.9703455570823E-19
  0.1538590000000E+14   0.9287648457591E-19
  0.1577220000000E+14   0.8878507857763E-19
  0.1616830000000E+14   0.8340101627417E-19
  0.1657430000000E+14   0.7757170492104E-19
  0.1699050000000E+14   0.7173866577293E-19
  0.1741720000000E+14   0.6526871591396E-19
  0.1785460000000E+14   0.5948457276811E-19
  0.1830290000000E+14   0.5383437624253E-19
  0.1876260000000E+14   0.4882635432969E-19
  0.1923370000000E+14   0.4459571214401E-19
  0.1971670000000E+14   0.4097717135613E-19
  0.2021180000000E+14   0.3801720730076E-19
  0.2071940000000E+14   0.3583211811783E-19
  0.2123970000000E+14   0.3397341252174E-19
  0.2177310000000E+14   0.3381008845452E-19
  0.2231980000000E+14   0.3363639658605E-19
  0.2288030000000E+14   0.3389272946102E-19
  0.2345490000000E+14   0.3423080438018E-19
  0.2404390000000E+14   0.3458624470475E-19
  0.2464770000000E+14   0.3501896411067E-19
  0.2526660000000E+14   0.3534539274335E-19
  0.2590110000000E+14   0.3570151737239E-19
  0.2655150000000E+14   0.3596464884184E-19
  0.2721830000000E+14   0.3635351134886E-19
  0.2790180000000E+14   0.3671175316379E-19
  0.2860240000000E+14   0.3692601531391E-19
  0.2932070000000E+14   0.3701221956341E-19
  0.3005700000000E+14   0.3706612037977E-19
  0.3081180000000E+14   0.3693529290152E-19
  0.3158550000000E+14   0.3685382673206E-19
  0.3237870000000E+14   0.3614661330793E-19
  0.3319170000000E+14   0.3538537299040E-19
  0.3402530000000E+14   0.3476793988045E-19
  0.3487970000000E+14   0.3424523580216E-19
  0.3575560000000E+14   0.3374821715530E-19
  0.3665350000000E+14   0.3324389392079E-19
  0.3757390000000E+14   0.3255174675027E-19
  0.3851740000000E+14   0.3210545727481E-19
  0.3948470000000E+14   0.3159569893236E-19
  0.4047620000000E+14   0.3123165600136E-19
  0.4149260000000E+14   0.3131766366745E-19
  0.4253460000000E+14   0.3140110233989E-19
  0.4360270000000E+14   0.3167633990087E-19
  0.4469770000000E+14   0.3193738619527E-19
  0.4582010000000E+14   0.3218643269012E-19
  0.4697070000000E+14   0.3242097572729E-19
  0.4815020000000E+14   0.3263204943187E-19
  0.4935940000000E+14   0.3281973767770E-19
  0.5059890000000E+14   0.3299326393557E-19
  0.5186950000000E+14   0.3315732770636E-19
  0.5317200000000E+14   0.3330712131357E-19
  0.5450730000000E+14   0.3345460356299E-19
  0.6258450000000E+14   0.3415344251878E-19
  0.7185870000000E+14   0.3479416728098E-19
  0.8250720000000E+14   0.3564625965570E-19
  0.9473370000000E+14   0.3708301082732E-19
  0.1087720000000E+15   0.3934665254685E-19
  0.1248910000000E+15   0.4237680048445E-19
  0.1433980000000E+15   0.4574389288717E-19
  0.1646470000000E+15   0.4873206178426E-19
  0.1890460000000E+15   0.5050401221211E-19
  0.2170600000000E+15   0.5029923891010E-19
  0.2492250000000E+15   0.4762944654569E-19
  0.2861570000000E+15   0.4243354837395E-19
  0.3285620000000E+15   0.3517027519453E-19
  0.3772500000000E+15   0.2678140490757E-19
  0.4331540000000E+15   0.1847409988986E-19
  0.4973410000000E+15   0.1136319972692E-19
  0.5710410000000E+15   0.6122109802754E-20
  0.6556610000000E+15   0.2831549876292E-20
  0.7528220000000E+15   0.1098809929352E-20
  0.8643800000000E+15   0.3485409702244E-21
  0.9924690000000E+15   0.8770439165777E-22
  0.1139540000000E+16   0.1691639784811E-22
  0.1308400000000E+16   0.2404529711478E-23
  0.1502290000000E+16   0.2407039756776E-24
  0.1724910000000E+16   0.1611189873565E-25
  0.1980520000000E+16   0.6793669441460E-27
  0.2274010000000E+16   0.1685039864241E-28
  0.2610990000000E+16   0.2272629819845E-30
  0.2997900000000E+16   0.1522939880755E-32
