mstar = 0.4774 Msun, Rstar = 3.4057 Rsun, Tstar = 6217.2, mdisk = 0.0032865 Msun, Rc = 47.04 AU, Rin = 0.0498 AU, Rout = 94.677 AU, inclination = 45 degree, powerlaw = -1 
         130
  
  0.2997900000000E+11   0.7513015972429E-23
  0.3951060000000E+11   0.1706498783965E-22
  0.5207280000000E+11   0.3869909657484E-22
  0.6862910000000E+11   0.8757545435795E-22
  0.9044930000000E+11   0.1976476902330E-21
  0.1192070000000E+12   0.4445403479880E-21
  0.1571080000000E+12   0.9954993854102E-21
  0.2070600000000E+12   0.2216936567243E-20
  0.2728930000000E+12   0.4901721351875E-20
  0.3596580000000E+12   0.1144584259032E-19
  0.4740100000000E+12   0.3042340914835E-19
  0.6247180000000E+12   0.7954519940355E-19
  0.8233440000000E+12   0.2018773586264E-18
  0.1085120000000E+13   0.4897605185584E-18
  0.1430130000000E+13   0.1110435452130E-17
  0.1884830000000E+13   0.2289183986664E-17
  0.2484100000000E+13   0.4150032760232E-17
  0.3273910000000E+13   0.6414446078453E-17
  0.4314820000000E+13   0.8443938268895E-17
  0.5686700000000E+13   0.9839671147834E-17
  0.7494750000000E+13   0.1050544323471E-16
  0.7682960000000E+13   0.1052236940672E-16
  0.7875890000000E+13   0.1052900816340E-16
  0.8073670000000E+13   0.1052417224851E-16
  0.8276410000000E+13   0.1050811069193E-16
  0.8484250000000E+13   0.1048231400010E-16
  0.8697300000000E+13   0.1045793606172E-16
  0.8915700000000E+13   0.1042129437035E-16
  0.9139590000000E+13   0.1038985994347E-16
  0.9369100000000E+13   0.1034930728095E-16
  0.9604380000000E+13   0.1030658811457E-16
  0.9845560000000E+13   0.1026135597174E-16
  0.1009280000000E+14   0.1020465944500E-16
  0.1034620000000E+14   0.1014320672912E-16
  0.1060610000000E+14   0.1006875285122E-16
  0.1087240000000E+14   0.9999861641840E-17
  0.1114540000000E+14   0.9920930028328E-17
  0.1142530000000E+14   0.9839902635732E-17
  0.1171220000000E+14   0.9754847622251E-17
  0.1200630000000E+14   0.9659093893947E-17
  0.1230780000000E+14   0.9558503350349E-17
  0.1261690000000E+14   0.9445789974051E-17
  0.1293370000000E+14   0.9344484760232E-17
  0.1325850000000E+14   0.9233482118260E-17
  0.1359150000000E+14   0.9121265750819E-17
  0.1393280000000E+14   0.9004746726459E-17
  0.1428260000000E+14   0.8884069178153E-17
  0.1464130000000E+14   0.8774103225421E-17
  0.1500900000000E+14   0.8651719324041E-17
  0.1538590000000E+14   0.8484249377170E-17
  0.1577220000000E+14   0.8307373346166E-17
  0.1616830000000E+14   0.8016692010628E-17
  0.1657430000000E+14   0.7664892979181E-17
  0.1699050000000E+14   0.7281018601587E-17
  0.1741720000000E+14   0.6804607190738E-17
  0.1785460000000E+14   0.6346131407678E-17
  0.1830290000000E+14   0.5855155084075E-17
  0.1876260000000E+14   0.5382271217740E-17
  0.1923370000000E+14   0.4948853438011E-17
  0.1971670000000E+14   0.4545131450384E-17
  0.2021180000000E+14   0.4184642862960E-17
  0.2071940000000E+14   0.3893488902153E-17
  0.2123970000000E+14   0.3621054230565E-17
  0.2177310000000E+14   0.3575603789659E-17
  0.2231980000000E+14   0.3524114744892E-17
  0.2288030000000E+14   0.3536457870379E-17
  0.2345490000000E+14   0.3562430542767E-17
  0.2404390000000E+14   0.3592338718209E-17
  0.2464770000000E+14   0.3637654616224E-17
  0.2526660000000E+14   0.3665840772967E-17
  0.2590110000000E+14   0.3701392962544E-17
  0.2655150000000E+14   0.3720305564966E-17
  0.2721830000000E+14   0.3766979500824E-17
  0.2790180000000E+14   0.3810646629901E-17
  0.2860240000000E+14   0.3823978056864E-17
  0.2932070000000E+14   0.3805974741843E-17
  0.3005700000000E+14   0.3776361430271E-17
  0.3081180000000E+14   0.3690016914049E-17
  0.3158550000000E+14   0.3606415123943E-17
  0.3237870000000E+14   0.3309540417986E-17
  0.3319170000000E+14   0.2956169366197E-17
  0.3402530000000E+14   0.2618024782559E-17
  0.3487970000000E+14   0.2293327643070E-17
  0.3575560000000E+14   0.1976424312488E-17
  0.3665350000000E+14   0.1676676745944E-17
  0.3757390000000E+14   0.1371167553225E-17
  0.3851740000000E+14   0.1172551605877E-17
  0.3948470000000E+14   0.1003831720215E-17
  0.4047620000000E+14   0.8889467077737E-18
  0.4149260000000E+14   0.8403097617669E-18
  0.4253460000000E+14   0.7972359912816E-18
  0.4360270000000E+14   0.7757199597938E-18
  0.4469770000000E+14   0.7554877026892E-18
  0.4582010000000E+14   0.7367148507149E-18
  0.4697070000000E+14   0.7191154639764E-18
  0.4815020000000E+14   0.7019649564990E-18
  0.4935940000000E+14   0.6852521176655E-18
  0.5059890000000E+14   0.6696098649734E-18
  0.5186950000000E+14   0.6553150595062E-18
  0.5317200000000E+14   0.6418633935821E-18
  0.5450730000000E+14   0.6300279524255E-18
  0.6258450000000E+14   0.5816417099413E-18
  0.7185870000000E+14   0.5568970142781E-18
  0.8250720000000E+14   0.5474221240269E-18
  0.9473370000000E+14   0.5512738285482E-18
  0.1087720000000E+15   0.5685265470417E-18
  0.1248910000000E+15   0.5988572863085E-18
  0.1433980000000E+15   0.6403045387271E-18
  0.1646470000000E+15   0.6897479072197E-18
  0.1890460000000E+15   0.7435832015719E-18
  0.2170600000000E+15   0.7956341216098E-18
  0.2492250000000E+15   0.8407837974327E-18
  0.2861570000000E+15   0.8726650706688E-18
  0.3285620000000E+15   0.8835393658234E-18
  0.3772500000000E+15   0.8656041639107E-18
  0.4331540000000E+15   0.8114246594547E-18
  0.4973410000000E+15   0.7188281085668E-18
  0.5710410000000E+15   0.5930894786226E-18
  0.6556610000000E+15   0.4475045752866E-18
  0.7528220000000E+15   0.2995184473317E-18
  0.8643800000000E+15   0.1795397537371E-18
  0.9924690000000E+15   0.9813941945012E-19
  0.1139540000000E+16   0.4341184634745E-19
  0.1308400000000E+16   0.1822527330636E-19
  0.1502290000000E+16   0.6529772657729E-20
  0.1724910000000E+16   0.1894309614785E-20
  0.1980520000000E+16   0.3942682458081E-21
  0.2274010000000E+16   0.6223567372370E-22
  0.2610990000000E+16   0.7015250805519E-23
  0.2997900000000E+16   0.5373374263059E-24
