mstar = 1.2864 Msun, Rstar = 1.4741 Rsun, Tstar = 2856.2, mdisk = 0.0087429 Msun, Rc = 49.565 AU, Rin = 0.0324 AU, Rout = 134.689 AU, inclination = 45 degree, powerlaw = -1 
         130
  
  0.2997900000000E+11   0.4464576712684E-23
  0.3951060000000E+11   0.1003425236103E-22
  0.5207280000000E+11   0.2244084890692E-22
  0.6862910000000E+11   0.4986294331159E-22
  0.9044930000000E+11   0.1098511468334E-21
  0.1192070000000E+12   0.2392814676071E-21
  0.1571080000000E+12   0.5134018233093E-21
  0.2070600000000E+12   0.1079473292540E-20
  0.2728930000000E+12   0.2208451290942E-20
  0.3596580000000E+12   0.4636575870839E-20
  0.4740100000000E+12   0.1060056652504E-19
  0.6247180000000E+12   0.2240047447524E-19
  0.8233440000000E+12   0.4210329947902E-19
  0.1085120000000E+13   0.6723906300558E-19
  0.1430130000000E+13   0.8696734283736E-19
  0.1884830000000E+13   0.8955844431321E-19
  0.2484100000000E+13   0.7824932753029E-19
  0.3273910000000E+13   0.6581826018961E-19
  0.4314820000000E+13   0.5582858177318E-19
  0.5686700000000E+13   0.4553273622209E-19
  0.7494750000000E+13   0.3420675779271E-19
  0.7682960000000E+13   0.3320753461312E-19
  0.7875890000000E+13   0.3220892178900E-19
  0.8073670000000E+13   0.3121034881329E-19
  0.8276410000000E+13   0.3021881479335E-19
  0.8484250000000E+13   0.2924566840666E-19
  0.8697300000000E+13   0.2834212677366E-19
  0.8915700000000E+13   0.2744773061584E-19
  0.9139590000000E+13   0.2663490705381E-19
  0.9369100000000E+13   0.2584360132935E-19
  0.9604380000000E+13   0.2510051118762E-19
  0.9845560000000E+13   0.2440237402320E-19
  0.1009280000000E+14   0.2371909678520E-19
  0.1034620000000E+14   0.2307394789083E-19
  0.1060610000000E+14   0.2244163842452E-19
  0.1087240000000E+14   0.2187762827056E-19
  0.1114540000000E+14   0.2133450445312E-19
  0.1142530000000E+14   0.2083333906958E-19
  0.1171220000000E+14   0.2036784696690E-19
  0.1200630000000E+14   0.1992063700375E-19
  0.1230780000000E+14   0.1950662739523E-19
  0.1261690000000E+14   0.1910776035668E-19
  0.1293370000000E+14   0.1877572455722E-19
  0.1325850000000E+14   0.1845943874919E-19
  0.1359150000000E+14   0.1817578256843E-19
  0.1393280000000E+14   0.1791659821383E-19
  0.1428260000000E+14   0.1768124229202E-19
  0.1464130000000E+14   0.1749834421382E-19
  0.1500900000000E+14   0.1732141309230E-19
  0.1538590000000E+14   0.1708863443862E-19
  0.1577220000000E+14   0.1686809868534E-19
  0.1616830000000E+14   0.1646908985480E-19
  0.1657430000000E+14   0.1599123508395E-19
  0.1699050000000E+14   0.1548534296643E-19
  0.1741720000000E+14   0.1483669017569E-19
  0.1785460000000E+14   0.1421595565698E-19
  0.1830290000000E+14   0.1352819845445E-19
  0.1876260000000E+14   0.1286630698906E-19
  0.1923370000000E+14   0.1227278176634E-19
  0.1971670000000E+14   0.1172641246242E-19
  0.2021180000000E+14   0.1124170269413E-19
  0.2071940000000E+14   0.1087898173664E-19
  0.2123970000000E+14   0.1052890959942E-19
  0.2177310000000E+14   0.1068268239776E-19
  0.2231980000000E+14   0.1082303618472E-19
  0.2288030000000E+14   0.1111886471118E-19
  0.2345490000000E+14   0.1146125787096E-19
  0.2404390000000E+14   0.1182849534713E-19
  0.2464770000000E+14   0.1223711560419E-19
  0.2526660000000E+14   0.1261193503957E-19
  0.2590110000000E+14   0.1301314189712E-19
  0.2655150000000E+14   0.1336108747342E-19
  0.2721830000000E+14   0.1375835042405E-19
  0.2790180000000E+14   0.1411900547462E-19
  0.2860240000000E+14   0.1439831775589E-19
  0.2932070000000E+14   0.1459331846003E-19
  0.3005700000000E+14   0.1474879720399E-19
  0.3081180000000E+14   0.1476048290949E-19
  0.3158550000000E+14   0.1476339226828E-19
  0.3237870000000E+14   0.1425344724318E-19
  0.3319170000000E+14   0.1351859172362E-19
  0.3402530000000E+14   0.1261290926852E-19
  0.3487970000000E+14   0.1164706419685E-19
  0.3575560000000E+14   0.1061272331171E-19
  0.3665350000000E+14   0.9471643824508E-20
  0.3757390000000E+14   0.8201015127834E-20
  0.3851740000000E+14   0.7453350638858E-20
  0.3948470000000E+14   0.6903947870781E-20
  0.4047620000000E+14   0.6632070785649E-20
  0.4149260000000E+14   0.6610415042644E-20
  0.4253460000000E+14   0.6618643927811E-20
  0.4360270000000E+14   0.6692108674609E-20
  0.4469770000000E+14   0.6774972897598E-20
  0.4582010000000E+14   0.6867622688592E-20
  0.4697070000000E+14   0.6969458981492E-20
  0.4815020000000E+14   0.7079128725918E-20
  0.4935940000000E+14   0.7196863277511E-20
  0.5059890000000E+14   0.7323955832960E-20
  0.5186950000000E+14   0.7460715547007E-20
  0.5317200000000E+14   0.7606142515195E-20
  0.5450730000000E+14   0.7761254455434E-20
  0.6258450000000E+14   0.8772691222591E-20
  0.7185870000000E+14   0.9988140371152E-20
  0.8250720000000E+14   0.1132881178197E-19
  0.9473370000000E+14   0.1269737285193E-19
  0.1087720000000E+15   0.1397392443105E-19
  0.1248910000000E+15   0.1502354661782E-19
  0.1433980000000E+15   0.1569899688639E-19
  0.1646470000000E+15   0.1585365398588E-19
  0.1890460000000E+15   0.1536437590602E-19
  0.2170600000000E+15   0.1416138529723E-19
  0.2492250000000E+15   0.1228133290916E-19
  0.2861570000000E+15   0.9896191408068E-20
  0.3285620000000E+15   0.7306115579063E-20
  0.3772500000000E+15   0.4866708067580E-20
  0.4331540000000E+15   0.2875956694636E-20
  0.4973410000000E+15   0.1479807165328E-20
  0.5710410000000E+15   0.6491687313939E-21
  0.6556610000000E+15   0.2370682041320E-21
  0.7528220000000E+15   0.7012870948973E-22
  0.8643800000000E+15   0.1628780011867E-22
  0.9924690000000E+15   0.2865479975984E-23
  0.1139540000000E+16   0.3664519962719E-24
  0.1308400000000E+16   0.3249619966383E-25
  0.1502290000000E+16   0.1892349980404E-26
  0.1724910000000E+16   0.6800179929575E-28
  0.1980520000000E+16   0.1403789985462E-29
  0.2274010000000E+16   0.1533429984119E-31
  0.2610990000000E+16   0.8066109916464E-34
  0.2997900000000E+16   0.1833619981010E-36
