mstar = 0.713 Msun, Rstar = 1.3079 Rsun, Tstar = 3497.4, mdisk = 0.0017417 Msun, Rc = 82.347 AU, Rin = 0.133 AU, Rout = 119.352 AU, inclination = 45 degree, powerlaw = -1 
         130
  
  0.2997900000000E+11   0.1247614417016E-23
  0.3951060000000E+11   0.2828479274373E-23
  0.5207280000000E+11   0.6394273954599E-23
  0.6862910000000E+11   0.1440003452618E-22
  0.9044930000000E+11   0.3226248904630E-22
  0.1192070000000E+12   0.7178531478278E-22
  0.1571080000000E+12   0.1582578242539E-21
  0.2070600000000E+12   0.3446014393057E-21
  0.2728930000000E+12   0.7379630724044E-21
  0.3596580000000E+12   0.1653665803198E-20
  0.4740100000000E+12   0.4192690488064E-20
  0.6247180000000E+12   0.1026689286661E-19
  0.8233440000000E+12   0.2379062158530E-19
  0.1085120000000E+13   0.5089456384482E-19
  0.1430130000000E+13   0.9706519301848E-19
  0.1884830000000E+13   0.1583596566611E-18
  0.2484100000000E+13   0.2111197314154E-18
  0.3273910000000E+13   0.2219631726495E-18
  0.4314820000000E+13   0.1874157297853E-18
  0.5686700000000E+13   0.1379106639863E-18
  0.7494750000000E+13   0.9420192197039E-19
  0.7682960000000E+13   0.9069585663554E-19
  0.7875890000000E+13   0.8722483219493E-19
  0.8073670000000E+13   0.8377909100318E-19
  0.8276410000000E+13   0.8037160707600E-19
  0.8484250000000E+13   0.7702888703489E-19
  0.8697300000000E+13   0.7389312387475E-19
  0.8915700000000E+13   0.7078751194697E-19
  0.9139590000000E+13   0.6791648246506E-19
  0.9369100000000E+13   0.6510617865581E-19
  0.9604380000000E+13   0.6243080236695E-19
  0.9845560000000E+13   0.5987910865172E-19
  0.1009280000000E+14   0.5736127883572E-19
  0.1034620000000E+14   0.5494223632940E-19
  0.1060610000000E+14   0.5254795967605E-19
  0.1087240000000E+14   0.5033720212659E-19
  0.1114540000000E+14   0.4817328178346E-19
  0.1142530000000E+14   0.4611791745127E-19
  0.1171220000000E+14   0.4415182011848E-19
  0.1200630000000E+14   0.4222654030074E-19
  0.1230780000000E+14   0.4038289379464E-19
  0.1261690000000E+14   0.3857378620844E-19
  0.1293370000000E+14   0.3694025885315E-19
  0.1325850000000E+14   0.3534889297761E-19
  0.1359150000000E+14   0.3384609396290E-19
  0.1393280000000E+14   0.3241126766454E-19
  0.1428260000000E+14   0.3104303396405E-19
  0.1464130000000E+14   0.2980755020854E-19
  0.1500900000000E+14   0.2859102874505E-19
  0.1538590000000E+14   0.2725731490500E-19
  0.1577220000000E+14   0.2597263267515E-19
  0.1616830000000E+14   0.2433400834740E-19
  0.1657430000000E+14   0.2259611648212E-19
  0.1699050000000E+14   0.2088753912823E-19
  0.1741720000000E+14   0.1902506784073E-19
  0.1785460000000E+14   0.1738795477070E-19
  0.1830290000000E+14   0.1581383429179E-19
  0.1876260000000E+14   0.1444106169908E-19
  0.1923370000000E+14   0.1330272661811E-19
  0.1971670000000E+14   0.1234856639808E-19
  0.2021180000000E+14   0.1158503356293E-19
  0.2071940000000E+14   0.1103910059929E-19
  0.2123970000000E+14   0.1058670400948E-19
  0.2177310000000E+14   0.1058273526326E-19
  0.2231980000000E+14   0.1057781470570E-19
  0.2288030000000E+14   0.1068769547457E-19
  0.2345490000000E+14   0.1082171261825E-19
  0.2404390000000E+14   0.1096279692590E-19
  0.2464770000000E+14   0.1112822401794E-19
  0.2526660000000E+14   0.1126831656838E-19
  0.2590110000000E+14   0.1142039360435E-19
  0.2655150000000E+14   0.1155021180663E-19
  0.2721830000000E+14   0.1172002750157E-19
  0.2790180000000E+14   0.1188610007632E-19
  0.2860240000000E+14   0.1201355135125E-19
  0.2932070000000E+14   0.1210469368223E-19
  0.3005700000000E+14   0.1218673105651E-19
  0.3081180000000E+14   0.1220890303477E-19
  0.3158550000000E+14   0.1224363257524E-19
  0.3237870000000E+14   0.1206183821113E-19
  0.3319170000000E+14   0.1184825037481E-19
  0.3402530000000E+14   0.1167224986487E-19
  0.3487970000000E+14   0.1152326601601E-19
  0.3575560000000E+14   0.1138683065616E-19
  0.3665350000000E+14   0.1126217395401E-19
  0.3757390000000E+14   0.1110853824738E-19
  0.3851740000000E+14   0.1103255437978E-19
  0.3948470000000E+14   0.1094656410573E-19
  0.4047620000000E+14   0.1090131272210E-19
  0.4149260000000E+14   0.1096180311923E-19
  0.4253460000000E+14   0.1102240657863E-19
  0.4360270000000E+14   0.1112432311997E-19
  0.4469770000000E+14   0.1122305593315E-19
  0.4582010000000E+14   0.1131914944837E-19
  0.4697070000000E+14   0.1141230105132E-19
  0.4815020000000E+14   0.1150072370776E-19
  0.4935940000000E+14   0.1158462307878E-19
  0.5059890000000E+14   0.1166622209869E-19
  0.5186950000000E+14   0.1174674457369E-19
  0.5317200000000E+14   0.1182551070249E-19
  0.5450730000000E+14   0.1190527921984E-19
  0.6258450000000E+14   0.1236568922981E-19
  0.7185870000000E+14   0.1292417817435E-19
  0.8250720000000E+14   0.1368325791943E-19
  0.9473370000000E+14   0.1474602151136E-19
  0.1087720000000E+15   0.1614943719435E-19
  0.1248910000000E+15   0.1781887345679E-19
  0.1433980000000E+15   0.1955545351255E-19
  0.1646470000000E+15   0.2106602958381E-19
  0.1890460000000E+15   0.2201755460201E-19
  0.2170600000000E+15   0.2210206021802E-19
  0.2492250000000E+15   0.2110901431966E-19
  0.2861570000000E+15   0.1899300003609E-19
  0.3285620000000E+15   0.1592529152466E-19
  0.3772500000000E+15   0.1229187870616E-19
  0.4331540000000E+15   0.8613565996556E-20
  0.4973410000000E+15   0.5395506574792E-20
  0.5710410000000E+15   0.2968660348422E-20
  0.6556610000000E+15   0.1406665825035E-20
  0.7528220000000E+15   0.5612598516959E-21
  0.8643800000000E+15   0.1838088308450E-21
  0.9924690000000E+15   0.4798017132997E-22
  0.1139540000000E+16   0.9652439278677E-23
  0.1308400000000E+16   0.1440002307681E-23
  0.1502290000000E+16   0.1523818249678E-24
  0.1724910000000E+16   0.1087137625180E-25
  0.1980520000000E+16   0.4932152916637E-27
  0.2274010000000E+16   0.1330591773177E-28
  0.2610990000000E+16   0.1976408846202E-30
  0.2997900000000E+16   0.1479629624815E-32
