mstar = 0.4237 Msun, Rstar = 1.865 Rsun, Tstar = 4848.7, mdisk = 0.00020595 Msun, Rc = 62.188 AU, Rin = 0.0544 AU, Rout = 155.313 AU, inclination = 45 degree, powerlaw = -1 
         130
  
  0.2997900000000E+11   0.3314703337991E-24
  0.3951060000000E+11   0.7516137238468E-24
  0.5207280000000E+11   0.1704193995154E-23
  0.6862910000000E+11   0.3861019211305E-23
  0.9044930000000E+11   0.8733614719320E-23
  0.1192070000000E+12   0.1970550051360E-22
  0.1571080000000E+12   0.4429887535028E-22
  0.2070600000000E+12   0.9907793108709E-22
  0.2728930000000E+12   0.2200489867497E-21
  0.3596580000000E+12   0.5171387511273E-21
  0.4740100000000E+12   0.1396331612149E-20
  0.6247180000000E+12   0.3742581053819E-20
  0.8233440000000E+12   0.9857123366393E-20
  0.1085120000000E+13   0.2525057797144E-19
  0.1430130000000E+13   0.6192004408914E-19
  0.1884830000000E+13   0.1426252516864E-18
  0.2484100000000E+13   0.3005202186842E-18
  0.3273910000000E+13   0.5571948224565E-18
  0.4314820000000E+13   0.8694089178904E-18
  0.5686700000000E+13   0.1077882467474E-17
  0.7494750000000E+13   0.1018489171524E-17
  0.7682960000000E+13   0.1000233175491E-17
  0.7875890000000E+13   0.9800915102394E-18
  0.8073670000000E+13   0.9581491843151E-18
  0.8276410000000E+13   0.9346898230400E-18
  0.8484250000000E+13   0.9101253604228E-18
  0.8697300000000E+13   0.8859106815245E-18
  0.8915700000000E+13   0.8606266064027E-18
  0.9139590000000E+13   0.8362974387191E-18
  0.9369100000000E+13   0.8115105540766E-18
  0.9604380000000E+13   0.7870974721606E-18
  0.9845560000000E+13   0.7631123358676E-18
  0.1009280000000E+14   0.7388417901754E-18
  0.1034620000000E+14   0.7150166554860E-18
  0.1060610000000E+14   0.6910150381771E-18
  0.1087240000000E+14   0.6684766575695E-18
  0.1114540000000E+14   0.6461471741566E-18
  0.1142530000000E+14   0.6247045001860E-18
  0.1171220000000E+14   0.6040201093744E-18
  0.1200630000000E+14   0.5836207445953E-18
  0.1230780000000E+14   0.5639581117676E-18
  0.1261690000000E+14   0.5445222834554E-18
  0.1293370000000E+14   0.5269282625995E-18
  0.1325850000000E+14   0.5096847261850E-18
  0.1359150000000E+14   0.4933396830240E-18
  0.1393280000000E+14   0.4776582107109E-18
  0.1428260000000E+14   0.4626161153392E-18
  0.1464130000000E+14   0.4490869272743E-18
  0.1500900000000E+14   0.4355911415114E-18
  0.1538590000000E+14   0.4201768896475E-18
  0.1577220000000E+14   0.4050176330813E-18
  0.1616830000000E+14   0.3841228069122E-18
  0.1657430000000E+14   0.3607987714468E-18
  0.1699050000000E+14   0.3367940800568E-18
  0.1741720000000E+14   0.3089823701528E-18
  0.1785460000000E+14   0.2833309451155E-18
  0.1830290000000E+14   0.2571787753824E-18
  0.1876260000000E+14   0.2330087845220E-18
  0.1923370000000E+14   0.2116726161736E-18
  0.1971670000000E+14   0.1925076341287E-18
  0.2021180000000E+14   0.1759438126670E-18
  0.2071940000000E+14   0.1629226772606E-18
  0.2123970000000E+14   0.1510770333750E-18
  0.2177310000000E+14   0.1491168292912E-18
  0.2231980000000E+14   0.1470344309087E-18
  0.2288030000000E+14   0.1478065849168E-18
  0.2345490000000E+14   0.1493028456198E-18
  0.2404390000000E+14   0.1511150095154E-18
  0.2464770000000E+14   0.1537494976931E-18
  0.2526660000000E+14   0.1557604262440E-18
  0.2590110000000E+14   0.1582121443578E-18
  0.2655150000000E+14   0.1600021622088E-18
  0.2721830000000E+14   0.1631144892959E-18
  0.2790180000000E+14   0.1661593971875E-18
  0.2860240000000E+14   0.1678628973042E-18
  0.2932070000000E+14   0.1681716362121E-18
  0.3005700000000E+14   0.1679660062077E-18
  0.3081180000000E+14   0.1651728352448E-18
  0.3158550000000E+14   0.1624968771636E-18
  0.3237870000000E+14   0.1500691470890E-18
  0.3319170000000E+14   0.1350655950313E-18
  0.3402530000000E+14   0.1206696750251E-18
  0.3487970000000E+14   0.1067987341044E-18
  0.3575560000000E+14   0.9340860761010E-19
  0.3665350000000E+14   0.8110430472700E-19
  0.3757390000000E+14   0.6891405555230E-19
  0.3851740000000E+14   0.6134635513546E-19
  0.3948470000000E+14   0.5502626916898E-19
  0.4047620000000E+14   0.5089069305516E-19
  0.4149260000000E+14   0.4946417176956E-19
  0.4253460000000E+14   0.4827320155892E-19
  0.4360270000000E+14   0.4799580207216E-19
  0.4469770000000E+14   0.4779052398232E-19
  0.4582010000000E+14   0.4766592676720E-19
  0.4697070000000E+14   0.4761140895241E-19
  0.4815020000000E+14   0.4759737073989E-19
  0.4935940000000E+14   0.4762455947287E-19
  0.5059890000000E+14   0.4772142641489E-19
  0.5186950000000E+14   0.4790239265237E-19
  0.5317200000000E+14   0.4814617938681E-19
  0.5450730000000E+14   0.4848778112181E-19
  0.6258450000000E+14   0.5168320746580E-19
  0.7185870000000E+14   0.5680542038580E-19
  0.8250720000000E+14   0.6338320538347E-19
  0.9473370000000E+14   0.7108276338907E-19
  0.1087720000000E+15   0.7955176130799E-19
  0.1248910000000E+15   0.8841851381997E-19
  0.1433980000000E+15   0.9726329807359E-19
  0.1646470000000E+15   0.1056688929955E-18
  0.1890460000000E+15   0.1132255336581E-18
  0.2170600000000E+15   0.1192427665345E-18
  0.2492250000000E+15   0.1228684285639E-18
  0.2861570000000E+15   0.1229484082106E-18
  0.3285620000000E+15   0.1182940068178E-18
  0.3772500000000E+15   0.1081888998987E-18
  0.4331540000000E+15   0.9287192813650E-19
  0.4973410000000E+15   0.7383620123757E-19
  0.5710410000000E+15   0.5359554311332E-19
  0.6556610000000E+15   0.3496949116489E-19
  0.7528220000000E+15   0.2014725644291E-19
  0.8643800000000E+15   0.1007105425435E-19
  0.9924690000000E+15   0.4283298416285E-20
  0.1139540000000E+16   0.1504455642689E-20
  0.1308400000000E+16   0.4285994452336E-21
  0.1502290000000E+16   0.9548879814234E-22
  0.1724910000000E+16   0.1601787123288E-22
  0.1980520000000E+16   0.1930304933945E-23
  0.2274010000000E+16   0.1600263554990E-24
  0.2610990000000E+16   0.8625571290097E-26
  0.2997900000000E+16   0.2836156229892E-27
