mstar = 0.4521 Msun, Rstar = 2.3987 Rsun, Tstar = 4525.8, mdisk = 0.0056337 Msun, Rc = 22.096 AU, Rin = 0.1048 AU, Rout = 80.873 AU, inclination = 45 degree, powerlaw = -1 
         130
  
  0.2997900000000E+11   0.8285602588033E-23
  0.3951060000000E+11   0.1863510866131E-22
  0.5207280000000E+11   0.4174284384438E-22
  0.6862910000000E+11   0.9304610369858E-22
  0.9044930000000E+11   0.2061612664833E-21
  0.1192070000000E+12   0.4534166558648E-21
  0.1571080000000E+12   0.9880363558368E-21
  0.2070600000000E+12   0.2128021508534E-20
  0.2728930000000E+12   0.4515597979971E-20
  0.3596580000000E+12   0.9926820731585E-20
  0.4740100000000E+12   0.2375445197383E-19
  0.6247180000000E+12   0.5378644635359E-19
  0.8233440000000E+12   0.1124696124451E-18
  0.1085120000000E+13   0.2119552375445E-18
  0.1430130000000E+13   0.3538715547046E-18
  0.1884830000000E+13   0.5264513896011E-18
  0.2484100000000E+13   0.7158194847942E-18
  0.3273910000000E+13   0.9052106417952E-18
  0.4314820000000E+13   0.1069105540409E-17
  0.5686700000000E+13   0.1174855397946E-17
  0.7494750000000E+13   0.1184547833173E-17
  0.7682960000000E+13   0.1179661142660E-17
  0.7875890000000E+13   0.1173458954477E-17
  0.8073670000000E+13   0.1165810888773E-17
  0.8276410000000E+13   0.1156782197057E-17
  0.8484250000000E+13   0.1146597592680E-17
  0.8697300000000E+13   0.1136734209320E-17
  0.8915700000000E+13   0.1125416884733E-17
  0.9139590000000E+13   0.1114910156166E-17
  0.9369100000000E+13   0.1103375675018E-17
  0.9604380000000E+13   0.1091707822890E-17
  0.9845560000000E+13   0.1079862217834E-17
  0.1009280000000E+14   0.1066738865684E-17
  0.1034620000000E+14   0.1053188029486E-17
  0.1060610000000E+14   0.1038222936225E-17
  0.1087240000000E+14   0.1024095662560E-17
  0.1114540000000E+14   0.1008935610545E-17
  0.1142530000000E+14   0.9936983012266E-18
  0.1171220000000E+14   0.9781618341357E-18
  0.1200630000000E+14   0.9615716494827E-18
  0.1230780000000E+14   0.9446221222717E-18
  0.1261690000000E+14   0.9265136318829E-18
  0.1293370000000E+14   0.9098686236520E-18
  0.1325850000000E+14   0.8923464678195E-18
  0.1359150000000E+14   0.8748852519183E-18
  0.1393280000000E+14   0.8571607303348E-18
  0.1428260000000E+14   0.8392016862436E-18
  0.1464130000000E+14   0.8225431934707E-18
  0.1500900000000E+14   0.8047997918581E-18
  0.1538590000000E+14   0.7827783398653E-18
  0.1577220000000E+14   0.7601733839428E-18
  0.1616830000000E+14   0.7269774607973E-18
  0.1657430000000E+14   0.6887236639300E-18
  0.1699050000000E+14   0.6484045925176E-18
  0.1741720000000E+14   0.6006631711071E-18
  0.1785460000000E+14   0.5558313863594E-18
  0.1830290000000E+14   0.5093650286440E-18
  0.1876260000000E+14   0.4657545370674E-18
  0.1923370000000E+14   0.4266743430214E-18
  0.1971670000000E+14   0.3910816835663E-18
  0.2021180000000E+14   0.3599179174121E-18
  0.2071940000000E+14   0.3350949252539E-18
  0.2123970000000E+14   0.3123002305853E-18
  0.2177310000000E+14   0.3078565466391E-18
  0.2231980000000E+14   0.3029429116767E-18
  0.2288030000000E+14   0.3029329519174E-18
  0.2345490000000E+14   0.3038259809210E-18
  0.2404390000000E+14   0.3048425084301E-18
  0.2464770000000E+14   0.3068057936741E-18
  0.2526660000000E+14   0.3073240682801E-18
  0.2590110000000E+14   0.3082069929028E-18
  0.2655150000000E+14   0.3077478885840E-18
  0.2721830000000E+14   0.3090360290793E-18
  0.2790180000000E+14   0.3099393276548E-18
  0.2860240000000E+14   0.3086693458060E-18
  0.2932070000000E+14   0.3052716442861E-18
  0.3005700000000E+14   0.3011195950448E-18
  0.3081180000000E+14   0.2934153778759E-18
  0.3158550000000E+14   0.2860047544065E-18
  0.3237870000000E+14   0.2656856134865E-18
  0.3319170000000E+14   0.2424018926841E-18
  0.3402530000000E+14   0.2204596651302E-18
  0.3487970000000E+14   0.1996103639159E-18
  0.3575560000000E+14   0.1793629687066E-18
  0.3665350000000E+14   0.1601138963103E-18
  0.3757390000000E+14   0.1402534606775E-18
  0.3851740000000E+14   0.1270799385606E-18
  0.3948470000000E+14   0.1156881960180E-18
  0.4047620000000E+14   0.1078737537317E-18
  0.4149260000000E+14   0.1048387897049E-18
  0.4253460000000E+14   0.1022523093083E-18
  0.4360270000000E+14   0.1013472176410E-18
  0.4469770000000E+14   0.1005853384315E-18
  0.4582010000000E+14   0.9998107882642E-19
  0.4697070000000E+14   0.9951532196341E-19
  0.4815020000000E+14   0.9913558599666E-19
  0.4935940000000E+14   0.9884384005900E-19
  0.5059890000000E+14   0.9868779905342E-19
  0.5186950000000E+14   0.9868652385458E-19
  0.5317200000000E+14   0.9880375717606E-19
  0.5450730000000E+14   0.9909288492562E-19
  0.6258450000000E+14   0.1028756884867E-18
  0.7185870000000E+14   0.1093927286936E-18
  0.8250720000000E+14   0.1171578713765E-18
  0.9473370000000E+14   0.1250971801324E-18
  0.1087720000000E+15   0.1325022601976E-18
  0.1248910000000E+15   0.1391879481739E-18
  0.1433980000000E+15   0.1453344294162E-18
  0.1646470000000E+15   0.1512971767167E-18
  0.1890460000000E+15   0.1571925783540E-18
  0.2170600000000E+15   0.1621675260267E-18
  0.2492250000000E+15   0.1645523855339E-18
  0.2861570000000E+15   0.1620631563349E-18
  0.3285620000000E+15   0.1527471983835E-18
  0.3772500000000E+15   0.1359230345515E-18
  0.4331540000000E+15   0.1127032673945E-18
  0.4973410000000E+15   0.8591817258857E-19
  0.5710410000000E+15   0.5935657553229E-19
  0.6556610000000E+15   0.3657466022640E-19
  0.7528220000000E+15   0.1974542566614E-19
  0.8643800000000E+15   0.9154055052965E-20
  0.9924690000000E+15   0.3562199263856E-20
  0.1139540000000E+16   0.1133427141886E-20
  0.1308400000000E+16   0.2862815727034E-21
  0.1502290000000E+16   0.5545606474556E-22
  0.1724910000000E+16   0.7921362929565E-23
  0.1980520000000E+16   0.7974101063111E-24
  0.2274010000000E+16   0.5371875022685E-25
  0.2610990000000E+16   0.2281846719100E-26
  0.2997900000000E+16   0.5708236121219E-28
