mstar = 0.9019 Msun, Rstar = 3.2782 Rsun, Tstar = 4744.2, mdisk = 0.0031097 Msun, Rc = 30.699 AU, Rin = 0.2854 AU, Rout = 120.82 AU, inclination = 45 degree, powerlaw = -1 
         130
  
  0.2997900000000E+11   0.4912324729526E-23
  0.3951060000000E+11   0.1114931371070E-22
  0.5207280000000E+11   0.2525303016514E-22
  0.6862910000000E+11   0.5703669864978E-22
  0.9044930000000E+11   0.1283397826742E-21
  0.1192070000000E+12   0.2873562371006E-21
  0.1571080000000E+12   0.6392801763956E-21
  0.2070600000000E+12   0.1410419824642E-20
  0.2728930000000E+12   0.3078398238367E-20
  0.3596580000000E+12   0.7051230983915E-20
  0.4740100000000E+12   0.1814666207073E-19
  0.6247180000000E+12   0.4525777624708E-19
  0.8233440000000E+12   0.1073542431145E-18
  0.1085120000000E+13   0.2368129221461E-18
  0.1430130000000E+13   0.4712387828055E-18
  0.1884830000000E+13   0.8191536226444E-18
  0.2484100000000E+13   0.1215247466293E-17
  0.3273910000000E+13   0.1553310116796E-17
  0.4314820000000E+13   0.1795762979160E-17
  0.5686700000000E+13   0.1936741264850E-17
  0.7494750000000E+13   0.1930621075046E-17
  0.7682960000000E+13   0.1921231536863E-17
  0.7875890000000E+13   0.1909746421976E-17
  0.8073670000000E+13   0.1895935346607E-17
  0.8276410000000E+13   0.1879905824316E-17
  0.8484250000000E+13   0.1862042477346E-17
  0.8697300000000E+13   0.1844891025970E-17
  0.8915700000000E+13   0.1825375362618E-17
  0.9139590000000E+13   0.1807402056589E-17
  0.9369100000000E+13   0.1787790252277E-17
  0.9604380000000E+13   0.1768078249134E-17
  0.9845560000000E+13   0.1748184758752E-17
  0.1009280000000E+14   0.1726185821295E-17
  0.1034620000000E+14   0.1703547108568E-17
  0.1060610000000E+14   0.1678543542081E-17
  0.1087240000000E+14   0.1655087036686E-17
  0.1114540000000E+14   0.1629912552569E-17
  0.1142530000000E+14   0.1604671282803E-17
  0.1171220000000E+14   0.1578966257193E-17
  0.1200630000000E+14   0.1551466169435E-17
  0.1230780000000E+14   0.1523376133039E-17
  0.1261690000000E+14   0.1493283953956E-17
  0.1293370000000E+14   0.1465779250063E-17
  0.1325850000000E+14   0.1436742326061E-17
  0.1359150000000E+14   0.1407815392190E-17
  0.1393280000000E+14   0.1378411024513E-17
  0.1428260000000E+14   0.1348571746427E-17
  0.1464130000000E+14   0.1321004737582E-17
  0.1500900000000E+14   0.1291487599925E-17
  0.1538590000000E+14   0.1254295559593E-17
  0.1577220000000E+14   0.1215977277755E-17
  0.1616830000000E+14   0.1158624946064E-17
  0.1657430000000E+14   0.1092126293598E-17
  0.1699050000000E+14   0.1021879053593E-17
  0.1741720000000E+14   0.9384655071032E-18
  0.1785460000000E+14   0.8603280087587E-18
  0.1830290000000E+14   0.7795466645675E-18
  0.1876260000000E+14   0.7042117888076E-18
  0.1923370000000E+14   0.6372579644398E-18
  0.1971670000000E+14   0.5768916391190E-18
  0.2021180000000E+14   0.5246667205923E-18
  0.2071940000000E+14   0.4835856445195E-18
  0.2123970000000E+14   0.4463639725484E-18
  0.2177310000000E+14   0.4393602246086E-18
  0.2231980000000E+14   0.4316438085112E-18
  0.2288030000000E+14   0.4319109147785E-18
  0.2345490000000E+14   0.4336637921058E-18
  0.2404390000000E+14   0.4357023672656E-18
  0.2464770000000E+14   0.4393706879362E-18
  0.2526660000000E+14   0.4407756020285E-18
  0.2590110000000E+14   0.4428347074737E-18
  0.2655150000000E+14   0.4427369213477E-18
  0.2721830000000E+14   0.4455225005947E-18
  0.2790180000000E+14   0.4477280866617E-18
  0.2860240000000E+14   0.4464681671045E-18
  0.2932070000000E+14   0.4418312567466E-18
  0.3005700000000E+14   0.4360858576981E-18
  0.3081180000000E+14   0.4248436906925E-18
  0.3158550000000E+14   0.4143304177763E-18
  0.3237870000000E+14   0.3844153596288E-18
  0.3319170000000E+14   0.3514236782906E-18
  0.3402530000000E+14   0.3220026427180E-18
  0.3487970000000E+14   0.2956840833917E-18
  0.3575560000000E+14   0.2718318687209E-18
  0.3665350000000E+14   0.2508688221665E-18
  0.3757390000000E+14   0.2307222995643E-18
  0.3851740000000E+14   0.2191287863536E-18
  0.3948470000000E+14   0.2096980008633E-18
  0.4047620000000E+14   0.2039508313473E-18
  0.4149260000000E+14   0.2034831788502E-18
  0.4253460000000E+14   0.2033934812065E-18
  0.4360270000000E+14   0.2052576291707E-18
  0.4469770000000E+14   0.2072048020739E-18
  0.4582010000000E+14   0.2092381894489E-18
  0.4697070000000E+14   0.2113205534611E-18
  0.4815020000000E+14   0.2133614156118E-18
  0.4935940000000E+14   0.2153440910087E-18
  0.5059890000000E+14   0.2173250512269E-18
  0.5186950000000E+14   0.2193252855951E-18
  0.5317200000000E+14   0.2212847717154E-18
  0.5450730000000E+14   0.2232861848923E-18
  0.6258450000000E+14   0.2336729658404E-18
  0.7185870000000E+14   0.2417098471131E-18
  0.8250720000000E+14   0.2464227848408E-18
  0.9473370000000E+14   0.2488657318707E-18
  0.1087720000000E+15   0.2515395279542E-18
  0.1248910000000E+15   0.2575137498789E-18
  0.1433980000000E+15   0.2690274485959E-18
  0.1646470000000E+15   0.2865435589001E-18
  0.1890460000000E+15   0.3081064043455E-18
  0.2170600000000E+15   0.3292965677990E-18
  0.2492250000000E+15   0.3444943281796E-18
  0.2861570000000E+15   0.3480791258158E-18
  0.3285620000000E+15   0.3358212780304E-18
  0.3772500000000E+15   0.3060748672625E-18
  0.4331540000000E+15   0.2606327936309E-18
  0.4973410000000E+15   0.2048564988526E-18
  0.5710410000000E+15   0.1466249795187E-18
  0.6556610000000E+15   0.9412603748835E-19
  0.7528220000000E+15   0.5327664066791E-19
  0.8643800000000E+15   0.2608115961287E-19
  0.9924690000000E+15   0.1080398112437E-19
  0.1139540000000E+16   0.3693921117539E-20
  0.1308400000000E+16   0.1013147713577E-20
  0.1502290000000E+16   0.2157255968972E-21
  0.1724910000000E+16   0.3434895170304E-22
  0.1980520000000E+16   0.3917344191646E-23
  0.2274010000000E+16   0.3045465587211E-24
  0.2610990000000E+16   0.1524937830888E-25
  0.2997900000000E+16   0.4607803537526E-27
