mstar = 0.2894 Msun, Rstar = 2.0745 Rsun, Tstar = 3803.7, mdisk = 0.0033981 Msun, Rc = 60.499 AU, Rin = 0.2319 AU, Rout = 94.08 AU, inclination = 45 degree, powerlaw = -1 
         130
  
  0.2997900000000E+11   0.3569913517542E-23
  0.3951060000000E+11   0.8109189136950E-23
  0.5207280000000E+11   0.1837978948142E-22
  0.6862910000000E+11   0.4153501736222E-22
  0.9044930000000E+11   0.9348970090482E-22
  0.1192070000000E+12   0.2093243155264E-21
  0.1571080000000E+12   0.4654099617968E-21
  0.2070600000000E+12   0.1025215032791E-20
  0.2728930000000E+12   0.2230620141109E-20
  0.3596580000000E+12   0.5100335897155E-20
  0.4740100000000E+12   0.1322375560424E-19
  0.6247180000000E+12   0.3333443170695E-19
  0.8233440000000E+12   0.8021280395797E-19
  0.1085120000000E+13   0.1801605672328E-18
  0.1430130000000E+13   0.3655537418537E-18
  0.1884830000000E+13   0.6436284761264E-18
  0.2484100000000E+13   0.9394037815957E-18
  0.3273910000000E+13   0.1101864018695E-17
  0.4314820000000E+13   0.1074539396763E-17
  0.5686700000000E+13   0.9549348731248E-18
  0.7494750000000E+13   0.7936208887199E-18
  0.7682960000000E+13   0.7766841362813E-18
  0.7875890000000E+13   0.7590965413885E-18
  0.8073670000000E+13   0.7407915669476E-18
  0.8276410000000E+13   0.7218715042318E-18
  0.8484250000000E+13   0.7025570757025E-18
  0.8697300000000E+13   0.6839964332923E-18
  0.8915700000000E+13   0.6648418648327E-18
  0.9139590000000E+13   0.6467701825573E-18
  0.9369100000000E+13   0.6284336092021E-18
  0.9604380000000E+13   0.6104766238857E-18
  0.9845560000000E+13   0.5928617725510E-18
  0.1009280000000E+14   0.5748690239759E-18
  0.1034620000000E+14   0.5570866618626E-18
  0.1060610000000E+14   0.5389072903607E-18
  0.1087240000000E+14   0.5217496441715E-18
  0.1114540000000E+14   0.5044625096388E-18
  0.1142530000000E+14   0.4876271792766E-18
  0.1171220000000E+14   0.4711158167515E-18
  0.1200630000000E+14   0.4545212450949E-18
  0.1230780000000E+14   0.4382446832978E-18
  0.1261690000000E+14   0.4218774372883E-18
  0.1293370000000E+14   0.4067779861750E-18
  0.1325850000000E+14   0.3917282498051E-18
  0.1359150000000E+14   0.3772021165172E-18
  0.1393280000000E+14   0.3630359524262E-18
  0.1428260000000E+14   0.3492402124010E-18
  0.1464130000000E+14   0.3364939436764E-18
  0.1500900000000E+14   0.3237061107947E-18
  0.1538590000000E+14   0.3095304609585E-18
  0.1577220000000E+14   0.2956213239024E-18
  0.1616830000000E+14   0.2778812132095E-18
  0.1657430000000E+14   0.2587915213576E-18
  0.1699050000000E+14   0.2396289643663E-18
  0.1741720000000E+14   0.2183655551652E-18
  0.1785460000000E+14   0.1990290243086E-18
  0.1830290000000E+14   0.1798586016676E-18
  0.1876260000000E+14   0.1624795650519E-18
  0.1923370000000E+14   0.1473969573806E-18
  0.1971670000000E+14   0.1341407628274E-18
  0.2021180000000E+14   0.1229378703367E-18
  0.2071940000000E+14   0.1142956440558E-18
  0.2123970000000E+14   0.1066948136756E-18
  0.2177310000000E+14   0.1051367372703E-18
  0.2231980000000E+14   0.1035233434728E-18
  0.2288030000000E+14   0.1034564221983E-18
  0.2345490000000E+14   0.1036747124793E-18
  0.2404390000000E+14   0.1039422811829E-18
  0.2464770000000E+14   0.1044809707449E-18
  0.2526660000000E+14   0.1046208453352E-18
  0.2590110000000E+14   0.1048612662266E-18
  0.2655150000000E+14   0.1047574810171E-18
  0.2721830000000E+14   0.1051100997459E-18
  0.2790180000000E+14   0.1053530738674E-18
  0.2860240000000E+14   0.1050714766869E-18
  0.2932070000000E+14   0.1043198463129E-18
  0.3005700000000E+14   0.1034463439294E-18
  0.3081180000000E+14   0.1018706460283E-18
  0.3158550000000E+14   0.1004646368760E-18
  0.3237870000000E+14   0.9660210946703E-19
  0.3319170000000E+14   0.9243558237855E-19
  0.3402530000000E+14   0.8878564083202E-19
  0.3487970000000E+14   0.8553466298081E-19
  0.3575560000000E+14   0.8250123206238E-19
  0.3665350000000E+14   0.7965314987860E-19
  0.3757390000000E+14   0.7646335297055E-19
  0.3851740000000E+14   0.7430909929397E-19
  0.3948470000000E+14   0.7210896531216E-19
  0.4047620000000E+14   0.7043940084586E-19
  0.4149260000000E+14   0.7007858341610E-19
  0.4253460000000E+14   0.6971663753527E-19
  0.4360270000000E+14   0.6987110841850E-19
  0.4469770000000E+14   0.6997781725833E-19
  0.4582010000000E+14   0.7004129445287E-19
  0.4697070000000E+14   0.7005386113434E-19
  0.4815020000000E+14   0.6998992150251E-19
  0.4935940000000E+14   0.6984832250834E-19
  0.5059890000000E+14   0.6965302638430E-19
  0.5186950000000E+14   0.6941612252591E-19
  0.5317200000000E+14   0.6912350294249E-19
  0.5450730000000E+14   0.6880718107858E-19
  0.6258450000000E+14   0.6635979304613E-19
  0.7185870000000E+14   0.6309374719742E-19
  0.8250720000000E+14   0.5966843974321E-19
  0.9473370000000E+14   0.5715952005086E-19
  0.1087720000000E+15   0.5651436828462E-19
  0.1248910000000E+15   0.5811787769810E-19
  0.1433980000000E+15   0.6158339172335E-19
  0.1646470000000E+15   0.6588097073754E-19
  0.1890460000000E+15   0.6963052982893E-19
  0.2170600000000E+15   0.7144247171670E-19
  0.2492250000000E+15   0.7022483301620E-19
  0.2861570000000E+15   0.6538738494332E-19
  0.3285620000000E+15   0.5701751070791E-19
  0.3772500000000E+15   0.4597842923978E-19
  0.4331540000000E+15   0.3377896779184E-19
  0.4973410000000E+15   0.2223961354126E-19
  0.5710410000000E+15   0.1287928700482E-19
  0.6556610000000E+15   0.6403244905822E-20
  0.7528220000000E+15   0.2621926435825E-20
  0.8643800000000E+15   0.8935047108147E-21
  0.9924690000000E+15   0.2586078711096E-21
  0.1139540000000E+16   0.5392074758733E-22
  0.1308400000000E+16   0.9974553122963E-23
  0.1502290000000E+16   0.1409294158749E-23
  0.1724910000000E+16   0.1405744973653E-24
  0.1980520000000E+16   0.8334995832845E-26
  0.2274010000000E+16   0.3130273015556E-27
  0.2610990000000E+16   0.6781899412241E-29
  0.2997900000000E+16   0.7815703434075E-31
