mstar = 0.4979 Msun, Rstar = 1.1167 Rsun, Tstar = 4645.6, mdisk = 0.00069077 Msun, Rc = 58.861 AU, Rin = 0.132 AU, Rout = 150.893 AU, inclination = 45 degree, powerlaw = -1 
         130
  
  0.2997900000000E+11   0.7129654275536E-24
  0.3951060000000E+11   0.1620283873200E-23
  0.5207280000000E+11   0.3675408351073E-23
  0.6862910000000E+11   0.8315734367255E-23
  0.9044930000000E+11   0.1874870937015E-22
  0.1192070000000E+12   0.4207153934804E-22
  0.1571080000000E+12   0.9381166273422E-22
  0.2070600000000E+12   0.2074152498652E-21
  0.2728930000000E+12   0.4533984782670E-21
  0.3596580000000E+12   0.1044253198851E-20
  0.4740100000000E+12   0.2747535288452E-20
  0.6247180000000E+12   0.7083627883712E-20
  0.8233440000000E+12   0.1762839261154E-19
  0.1085120000000E+13   0.4161679240018E-19
  0.1430130000000E+13   0.9080405624195E-19
  0.1884830000000E+13   0.1772562290017E-18
  0.2484100000000E+13   0.2967208273232E-18
  0.3273910000000E+13   0.4047761088960E-18
  0.4314820000000E+13   0.4343689040538E-18
  0.5686700000000E+13   0.3714089030722E-18
  0.7494750000000E+13   0.2755154651053E-18
  0.7682960000000E+13   0.2671380353767E-18
  0.7875890000000E+13   0.2587772851747E-18
  0.8073670000000E+13   0.2504080268479E-18
  0.8276410000000E+13   0.2420600087835E-18
  0.8484250000000E+13   0.2338004604643E-18
  0.8697300000000E+13   0.2260139321103E-18
  0.8915700000000E+13   0.2182241731455E-18
  0.9139590000000E+13   0.2109960913709E-18
  0.9369100000000E+13   0.2038525611454E-18
  0.9604380000000E+13   0.1970033344115E-18
  0.9845560000000E+13   0.1904224781590E-18
  0.1009280000000E+14   0.1838470042773E-18
  0.1034620000000E+14   0.1774678087147E-18
  0.1060610000000E+14   0.1710606122268E-18
  0.1087240000000E+14   0.1651084436131E-18
  0.1114540000000E+14   0.1591990575622E-18
  0.1142530000000E+14   0.1535248302592E-18
  0.1171220000000E+14   0.1480308720328E-18
  0.1200630000000E+14   0.1425652830449E-18
  0.1230780000000E+14   0.1372603298866E-18
  0.1261690000000E+14   0.1319631850870E-18
  0.1293370000000E+14   0.1271492622143E-18
  0.1325850000000E+14   0.1223799059347E-18
  0.1359150000000E+14   0.1178174994400E-18
  0.1393280000000E+14   0.1133983668768E-18
  0.1428260000000E+14   0.1091212258307E-18
  0.1464130000000E+14   0.1052280446469E-18
  0.1500900000000E+14   0.1013197232254E-18
  0.1538590000000E+14   0.9689771478613E-19
  0.1577220000000E+14   0.9255982642837E-19
  0.1616830000000E+14   0.8679234518247E-19
  0.1657430000000E+14   0.8050452447757E-19
  0.1699050000000E+14   0.7416748194198E-19
  0.1741720000000E+14   0.6704512642695E-19
  0.1785460000000E+14   0.6061482686140E-19
  0.1830290000000E+14   0.5424429281548E-19
  0.1876260000000E+14   0.4851828209597E-19
  0.1923370000000E+14   0.4360443309550E-19
  0.1971670000000E+14   0.3932522727429E-19
  0.2021180000000E+14   0.3574884759355E-19
  0.2071940000000E+14   0.3303813497866E-19
  0.2123970000000E+14   0.3066647379479E-19
  0.2177310000000E+14   0.3034219337307E-19
  0.2231980000000E+14   0.3000011247045E-19
  0.2288030000000E+14   0.3020536915320E-19
  0.2345490000000E+14   0.3053085858683E-19
  0.2404390000000E+14   0.3089486223387E-19
  0.2464770000000E+14   0.3138330229639E-19
  0.2526660000000E+14   0.3174278069383E-19
  0.2590110000000E+14   0.3216094686982E-19
  0.2655150000000E+14   0.3245846027894E-19
  0.2721830000000E+14   0.3295747489768E-19
  0.2790180000000E+14   0.3342894569072E-19
  0.2860240000000E+14   0.3368973316029E-19
  0.2932070000000E+14   0.3374813277023E-19
  0.3005700000000E+14   0.3374651758203E-19
  0.3081180000000E+14   0.3340976927032E-19
  0.3158550000000E+14   0.3312872948190E-19
  0.3237870000000E+14   0.3163946888268E-19
  0.3319170000000E+14   0.2994043712607E-19
  0.3402530000000E+14   0.2842277147940E-19
  0.3487970000000E+14   0.2703218469902E-19
  0.3575560000000E+14   0.2568377187613E-19
  0.3665350000000E+14   0.2437385353717E-19
  0.3757390000000E+14   0.2287643248229E-19
  0.3851740000000E+14   0.2192524708222E-19
  0.3948470000000E+14   0.2103163277067E-19
  0.4047620000000E+14   0.2044711976622E-19
  0.4149260000000E+14   0.2040586524419E-19
  0.4253460000000E+14   0.2037768245662E-19
  0.4360270000000E+14   0.2055180344312E-19
  0.4469770000000E+14   0.2071934986240E-19
  0.4582010000000E+14   0.2088226884872E-19
  0.4697070000000E+14   0.2103756361144E-19
  0.4815020000000E+14   0.2117551110801E-19
  0.4935940000000E+14   0.2129525903917E-19
  0.5059890000000E+14   0.2140551439223E-19
  0.5186950000000E+14   0.2151093298378E-19
  0.5317200000000E+14   0.2160519441238E-19
  0.5450730000000E+14   0.2170105113816E-19
  0.6258450000000E+14   0.2213162190892E-19
  0.7185870000000E+14   0.2241435499363E-19
  0.8250720000000E+14   0.2260602936975E-19
  0.9473370000000E+14   0.2294729716479E-19
  0.1087720000000E+15   0.2374453119252E-19
  0.1248910000000E+15   0.2523170608444E-19
  0.1433980000000E+15   0.2745756626013E-19
  0.1646470000000E+15   0.3025111374597E-19
  0.1890460000000E+15   0.3323045998540E-19
  0.2170600000000E+15   0.3586017436295E-19
  0.2492250000000E+15   0.3755938095436E-19
  0.2861570000000E+15   0.3779756840284E-19
  0.3285620000000E+15   0.3620572799443E-19
  0.3772500000000E+15   0.3269055984977E-19
  0.4331540000000E+15   0.2752302181545E-19
  0.4973410000000E+15   0.2134562340917E-19
  0.5710410000000E+15   0.1504132919634E-19
  0.6556610000000E+15   0.9482374882727E-20
  0.7528220000000E+15   0.5255507634128E-20
  0.8643800000000E+15   0.2511340488366E-20
  0.9924690000000E+15   0.1011992771303E-20
  0.1139540000000E+16   0.3351125720208E-21
  0.1308400000000E+16   0.8864829414115E-22
  0.1502290000000E+16   0.1811028152009E-22
  0.1724910000000E+16   0.2749816101632E-23
  0.1980520000000E+16   0.2968436553187E-24
  0.2274010000000E+16   0.2166871827805E-25
  0.2610990000000E+16   0.1009288471205E-26
  0.2997900000000E+16   0.2806643228697E-28
