mstar = 0.9276 Msun, Rstar = 1.4739 Rsun, Tstar = 2942.1, mdisk = 0.006116 Msun, Rc = 104.852 AU, Rin = 0.0695 AU, Rout = 123.538 AU, inclination = 45 degree, powerlaw = -1 
         130
  
  0.2997900000000E+11   0.3295684407804E-23
  0.3951060000000E+11   0.7445540642672E-23
  0.5207280000000E+11   0.1675199079339E-22
  0.6862910000000E+11   0.3748608795025E-22
  0.9044930000000E+11   0.8327753855882E-22
  0.1192070000000E+12   0.1832302851767E-21
  0.1571080000000E+12   0.3979965303963E-21
  0.2070600000000E+12   0.8497040359844E-21
  0.2728930000000E+12   0.1772358576787E-20
  0.3596580000000E+12   0.3832867706275E-20
  0.4740100000000E+12   0.9246542633921E-20
  0.6247180000000E+12   0.2111594009899E-19
  0.8233440000000E+12   0.4436319961264E-19
  0.1085120000000E+13   0.8278393033450E-19
  0.1430130000000E+13   0.1310925100892E-18
  0.1884830000000E+13   0.1683282802314E-18
  0.2484100000000E+13   0.1708410664688E-18
  0.3273910000000E+13   0.1420056653983E-18
  0.4314820000000E+13   0.1072307728416E-18
  0.5686700000000E+13   0.7760256572778E-19
  0.7494750000000E+13   0.5236002912063E-19
  0.7682960000000E+13   0.5032805129047E-19
  0.7875890000000E+13   0.4832293252383E-19
  0.8073670000000E+13   0.4634113699041E-19
  0.8276410000000E+13   0.4439184654362E-19
  0.8484250000000E+13   0.4249194741379E-19
  0.8697300000000E+13   0.4072149786236E-19
  0.8915700000000E+13   0.3898159776447E-19
  0.9139590000000E+13   0.3738514331809E-19
  0.9369100000000E+13   0.3583599900583E-19
  0.9604380000000E+13   0.3437430768919E-19
  0.9845560000000E+13   0.3299340326465E-19
  0.1009280000000E+14   0.3164437374423E-19
  0.1034620000000E+14   0.3036201302342E-19
  0.1060610000000E+14   0.2910561634196E-19
  0.1087240000000E+14   0.2795903538769E-19
  0.1114540000000E+14   0.2684818155693E-19
  0.1142530000000E+14   0.2580503713443E-19
  0.1171220000000E+14   0.2481813571582E-19
  0.1200630000000E+14   0.2386099080226E-19
  0.1230780000000E+14   0.2295403567389E-19
  0.1261690000000E+14   0.2207051026495E-19
  0.1293370000000E+14   0.2128506451069E-19
  0.1325850000000E+14   0.2052538063171E-19
  0.1359150000000E+14   0.1981573822236E-19
  0.1393280000000E+14   0.1914411952626E-19
  0.1428260000000E+14   0.1850861876927E-19
  0.1464130000000E+14   0.1794571282517E-19
  0.1500900000000E+14   0.1739077901519E-19
  0.1538590000000E+14   0.1676347912477E-19
  0.1577220000000E+14   0.1615614190645E-19
  0.1616830000000E+14   0.1532744177142E-19
  0.1657430000000E+14   0.1441878175259E-19
  0.1699050000000E+14   0.1350148692804E-19
  0.1741720000000E+14   0.1245803639281E-19
  0.1785460000000E+14   0.1152352924418E-19
  0.1830290000000E+14   0.1059774857703E-19
  0.1876260000000E+14   0.9772110694944E-20
  0.1923370000000E+14   0.9067092208480E-20
  0.1971670000000E+14   0.8454674801533E-20
  0.2021180000000E+14   0.7945893278816E-20
  0.2071940000000E+14   0.7562664000167E-20
  0.2123970000000E+14   0.7224678867130E-20
  0.2177310000000E+14   0.7199073763748E-20
  0.2231980000000E+14   0.7170140122158E-20
  0.2288030000000E+14   0.7226967581366E-20
  0.2345490000000E+14   0.7302804074547E-20
  0.2404390000000E+14   0.7387903278262E-20
  0.2464770000000E+14   0.7496771620622E-20
  0.2526660000000E+14   0.7588178884667E-20
  0.2590110000000E+14   0.7692575499565E-20
  0.2655150000000E+14   0.7778988361260E-20
  0.2721830000000E+14   0.7904619545370E-20
  0.2790180000000E+14   0.8029457609035E-20
  0.2860240000000E+14   0.8116600187134E-20
  0.2932070000000E+14   0.8164399960929E-20
  0.3005700000000E+14   0.8198841039872E-20
  0.3081180000000E+14   0.8163642383001E-20
  0.3158550000000E+14   0.8136789510889E-20
  0.3237870000000E+14   0.7865864563404E-20
  0.3319170000000E+14   0.7564841553178E-20
  0.3402530000000E+14   0.7318988428127E-20
  0.3487970000000E+14   0.7123387794569E-20
  0.3575560000000E+14   0.6963911527274E-20
  0.3665350000000E+14   0.6851700138543E-20
  0.3757390000000E+14   0.6762205504430E-20
  0.3851740000000E+14   0.6755632567465E-20
  0.3948470000000E+14   0.6768515610249E-20
  0.4047620000000E+14   0.6821859598944E-20
  0.4149260000000E+14   0.6938538184246E-20
  0.4253460000000E+14   0.7064474506680E-20
  0.4360270000000E+14   0.7217528197004E-20
  0.4469770000000E+14   0.7375238865977E-20
  0.4582010000000E+14   0.7537389171692E-20
  0.4697070000000E+14   0.7703739279465E-20
  0.4815020000000E+14   0.7873108744369E-20
  0.4935940000000E+14   0.8045332379882E-20
  0.5059890000000E+14   0.8220985427197E-20
  0.5186950000000E+14   0.8400188413320E-20
  0.5317200000000E+14   0.8582334881923E-20
  0.5450730000000E+14   0.8768110717358E-20
  0.6258450000000E+14   0.9849819162794E-20
  0.7185870000000E+14   0.1099053779913E-19
  0.8250720000000E+14   0.1216611665653E-19
  0.9473370000000E+14   0.1335967318621E-19
  0.1087720000000E+15   0.1453605022173E-19
  0.1248910000000E+15   0.1561753765800E-19
  0.1433980000000E+15   0.1646328747038E-19
  0.1646470000000E+15   0.1687949294762E-19
  0.1890460000000E+15   0.1665949443186E-19
  0.2170600000000E+15   0.1565247968465E-19
  0.2492250000000E+15   0.1383933181965E-19
  0.2861570000000E+15   0.1137610372753E-19
  0.3285620000000E+15   0.8581246406347E-20
  0.3772500000000E+15   0.5855199580946E-20
  0.4331540000000E+15   0.3556240196205E-20
  0.4973410000000E+15   0.1888299669380E-20
  0.5710410000000E+15   0.8588387573036E-21
  0.6556610000000E+15   0.3269278606584E-21
  0.7528220000000E+15   0.1014319306888E-21
  0.8643800000000E+15   0.2488327643531E-22
  0.9924690000000E+15   0.4661575021969E-23
  0.1139540000000E+16   0.6407470592192E-24
  0.1308400000000E+16   0.6172741492606E-25
  0.1502290000000E+16   0.3953285485892E-26
  0.1724910000000E+16   0.1584558636922E-27
  0.1980520000000E+16   0.3708066637137E-29
  0.2274010000000E+16   0.4677775853856E-31
  0.2610990000000E+16   0.2902927473911E-33
  0.2997900000000E+16   0.7978413154068E-36
