mstar = 0.2914 Msun, Rstar = 1.568 Rsun, Tstar = 5475.5, mdisk = 0.0045344 Msun, Rc = 24.659 AU, Rin = 0.312 AU, Rout = 93.127 AU, inclination = 45 degree, powerlaw = -1 
         130
  
  0.2997900000000E+11   0.7093204930483E-23
  0.3951060000000E+11   0.1605309785324E-22
  0.5207280000000E+11   0.3621198696134E-22
  0.6862910000000E+11   0.8134410185990E-22
  0.9044930000000E+11   0.1817563823064E-21
  0.1192070000000E+12   0.4034044172007E-21
  0.1571080000000E+12   0.8878451734178E-21
  0.2070600000000E+12   0.1933479251477E-20
  0.2728930000000E+12   0.4154695714233E-20
  0.3596580000000E+12   0.9295836054076E-20
  0.4740100000000E+12   0.2291143149868E-19
  0.6247180000000E+12   0.5390380074068E-19
  0.8233440000000E+12   0.1183870454252E-18
  0.1085120000000E+13   0.2367855715594E-18
  0.1430130000000E+13   0.4204901109902E-18
  0.1884830000000E+13   0.6557890405698E-18
  0.2484100000000E+13   0.9123962388647E-18
  0.3273910000000E+13   0.1166728522413E-17
  0.4314820000000E+13   0.1392922312841E-17
  0.5686700000000E+13   0.1548187595407E-17
  0.7494750000000E+13   0.1579042515148E-17
  0.7682960000000E+13   0.1574070451892E-17
  0.7875890000000E+13   0.1567320981744E-17
  0.8073670000000E+13   0.1558618722373E-17
  0.8276410000000E+13   0.1548036872861E-17
  0.8484250000000E+13   0.1535852999700E-17
  0.8697300000000E+13   0.1523934383703E-17
  0.8915700000000E+13   0.1510020710604E-17
  0.9139590000000E+13   0.1496985473414E-17
  0.9369100000000E+13   0.1482486698271E-17
  0.9604380000000E+13   0.1467659744008E-17
  0.9845560000000E+13   0.1452445872397E-17
  0.1009280000000E+14   0.1435438745621E-17
  0.1034620000000E+14   0.1417720307637E-17
  0.1060610000000E+14   0.1398025192438E-17
  0.1087240000000E+14   0.1379237619399E-17
  0.1114540000000E+14   0.1358964757282E-17
  0.1142530000000E+14   0.1338427622568E-17
  0.1171220000000E+14   0.1317343611368E-17
  0.1200630000000E+14   0.1294749148176E-17
  0.1230780000000E+14   0.1271537859231E-17
  0.1261690000000E+14   0.1246687229299E-17
  0.1293370000000E+14   0.1223577828659E-17
  0.1325850000000E+14   0.1199203259615E-17
  0.1359150000000E+14   0.1174778597501E-17
  0.1393280000000E+14   0.1149895734813E-17
  0.1428260000000E+14   0.1124598748922E-17
  0.1464130000000E+14   0.1100875923614E-17
  0.1500900000000E+14   0.1075656917548E-17
  0.1538590000000E+14   0.1044812969972E-17
  0.1577220000000E+14   0.1013125103191E-17
  0.1616830000000E+14   0.9676023346587E-18
  0.1657430000000E+14   0.9153744663865E-18
  0.1699050000000E+14   0.8603132084348E-18
  0.1741720000000E+14   0.7953766061138E-18
  0.1785460000000E+14   0.7340963610160E-18
  0.1830290000000E+14   0.6705350284565E-18
  0.1876260000000E+14   0.6106744432810E-18
  0.1923370000000E+14   0.5568359063140E-18
  0.1971670000000E+14   0.5077517932668E-18
  0.2021180000000E+14   0.4647508070158E-18
  0.2071940000000E+14   0.4304097703663E-18
  0.2123970000000E+14   0.3990391336097E-18
  0.2177310000000E+14   0.3920871936446E-18
  0.2231980000000E+14   0.3846085489527E-18
  0.2288030000000E+14   0.3835842281124E-18
  0.2345490000000E+14   0.3837382163916E-18
  0.2404390000000E+14   0.3840783279249E-18
  0.2464770000000E+14   0.3856435839231E-18
  0.2526660000000E+14   0.3853930714467E-18
  0.2590110000000E+14   0.3856041765803E-18
  0.2655150000000E+14   0.3841745042924E-18
  0.2721830000000E+14   0.3849544422594E-18
  0.2790180000000E+14   0.3852525119292E-18
  0.2860240000000E+14   0.3829333468983E-18
  0.2932070000000E+14   0.3781357172314E-18
  0.3005700000000E+14   0.3725581985501E-18
  0.3081180000000E+14   0.3629987418946E-18
  0.3158550000000E+14   0.3540385236507E-18
  0.3237870000000E+14   0.3307785458904E-18
  0.3319170000000E+14   0.3048836794962E-18
  0.3402530000000E+14   0.2812271989810E-18
  0.3487970000000E+14   0.2594697361277E-18
  0.3575560000000E+14   0.2389529287456E-18
  0.3665350000000E+14   0.2199959840491E-18
  0.3757390000000E+14   0.2006011316884E-18
  0.3851740000000E+14   0.1881079568156E-18
  0.3948470000000E+14   0.1770714552075E-18
  0.4047620000000E+14   0.1694191588937E-18
  0.4149260000000E+14   0.1669024547321E-18
  0.4253460000000E+14   0.1646048406401E-18
  0.4360270000000E+14   0.1641079571244E-18
  0.4469770000000E+14   0.1635480384399E-18
  0.4582010000000E+14   0.1629312781860E-18
  0.4697070000000E+14   0.1622240058813E-18
  0.4815020000000E+14   0.1613403005856E-18
  0.4935940000000E+14   0.1602688922476E-18
  0.5059890000000E+14   0.1590744608690E-18
  0.5186950000000E+14   0.1577861959826E-18
  0.5317200000000E+14   0.1563515381661E-18
  0.5450730000000E+14   0.1548623465140E-18
  0.6258450000000E+14   0.1444741360902E-18
  0.7185870000000E+14   0.1308365527120E-18
  0.8250720000000E+14   0.1149722398874E-18
  0.9473370000000E+14   0.9950687188564E-19
  0.1087720000000E+15   0.8743034418644E-19
  0.1248910000000E+15   0.8092732373321E-19
  0.1433980000000E+15   0.8064711998954E-19
  0.1646470000000E+15   0.8578726713720E-19
  0.1890460000000E+15   0.9453277974132E-19
  0.2170600000000E+15   0.1046198451852E-18
  0.2492250000000E+15   0.1138453692618E-18
  0.2861570000000E+15   0.1201980089579E-18
  0.3285620000000E+15   0.1219547739225E-18
  0.3772500000000E+15   0.1178658648758E-18
  0.4331540000000E+15   0.1074708324431E-18
  0.4973410000000E+15   0.9145715531480E-19
  0.5710410000000E+15   0.7175166626905E-19
  0.6556610000000E+15   0.5115236065320E-19
  0.7528220000000E+15   0.3252433865151E-19
  0.8643800000000E+15   0.1823976425715E-19
  0.9924690000000E+15   0.8922549516054E-20
  0.1139540000000E+16   0.3640974443036E-20
  0.1308400000000E+16   0.1260638809211E-20
  0.1502290000000E+16   0.3533067751926E-21
  0.1724910000000E+16   0.7716500375182E-22
  0.1980520000000E+16   0.1239880014841E-22
  0.2274010000000E+16   0.1434605478927E-23
  0.2610990000000E+16   0.1133545905004E-24
  0.2997900000000E+16   0.5780795178050E-26
