mstar = 0.5579 Msun, Rstar = 3.0769 Rsun, Tstar = 3728, mdisk = 0.0013698 Msun, Rc = 12.382 AU, Rin = 0.2335 AU, Rout = 106.912 AU, inclination = 45 degree, powerlaw = -1 
         130
  
  0.2997900000000E+11   0.2226555524137E-23
  0.3951060000000E+11   0.5032536776952E-23
  0.5207280000000E+11   0.1134131427079E-22
  0.6862910000000E+11   0.2545760052340E-22
  0.9044930000000E+11   0.5684807283319E-22
  0.1192070000000E+12   0.1261006566718E-21
  0.1571080000000E+12   0.2773566976004E-21
  0.2070600000000E+12   0.6035537788346E-21
  0.2728930000000E+12   0.1295774978709E-20
  0.3596580000000E+12   0.2894213698352E-20
  0.4740100000000E+12   0.7102139993429E-20
  0.6247180000000E+12   0.1660006452870E-19
  0.8233440000000E+12   0.3612834754420E-19
  0.1085120000000E+13   0.7149740630445E-19
  0.1430130000000E+13   0.1258945701473E-18
  0.1884830000000E+13   0.1962360394676E-18
  0.2484100000000E+13   0.2759979730127E-18
  0.3273910000000E+13   0.3589624224299E-18
  0.4314820000000E+13   0.4355505715225E-18
  0.5686700000000E+13   0.4913424423511E-18
  0.7494750000000E+13   0.5095724623377E-18
  0.7682960000000E+13   0.5088793666497E-18
  0.7875890000000E+13   0.5076380321261E-18
  0.8073670000000E+13   0.5057887797762E-18
  0.8276410000000E+13   0.5033536765616E-18
  0.8484250000000E+13   0.5004219929936E-18
  0.8697300000000E+13   0.4976192176710E-18
  0.8915700000000E+13   0.4941844990936E-18
  0.9139590000000E+13   0.4910883940325E-18
  0.9369100000000E+13   0.4875394170773E-18
  0.9604380000000E+13   0.4839214052097E-18
  0.9845560000000E+13   0.4802154707730E-18
  0.1009280000000E+14   0.4759332798509E-18
  0.1034620000000E+14   0.4714448141684E-18
  0.1060610000000E+14   0.4663024564349E-18
  0.1087240000000E+14   0.4615074136399E-18
  0.1114540000000E+14   0.4562204187567E-18
  0.1142530000000E+14   0.4508669843550E-18
  0.1171220000000E+14   0.4453424811011E-18
  0.1200630000000E+14   0.4392976775717E-18
  0.1230780000000E+14   0.4330436042114E-18
  0.1261690000000E+14   0.4262026155298E-18
  0.1293370000000E+14   0.4199949159400E-18
  0.1325850000000E+14   0.4133209338598E-18
  0.1359150000000E+14   0.4066182323762E-18
  0.1393280000000E+14   0.3997314200514E-18
  0.1428260000000E+14   0.3926678948332E-18
  0.1464130000000E+14   0.3861657146405E-18
  0.1500900000000E+14   0.3790672551491E-18
  0.1538590000000E+14   0.3697893946467E-18
  0.1577220000000E+14   0.3601229166754E-18
  0.1616830000000E+14   0.3450941123311E-18
  0.1657430000000E+14   0.3273988711089E-18
  0.1699050000000E+14   0.3085162732441E-18
  0.1741720000000E+14   0.2857850980754E-18
  0.1785460000000E+14   0.2643983274445E-18
  0.1830290000000E+14   0.2421322014059E-18
  0.1876260000000E+14   0.2212811934312E-18
  0.1923370000000E+14   0.2026924592600E-18
  0.1971670000000E+14   0.1858953039498E-18
  0.2021180000000E+14   0.1713771264710E-18
  0.2071940000000E+14   0.1600516203276E-18
  0.2123970000000E+14   0.1498296594063E-18
  0.2177310000000E+14   0.1484739474420E-18
  0.2231980000000E+14   0.1469230452266E-18
  0.2288030000000E+14   0.1477205630632E-18
  0.2345490000000E+14   0.1489496464086E-18
  0.2404390000000E+14   0.1502463023747E-18
  0.2464770000000E+14   0.1519867607255E-18
  0.2526660000000E+14   0.1530466106753E-18
  0.2590110000000E+14   0.1542651093250E-18
  0.2655150000000E+14   0.1548581105262E-18
  0.2721830000000E+14   0.1562342166495E-18
  0.2790180000000E+14   0.1573916809015E-18
  0.2860240000000E+14   0.1575473916987E-18
  0.2932070000000E+14   0.1567679750536E-18
  0.3005700000000E+14   0.1556844325121E-18
  0.3081180000000E+14   0.1531777072584E-18
  0.3158550000000E+14   0.1509033548122E-18
  0.3237870000000E+14   0.1437504624693E-18
  0.3319170000000E+14   0.1359011949914E-18
  0.3402530000000E+14   0.1290112467173E-18
  0.3487970000000E+14   0.1229206802870E-18
  0.3575560000000E+14   0.1173382196585E-18
  0.3665350000000E+14   0.1122809487136E-18
  0.3757390000000E+14   0.1069763527763E-18
  0.3851740000000E+14   0.1039468101011E-18
  0.3948470000000E+14   0.1014089397641E-18
  0.4047620000000E+14   0.1001092018544E-18
  0.4149260000000E+14   0.1005749375626E-18
  0.4253460000000E+14   0.1011216080130E-18
  0.4360270000000E+14   0.1022657667642E-18
  0.4469770000000E+14   0.1033948786397E-18
  0.4582010000000E+14   0.1045096661920E-18
  0.4697070000000E+14   0.1055987835027E-18
  0.4815020000000E+14   0.1066313520621E-18
  0.4935940000000E+14   0.1076023260226E-18
  0.5059890000000E+14   0.1085326626176E-18
  0.5186950000000E+14   0.1094307285021E-18
  0.5317200000000E+14   0.1102784479337E-18
  0.5450730000000E+14   0.1111057319249E-18
  0.6258450000000E+14   0.1149307854992E-18
  0.7185870000000E+14   0.1174115945778E-18
  0.8250720000000E+14   0.1187836413022E-18
  0.9473370000000E+14   0.1200180868583E-18
  0.1087720000000E+15   0.1223651228815E-18
  0.1248910000000E+15   0.1267681490936E-18
  0.1433980000000E+15   0.1332383912348E-18
  0.1646470000000E+15   0.1406415239051E-18
  0.1890460000000E+15   0.1468543454081E-18
  0.2170600000000E+15   0.1492802978524E-18
  0.2492250000000E+15   0.1456730142054E-18
  0.2861570000000E+15   0.1347957022947E-18
  0.3285620000000E+15   0.1169126945408E-18
  0.3772500000000E+15   0.9390676887293E-19
  0.4331540000000E+15   0.6893535491783E-19
  0.4973410000000E+15   0.4557150261377E-19
  0.5710410000000E+15   0.2668389975844E-19
  0.6556610000000E+15   0.1358339979611E-19
  0.7528220000000E+15   0.5885349892764E-20
  0.8643800000000E+15   0.2118799954846E-20
  0.9924690000000E+15   0.6165989859877E-21
  0.1139540000000E+16   0.1405389961481E-21
  0.1308400000000E+16   0.2419729936228E-22
  0.1502290000000E+16   0.3018609928790E-23
  0.1724910000000E+16   0.2601489947200E-24
  0.1980520000000E+16   0.1466209969441E-25
  0.2274010000000E+16   0.5074509895457E-27
  0.2610990000000E+16   0.1003339979519E-28
  0.2997900000000E+16   0.1043149978855E-30
