mstar = 0.8419 Msun, Rstar = 1.4095 Rsun, Tstar = 4815.6, mdisk = 0.0021636 Msun, Rc = 46.703 AU, Rin = 0.0592 AU, Rout = 76.611 AU, inclination = 45 degree, powerlaw = -1 
         130
  
  0.2997900000000E+11   0.2215218693455E-23
  0.3951060000000E+11   0.5027018757049E-23
  0.5207280000000E+11   0.1137999478904E-22
  0.6862910000000E+11   0.2567821728891E-22
  0.9044930000000E+11   0.5769452076401E-22
  0.1192070000000E+12   0.1289068634987E-21
  0.1571080000000E+12   0.2859151778267E-21
  0.2070600000000E+12   0.6280562158001E-21
  0.2728930000000E+12   0.1362054543192E-20
  0.3596580000000E+12   0.3101649696357E-20
  0.4740100000000E+12   0.8000463057520E-20
  0.6247180000000E+12   0.2004796199356E-19
  0.8233440000000E+12   0.4788788881795E-19
  0.1085120000000E+13   0.1065052862553E-18
  0.1430130000000E+13   0.2131287207493E-18
  0.1884830000000E+13   0.3679323359858E-18
  0.2484100000000E+13   0.5224546393750E-18
  0.3273910000000E+13   0.5914848380278E-18
  0.4314820000000E+13   0.5558884677077E-18
  0.5686700000000E+13   0.4816447907548E-18
  0.7494750000000E+13   0.3978242586445E-18
  0.7682960000000E+13   0.3894973283484E-18
  0.7875890000000E+13   0.3808841938877E-18
  0.8073670000000E+13   0.3719425284718E-18
  0.8276410000000E+13   0.3627218314193E-18
  0.8484250000000E+13   0.3533364231605E-18
  0.8697300000000E+13   0.3444084466778E-18
  0.8915700000000E+13   0.3351928174544E-18
  0.9139590000000E+13   0.3266069611821E-18
  0.9369100000000E+13   0.3179038390406E-18
  0.9604380000000E+13   0.3094327004845E-18
  0.9845560000000E+13   0.3011684512537E-18
  0.1009280000000E+14   0.2927047217276E-18
  0.1034620000000E+14   0.2843621987727E-18
  0.1060610000000E+14   0.2757940760993E-18
  0.1087240000000E+14   0.2677935500948E-18
  0.1114540000000E+14   0.2597067879965E-18
  0.1142530000000E+14   0.2518592485822E-18
  0.1171220000000E+14   0.2441745225270E-18
  0.1200630000000E+14   0.2364148330020E-18
  0.1230780000000E+14   0.2288060032334E-18
  0.1261690000000E+14   0.2211090662698E-18
  0.1293370000000E+14   0.2141072100453E-18
  0.1325850000000E+14   0.2070927610171E-18
  0.1359150000000E+14   0.2003418684190E-18
  0.1393280000000E+14   0.1937585159857E-18
  0.1428260000000E+14   0.1873477230364E-18
  0.1464130000000E+14   0.1815164246228E-18
  0.1500900000000E+14   0.1756108142413E-18
  0.1538590000000E+14   0.1688037060497E-18
  0.1577220000000E+14   0.1620879019042E-18
  0.1616830000000E+14   0.1529280423723E-18
  0.1657430000000E+14   0.1428286470969E-18
  0.1699050000000E+14   0.1325733999340E-18
  0.1741720000000E+14   0.1209145015676E-18
  0.1785460000000E+14   0.1103292106235E-18
  0.1830290000000E+14   0.9973728824234E-19
  0.1876260000000E+14   0.9012203285307E-19
  0.1923370000000E+14   0.8178263690932E-19
  0.1971670000000E+14   0.7442389625442E-19
  0.2021180000000E+14   0.6817662314313E-19
  0.2071940000000E+14   0.6335570998371E-19
  0.2123970000000E+14   0.5903920276347E-19
  0.2177310000000E+14   0.5841233431363E-19
  0.2231980000000E+14   0.5772504534861E-19
  0.2288030000000E+14   0.5804489590868E-19
  0.2345490000000E+14   0.5859048961083E-19
  0.2404390000000E+14   0.5921068347187E-19
  0.2464770000000E+14   0.6008026355061E-19
  0.2526660000000E+14   0.6070237641176E-19
  0.2590110000000E+14   0.6145480631451E-19
  0.2655150000000E+14   0.6196553425084E-19
  0.2721830000000E+14   0.6289739694695E-19
  0.2790180000000E+14   0.6378831076551E-19
  0.2860240000000E+14   0.6423561612517E-19
  0.2932070000000E+14   0.6423078467218E-19
  0.3005700000000E+14   0.6406852160544E-19
  0.3081180000000E+14   0.6309304942260E-19
  0.3158550000000E+14   0.6217137186671E-19
  0.3237870000000E+14   0.5824552907395E-19
  0.3319170000000E+14   0.5363387626488E-19
  0.3402530000000E+14   0.4928769264004E-19
  0.3487970000000E+14   0.4507679063137E-19
  0.3575560000000E+14   0.4094099527114E-19
  0.3665350000000E+14   0.3700964266705E-19
  0.3757390000000E+14   0.3268310128097E-19
  0.3851740000000E+14   0.2980843650712E-19
  0.3948470000000E+14   0.2739119817012E-19
  0.4047620000000E+14   0.2577386772001E-19
  0.4149260000000E+14   0.2526871384322E-19
  0.4253460000000E+14   0.2485669675393E-19
  0.4360270000000E+14   0.2483268188123E-19
  0.4469770000000E+14   0.2483638981106E-19
  0.4582010000000E+14   0.2487273542015E-19
  0.4697070000000E+14   0.2493816102568E-19
  0.4815020000000E+14   0.2502081315908E-19
  0.4935940000000E+14   0.2512193265777E-19
  0.5059890000000E+14   0.2525403374939E-19
  0.5186950000000E+14   0.2542304908856E-19
  0.5317200000000E+14   0.2562144629172E-19
  0.5450730000000E+14   0.2586232247416E-19
  0.6258450000000E+14   0.2779470983527E-19
  0.7185870000000E+14   0.3059684099031E-19
  0.8250720000000E+14   0.3402867391465E-19
  0.9473370000000E+14   0.3790766758438E-19
  0.1087720000000E+15   0.4208389807584E-19
  0.1248910000000E+15   0.4647078600241E-19
  0.1433980000000E+15   0.5101164847688E-19
  0.1646470000000E+15   0.5563769166202E-19
  0.1890460000000E+15   0.6017600634314E-19
  0.2170600000000E+15   0.6417858293188E-19
  0.2492250000000E+15   0.6695936866042E-19
  0.2861570000000E+15   0.6765062663284E-19
  0.3285620000000E+15   0.6546367461180E-19
  0.3772500000000E+15   0.5999506088759E-19
  0.4331540000000E+15   0.5147051806581E-19
  0.4973410000000E+15   0.4082711072413E-19
  0.5710410000000E+15   0.2953855112240E-19
  0.6556610000000E+15   0.1920163565517E-19
  0.7528220000000E+15   0.1102709242177E-19
  0.8643800000000E+15   0.5489071695796E-20
  0.9924690000000E+15   0.2317895920629E-20
  0.1139540000000E+16   0.8101670319655E-21
  0.1308400000000E+16   0.2279064803261E-21
  0.1502290000000E+16   0.4995940567600E-22
  0.1724910000000E+16   0.8224888315250E-23
  0.1980520000000E+16   0.9746705398280E-24
  0.2274010000000E+16   0.7918408407384E-25
  0.2610990000000E+16   0.4170494006219E-26
  0.2997900000000E+16   0.1335458107577E-27
