mstar = 0.8246 Msun, Rstar = 2.6304 Rsun, Tstar = 3310.7, mdisk = 0.0030989 Msun, Rc = 25.23 AU, Rin = 0.1398 AU, Rout = 62.017 AU, inclination = 45 degree, powerlaw = -1 
         130
  
  0.2997900000000E+11   0.3167154211595E-23
  0.3951060000000E+11   0.7160147668020E-23
  0.5207280000000E+11   0.1613403885759E-22
  0.6862910000000E+11   0.3619882880681E-22
  0.9044930000000E+11   0.8076579466256E-22
  0.1192070000000E+12   0.1789165346679E-21
  0.1571080000000E+12   0.3927115996941E-21
  0.2070600000000E+12   0.8517463067953E-21
  0.2728930000000E+12   0.1818755506536E-20
  0.3596580000000E+12   0.4043180352946E-20
  0.4740100000000E+12   0.9959535552408E-20
  0.6247180000000E+12   0.2338426974012E-19
  0.8233440000000E+12   0.5099853019271E-19
  0.1085120000000E+13   0.1001713690189E-18
  0.1430130000000E+13   0.1707954382585E-18
  0.1884830000000E+13   0.2456330451678E-18
  0.2484100000000E+13   0.2992011552783E-18
  0.3273910000000E+13   0.3251618673733E-18
  0.4314820000000E+13   0.3319495055559E-18
  0.5686700000000E+13   0.3192135673219E-18
  0.7494750000000E+13   0.2825692332606E-18
  0.7682960000000E+13   0.2780895559176E-18
  0.7875890000000E+13   0.2733331091571E-18
  0.8073670000000E+13   0.2682726042240E-18
  0.8276410000000E+13   0.2629414688795E-18
  0.8484250000000E+13   0.2574171004017E-18
  0.8697300000000E+13   0.2521301319514E-18
  0.8915700000000E+13   0.2465700931482E-18
  0.9139590000000E+13   0.2413767805891E-18
  0.9369100000000E+13   0.2360340486444E-18
  0.9604380000000E+13   0.2307887391420E-18
  0.9845560000000E+13   0.2256244044570E-18
  0.1009280000000E+14   0.2202541538648E-18
  0.1034620000000E+14   0.2149060722846E-18
  0.1060610000000E+14   0.2093321788321E-18
  0.1087240000000E+14   0.2041041975693E-18
  0.1114540000000E+14   0.1987515668685E-18
  0.1142530000000E+14   0.1935106393181E-18
  0.1171220000000E+14   0.1883294755538E-18
  0.1200630000000E+14   0.1830301209879E-18
  0.1230780000000E+14   0.1777783375250E-18
  0.1261690000000E+14   0.1723976506092E-18
  0.1293370000000E+14   0.1674736694001E-18
  0.1325850000000E+14   0.1624843758926E-18
  0.1359150000000E+14   0.1576308327929E-18
  0.1393280000000E+14   0.1528455919783E-18
  0.1428260000000E+14   0.1481341544330E-18
  0.1464130000000E+14   0.1438036164997E-18
  0.1500900000000E+14   0.1393693847524E-18
  0.1538590000000E+14   0.1342192951672E-18
  0.1577220000000E+14   0.1290970301085E-18
  0.1616830000000E+14   0.1221266927338E-18
  0.1657430000000E+14   0.1144329717249E-18
  0.1699050000000E+14   0.1066004467309E-18
  0.1741720000000E+14   0.9769128488790E-19
  0.1785460000000E+14   0.8954713821475E-19
  0.1830290000000E+14   0.8134005409394E-19
  0.1876260000000E+14   0.7384477544007E-19
  0.1923370000000E+14   0.6732134790610E-19
  0.1971670000000E+14   0.6157686409913E-19
  0.2021180000000E+14   0.5672685728819E-19
  0.2071940000000E+14   0.5300248561802E-19
  0.2123970000000E+14   0.4969935383504E-19
  0.2177310000000E+14   0.4920424754138E-19
  0.2231980000000E+14   0.4866935647449E-19
  0.2288030000000E+14   0.4888600050855E-19
  0.2345490000000E+14   0.4925862103509E-19
  0.2404390000000E+14   0.4967993526703E-19
  0.2464770000000E+14   0.5026267490943E-19
  0.2526660000000E+14   0.5063592392334E-19
  0.2590110000000E+14   0.5104965675526E-19
  0.2655150000000E+14   0.5125834694639E-19
  0.2721830000000E+14   0.5168279785824E-19
  0.2790180000000E+14   0.5202397036441E-19
  0.2860240000000E+14   0.5205213582949E-19
  0.2932070000000E+14   0.5180674500064E-19
  0.3005700000000E+14   0.5148106772803E-19
  0.3081180000000E+14   0.5075539449440E-19
  0.3158550000000E+14   0.5010509400415E-19
  0.3237870000000E+14   0.4805422629458E-19
  0.3319170000000E+14   0.4574764820711E-19
  0.3402530000000E+14   0.4366091584923E-19
  0.3487970000000E+14   0.4179269850235E-19
  0.3575560000000E+14   0.4011648875445E-19
  0.3665350000000E+14   0.3868562627401E-19
  0.3757390000000E+14   0.3728825431963E-19
  0.3851740000000E+14   0.3662872002240E-19
  0.3948470000000E+14   0.3615067045211E-19
  0.4047620000000E+14   0.3604149084161E-19
  0.4149260000000E+14   0.3645714509565E-19
  0.4253460000000E+14   0.3691865235842E-19
  0.4360270000000E+14   0.3757294539199E-19
  0.4469770000000E+14   0.3824207548794E-19
  0.4582010000000E+14   0.3892555325194E-19
  0.4697070000000E+14   0.3961988782996E-19
  0.4815020000000E+14   0.4031640759211E-19
  0.4935940000000E+14   0.4101344213418E-19
  0.5059890000000E+14   0.4171588736861E-19
  0.5186950000000E+14   0.4242532416013E-19
  0.5317200000000E+14   0.4313656434793E-19
  0.5450730000000E+14   0.4385634872372E-19
  0.6258450000000E+14   0.4788841356134E-19
  0.7185870000000E+14   0.5187177484265E-19
  0.8250720000000E+14   0.5575825739505E-19
  0.9473370000000E+14   0.5966457634259E-19
  0.1087720000000E+15   0.6373394111719E-19
  0.1248910000000E+15   0.6797394797505E-19
  0.1433980000000E+15   0.7206524687907E-19
  0.1646470000000E+15   0.7530201580880E-19
  0.1890460000000E+15   0.7668121720595E-19
  0.2170600000000E+15   0.7515961377328E-19
  0.2492250000000E+15   0.7004714058575E-19
  0.2861570000000E+15   0.6133045999896E-19
  0.3285620000000E+15   0.4983037431054E-19
  0.3772500000000E+15   0.3707752694130E-19
  0.4331540000000E+15   0.2489911816829E-19
  0.4973410000000E+15   0.1484690087227E-19
  0.5710410000000E+15   0.7717689956199E-20
  0.6556610000000E+15   0.3425479964024E-20
  0.7528220000000E+15   0.1267819986043E-20
  0.8643800000000E+15   0.3808699957048E-21
  0.9924690000000E+15   0.9003869897387E-22
  0.1139540000000E+16   0.1616529980940E-22
  0.1308400000000E+16   0.2116209975236E-23
  0.1502290000000E+16   0.1927369977894E-24
  0.1724910000000E+16   0.1157449987046E-25
  0.1980520000000E+16   0.4308719951578E-27
  0.2274010000000E+16   0.9262409896096E-29
  0.2610990000000E+16   0.1059999988126E-30
  0.2997900000000E+16   0.5882399934176E-33
