mstar = 0.4782 Msun, Rstar = 1.6878 Rsun, Tstar = 3930.2, mdisk = 0.0025598 Msun, Rc = 41.905 AU, Rin = 0.1215 AU, Rout = 63.723 AU, inclination = 45 degree, powerlaw = -1 
         130
  
  0.2997900000000E+11   0.2543471802806E-23
  0.3951060000000E+11   0.5770293704705E-23
  0.5207280000000E+11   0.1305727873844E-22
  0.6862910000000E+11   0.2944560973903E-22
  0.9044930000000E+11   0.6610302009858E-22
  0.1192070000000E+12   0.1475135684225E-21
  0.1571080000000E+12   0.3266171206939E-21
  0.2070600000000E+12   0.7157450341325E-21
  0.2728930000000E+12   0.1547183004399E-20
  0.3596580000000E+12   0.3505018534254E-20
  0.4740100000000E+12   0.8952378800085E-20
  0.6247180000000E+12   0.2210808790853E-19
  0.8233440000000E+12   0.5170347154671E-19
  0.1085120000000E+13   0.1115878300370E-18
  0.1430130000000E+13   0.2142316428697E-18
  0.1884830000000E+13   0.3504202875846E-18
  0.2484100000000E+13   0.4686561071283E-18
  0.3273910000000E+13   0.5089559287202E-18
  0.4314820000000E+13   0.4822309564201E-18
  0.5686700000000E+13   0.4334013047499E-18
  0.7494750000000E+13   0.3644118965925E-18
  0.7682960000000E+13   0.3569556722108E-18
  0.7875890000000E+13   0.3491824936804E-18
  0.8073670000000E+13   0.3410602937727E-18
  0.8276410000000E+13   0.3326379351846E-18
  0.8484250000000E+13   0.3240206972900E-18
  0.8697300000000E+13   0.3157649795397E-18
  0.8915700000000E+13   0.3072154352813E-18
  0.9139590000000E+13   0.2991869311470E-18
  0.9369100000000E+13   0.2910225868815E-18
  0.9604380000000E+13   0.2830354836831E-18
  0.9845560000000E+13   0.2752054459442E-18
  0.1009280000000E+14   0.2671777700608E-18
  0.1034620000000E+14   0.2592392479844E-18
  0.1060610000000E+14   0.2510884730708E-18
  0.1087240000000E+14   0.2434240065716E-18
  0.1114540000000E+14   0.2356760688825E-18
  0.1142530000000E+14   0.2281308770311E-18
  0.1171220000000E+14   0.2207226382383E-18
  0.1200630000000E+14   0.2132472921608E-18
  0.1230780000000E+14   0.2059045017055E-18
  0.1261690000000E+14   0.1984875125598E-18
  0.1293370000000E+14   0.1916784906677E-18
  0.1325850000000E+14   0.1848651785780E-18
  0.1359150000000E+14   0.1782845139549E-18
  0.1393280000000E+14   0.1718531542186E-18
  0.1428260000000E+14   0.1655761540327E-18
  0.1464130000000E+14   0.1598008693626E-18
  0.1500900000000E+14   0.1539695172255E-18
  0.1538590000000E+14   0.1473876806220E-18
  0.1577220000000E+14   0.1409009286062E-18
  0.1616830000000E+14   0.1323954912240E-18
  0.1657430000000E+14   0.1231501664623E-18
  0.1699050000000E+14   0.1138269935736E-18
  0.1741720000000E+14   0.1033966148975E-18
  0.1785460000000E+14   0.9392752769922E-19
  0.1830290000000E+14   0.8452473305579E-19
  0.1876260000000E+14   0.7600858646941E-19
  0.1923370000000E+14   0.6862223960798E-19
  0.1971670000000E+14   0.6211397211083E-19
  0.2021180000000E+14   0.5659390039702E-19
  0.2071940000000E+14   0.5231153620008E-19
  0.2123970000000E+14   0.4850768879336E-19
  0.2177310000000E+14   0.4768847329494E-19
  0.2231980000000E+14   0.4682687741107E-19
  0.2288030000000E+14   0.4673347493060E-19
  0.2345490000000E+14   0.4678477133445E-19
  0.2404390000000E+14   0.4685884764489E-19
  0.2464770000000E+14   0.4707251403602E-19
  0.2526660000000E+14   0.4707934501650E-19
  0.2590110000000E+14   0.4714044890740E-19
  0.2655150000000E+14   0.4702125318246E-19
  0.2721830000000E+14   0.4715371917448E-19
  0.2790180000000E+14   0.4723615455467E-19
  0.2860240000000E+14   0.4703262675939E-19
  0.2932070000000E+14   0.4656125284212E-19
  0.3005700000000E+14   0.4601738893076E-19
  0.3081180000000E+14   0.4505746732432E-19
  0.3158550000000E+14   0.4418379271436E-19
  0.3237870000000E+14   0.4183589740338E-19
  0.3319170000000E+14   0.3930739387228E-19
  0.3402530000000E+14   0.3711233171658E-19
  0.3487970000000E+14   0.3520750442189E-19
  0.3575560000000E+14   0.3351583798419E-19
  0.3665350000000E+14   0.3204460998656E-19
  0.3757390000000E+14   0.3055819146560E-19
  0.3851740000000E+14   0.2969778394959E-19
  0.3948470000000E+14   0.2895096988520E-19
  0.4047620000000E+14   0.2851864889119E-19
  0.4149260000000E+14   0.2864224515992E-19
  0.4253460000000E+14   0.2879837756914E-19
  0.4360270000000E+14   0.2917308761741E-19
  0.4469770000000E+14   0.2955342557456E-19
  0.4582010000000E+14   0.2993973872089E-19
  0.4697070000000E+14   0.3032785408879E-19
  0.4815020000000E+14   0.3070718941237E-19
  0.4935940000000E+14   0.3107589493243E-19
  0.5059890000000E+14   0.3144102709810E-19
  0.5186950000000E+14   0.3180540345227E-19
  0.5317200000000E+14   0.3216227317388E-19
  0.5450730000000E+14   0.3252200616287E-19
  0.6258450000000E+14   0.3441492466757E-19
  0.7185870000000E+14   0.3605232315715E-19
  0.8250720000000E+14   0.3741261959095E-19
  0.9473370000000E+14   0.3871013588276E-19
  0.1087720000000E+15   0.4027246354691E-19
  0.1248910000000E+15   0.4238285072319E-19
  0.1433980000000E+15   0.4509054247788E-19
  0.1646470000000E+15   0.4811567645708E-19
  0.1890460000000E+15   0.5084578111777E-19
  0.2170600000000E+15   0.5244804048414E-19
  0.2492250000000E+15   0.5211543810230E-19
  0.2861570000000E+15   0.4929500370154E-19
  0.3285620000000E+15   0.4388879745108E-19
  0.3772500000000E+15   0.3635633766080E-19
  0.4331540000000E+15   0.2766792220003E-19
  0.4973410000000E+15   0.1907267249323E-19
  0.5710410000000E+15   0.1172185084409E-19
  0.6556610000000E+15   0.6309475712216E-20
  0.7528220000000E+15   0.2914924252587E-20
  0.8643800000000E+15   0.1129736919617E-20
  0.9924690000000E+15   0.3578552636619E-21
  0.1139540000000E+16   0.8989483411519E-22
  0.1308400000000E+16   0.1730975632431E-22
  0.1502290000000E+16   0.2455505347453E-23
  0.1724910000000E+16   0.2452656305427E-24
  0.1980520000000E+16   0.1637286973973E-25
  0.2274010000000E+16   0.6882456476575E-27
  0.2610990000000E+16   0.1701079033685E-28
  0.2997900000000E+16   0.2285163807697E-30
