mstar = 0.2841 Msun, Rstar = 1.5591 Rsun, Tstar = 4650.6, mdisk = 0.00014769 Msun, Rc = 25.878 AU, Rin = 0.0544 AU, Rout = 234.954 AU, inclination = 45 degree, powerlaw = -1 
         130
  
  0.2997900000000E+11   0.2580185186539E-24
  0.3951060000000E+11   0.5855023242379E-24
  0.5207280000000E+11   0.1328332292272E-23
  0.6862910000000E+11   0.3010841211018E-23
  0.9044930000000E+11   0.6812995664598E-23
  0.1192070000000E+12   0.1537674857823E-22
  0.1571080000000E+12   0.3457739742661E-22
  0.2070600000000E+12   0.7735809939263E-22
  0.2728930000000E+12   0.1718726242468E-21
  0.3596580000000E+12   0.4044275774862E-21
  0.4740100000000E+12   0.1093907687723E-20
  0.6247180000000E+12   0.2930477616139E-20
  0.8233440000000E+12   0.7692368430722E-20
  0.1085120000000E+13   0.1956475758494E-19
  0.1430130000000E+13   0.4736856595935E-19
  0.1884830000000E+13   0.1067677105007E-18
  0.2484100000000E+13   0.2170656824650E-18
  0.3273910000000E+13   0.3804370791062E-18
  0.4314820000000E+13   0.5471594584818E-18
  0.5686700000000E+13   0.6192167116359E-18
  0.7494750000000E+13   0.5623602145036E-18
  0.7682960000000E+13   0.5532579874047E-18
  0.7875890000000E+13   0.5436670486521E-18
  0.8073670000000E+13   0.5335934171694E-18
  0.8276410000000E+13   0.5231257342292E-18
  0.8484250000000E+13   0.5124131291549E-18
  0.8697300000000E+13   0.5021508032956E-18
  0.8915700000000E+13   0.4915707259172E-18
  0.9139590000000E+13   0.4816957958020E-18
  0.9369100000000E+13   0.4717256431692E-18
  0.9604380000000E+13   0.4620608835527E-18
  0.9845560000000E+13   0.4526836424731E-18
  0.1009280000000E+14   0.4431101393474E-18
  0.1034620000000E+14   0.4337057580362E-18
  0.1060610000000E+14   0.4240279616930E-18
  0.1087240000000E+14   0.4150465183805E-18
  0.1114540000000E+14   0.4059320157041E-18
  0.1142530000000E+14   0.3970815681503E-18
  0.1171220000000E+14   0.3883819340911E-18
  0.1200630000000E+14   0.3794919351325E-18
  0.1230780000000E+14   0.3706941721214E-18
  0.1261690000000E+14   0.3616314639811E-18
  0.1293370000000E+14   0.3534117416353E-18
  0.1325850000000E+14   0.3450182883979E-18
  0.1359150000000E+14   0.3368401360667E-18
  0.1393280000000E+14   0.3287279845411E-18
  0.1428260000000E+14   0.3206827793364E-18
  0.1464130000000E+14   0.3133431837494E-18
  0.1500900000000E+14   0.3056922901789E-18
  0.1538590000000E+14   0.2963714686773E-18
  0.1577220000000E+14   0.2869370207041E-18
  0.1616830000000E+14   0.2731630280358E-18
  0.1657430000000E+14   0.2573954543976E-18
  0.1699050000000E+14   0.2408939907163E-18
  0.1741720000000E+14   0.2214369021395E-18
  0.1785460000000E+14   0.2033198124516E-18
  0.1830290000000E+14   0.1846511646291E-18
  0.1876260000000E+14   0.1672641869609E-18
  0.1923370000000E+14   0.1518109716445E-18
  0.1971670000000E+14   0.1378431395758E-18
  0.2021180000000E+14   0.1257069865615E-18
  0.2071940000000E+14   0.1161233648222E-18
  0.2123970000000E+14   0.1073677233792E-18
  0.2177310000000E+14   0.1058492871953E-18
  0.2231980000000E+14   0.1041814604647E-18
  0.2288030000000E+14   0.1045187262465E-18
  0.2345490000000E+14   0.1052931180837E-18
  0.2404390000000E+14   0.1062052427624E-18
  0.2464770000000E+14   0.1076082289096E-18
  0.2526660000000E+14   0.1084992935892E-18
  0.2590110000000E+14   0.1096233194671E-18
  0.2655150000000E+14   0.1102470667987E-18
  0.2721830000000E+14   0.1117375989818E-18
  0.2790180000000E+14   0.1131405191596E-18
  0.2860240000000E+14   0.1136037693978E-18
  0.2932070000000E+14   0.1131082673732E-18
  0.3005700000000E+14   0.1122563192173E-18
  0.3081180000000E+14   0.1096908391619E-18
  0.3158550000000E+14   0.1072206749360E-18
  0.3237870000000E+14   0.9845858193953E-19
  0.3319170000000E+14   0.8820199033693E-19
  0.3402530000000E+14   0.7859305299884E-19
  0.3487970000000E+14   0.6961633993084E-19
  0.3575560000000E+14   0.6109478673649E-19
  0.3665350000000E+14   0.5327756820318E-19
  0.3757390000000E+14   0.4551545643147E-19
  0.3851740000000E+14   0.4060352015735E-19
  0.3948470000000E+14   0.3651124202760E-19
  0.4047620000000E+14   0.3387763678149E-19
  0.4149260000000E+14   0.3301594023368E-19
  0.4253460000000E+14   0.3232824977046E-19
  0.4360270000000E+14   0.3222935335796E-19
  0.4469770000000E+14   0.3218642220380E-19
  0.4582010000000E+14   0.3220410469395E-19
  0.4697070000000E+14   0.3227519262703E-19
  0.4815020000000E+14   0.3238074762323E-19
  0.4935940000000E+14   0.3252053882268E-19
  0.5059890000000E+14   0.3271102358751E-19
  0.5186950000000E+14   0.3295868902537E-19
  0.5317200000000E+14   0.3325045387794E-19
  0.5450730000000E+14   0.3360533377403E-19
  0.6258450000000E+14   0.3640082471188E-19
  0.7185870000000E+14   0.4030092626579E-19
  0.8250720000000E+14   0.4484732158140E-19
  0.9473370000000E+14   0.4970490228737E-19
  0.1087720000000E+15   0.5461417148741E-19
  0.1248910000000E+15   0.5939834456772E-19
  0.1433980000000E+15   0.6391608253583E-19
  0.1646470000000E+15   0.6806654917595E-19
  0.1890460000000E+15   0.7173805018263E-19
  0.2170600000000E+15   0.7456340860269E-19
  0.2492250000000E+15   0.7597695429904E-19
  0.2861570000000E+15   0.7516782931780E-19
  0.3285620000000E+15   0.7135532868330E-19
  0.3772500000000E+15   0.6416857293710E-19
  0.4331540000000E+15   0.5394927727671E-19
  0.4973410000000E+15   0.4183277936568E-19
  0.5710410000000E+15   0.2948690222880E-19
  0.6556610000000E+15   0.1859768425818E-19
  0.7528220000000E+15   0.1031104392056E-19
  0.8643800000000E+15   0.4929540884853E-20
  0.9924690000000E+15   0.1988590866216E-20
  0.1139540000000E+16   0.6588415850868E-21
  0.1308400000000E+16   0.1746567553251E-21
  0.1502290000000E+16   0.3578202449346E-22
  0.1724910000000E+16   0.5450801959440E-23
  0.1980520000000E+16   0.5900099218247E-24
  0.2274010000000E+16   0.4321210396513E-25
  0.2610990000000E+16   0.2020396772292E-26
  0.2997900000000E+16   0.5642693461738E-28
