mstar = 0.8111 Msun, Rstar = 0.9807 Rsun, Tstar = 6103.9, mdisk = 0.0041628 Msun, Rc = 23.633 AU, Rin = 0.2683 AU, Rout = 39.734 AU, inclination = 45 degree, powerlaw = -1 
         130
  
  0.2997900000000E+11   0.4635482196624E-23
  0.3951060000000E+11   0.1048125984714E-22
  0.5207280000000E+11   0.2361340900100E-22
  0.6862910000000E+11   0.5295192480915E-22
  0.9044930000000E+11   0.1180359800388E-21
  0.1192070000000E+12   0.2611201480121E-21
  0.1571080000000E+12   0.5720734429316E-21
  0.2070600000000E+12   0.1237859032943E-20
  0.2728930000000E+12   0.2635994827852E-20
  0.3596580000000E+12   0.5828316488066E-20
  0.4740100000000E+12   0.1415703530037E-19
  0.6247180000000E+12   0.3260410227798E-19
  0.8233440000000E+12   0.6940188140502E-19
  0.1085120000000E+13   0.1326075725020E-18
  0.1430130000000E+13   0.2205159548812E-18
  0.1884830000000E+13   0.3149251438161E-18
  0.2484100000000E+13   0.3952008583460E-18
  0.3273910000000E+13   0.4541780001431E-18
  0.4314820000000E+13   0.4876470287331E-18
  0.5686700000000E+13   0.4876942005095E-18
  0.7494750000000E+13   0.4475533612473E-18
  0.7682960000000E+13   0.4419206167032E-18
  0.7875890000000E+13   0.4358213504494E-18
  0.8073670000000E+13   0.4292079877408E-18
  0.8276410000000E+13   0.4221250443412E-18
  0.8484250000000E+13   0.4146855341963E-18
  0.8697300000000E+13   0.4075638488975E-18
  0.8915700000000E+13   0.3999578871977E-18
  0.9139590000000E+13   0.3928752216813E-18
  0.9369100000000E+13   0.3854997719014E-18
  0.9604380000000E+13   0.3782243491464E-18
  0.9845560000000E+13   0.3710243676222E-18
  0.1009280000000E+14   0.3634286321438E-18
  0.1034620000000E+14   0.3558070535996E-18
  0.1060610000000E+14   0.3477478867331E-18
  0.1087240000000E+14   0.3401874192939E-18
  0.1114540000000E+14   0.3323506771782E-18
  0.1142530000000E+14   0.3246306775459E-18
  0.1171220000000E+14   0.3169356559379E-18
  0.1200630000000E+14   0.3089668853487E-18
  0.1230780000000E+14   0.3010030726157E-18
  0.1261690000000E+14   0.2927371769199E-18
  0.1293370000000E+14   0.2851842550464E-18
  0.1325850000000E+14   0.2774339784138E-18
  0.1359150000000E+14   0.2698484866011E-18
  0.1393280000000E+14   0.2623051601366E-18
  0.1428260000000E+14   0.2548133158077E-18
  0.1464130000000E+14   0.2479360412163E-18
  0.1500900000000E+14   0.2407904818426E-18
  0.1538590000000E+14   0.2322312363405E-18
  0.1577220000000E+14   0.2236207071797E-18
  0.1616830000000E+14   0.2114242965728E-18
  0.1657430000000E+14   0.1977190653870E-18
  0.1699050000000E+14   0.1836183710556E-18
  0.1741720000000E+14   0.1673789596138E-18
  0.1785460000000E+14   0.1525445734295E-18
  0.1830290000000E+14   0.1376217583330E-18
  0.1876260000000E+14   0.1240519664789E-18
  0.1923370000000E+14   0.1122828713588E-18
  0.1971670000000E+14   0.1019312430895E-18
  0.2021180000000E+14   0.9321526086712E-19
  0.2071940000000E+14   0.8659319542623E-19
  0.2123970000000E+14   0.8075889623004E-19
  0.2177310000000E+14   0.8015056172107E-19
  0.2231980000000E+14   0.7946051631276E-19
  0.2288030000000E+14   0.8013882498933E-19
  0.2345490000000E+14   0.8108058324613E-19
  0.2404390000000E+14   0.8207382518780E-19
  0.2464770000000E+14   0.8333162062034E-19
  0.2526660000000E+14   0.8421658218148E-19
  0.2590110000000E+14   0.8520415007535E-19
  0.2655150000000E+14   0.8585540572772E-19
  0.2721830000000E+14   0.8696613749550E-19
  0.2790180000000E+14   0.8797837235578E-19
  0.2860240000000E+14   0.8844648670547E-19
  0.2932070000000E+14   0.8839548133275E-19
  0.3005700000000E+14   0.8817702282991E-19
  0.3081180000000E+14   0.8712256468862E-19
  0.3158550000000E+14   0.8618446710973E-19
  0.3237870000000E+14   0.8229213264647E-19
  0.3319170000000E+14   0.7788910414462E-19
  0.3402530000000E+14   0.7391871686395E-19
  0.3487970000000E+14   0.7022666590117E-19
  0.3575560000000E+14   0.6657131481326E-19
  0.3665350000000E+14   0.6289250870440E-19
  0.3757390000000E+14   0.5853293556852E-19
  0.3851740000000E+14   0.5542698104733E-19
  0.3948470000000E+14   0.5231708203212E-19
  0.4047620000000E+14   0.4998657786498E-19
  0.4149260000000E+14   0.4924561516331E-19
  0.4253460000000E+14   0.4852116539784E-19
  0.4360270000000E+14   0.4838774897124E-19
  0.4469770000000E+14   0.4821051174061E-19
  0.4582010000000E+14   0.4799673121941E-19
  0.4697070000000E+14   0.4773861408295E-19
  0.4815020000000E+14   0.4740954696052E-19
  0.4935940000000E+14   0.4700937830251E-19
  0.5059890000000E+14   0.4656525558331E-19
  0.5186950000000E+14   0.4609207171791E-19
  0.5317200000000E+14   0.4557348777227E-19
  0.5450730000000E+14   0.4504643623096E-19
  0.6258450000000E+14   0.4165768226596E-19
  0.7185870000000E+14   0.3781235814755E-19
  0.8250720000000E+14   0.3402958234456E-19
  0.9473370000000E+14   0.3119265656059E-19
  0.1087720000000E+15   0.3010483897293E-19
  0.1248910000000E+15   0.3117559208794E-19
  0.1433980000000E+15   0.3434152490407E-19
  0.1646470000000E+15   0.3919726173659E-19
  0.1890460000000E+15   0.4514950476873E-19
  0.2170600000000E+15   0.5152182241798E-19
  0.2492250000000E+15   0.5759619156791E-19
  0.2861570000000E+15   0.6259202248979E-19
  0.3285620000000E+15   0.6568119256610E-19
  0.3772500000000E+15   0.6608102989438E-19
  0.4331540000000E+15   0.6322902326323E-19
  0.4973410000000E+15   0.5700460094993E-19
  0.5710410000000E+15   0.4790759937326E-19
  0.6556610000000E+15   0.3707719937214E-19
  0.7528220000000E+15   0.2606359945015E-19
  0.8643800000000E+15   0.1638549958534E-19
  0.9924690000000E+15   0.9053439753418E-20
  0.1139540000000E+16   0.4310609855046E-20
  0.1308400000000E+16   0.1729569944325E-20
  0.1502290000000E+16   0.5700409838011E-21
  0.1724910000000E+16   0.1498919964144E-21
  0.1980520000000E+16   0.3040929924990E-22
  0.2274010000000E+16   0.4580259888523E-23
  0.2610990000000E+16   0.4900839881985E-24
  0.2997900000000E+16   0.3541249915411E-25
