mstar = 1.0306 Msun, Rstar = 3.9169 Rsun, Tstar = 5019.5, mdisk = 0.0064748 Msun, Rc = 60.441 AU, Rin = 0.138 AU, Rout = 69.341 AU, inclination = 45 degree, powerlaw = -1 
         130
  
  0.2997900000000E+11   0.9763308443791E-23
  0.3951060000000E+11   0.2215979113280E-22
  0.5207280000000E+11   0.5019116719855E-22
  0.6862910000000E+11   0.1133672941472E-21
  0.9044930000000E+11   0.2551428173388E-21
  0.1192070000000E+12   0.5715603388367E-21
  0.1571080000000E+12   0.1272773865436E-20
  0.2070600000000E+12   0.2812538537076E-20
  0.2728930000000E+12   0.6153198637736E-20
  0.3596580000000E+12   0.1416386747357E-19
  0.4740100000000E+12   0.3690953983715E-19
  0.6247180000000E+12   0.9382526382312E-19
  0.8233440000000E+12   0.2287088241637E-18
  0.1085120000000E+13   0.5235889622155E-18
  0.1430130000000E+13   0.1092491307714E-17
  0.1884830000000E+13   0.2004597695056E-17
  0.2484100000000E+13   0.3115071707892E-17
  0.3273910000000E+13   0.4022974162209E-17
  0.4314820000000E+13   0.4481824584455E-17
  0.5686700000000E+13   0.4603560425604E-17
  0.7494750000000E+13   0.4410141559238E-17
  0.7682960000000E+13   0.4373994208894E-17
  0.7875890000000E+13   0.4333267771052E-17
  0.8073670000000E+13   0.4287455325813E-17
  0.8276410000000E+13   0.4236858184879E-17
  0.8484250000000E+13   0.4182429125785E-17
  0.8697300000000E+13   0.4130184534893E-17
  0.8915700000000E+13   0.4072891000125E-17
  0.9139590000000E+13   0.4019704733606E-17
  0.9369100000000E+13   0.3963182759600E-17
  0.9604380000000E+13   0.3906913271563E-17
  0.9845560000000E+13   0.3850701882399E-17
  0.1009280000000E+14   0.3790163231669E-17
  0.1034620000000E+14   0.3728693547013E-17
  0.1060610000000E+14   0.3662397863946E-17
  0.1087240000000E+14   0.3600147150833E-17
  0.1114540000000E+14   0.3534576888037E-17
  0.1142530000000E+14   0.3469426392563E-17
  0.1171220000000E+14   0.3403822263321E-17
  0.1200630000000E+14   0.3334851689657E-17
  0.1230780000000E+14   0.3265203016387E-17
  0.1261690000000E+14   0.3191835247904E-17
  0.1293370000000E+14   0.3124809989380E-17
  0.1325850000000E+14   0.3055128956630E-17
  0.1359150000000E+14   0.2986389249487E-17
  0.1393280000000E+14   0.2917354647816E-17
  0.1428260000000E+14   0.2848143555260E-17
  0.1464130000000E+14   0.2784534901470E-17
  0.1500900000000E+14   0.2717521767371E-17
  0.1538590000000E+14   0.2635099861400E-17
  0.1577220000000E+14   0.2551216043459E-17
  0.1616830000000E+14   0.2428437696314E-17
  0.1657430000000E+14   0.2287769162879E-17
  0.1699050000000E+14   0.2140545879644E-17
  0.1741720000000E+14   0.1967248325221E-17
  0.1785460000000E+14   0.1806080510709E-17
  0.1830290000000E+14   0.1640445669596E-17
  0.1876260000000E+14   0.1486570511432E-17
  0.1923370000000E+14   0.1350208263107E-17
  0.1971670000000E+14   0.1227414228020E-17
  0.2021180000000E+14   0.1121202734824E-17
  0.2071940000000E+14   0.1037790814704E-17
  0.2123970000000E+14   0.9619520991229E-18
  0.2177310000000E+14   0.9493944339956E-18
  0.2231980000000E+14   0.9354533226426E-18
  0.2288030000000E+14   0.9387150929588E-18
  0.2345490000000E+14   0.9455449434261E-18
  0.2404390000000E+14   0.9533037812099E-18
  0.2464770000000E+14   0.9649308475175E-18
  0.2526660000000E+14   0.9719601436927E-18
  0.2590110000000E+14   0.9807600216338E-18
  0.2655150000000E+14   0.9851852073920E-18
  0.2721830000000E+14   0.9965382955577E-18
  0.2790180000000E+14   0.1007016800215E-17
  0.2860240000000E+14   0.1009876114910E-17
  0.2932070000000E+14   0.1005006739050E-17
  0.3005700000000E+14   0.9973480095288E-18
  0.3081180000000E+14   0.9758739140213E-18
  0.3158550000000E+14   0.9553343816081E-18
  0.3237870000000E+14   0.8836007072157E-18
  0.3319170000000E+14   0.7994683182965E-18
  0.3402530000000E+14   0.7201829921760E-18
  0.3487970000000E+14   0.6443958632573E-18
  0.3575560000000E+14   0.5703671840374E-18
  0.3665350000000E+14   0.5000579748511E-18
  0.3757390000000E+14   0.4275457873703E-18
  0.3851740000000E+14   0.3798272940956E-18
  0.3948470000000E+14   0.3379013387973E-18
  0.4047620000000E+14   0.3089706820505E-18
  0.4149260000000E+14   0.2976793223271E-18
  0.4253460000000E+14   0.2878637593670E-18
  0.4360270000000E+14   0.2840845034900E-18
  0.4469770000000E+14   0.2807340293966E-18
  0.4582010000000E+14   0.2778805630899E-18
  0.4697070000000E+14   0.2754536228409E-18
  0.4815020000000E+14   0.2732688020309E-18
  0.4935940000000E+14   0.2713452274316E-18
  0.5059890000000E+14   0.2698714719265E-18
  0.5186950000000E+14   0.2689327178678E-18
  0.5317200000000E+14   0.2684002493901E-18
  0.5450730000000E+14   0.2684836995191E-18
  0.6258450000000E+14   0.2770370272951E-18
  0.7185870000000E+14   0.2971861685315E-18
  0.8250720000000E+14   0.3253943429517E-18
  0.9473370000000E+14   0.3590739117777E-18
  0.1087720000000E+15   0.3958298434844E-18
  0.1248910000000E+15   0.4336727413698E-18
  0.1433980000000E+15   0.4709921324097E-18
  0.1646470000000E+15   0.5068117642579E-18
  0.1890460000000E+15   0.5405402699965E-18
  0.2170600000000E+15   0.5699704096205E-18
  0.2492250000000E+15   0.5913751356678E-18
  0.2861570000000E+15   0.5984987083721E-18
  0.3285620000000E+15   0.5842040978777E-18
  0.3772500000000E+15   0.5433108396698E-18
  0.4331540000000E+15   0.4753820589336E-18
  0.4973410000000E+15   0.3863493349189E-18
  0.5710410000000E+15   0.2877095389785E-18
  0.6556610000000E+15   0.1934374058396E-18
  0.7528220000000E+15   0.1155054011360E-18
  0.8643800000000E+15   0.6014191295581E-19
  0.9924690000000E+15   0.2674598931976E-19
  0.1139540000000E+16   0.9920956427156E-20
  0.1308400000000E+16   0.2988343669395E-20
  0.1502290000000E+16   0.7085969179722E-21
  0.1724910000000E+16   0.1276660668163E-21
  0.1980520000000E+16   0.1677795920093E-22
  0.2274010000000E+16   0.1535048170096E-23
  0.2610990000000E+16   0.9266559333710E-25
  0.2997900000000E+16   0.3470465291210E-26
