mstar = 1.0071 Msun, Rstar = 1.3578 Rsun, Tstar = 2890.9, mdisk = 0.0059789 Msun, Rc = 39.199 AU, Rin = 0.1393 AU, Rout = 178.481 AU, inclination = 45 degree, powerlaw = -1 
         130
  
  0.2997900000000E+11   0.3386933188079E-23
  0.3951060000000E+11   0.7632816164232E-23
  0.5207280000000E+11   0.1711984952614E-22
  0.6862910000000E+11   0.3816133211170E-22
  0.9044930000000E+11   0.8437861192702E-22
  0.1192070000000E+12   0.1845993980923E-21
  0.1571080000000E+12   0.3982385688769E-21
  0.2070600000000E+12   0.8432518997466E-21
  0.2728930000000E+12   0.1741465987164E-20
  0.3596580000000E+12   0.3701105413744E-20
  0.4740100000000E+12   0.8591872899303E-20
  0.6247180000000E+12   0.1854425037830E-19
  0.8233440000000E+12   0.3588014152887E-19
  0.1085120000000E+13   0.5959610998398E-19
  0.1430130000000E+13   0.8109492173214E-19
  0.1884830000000E+13   0.8865245864123E-19
  0.2484100000000E+13   0.8215826749815E-19
  0.3273910000000E+13   0.7197045614343E-19
  0.4314820000000E+13   0.6199198188377E-19
  0.5686700000000E+13   0.5027081707137E-19
  0.7494750000000E+13   0.3637816976856E-19
  0.7682960000000E+13   0.3509431438965E-19
  0.7875890000000E+13   0.3380111934700E-19
  0.8073670000000E+13   0.3249737219766E-19
  0.8276410000000E+13   0.3119105582686E-19
  0.8484250000000E+13   0.2989595792979E-19
  0.8697300000000E+13   0.2867308000203E-19
  0.8915700000000E+13   0.2745147053440E-19
  0.9139590000000E+13   0.2631729889435E-19
  0.9369100000000E+13   0.2520063797594E-19
  0.9604380000000E+13   0.2413338204791E-19
  0.9845560000000E+13   0.2311236448236E-19
  0.1009280000000E+14   0.2210234823014E-19
  0.1034620000000E+14   0.2113111976689E-19
  0.1060610000000E+14   0.2016981199189E-19
  0.1087240000000E+14   0.1928261763433E-19
  0.1114540000000E+14   0.1841575096815E-19
  0.1142530000000E+14   0.1759419606962E-19
  0.1171220000000E+14   0.1681088431761E-19
  0.1200630000000E+14   0.1604750036195E-19
  0.1230780000000E+14   0.1532022001406E-19
  0.1261690000000E+14   0.1461129082771E-19
  0.1293370000000E+14   0.1397434857436E-19
  0.1325850000000E+14   0.1335871126716E-19
  0.1359150000000E+14   0.1278191805822E-19
  0.1393280000000E+14   0.1223640677736E-19
  0.1428260000000E+14   0.1172143739106E-19
  0.1464130000000E+14   0.1126051390610E-19
  0.1500900000000E+14   0.1081255841490E-19
  0.1538590000000E+14   0.1033098366917E-19
  0.1577220000000E+14   0.9874869756839E-20
  0.1616830000000E+14   0.9309473141922E-20
  0.1657430000000E+14   0.8725603131727E-20
  0.1699050000000E+14   0.8167444760854E-20
  0.1741720000000E+14   0.7577910865481E-20
  0.1785460000000E+14   0.7077444247686E-20
  0.1830290000000E+14   0.6613017955118E-20
  0.1876260000000E+14   0.6225650556359E-20
  0.1923370000000E+14   0.5921026961824E-20
  0.1971670000000E+14   0.5680860860167E-20
  0.2021180000000E+14   0.5503960774424E-20
  0.2071940000000E+14   0.5394387822588E-20
  0.2123970000000E+14   0.5315907176371E-20
  0.2177310000000E+14   0.5360683434093E-20
  0.2231980000000E+14   0.5406467056352E-20
  0.2288030000000E+14   0.5482825735458E-20
  0.2345490000000E+14   0.5565061214305E-20
  0.2404390000000E+14   0.5648320877136E-20
  0.2464770000000E+14   0.5736138530547E-20
  0.2526660000000E+14   0.5816335024921E-20
  0.2590110000000E+14   0.5897479018104E-20
  0.2655150000000E+14   0.5972072963951E-20
  0.2721830000000E+14   0.6053038981679E-20
  0.2790180000000E+14   0.6131128518599E-20
  0.2860240000000E+14   0.6200477605654E-20
  0.2932070000000E+14   0.6262663165114E-20
  0.3005700000000E+14   0.6323128826473E-20
  0.3081180000000E+14   0.6374369225116E-20
  0.3158550000000E+14   0.6428396000345E-20
  0.3237870000000E+14   0.6452951663140E-20
  0.3319170000000E+14   0.6476973626475E-20
  0.3402530000000E+14   0.6509028137140E-20
  0.3487970000000E+14   0.6545336703961E-20
  0.3575560000000E+14   0.6581034823114E-20
  0.3665350000000E+14   0.6612377089909E-20
  0.3757390000000E+14   0.6628245414527E-20
  0.3851740000000E+14   0.6656001968209E-20
  0.3948470000000E+14   0.6682223056288E-20
  0.4047620000000E+14   0.6720143792445E-20
  0.4149260000000E+14   0.6779880658888E-20
  0.4253460000000E+14   0.6839272887746E-20
  0.4360270000000E+14   0.6906098411961E-20
  0.4469770000000E+14   0.6972047871922E-20
  0.4582010000000E+14   0.7037359886055E-20
  0.4697070000000E+14   0.7102265781914E-20
  0.4815020000000E+14   0.7166642015079E-20
  0.4935940000000E+14   0.7230811828646E-20
  0.5059890000000E+14   0.7295502519156E-20
  0.5186950000000E+14   0.7361139720966E-20
  0.5317200000000E+14   0.7428032412553E-20
  0.5450730000000E+14   0.7496856228724E-20
  0.6258450000000E+14   0.7931597737889E-20
  0.7185870000000E+14   0.8502147339751E-20
  0.8250720000000E+14   0.9256275138776E-20
  0.9473370000000E+14   0.1019518203529E-19
  0.1087720000000E+15   0.1124929542085E-19
  0.1248910000000E+15   0.1227827998710E-19
  0.1433980000000E+15   0.1309272288601E-19
  0.1646470000000E+15   0.1349174045371E-19
  0.1890460000000E+15   0.1330554017486E-19
  0.2170600000000E+15   0.1243915290263E-19
  0.2492250000000E+15   0.1091232575204E-19
  0.2861570000000E+15   0.8881161690825E-20
  0.3285620000000E+15   0.6620200010890E-20
  0.3772500000000E+15   0.4455009956081E-20
  0.4331540000000E+15   0.2662789972456E-20
  0.4973410000000E+15   0.1387999985621E-20
  0.5710410000000E+15   0.6180089935964E-21
  0.6556610000000E+15   0.2295739976205E-21
  0.7528220000000E+15   0.6925549928176E-22
  0.8643800000000E+15   0.1645099982929E-22
  0.9924690000000E+15   0.2969929969173E-23
  0.1139540000000E+16   0.3912449959354E-24
  0.1308400000000E+16   0.3589659962714E-25
  0.1502290000000E+16   0.2173739977433E-26
  0.1724910000000E+16   0.8170039915236E-28
  0.1980520000000E+16   0.1775799981574E-29
  0.2274010000000E+16   0.2058079978646E-31
  0.2610990000000E+16   0.1158719987978E-33
  0.2997900000000E+16   0.2847839970454E-36
