mstar = 0.5752 Msun, Rstar = 1.6691 Rsun, Tstar = 4250.9, mdisk = 0.0069147 Msun, Rc = 54.751 AU, Rin = 0.0568 AU, Rout = 161.958 AU, inclination = 45 degree, powerlaw = -1 
         130
  
  0.2997900000000E+11   0.6295479003936E-23
  0.3951060000000E+11   0.1424636292079E-22
  0.5207280000000E+11   0.3213786211882E-22
  0.6862910000000E+11   0.7220730228383E-22
  0.9044930000000E+11   0.1613939037138E-21
  0.1192070000000E+12   0.3583096731713E-21
  0.1571080000000E+12   0.7884853090639E-21
  0.2070600000000E+12   0.1715014085699E-20
  0.2728930000000E+12   0.3673010325220E-20
  0.3596580000000E+12   0.8213593672216E-20
  0.4740100000000E+12   0.2055274261504E-19
  0.6247180000000E+12   0.4933233380215E-19
  0.8233440000000E+12   0.1108720022825E-18
  0.1085120000000E+13   0.2263759538634E-18
  0.1430130000000E+13   0.4031595608092E-18
  0.1884830000000E+13   0.6000329372490E-18
  0.2484100000000E+13   0.7271842150536E-18
  0.3273910000000E+13   0.7406295641240E-18
  0.4314820000000E+13   0.6951491255381E-18
  0.5686700000000E+13   0.6251397882350E-18
  0.7494750000000E+13   0.5186736285815E-18
  0.7682960000000E+13   0.5072645323703E-18
  0.7875890000000E+13   0.4954233842928E-18
  0.8073670000000E+13   0.4831098978162E-18
  0.8276410000000E+13   0.4704023106243E-18
  0.8484250000000E+13   0.4574594770250E-18
  0.8697300000000E+13   0.4450872477594E-18
  0.8915700000000E+13   0.4323443133439E-18
  0.9139590000000E+13   0.4204008853623E-18
  0.9369100000000E+13   0.4083170453644E-18
  0.9604380000000E+13   0.3965401111613E-18
  0.9845560000000E+13   0.3850444846489E-18
  0.1009280000000E+14   0.3733286210071E-18
  0.1034620000000E+14   0.3618008765012E-18
  0.1060610000000E+14   0.3500376899540E-18
  0.1087240000000E+14   0.3390179903728E-18
  0.1114540000000E+14   0.3279439794230E-18
  0.1142530000000E+14   0.3172150933444E-18
  0.1171220000000E+14   0.3067402321551E-18
  0.1200630000000E+14   0.2962365644123E-18
  0.1230780000000E+14   0.2859774910825E-18
  0.1261690000000E+14   0.2756785417277E-18
  0.1293370000000E+14   0.2662759799830E-18
  0.1325850000000E+14   0.2569231099612E-18
  0.1359150000000E+14   0.2479449761700E-18
  0.1393280000000E+14   0.2392263311380E-18
  0.1428260000000E+14   0.2307704556999E-18
  0.1464130000000E+14   0.2230475790056E-18
  0.1500900000000E+14   0.2152980033881E-18
  0.1538590000000E+14   0.2065758740154E-18
  0.1577220000000E+14   0.1980267769654E-18
  0.1616830000000E+14   0.1867759590081E-18
  0.1657430000000E+14   0.1745468972070E-18
  0.1699050000000E+14   0.1622219891763E-18
  0.1741720000000E+14   0.1483757567755E-18
  0.1785460000000E+14   0.1357947869636E-18
  0.1830290000000E+14   0.1232251200150E-18
  0.1876260000000E+14   0.1117695760775E-18
  0.1923370000000E+14   0.1017539805254E-18
  0.1971670000000E+14   0.9283707893283E-19
  0.2021180000000E+14   0.8517685516911E-19
  0.2071940000000E+14   0.7918320624211E-19
  0.2123970000000E+14   0.7376631150652E-19
  0.2177310000000E+14   0.7278282102824E-19
  0.2231980000000E+14   0.7171727272606E-19
  0.2288030000000E+14   0.7184172935074E-19
  0.2345490000000E+14   0.7221037979055E-19
  0.2404390000000E+14   0.7262515356727E-19
  0.2464770000000E+14   0.7327957402658E-19
  0.2526660000000E+14   0.7360393554550E-19
  0.2590110000000E+14   0.7402189909158E-19
  0.2655150000000E+14   0.7415116448753E-19
  0.2721830000000E+14   0.7473798092244E-19
  0.2790180000000E+14   0.7527844895480E-19
  0.2860240000000E+14   0.7532953053450E-19
  0.2932070000000E+14   0.7488239424191E-19
  0.3005700000000E+14   0.7426359074812E-19
  0.3081180000000E+14   0.7273869567653E-19
  0.3158550000000E+14   0.7127688155324E-19
  0.3237870000000E+14   0.6641115552955E-19
  0.3319170000000E+14   0.6075840796774E-19
  0.3402530000000E+14   0.5546957217118E-19
  0.3487970000000E+14   0.5046101632327E-19
  0.3575560000000E+14   0.4555882962239E-19
  0.3665350000000E+14   0.4092468936602E-19
  0.3757390000000E+14   0.3609696298868E-19
  0.3851740000000E+14   0.3277392607671E-19
  0.3948470000000E+14   0.2972214527603E-19
  0.4047620000000E+14   0.2763171730873E-19
  0.4149260000000E+14   0.2698299225662E-19
  0.4253460000000E+14   0.2648402897417E-19
  0.4360270000000E+14   0.2642582944113E-19
  0.4469770000000E+14   0.2641298686403E-19
  0.4582010000000E+14   0.2644969829896E-19
  0.4697070000000E+14   0.2653079725569E-19
  0.4815020000000E+14   0.2664383134837E-19
  0.4935940000000E+14   0.2678984456270E-19
  0.5059890000000E+14   0.2698012714858E-19
  0.5186950000000E+14   0.2721856541013E-19
  0.5317200000000E+14   0.2749699737183E-19
  0.5450730000000E+14   0.2782575057667E-19
  0.6258450000000E+14   0.3034936500526E-19
  0.7185870000000E+14   0.3382328833109E-19
  0.8250720000000E+14   0.3793001143300E-19
  0.9473370000000E+14   0.4241243224174E-19
  0.1087720000000E+15   0.4703414707095E-19
  0.1248910000000E+15   0.5161017581583E-19
  0.1433980000000E+15   0.5597399817324E-19
  0.1646470000000E+15   0.5994860473037E-19
  0.1890460000000E+15   0.6327656551498E-19
  0.2170600000000E+15   0.6546598469510E-19
  0.2492250000000E+15   0.6585887459319E-19
  0.2861570000000E+15   0.6373043118730E-19
  0.3285620000000E+15   0.5860762742577E-19
  0.3772500000000E+15   0.5057935925698E-19
  0.4331540000000E+15   0.4043380192441E-19
  0.4973410000000E+15   0.2953057249870E-19
  0.5710410000000E+15   0.1940861679223E-19
  0.6556610000000E+15   0.1128863129353E-19
  0.7528220000000E+15   0.5701610263486E-20
  0.8643800000000E+15   0.2448357992885E-20
  0.9924690000000E+15   0.8725833869423E-21
  0.1139540000000E+16   0.2509332940175E-21
  0.1308400000000E+16   0.5645443178982E-22
  0.1502290000000E+16   0.9576066465805E-23
  0.1724910000000E+16   0.1174438904698E-23
  0.1980520000000E+16   0.9921371801630E-25
  0.2274010000000E+16   0.5465336199134E-26
  0.2610990000000E+16   0.1842567481844E-27
  0.2997900000000E+16   0.3535214167894E-29
