mstar = 0.6531 Msun, Rstar = 0.7356 Rsun, Tstar = 2717.8, mdisk = 0.00033767 Msun, Rc = 36.465 AU, Rin = 0.0272 AU, Rout = 145.126 AU, inclination = 45 degree, powerlaw = -1 
         130
  
  0.2997900000000E+11   0.1998806303755E-24
  0.3951060000000E+11   0.4520864955980E-24
  0.5207280000000E+11   0.1018995602589E-23
  0.6862910000000E+11   0.2286065467539E-23
  0.9044930000000E+11   0.5096423872244E-23
  0.1192070000000E+12   0.1126588314148E-22
  0.1571080000000E+12   0.2462242331021E-22
  0.2070600000000E+12   0.5299796634262E-22
  0.2728930000000E+12   0.1117451308852E-21
  0.3596580000000E+12   0.2452189584318E-21
  0.4740100000000E+12   0.6043205000701E-21
  0.6247180000000E+12   0.1423330363609E-20
  0.8233440000000E+12   0.3127411781294E-20
  0.1085120000000E+13   0.6226731940539E-20
  0.1430130000000E+13   0.1080053070117E-19
  0.1884830000000E+13   0.1563373090945E-19
  0.2484100000000E+13   0.1816242809649E-19
  0.3273910000000E+13   0.1675724490313E-19
  0.4314820000000E+13   0.1299785537880E-19
  0.5686700000000E+13   0.9222582251042E-20
  0.7494750000000E+13   0.6223555762082E-20
  0.7682960000000E+13   0.5997346008634E-20
  0.7875890000000E+13   0.5776224145892E-20
  0.8073670000000E+13   0.5559596306203E-20
  0.8276410000000E+13   0.5348185453893E-20
  0.8484250000000E+13   0.5143487735742E-20
  0.8697300000000E+13   0.4953640106368E-20
  0.8915700000000E+13   0.4768115332777E-20
  0.9139590000000E+13   0.4598540203411E-20
  0.9369100000000E+13   0.4434660974030E-20
  0.9604380000000E+13   0.4280522490599E-20
  0.9845560000000E+13   0.4135307107972E-20
  0.1009280000000E+14   0.3993731202953E-20
  0.1034620000000E+14   0.3859336009196E-20
  0.1060610000000E+14   0.3727758456518E-20
  0.1087240000000E+14   0.3607716378980E-20
  0.1114540000000E+14   0.3491385555546E-20
  0.1142530000000E+14   0.3382045259792E-20
  0.1171220000000E+14   0.3278460273190E-20
  0.1200630000000E+14   0.3177777312937E-20
  0.1230780000000E+14   0.3082158321773E-20
  0.1261690000000E+14   0.2988810015674E-20
  0.1293370000000E+14   0.2905590005351E-20
  0.1325850000000E+14   0.2824853444011E-20
  0.1359150000000E+14   0.2749176357434E-20
  0.1393280000000E+14   0.2677290559869E-20
  0.1428260000000E+14   0.2609020208223E-20
  0.1464130000000E+14   0.2548247091149E-20
  0.1500900000000E+14   0.2488164022790E-20
  0.1538590000000E+14   0.2420167997979E-20
  0.1577220000000E+14   0.2354127933570E-20
  0.1616830000000E+14   0.2264129946330E-20
  0.1657430000000E+14   0.2165341108210E-20
  0.1699050000000E+14   0.2065612572765E-20
  0.1741720000000E+14   0.1952487234770E-20
  0.1785460000000E+14   0.1850655617723E-20
  0.1830290000000E+14   0.1749279953290E-20
  0.1876260000000E+14   0.1657143615739E-20
  0.1923370000000E+14   0.1576218459171E-20
  0.1971670000000E+14   0.1504624914004E-20
  0.2021180000000E+14   0.1444067164801E-20
  0.2071940000000E+14   0.1397203177730E-20
  0.2123970000000E+14   0.1354926557140E-20
  0.2177310000000E+14   0.1349481462609E-20
  0.2231980000000E+14   0.1343919907607E-20
  0.2288030000000E+14   0.1349290982756E-20
  0.2345490000000E+14   0.1357974244385E-20
  0.2404390000000E+14   0.1368403090062E-20
  0.2464770000000E+14   0.1382490075708E-20
  0.2526660000000E+14   0.1395107011182E-20
  0.2590110000000E+14   0.1410006536420E-20
  0.2655150000000E+14   0.1423335348733E-20
  0.2721830000000E+14   0.1442466850221E-20
  0.2790180000000E+14   0.1461725840864E-20
  0.2860240000000E+14   0.1476602649913E-20
  0.2932070000000E+14   0.1486878794656E-20
  0.3005700000000E+14   0.1495839101226E-20
  0.3081180000000E+14   0.1495862077385E-20
  0.3158550000000E+14   0.1497072083021E-20
  0.3237870000000E+14   0.1464721522520E-20
  0.3319170000000E+14   0.1425551606203E-20
  0.3402530000000E+14   0.1390633940428E-20
  0.3487970000000E+14   0.1359499574370E-20
  0.3575560000000E+14   0.1332423705296E-20
  0.3665350000000E+14   0.1310037556010E-20
  0.3757390000000E+14   0.1288238844321E-20
  0.3851740000000E+14   0.1283446062428E-20
  0.3948470000000E+14   0.1280849412599E-20
  0.4047620000000E+14   0.1286121859216E-20
  0.4149260000000E+14   0.1306178586585E-20
  0.4253460000000E+14   0.1328793549984E-20
  0.4360270000000E+14   0.1356823994373E-20
  0.4469770000000E+14   0.1386283581710E-20
  0.4582010000000E+14   0.1417169089843E-20
  0.4697070000000E+14   0.1449375520424E-20
  0.4815020000000E+14   0.1482785769594E-20
  0.4935940000000E+14   0.1517408025069E-20
  0.5059890000000E+14   0.1553290001953E-20
  0.5186950000000E+14   0.1590413450083E-20
  0.5317200000000E+14   0.1628651322060E-20
  0.5450730000000E+14   0.1668027595037E-20
  0.6258450000000E+14   0.1904660851883E-20
  0.7185870000000E+14   0.2163971086222E-20
  0.8250720000000E+14   0.2435648107216E-20
  0.9473370000000E+14   0.2706682450405E-20
  0.1087720000000E+15   0.2958820463777E-20
  0.1248910000000E+15   0.3166601792678E-20
  0.1433980000000E+15   0.3296682361545E-20
  0.1646470000000E+15   0.3311941539033E-20
  0.1890460000000E+15   0.3180499369006E-20
  0.2170600000000E+15   0.2888547391442E-20
  0.2492250000000E+15   0.2452382102437E-20
  0.2861570000000E+15   0.1921871875795E-20
  0.3285620000000E+15   0.1371099900104E-20
  0.3772500000000E+15   0.8769159793119E-21
  0.4331540000000E+15   0.4942271301443E-21
  0.4973410000000E+15   0.2407570036312E-21
  0.5710410000000E+15   0.9916839915050E-22
  0.6556610000000E+15   0.3368639965398E-22
  0.7528220000000E+15   0.9170099904923E-23
  0.8643800000000E+15   0.1935909979910E-23
  0.9924690000000E+15   0.3052269968316E-24
  0.1139540000000E+16   0.3441839964240E-25
  0.1308400000000E+16   0.2641529972560E-26
  0.1502290000000E+16   0.1303099986471E-27
  0.1724910000000E+16   0.3870509959842E-29
  0.1980520000000E+16   0.6420419933378E-31
  0.2274010000000E+16   0.5455849943390E-33
  0.2610990000000E+16   0.2151009977682E-35
  0.2997900000000E+16   0.3511639963565E-38
