mstar = 0.6863 Msun, Rstar = 1.9626 Rsun, Tstar = 4195.3, mdisk = 0.0067565 Msun, Rc = 20.827 AU, Rin = 0.0829 AU, Rout = 213.945 AU, inclination = 45 degree, powerlaw = -1 
         130
  
  0.2997900000000E+11   0.7641461971012E-23
  0.3951060000000E+11   0.1712001658558E-22
  0.5207280000000E+11   0.3817659442111E-22
  0.6862910000000E+11   0.8464357630326E-22
  0.9044930000000E+11   0.1863326696696E-21
  0.1192070000000E+12   0.4065258677007E-21
  0.1571080000000E+12   0.8769078570062E-21
  0.2070600000000E+12   0.1864330690578E-20
  0.2728930000000E+12   0.3890482935903E-20
  0.3596580000000E+12   0.8350413587171E-20
  0.4740100000000E+12   0.1923192476220E-19
  0.6247180000000E+12   0.4134619635809E-19
  0.8233440000000E+12   0.8082300542242E-19
  0.1085120000000E+13   0.1403744209202E-18
  0.1430130000000E+13   0.2147365367553E-18
  0.1884830000000E+13   0.2942801991468E-18
  0.2484100000000E+13   0.3701050314831E-18
  0.3273910000000E+13   0.4314925643798E-18
  0.4314820000000E+13   0.4696678041027E-18
  0.5686700000000E+13   0.4776513072456E-18
  0.7494750000000E+13   0.4479587295837E-18
  0.7682960000000E+13   0.4433263895133E-18
  0.7875890000000E+13   0.4382401569895E-18
  0.8073670000000E+13   0.4326517453989E-18
  0.8276410000000E+13   0.4265991236203E-18
  0.8484250000000E+13   0.4201910610778E-18
  0.8697300000000E+13   0.4140589212008E-18
  0.8915700000000E+13   0.4074483787573E-18
  0.9139590000000E+13   0.4013101462548E-18
  0.9369100000000E+13   0.3948730871553E-18
  0.9604380000000E+13   0.3885024073222E-18
  0.9845560000000E+13   0.3821773094854E-18
  0.1009280000000E+14   0.3754554262593E-18
  0.1034620000000E+14   0.3686827689106E-18
  0.1060610000000E+14   0.3614674188057E-18
  0.1087240000000E+14   0.3546951715190E-18
  0.1114540000000E+14   0.3476335055025E-18
  0.1142530000000E+14   0.3406502270675E-18
  0.1171220000000E+14   0.3336587776960E-18
  0.1200630000000E+14   0.3263744089149E-18
  0.1230780000000E+14   0.3190632934438E-18
  0.1261690000000E+14   0.3114293845693E-18
  0.1293370000000E+14   0.3044356662732E-18
  0.1325850000000E+14   0.2972234358653E-18
  0.1359150000000E+14   0.2901328614117E-18
  0.1393280000000E+14   0.2830469234281E-18
  0.1428260000000E+14   0.2759723586633E-18
  0.1464130000000E+14   0.2694460404452E-18
  0.1500900000000E+14   0.2626307404964E-18
  0.1538590000000E+14   0.2544335977936E-18
  0.1577220000000E+14   0.2461454711422E-18
  0.1616830000000E+14   0.2343780134950E-18
  0.1657430000000E+14   0.2210764025105E-18
  0.1699050000000E+14   0.2072771016905E-18
  0.1741720000000E+14   0.1912346411593E-18
  0.1785460000000E+14   0.1763657399404E-18
  0.1830290000000E+14   0.1611718846014E-18
  0.1876260000000E+14   0.1470742589788E-18
  0.1923370000000E+14   0.1345777135243E-18
  0.1971670000000E+14   0.1233031504399E-18
  0.2021180000000E+14   0.1135008555047E-18
  0.2071940000000E+14   0.1057315750801E-18
  0.2123970000000E+14   0.9863032098958E-19
  0.2177310000000E+14   0.9722224292301E-19
  0.2231980000000E+14   0.9566997608915E-19
  0.2288030000000E+14   0.9560758402498E-19
  0.2345490000000E+14   0.9581157458054E-19
  0.2404390000000E+14   0.9604226677525E-19
  0.2464770000000E+14   0.9656679642639E-19
  0.2526660000000E+14   0.9665923814410E-19
  0.2590110000000E+14   0.9686243872092E-19
  0.2655150000000E+14   0.9666545306030E-19
  0.2721830000000E+14   0.9701187003890E-19
  0.2790180000000E+14   0.9724121133642E-19
  0.2860240000000E+14   0.9681715682999E-19
  0.2932070000000E+14   0.9574517513606E-19
  0.3005700000000E+14   0.9444344523904E-19
  0.3081180000000E+14   0.9204621255520E-19
  0.3158550000000E+14   0.8974599253463E-19
  0.3237870000000E+14   0.8348285829556E-19
  0.3319170000000E+14   0.7639095533288E-19
  0.3402530000000E+14   0.6982228615333E-19
  0.3487970000000E+14   0.6370002944241E-19
  0.3575560000000E+14   0.5790661696990E-19
  0.3665350000000E+14   0.5249315608968E-19
  0.3757390000000E+14   0.4683275989857E-19
  0.3851740000000E+14   0.4313834843531E-19
  0.3948470000000E+14   0.4006854092429E-19
  0.4047620000000E+14   0.3807151332099E-19
  0.4149260000000E+14   0.3746504931656E-19
  0.4253460000000E+14   0.3702146594513E-19
  0.4360270000000E+14   0.3705980174199E-19
  0.4469770000000E+14   0.3716079562866E-19
  0.4582010000000E+14   0.3732658414408E-19
  0.4697070000000E+14   0.3755108326582E-19
  0.4815020000000E+14   0.3782034632675E-19
  0.4935940000000E+14   0.3813416983985E-19
  0.5059890000000E+14   0.3850248028856E-19
  0.5186950000000E+14   0.3892847862133E-19
  0.5317200000000E+14   0.3940188298959E-19
  0.5450730000000E+14   0.3993266252492E-19
  0.6258450000000E+14   0.4365562793471E-19
  0.7185870000000E+14   0.4830674034961E-19
  0.8250720000000E+14   0.5341354582800E-19
  0.9473370000000E+14   0.5866898241447E-19
  0.1087720000000E+15   0.6389987445710E-19
  0.1248910000000E+15   0.6907211945947E-19
  0.1433980000000E+15   0.7417168410408E-19
  0.1646470000000E+15   0.7908476119258E-19
  0.1890460000000E+15   0.8343868687567E-19
  0.2170600000000E+15   0.8642610175334E-19
  0.2492250000000E+15   0.8697567856482E-19
  0.2861570000000E+15   0.8401860874008E-19
  0.3285620000000E+15   0.7695440885469E-19
  0.3772500000000E+15   0.6601489342856E-19
  0.4331540000000E+15   0.5236931979940E-19
  0.4973410000000E+15   0.3789679949949E-19
  0.5710410000000E+15   0.2464056995753E-19
  0.6556610000000E+15   0.1415460568203E-19
  0.7528220000000E+15   0.7048119958787E-20
  0.8643800000000E+15   0.2977329783710E-20
  0.9924690000000E+15   0.1041099911541E-20
  0.1139540000000E+16   0.2930019667283E-21
  0.1308400000000E+16   0.6426819311088E-22
  0.1502290000000E+16   0.1058719904227E-22
  0.1724910000000E+16   0.1255529911457E-23
  0.1980520000000E+16   0.1020899924630E-24
  0.2274010000000E+16   0.5382039610493E-26
  0.2610990000000E+16   0.1725239877116E-27
  0.2997900000000E+16   0.3123879780177E-29
