mstar = 0.214 Msun, Rstar = 2.6484 Rsun, Tstar = 3963.4, mdisk = 0.0017252 Msun, Rc = 12.448 AU, Rin = 0.3396 AU, Rout = 96.195 AU, inclination = 45 degree, powerlaw = -1 
         130
  
  0.2997900000000E+11   0.3326326134691E-23
  0.3951060000000E+11   0.7520299146880E-23
  0.5207280000000E+11   0.1694660722426E-22
  0.6862910000000E+11   0.3802494320593E-22
  0.9044930000000E+11   0.8485112825740E-22
  0.1192070000000E+12   0.1880199919795E-21
  0.1571080000000E+12   0.4129829376076E-21
  0.2070600000000E+12   0.8972133402620E-21
  0.2728930000000E+12   0.1922794614243E-20
  0.3596580000000E+12   0.4278260579287E-20
  0.4740100000000E+12   0.1038724726730E-19
  0.6247180000000E+12   0.2394344185152E-19
  0.8233440000000E+12   0.5126609981602E-19
  0.1085120000000E+13   0.9985317169283E-19
  0.1430130000000E+13   0.1744143318302E-18
  0.1884830000000E+13   0.2747082569988E-18
  0.2484100000000E+13   0.3991168618240E-18
  0.3273910000000E+13   0.5436559831588E-18
  0.4314820000000E+13   0.6961074958187E-18
  0.5686700000000E+13   0.8333656554848E-18
  0.7494750000000E+13   0.9203070341188E-18
  0.7682960000000E+13   0.9242941649078E-18
  0.7875890000000E+13   0.9273330558763E-18
  0.8073670000000E+13   0.9293137838350E-18
  0.8276410000000E+13   0.9302473546817E-18
  0.8484250000000E+13   0.9302496176175E-18
  0.8697300000000E+13   0.9302580423602E-18
  0.8915700000000E+13   0.9291023157553E-18
  0.9139590000000E+13   0.9282584975472E-18
  0.9369100000000E+13   0.9265010976129E-18
  0.9604380000000E+13   0.9244135277297E-18
  0.9845560000000E+13   0.9219584847373E-18
  0.1009280000000E+14   0.9183662253342E-18
  0.1034620000000E+14   0.9142000973119E-18
  0.1060610000000E+14   0.9087527792628E-18
  0.1087240000000E+14   0.9035949865731E-18
  0.1114540000000E+14   0.8973959843036E-18
  0.1142530000000E+14   0.8908249757533E-18
  0.1171220000000E+14   0.8837126206028E-18
  0.1200630000000E+14   0.8754908528638E-18
  0.1230780000000E+14   0.8666549388888E-18
  0.1261690000000E+14   0.8565925115875E-18
  0.1293370000000E+14   0.8472759502724E-18
  0.1325850000000E+14   0.8369355046255E-18
  0.1359150000000E+14   0.8262822059651E-18
  0.1393280000000E+14   0.8150620432479E-18
  0.1428260000000E+14   0.8032921035769E-18
  0.1464130000000E+14   0.7921904647733E-18
  0.1500900000000E+14   0.7798707209385E-18
  0.1538590000000E+14   0.7637327237817E-18
  0.1577220000000E+14   0.7467088015368E-18
  0.1616830000000E+14   0.7205539869273E-18
  0.1657430000000E+14   0.6896091599280E-18
  0.1699050000000E+14   0.6562605730074E-18
  0.1741720000000E+14   0.6158358491710E-18
  0.1785460000000E+14   0.5770859856058E-18
  0.1830290000000E+14   0.5360985880708E-18
  0.1876260000000E+14   0.4968756414756E-18
  0.1923370000000E+14   0.4611131830833E-18
  0.1971670000000E+14   0.4280667176400E-18
  0.2021180000000E+14   0.3988006770960E-18
  0.2071940000000E+14   0.3753226581189E-18
  0.2123970000000E+14   0.3536887668366E-18
  0.2177310000000E+14   0.3496465580495E-18
  0.2231980000000E+14   0.3451465625189E-18
  0.2288030000000E+14   0.3452590082396E-18
  0.2345490000000E+14   0.3461262880350E-18
  0.2404390000000E+14   0.3470080178433E-18
  0.2464770000000E+14   0.3486347825143E-18
  0.2526660000000E+14   0.3488341550451E-18
  0.2590110000000E+14   0.3492248187427E-18
  0.2655150000000E+14   0.3483422328117E-18
  0.2721830000000E+14   0.3488472504390E-18
  0.2790180000000E+14   0.3488747933811E-18
  0.2860240000000E+14   0.3470181057206E-18
  0.2932070000000E+14   0.3434337612527E-18
  0.3005700000000E+14   0.3392936153959E-18
  0.3081180000000E+14   0.3325531753187E-18
  0.3158550000000E+14   0.3262326021463E-18
  0.3237870000000E+14   0.3107961205582E-18
  0.3319170000000E+14   0.2937255505628E-18
  0.3402530000000E+14   0.2781099965423E-18
  0.3487970000000E+14   0.2636748334016E-18
  0.3575560000000E+14   0.2498906786319E-18
  0.3665350000000E+14   0.2368374649948E-18
  0.3757390000000E+14   0.2228316864418E-18
  0.3851740000000E+14   0.2133804876318E-18
  0.3948470000000E+14   0.2045403685367E-18
  0.4047620000000E+14   0.1981223651499E-18
  0.4149260000000E+14   0.1960376888815E-18
  0.4253460000000E+14   0.1940500860343E-18
  0.4360270000000E+14   0.1936240225393E-18
  0.4469770000000E+14   0.1930755230566E-18
  0.4582010000000E+14   0.1924121633296E-18
  0.4697070000000E+14   0.1916063156619E-18
  0.4815020000000E+14   0.1905816341188E-18
  0.4935940000000E+14   0.1893313834495E-18
  0.5059890000000E+14   0.1879190320318E-18
  0.5186950000000E+14   0.1863743158519E-18
  0.5317200000000E+14   0.1846550179178E-18
  0.5450730000000E+14   0.1828470751426E-18
  0.6258450000000E+14   0.1703872426682E-18
  0.7185870000000E+14   0.1547949496238E-18
  0.8250720000000E+14   0.1380226287471E-18
  0.9473370000000E+14   0.1233148090442E-18
  0.1087720000000E+15   0.1136569851979E-18
  0.1248910000000E+15   0.1105419222667E-18
  0.1433980000000E+15   0.1133932887381E-18
  0.1646470000000E+15   0.1199630396978E-18
  0.1890460000000E+15   0.1271483499361E-18
  0.2170600000000E+15   0.1318511138445E-18
  0.2492250000000E+15   0.1316296885306E-18
  0.2861570000000E+15   0.1250200837023E-18
  0.3285620000000E+15   0.1117717362861E-18
  0.3772500000000E+15   0.9301509656090E-19
  0.4331540000000E+15   0.7115558707625E-19
  0.4973410000000E+15   0.4934085887736E-19
  0.5710410000000E+15   0.3052691924531E-19
  0.6556610000000E+15   0.1655328937437E-19
  0.7528220000000E+15   0.7706472877819E-20
  0.8643800000000E+15   0.3014132325190E-20
  0.9924690000000E+15   0.9663290347037E-21
  0.1139540000000E+16   0.2455683258503E-21
  0.1308400000000E+16   0.4814698619418E-22
  0.1502290000000E+16   0.6981121184503E-23
  0.1724910000000E+16   0.7151130000550E-24
  0.1980520000000E+16   0.4898269636780E-25
  0.2274010000000E+16   0.2122150858014E-26
  0.2610990000000E+16   0.5429856022732E-28
  0.2997900000000E+16   0.7589500448092E-30
