mstar = 0.1663 Msun, Rstar = 3.7491 Rsun, Tstar = 7125.7, mdisk = 0.00061289 Msun, Rc = 24.648 AU, Rin = 0.0286 AU, Rout = 91.13 AU, inclination = 45 degree, powerlaw = -1 
         130
  
  0.2997900000000E+11   0.3060073808049E-23
  0.3951060000000E+11   0.6951799380448E-23
  0.5207280000000E+11   0.1578731508892E-22
  0.6862910000000E+11   0.3582247468521E-22
  0.9044930000000E+11   0.8117495663136E-22
  0.1192070000000E+12   0.1836014075911E-21
  0.1571080000000E+12   0.4142477841728E-21
  0.2070600000000E+12   0.9316770175241E-21
  0.2728930000000E+12   0.2086918615539E-20
  0.3596580000000E+12   0.4959899289690E-20
  0.4740100000000E+12   0.1351832120794E-19
  0.6247180000000E+12   0.3656737068434E-19
  0.8233440000000E+12   0.9721299127998E-19
  0.1085120000000E+13   0.2514573914539E-18
  0.1430130000000E+13   0.6234380019608E-18
  0.1884830000000E+13   0.1456149382054E-17
  0.2484100000000E+13   0.3133082054265E-17
  0.3273910000000E+13   0.6040763665899E-17
  0.4314820000000E+13   0.1021299867118E-16
  0.5686700000000E+13   0.1503443512756E-16
  0.7494750000000E+13   0.1961271082998E-16
  0.7682960000000E+13   0.1998486470780E-16
  0.7875890000000E+13   0.2034593503607E-16
  0.8073670000000E+13   0.2069432607147E-16
  0.8276410000000E+13   0.2102965476456E-16
  0.8484250000000E+13   0.2135274155798E-16
  0.8697300000000E+13   0.2167373725843E-16
  0.8915700000000E+13   0.2197912449469E-16
  0.9139590000000E+13   0.2228550353421E-16
  0.9369100000000E+13   0.2257847037299E-16
  0.9604380000000E+13   0.2286460913749E-16
  0.9845560000000E+13   0.2314328213456E-16
  0.1009280000000E+14   0.2340466420953E-16
  0.1034620000000E+14   0.2365518097510E-16
  0.1060610000000E+14   0.2388552366624E-16
  0.1087240000000E+14   0.2411530383084E-16
  0.1114540000000E+14   0.2432698105091E-16
  0.1142530000000E+14   0.2452897085982E-16
  0.1171220000000E+14   0.2471848037173E-16
  0.1200630000000E+14   0.2488698557659E-16
  0.1230780000000E+14   0.2504090056155E-16
  0.1261690000000E+14   0.2517043912909E-16
  0.1293370000000E+14   0.2530441931935E-16
  0.1325850000000E+14   0.2541605844818E-16
  0.1359150000000E+14   0.2551515550607E-16
  0.1393280000000E+14   0.2559724210776E-16
  0.1428260000000E+14   0.2566181823893E-16
  0.1464130000000E+14   0.2572858321460E-16
  0.1500900000000E+14   0.2576528054432E-16
  0.1538590000000E+14   0.2572409865401E-16
  0.1577220000000E+14   0.2565278464909E-16
  0.1616830000000E+14   0.2539613047400E-16
  0.1657430000000E+14   0.2502134666974E-16
  0.1699050000000E+14   0.2456470433433E-16
  0.1741720000000E+14   0.2392021066683E-16
  0.1785460000000E+14   0.2325723950215E-16
  0.1830290000000E+14   0.2248501272343E-16
  0.1876260000000E+14   0.2168873106055E-16
  0.1923370000000E+14   0.2091024903364E-16
  0.1971670000000E+14   0.2013677029861E-16
  0.2021180000000E+14   0.1940209971598E-16
  0.2071940000000E+14   0.1877462188152E-16
  0.2123970000000E+14   0.1815122083640E-16
  0.2177310000000E+14   0.1804554690087E-16
  0.2231980000000E+14   0.1791365134866E-16
  0.2288030000000E+14   0.1792450234157E-16
  0.2345490000000E+14   0.1795455811114E-16
  0.2404390000000E+14   0.1797850539631E-16
  0.2464770000000E+14   0.1802008528651E-16
  0.2526660000000E+14   0.1800004839323E-16
  0.2590110000000E+14   0.1797234770992E-16
  0.2655150000000E+14   0.1788147589960E-16
  0.2721830000000E+14   0.1781698664081E-16
  0.2790180000000E+14   0.1770844017645E-16
  0.2860240000000E+14   0.1750785278061E-16
  0.2932070000000E+14   0.1722233301306E-16
  0.3005700000000E+14   0.1689201695588E-16
  0.3081180000000E+14   0.1645500486047E-16
  0.3158550000000E+14   0.1600903516359E-16
  0.3237870000000E+14   0.1525746124381E-16
  0.3319170000000E+14   0.1440250309131E-16
  0.3402530000000E+14   0.1353061265454E-16
  0.3487970000000E+14   0.1262986882385E-16
  0.3575560000000E+14   0.1167297854007E-16
  0.3665350000000E+14   0.1066140907530E-16
  0.3757390000000E+14   0.9492544236572E-17
  0.3851740000000E+14   0.8577589263244E-17
  0.3948470000000E+14   0.7699214186296E-17
  0.4047620000000E+14   0.7013646959670E-17
  0.4149260000000E+14   0.6645620608376E-17
  0.4253460000000E+14   0.6301937195814E-17
  0.4360270000000E+14   0.6073784413734E-17
  0.4469770000000E+14   0.5852655787887E-17
  0.4582010000000E+14   0.5639902189440E-17
  0.4697070000000E+14   0.5434325858609E-17
  0.4815020000000E+14   0.5232123907707E-17
  0.4935940000000E+14   0.5033472639698E-17
  0.5059890000000E+14   0.4842202945848E-17
  0.5186950000000E+14   0.4660081684768E-17
  0.5317200000000E+14   0.4484473515440E-17
  0.5450730000000E+14   0.4319847922462E-17
  0.6258450000000E+14   0.3538794287687E-17
  0.7185870000000E+14   0.2950510345220E-17
  0.8250720000000E+14   0.2495078356172E-17
  0.9473370000000E+14   0.2145252649870E-17
  0.1087720000000E+15   0.1884635600522E-17
  0.1248910000000E+15   0.1697647733055E-17
  0.1433980000000E+15   0.1565755331826E-17
  0.1646470000000E+15   0.1471116418149E-17
  0.1890460000000E+15   0.1397699090698E-17
  0.2170600000000E+15   0.1320154977504E-17
  0.2492250000000E+15   0.1216864839982E-17
  0.2861570000000E+15   0.1060933754393E-17
  0.3285620000000E+15   0.8328801924473E-18
  0.3772500000000E+15   0.5521115499503E-18
  0.4331540000000E+15   0.2760559948336E-18
  0.4973410000000E+15   0.9324164495980E-19
  0.5710410000000E+15   0.1866290619630E-19
  0.6556610000000E+15   0.1622424983252E-20
  0.7528220000000E+15   0.2129658640457E-22
  0.8643800000000E+15   0.2288846287655E-24
  0.9924690000000E+15   0.2134976499501E-25
  0.1139540000000E+16   0.2089047750877E-28
  0.1308400000000E+16   0.4217207692274E-28
  0.1502290000000E+16   0.7409868556407E-27
  0.1724910000000E+16   0.2208369576198E-25
  0.1980520000000E+16   0.2820087446930E-26
  0.2274010000000E+16   0.8135478526579E-27
  0.2610990000000E+16   0.1635594881516E-27
  0.2997900000000E+16   0.2207487769822E-28
