mstar = 0.5687 Msun, Rstar = 1.0554 Rsun, Tstar = 4004.8, mdisk = 4.77E-05 Msun, Rc = 18.914 AU, Rin = 0.1135 AU, Rout = 132.855 AU, inclination = 45 degree, powerlaw = -1 
         130
  
  0.2997900000000E+11   0.6456440912026E-25
  0.3951060000000E+11   0.1460035680485E-24
  0.5207280000000E+11   0.3302082544178E-24
  0.6862910000000E+11   0.7462255624812E-24
  0.9044930000000E+11   0.1683349330945E-23
  0.1192070000000E+12   0.3786219335265E-23
  0.1571080000000E+12   0.8479276295731E-23
  0.2070600000000E+12   0.1887394550583E-22
  0.2728930000000E+12   0.4165963024922E-22
  0.3596580000000E+12   0.9720384070447E-22
  0.4740100000000E+12   0.2603635207285E-21
  0.6247180000000E+12   0.6892188256252E-21
  0.8233440000000E+12   0.1781177679571E-20
  0.1085120000000E+13   0.4434062676342E-20
  0.1430130000000E+13   0.1041547802232E-19
  0.1884830000000E+13   0.2250577297791E-19
  0.2484100000000E+13   0.4321622828483E-19
  0.3273910000000E+13   0.7027396804748E-19
  0.4314820000000E+13   0.9207949546919E-19
  0.5686700000000E+13   0.9344705628939E-19
  0.7494750000000E+13   0.7515149619880E-19
  0.7682960000000E+13   0.7309629490510E-19
  0.7875890000000E+13   0.7100651116495E-19
  0.8073670000000E+13   0.6888448826302E-19
  0.8276410000000E+13   0.6674504749042E-19
  0.8484250000000E+13   0.6461125995852E-19
  0.8697300000000E+13   0.6258348337631E-19
  0.8915700000000E+13   0.6054941161968E-19
  0.9139590000000E+13   0.5865283298364E-19
  0.9369100000000E+13   0.5677914361256E-19
  0.9604380000000E+13   0.5498288916308E-19
  0.9845560000000E+13   0.5325954458355E-19
  0.1009280000000E+14   0.5154458087359E-19
  0.1034620000000E+14   0.4988670261915E-19
  0.1060610000000E+14   0.4822823733342E-19
  0.1087240000000E+14   0.4669351783044E-19
  0.1114540000000E+14   0.4517535721934E-19
  0.1142530000000E+14   0.4372321618164E-19
  0.1171220000000E+14   0.4232232649543E-19
  0.1200630000000E+14   0.4093060574972E-19
  0.1230780000000E+14   0.3958197243742E-19
  0.1261690000000E+14   0.3823338847048E-19
  0.1293370000000E+14   0.3701467901181E-19
  0.1325850000000E+14   0.3580487478374E-19
  0.1359150000000E+14   0.3464853096971E-19
  0.1393280000000E+14   0.3352743230439E-19
  0.1428260000000E+14   0.3244107283586E-19
  0.1464130000000E+14   0.3145857180327E-19
  0.1500900000000E+14   0.3046612871901E-19
  0.1538590000000E+14   0.2931882894620E-19
  0.1577220000000E+14   0.2818799966058E-19
  0.1616830000000E+14   0.2663451846354E-19
  0.1657430000000E+14   0.2492130509991E-19
  0.1699050000000E+14   0.2318686611979E-19
  0.1741720000000E+14   0.2122083686709E-19
  0.1785460000000E+14   0.1945298912467E-19
  0.1830290000000E+14   0.1770121015766E-19
  0.1876260000000E+14   0.1613575294589E-19
  0.1923370000000E+14   0.1480707855980E-19
  0.1971670000000E+14   0.1366430150369E-19
  0.2021180000000E+14   0.1272681059998E-19
  0.2071940000000E+14   0.1203970229383E-19
  0.2123970000000E+14   0.1145214048207E-19
  0.2177310000000E+14   0.1144394780621E-19
  0.2231980000000E+14   0.1143224981368E-19
  0.2288030000000E+14   0.1157724329931E-19
  0.2345490000000E+14   0.1175795518892E-19
  0.2404390000000E+14   0.1195088233433E-19
  0.2464770000000E+14   0.1218021532942E-19
  0.2526660000000E+14   0.1237376991713E-19
  0.2590110000000E+14   0.1258439072495E-19
  0.2655150000000E+14   0.1276069736782E-19
  0.2721830000000E+14   0.1299508824435E-19
  0.2790180000000E+14   0.1322259100195E-19
  0.2860240000000E+14   0.1338951172300E-19
  0.2932070000000E+14   0.1349777682916E-19
  0.3005700000000E+14   0.1358841846023E-19
  0.3081180000000E+14   0.1358065715123E-19
  0.3158550000000E+14   0.1358780461859E-19
  0.3237870000000E+14   0.1323853997798E-19
  0.3319170000000E+14   0.1282361195834E-19
  0.3402530000000E+14   0.1245625686461E-19
  0.3487970000000E+14   0.1211853072397E-19
  0.3575560000000E+14   0.1178427321071E-19
  0.3665350000000E+14   0.1145170907973E-19
  0.3757390000000E+14   0.1105224279293E-19
  0.3851740000000E+14   0.1080999118956E-19
  0.3948470000000E+14   0.1057726878751E-19
  0.4047620000000E+14   0.1043605654946E-19
  0.4149260000000E+14   0.1046203923413E-19
  0.4253460000000E+14   0.1049006196445E-19
  0.4360270000000E+14   0.1057954130457E-19
  0.4469770000000E+14   0.1066560134959E-19
  0.4582010000000E+14   0.1074898964061E-19
  0.4697070000000E+14   0.1082902451486E-19
  0.4815020000000E+14   0.1090283857324E-19
  0.4935940000000E+14   0.1097042392379E-19
  0.5059890000000E+14   0.1103481793883E-19
  0.5186950000000E+14   0.1109769049117E-19
  0.5317200000000E+14   0.1115749286046E-19
  0.5450730000000E+14   0.1121841342404E-19
  0.6258450000000E+14   0.1155441620102E-19
  0.7185870000000E+14   0.1193933659385E-19
  0.8250720000000E+14   0.1245173868553E-19
  0.9473370000000E+14   0.1320638450372E-19
  0.1087720000000E+15   0.1429450857273E-19
  0.1248910000000E+15   0.1572898166136E-19
  0.1433980000000E+15   0.1741094434308E-19
  0.1646470000000E+15   0.1913550238327E-19
  0.1890460000000E+15   0.2061742633670E-19
  0.2170600000000E+15   0.2153682897786E-19
  0.2492250000000E+15   0.2160044673673E-19
  0.2861570000000E+15   0.2060753802339E-19
  0.3285620000000E+15   0.1851814043791E-19
  0.3772500000000E+15   0.1550381328953E-19
  0.4331540000000E+15   0.1194550073817E-19
  0.4973410000000E+15   0.8353809948838E-20
  0.5710410000000E+15   0.5220389946500E-20
  0.6556610000000E+15   0.2864499970049E-20
  0.7528220000000E+15   0.1353039985758E-20
  0.8643800000000E+15   0.5379209943021E-21
  0.9924690000000E+15   0.1754369981363E-21
  0.1139540000000E+16   0.4557679951122E-22
  0.1308400000000E+16   0.9119379902408E-23
  0.1502290000000E+16   0.1351849985614E-23
  0.1724910000000E+16   0.1420259984987E-24
  0.1980520000000E+16   0.1004879989366E-25
  0.2274010000000E+16   0.4515679952237E-27
  0.2610990000000E+16   0.1205009987259E-28
  0.2997900000000E+16   0.1767669981316E-30
