mstar = 0.3198 Msun, Rstar = 1.2687 Rsun, Tstar = 3327.4, mdisk = 0.0016585 Msun, Rc = 23.365 AU, Rin = 0.1055 AU, Rout = 83.315 AU, inclination = 45 degree, powerlaw = -1 
         130
  
  0.2997900000000E+11   0.1472772322043E-23
  0.3951060000000E+11   0.3334262410629E-23
  0.5207280000000E+11   0.7524291968044E-23
  0.6862910000000E+11   0.1690812642231E-22
  0.9044930000000E+11   0.3778535546322E-22
  0.1192070000000E+12   0.8383268097879E-22
  0.1571080000000E+12   0.1842500031845E-21
  0.2070600000000E+12   0.3999690952688E-21
  0.2728930000000E+12   0.8541636359284E-21
  0.3596580000000E+12   0.1900912643216E-20
  0.4740100000000E+12   0.4710864426135E-20
  0.6247180000000E+12   0.1114290111283E-19
  0.8233440000000E+12   0.2451765737222E-19
  0.1085120000000E+13   0.4861154501067E-19
  0.1430130000000E+13   0.8336311296532E-19
  0.1884830000000E+13   0.1189408699762E-18
  0.2484100000000E+13   0.1395498112486E-18
  0.3273910000000E+13   0.1417440047608E-18
  0.4314820000000E+13   0.1353810658327E-18
  0.5686700000000E+13   0.1231720498457E-18
  0.7494750000000E+13   0.1024887754510E-18
  0.7682960000000E+13   0.1002139050252E-18
  0.7875890000000E+13   0.9784526688084E-19
  0.8073670000000E+13   0.9537484165814E-19
  0.8276410000000E+13   0.9281842380852E-19
  0.8484250000000E+13   0.9020758951308E-19
  0.8697300000000E+13   0.8770293816726E-19
  0.8915700000000E+13   0.8511772434061E-19
  0.9139590000000E+13   0.8268475277873E-19
  0.9369100000000E+13   0.8021755951496E-19
  0.9604380000000E+13   0.7780521484494E-19
  0.9845560000000E+13   0.7544251418568E-19
  0.1009280000000E+14   0.7303052556296E-19
  0.1034620000000E+14   0.7065077819746E-19
  0.1060610000000E+14   0.6821980989981E-19
  0.1087240000000E+14   0.6593227852007E-19
  0.1114540000000E+14   0.6363060512057E-19
  0.1142530000000E+14   0.6139459348965E-19
  0.1171220000000E+14   0.5920669680968E-19
  0.1200630000000E+14   0.5701148745027E-19
  0.1230780000000E+14   0.5486401198426E-19
  0.1261690000000E+14   0.5270863214367E-19
  0.1293370000000E+14   0.5072976068813E-19
  0.1325850000000E+14   0.4876191968740E-19
  0.1359150000000E+14   0.4686938053833E-19
  0.1393280000000E+14   0.4502933341651E-19
  0.1428260000000E+14   0.4324337435427E-19
  0.1464130000000E+14   0.4160287103880E-19
  0.1500900000000E+14   0.3996111305261E-19
  0.1538590000000E+14   0.3813866019536E-19
  0.1577220000000E+14   0.3635787431535E-19
  0.1616830000000E+14   0.3407766751600E-19
  0.1657430000000E+14   0.3163620246612E-19
  0.1699050000000E+14   0.2920715143607E-19
  0.1741720000000E+14   0.2653684534890E-19
  0.1785460000000E+14   0.2414493168124E-19
  0.1830290000000E+14   0.2181146277838E-19
  0.1876260000000E+14   0.1973792436175E-19
  0.1923370000000E+14   0.1797723087365E-19
  0.1971670000000E+14   0.1646442645092E-19
  0.2021180000000E+14   0.1521738785811E-19
  0.2071940000000E+14   0.1428372399324E-19
  0.2123970000000E+14   0.1348299484139E-19
  0.2177310000000E+14   0.1335809512116E-19
  0.2231980000000E+14   0.1322914138510E-19
  0.2288030000000E+14   0.1326919709786E-19
  0.2345490000000E+14   0.1334099249157E-19
  0.2404390000000E+14   0.1341848171076E-19
  0.2464770000000E+14   0.1352574325915E-19
  0.2526660000000E+14   0.1359131198798E-19
  0.2590110000000E+14   0.1366903529575E-19
  0.2655150000000E+14   0.1371160786159E-19
  0.2721830000000E+14   0.1380438380722E-19
  0.2790180000000E+14   0.1388794245239E-19
  0.2860240000000E+14   0.1391822501394E-19
  0.2932070000000E+14   0.1390133976636E-19
  0.3005700000000E+14   0.1387472681697E-19
  0.3081180000000E+14   0.1377661645529E-19
  0.3158550000000E+14   0.1370058631857E-19
  0.3237870000000E+14   0.1337443636117E-19
  0.3319170000000E+14   0.1303587023648E-19
  0.3402530000000E+14   0.1276952429749E-19
  0.3487970000000E+14   0.1256200076250E-19
  0.3575560000000E+14   0.1239553702149E-19
  0.3665350000000E+14   0.1226355593494E-19
  0.3757390000000E+14   0.1211519845637E-19
  0.3851740000000E+14   0.1204354819341E-19
  0.3948470000000E+14   0.1195240319218E-19
  0.4047620000000E+14   0.1189031949070E-19
  0.4149260000000E+14   0.1195015138169E-19
  0.4253460000000E+14   0.1200742373996E-19
  0.4360270000000E+14   0.1211932170929E-19
  0.4469770000000E+14   0.1222590814000E-19
  0.4582010000000E+14   0.1232759118065E-19
  0.4697070000000E+14   0.1242354007275E-19
  0.4815020000000E+14   0.1251094889028E-19
  0.4935940000000E+14   0.1258967248906E-19
  0.5059890000000E+14   0.1266235284283E-19
  0.5186950000000E+14   0.1273029055921E-19
  0.5317200000000E+14   0.1279209162421E-19
  0.5450730000000E+14   0.1285123822295E-19
  0.6258450000000E+14   0.1310976807293E-19
  0.7185870000000E+14   0.1330166358319E-19
  0.8250720000000E+14   0.1352897414262E-19
  0.9473370000000E+14   0.1393390638315E-19
  0.1087720000000E+15   0.1461496339577E-19
  0.1248910000000E+15   0.1556145356977E-19
  0.1433980000000E+15   0.1662266253589E-19
  0.1646470000000E+15   0.1753722311120E-19
  0.1890460000000E+15   0.1799867765802E-19
  0.2170600000000E+15   0.1773594307496E-19
  0.2492250000000E+15   0.1659020899091E-19
  0.2861570000000E+15   0.1457004313409E-19
  0.3285620000000E+15   0.1187471377554E-19
  0.3772500000000E+15   0.8866495488983E-20
  0.4331540000000E+15   0.5978171371219E-20
  0.4973410000000E+15   0.3581243175220E-20
  0.5710410000000E+15   0.1871558615816E-20
  0.6556610000000E+15   0.8358064591734E-21
  0.7528220000000E+15   0.3115362318039E-21
  0.8643800000000E+15   0.9435090438674E-22
  0.9924690000000E+15   0.2251350439893E-22
  0.1139540000000E+16   0.4085410948825E-23
  0.1308400000000E+16   0.5414380314588E-24
  0.1502290000000E+16   0.5001343360507E-25
  0.1724910000000E+16   0.3052541510792E-26
  0.1980520000000E+16   0.1157666596589E-27
  0.2274010000000E+16   0.2542336867120E-29
  0.2610990000000E+16   0.2981702786736E-31
  0.2997900000000E+16   0.1701909667391E-33
