mstar = 1.4153 Msun, Rstar = 1.5869 Rsun, Tstar = 3525.2, mdisk = 0.0032681 Msun, Rc = 16.273 AU, Rin = 0.1299 AU, Rout = 85.914 AU, inclination = 45 degree, powerlaw = -1 
         130
  
  0.2997900000000E+11   0.2733446104247E-23
  0.3951060000000E+11   0.6141385802906E-23
  0.5207280000000E+11   0.1372954289659E-22
  0.6862910000000E+11   0.3050197890115E-22
  0.9044930000000E+11   0.6723259720581E-22
  0.1192070000000E+12   0.1467289835222E-21
  0.1571080000000E+12   0.3162048932330E-21
  0.2070600000000E+12   0.6704201594157E-21
  0.2728930000000E+12   0.1391475208469E-20
  0.3596580000000E+12   0.2967505137619E-20
  0.4740100000000E+12   0.6812261017040E-20
  0.6247180000000E+12   0.1453615025772E-19
  0.8233440000000E+12   0.2796169254592E-19
  0.1085120000000E+13   0.4706145271393E-19
  0.1430130000000E+13   0.6801330675975E-19
  0.1884830000000E+13   0.8565409499756E-19
  0.2484100000000E+13   0.9783157122973E-19
  0.3273910000000E+13   0.1037558277081E-18
  0.4314820000000E+13   0.1029240224769E-18
  0.5686700000000E+13   0.9548282340588E-19
  0.7494750000000E+13   0.8165176364494E-19
  0.7682960000000E+13   0.8012700031680E-19
  0.7875890000000E+13   0.7853388401204E-19
  0.8073670000000E+13   0.7686301659434E-19
  0.8276410000000E+13   0.7512495434087E-19
  0.8484250000000E+13   0.7334331658266E-19
  0.8697300000000E+13   0.7164876425329E-19
  0.8915700000000E+13   0.6988469423752E-19
  0.9139590000000E+13   0.6824129498956E-19
  0.9369100000000E+13   0.6656441517161E-19
  0.9604380000000E+13   0.6492757738035E-19
  0.9845560000000E+13   0.6332472519324E-19
  0.1009280000000E+14   0.6167101299858E-19
  0.1034620000000E+14   0.6003399283025E-19
  0.1060610000000E+14   0.5833977704071E-19
  0.1087240000000E+14   0.5675660173656E-19
  0.1114540000000E+14   0.5514517070789E-19
  0.1142530000000E+14   0.5357331335989E-19
  0.1171220000000E+14   0.5202571831573E-19
  0.1200630000000E+14   0.5045129755338E-19
  0.1230780000000E+14   0.4889799449698E-19
  0.1261690000000E+14   0.4731286540217E-19
  0.1293370000000E+14   0.4586590821968E-19
  0.1325850000000E+14   0.4440344707341E-19
  0.1359150000000E+14   0.4298578313124E-19
  0.1393280000000E+14   0.4159077631011E-19
  0.1428260000000E+14   0.4022017702097E-19
  0.1464130000000E+14   0.3895995992073E-19
  0.1500900000000E+14   0.3766883487892E-19
  0.1538590000000E+14   0.3617870504192E-19
  0.1577220000000E+14   0.3470130622679E-19
  0.1616830000000E+14   0.3271506252582E-19
  0.1657430000000E+14   0.3053966958001E-19
  0.1699050000000E+14   0.2833871179302E-19
  0.1741720000000E+14   0.2586734609434E-19
  0.1785460000000E+14   0.2364959531352E-19
  0.1830290000000E+14   0.2145427080322E-19
  0.1876260000000E+14   0.1949368228528E-19
  0.1923370000000E+14   0.1782139488873E-19
  0.1971670000000E+14   0.1638270624340E-19
  0.2021180000000E+14   0.1519894790677E-19
  0.2071940000000E+14   0.1431858736788E-19
  0.2123970000000E+14   0.1356212607488E-19
  0.2177310000000E+14   0.1346930288178E-19
  0.2231980000000E+14   0.1337078356485E-19
  0.2288030000000E+14   0.1344187439403E-19
  0.2345490000000E+14   0.1354409186539E-19
  0.2404390000000E+14   0.1365229254090E-19
  0.2464770000000E+14   0.1379096398992E-19
  0.2526660000000E+14   0.1388588409044E-19
  0.2590110000000E+14   0.1399181774325E-19
  0.2655150000000E+14   0.1405857349126E-19
  0.2721830000000E+14   0.1417669300758E-19
  0.2790180000000E+14   0.1428354948768E-19
  0.2860240000000E+14   0.1433425244572E-19
  0.2932070000000E+14   0.1433639332815E-19
  0.3005700000000E+14   0.1432945646891E-19
  0.3081180000000E+14   0.1425088927298E-19
  0.3158550000000E+14   0.1419723558344E-19
  0.3237870000000E+14   0.1389484295903E-19
  0.3319170000000E+14   0.1359026888168E-19
  0.3402530000000E+14   0.1337000463840E-19
  0.3487970000000E+14   0.1322030943312E-19
  0.3575560000000E+14   0.1312370790858E-19
  0.3665350000000E+14   0.1306878477501E-19
  0.3757390000000E+14   0.1300686880735E-19
  0.3851740000000E+14   0.1303422959331E-19
  0.3948470000000E+14   0.1308163634932E-19
  0.4047620000000E+14   0.1319122087579E-19
  0.4149260000000E+14   0.1338864656519E-19
  0.4253460000000E+14   0.1359242581133E-19
  0.4360270000000E+14   0.1382572118486E-19
  0.4469770000000E+14   0.1405995954285E-19
  0.4582010000000E+14   0.1429502371170E-19
  0.4697070000000E+14   0.1453051248041E-19
  0.4815020000000E+14   0.1476501349903E-19
  0.4935940000000E+14   0.1499837070431E-19
  0.5059890000000E+14   0.1523168955713E-19
  0.5186950000000E+14   0.1546537727121E-19
  0.5317200000000E+14   0.1569907447991E-19
  0.5450730000000E+14   0.1593399062227E-19
  0.6258450000000E+14   0.1726386388093E-19
  0.7185870000000E+14   0.1867698630093E-19
  0.8250720000000E+14   0.2026434045137E-19
  0.9473370000000E+14   0.2213690653304E-19
  0.1087720000000E+15   0.2435678570981E-19
  0.1248910000000E+15   0.2686764525914E-19
  0.1433980000000E+15   0.2944375881188E-19
  0.1646470000000E+15   0.3170145037833E-19
  0.1890460000000E+15   0.3316331932868E-19
  0.2170600000000E+15   0.3336046157500E-19
  0.2492250000000E+15   0.3195606985449E-19
  0.2861570000000E+15   0.2885831804237E-19
  0.3285620000000E+15   0.2430264194727E-19
  0.3772500000000E+15   0.1885390278841E-19
  0.4331540000000E+15   0.1329060000500E-19
  0.4973410000000E+15   0.8382689917697E-20
  0.5710410000000E+15   0.4649019951948E-20
  0.6556610000000E+15   0.2223119976980E-20
  0.7528220000000E+15   0.8964009907174E-21
  0.8643800000000E+15   0.2971319969231E-21
  0.9924690000000E+15   0.7864409918561E-22
  0.1139540000000E+16   0.1607519983353E-22
  0.1308400000000E+16   0.2442399974708E-23
  0.1502290000000E+16   0.2639349972668E-24
  0.1724910000000E+16   0.1928899980025E-25
  0.1980520000000E+16   0.8996489906838E-27
  0.2274010000000E+16   0.2505389974056E-28
  0.2610990000000E+16   0.3859609960032E-30
  0.2997900000000E+16   0.3013019968799E-32
