mstar = 0.2268 Msun, Rstar = 1.185 Rsun, Tstar = 4071.4, mdisk = 0.007783 Msun, Rc = 39.222 AU, Rin = 0.0207 AU, Rout = 125.1 AU, inclination = 45 degree, powerlaw = -1 
         130
  
  0.2997900000000E+11   0.7009344386780E-23
  0.3951060000000E+11   0.1580249109673E-22
  0.5207280000000E+11   0.3549742651231E-22
  0.6862910000000E+11   0.7936898340280E-22
  0.9044930000000E+11   0.1764029430475E-21
  0.1192070000000E+12   0.3890417087545E-21
  0.1571080000000E+12   0.8493857305304E-21
  0.2070600000000E+12   0.1830031477452E-20
  0.2728930000000E+12   0.3874387068348E-20
  0.3596580000000E+12   0.8511629037932E-20
  0.4740100000000E+12   0.2059699781670E-19
  0.6247180000000E+12   0.4716654370323E-19
  0.8233440000000E+12   0.9937716836655E-19
  0.1085120000000E+13   0.1863097666546E-18
  0.1430130000000E+13   0.2992001282924E-18
  0.1884830000000E+13   0.4019620499957E-18
  0.2484100000000E+13   0.4604018107532E-18
  0.3273910000000E+13   0.4779196181738E-18
  0.4314820000000E+13   0.4679543261317E-18
  0.5686700000000E+13   0.4280316111509E-18
  0.7494750000000E+13   0.3544222684760E-18
  0.7682960000000E+13   0.3463584362456E-18
  0.7875890000000E+13   0.3379905117326E-18
  0.8073670000000E+13   0.3292970874453E-18
  0.8276410000000E+13   0.3203328788255E-18
  0.8484250000000E+13   0.3112037745599E-18
  0.8697300000000E+13   0.3024287163085E-18
  0.8915700000000E+13   0.2934087294977E-18
  0.9139590000000E+13   0.2848946694178E-18
  0.9369100000000E+13   0.2762885686468E-18
  0.9604380000000E+13   0.2678791505560E-18
  0.9845560000000E+13   0.2596507861377E-18
  0.1009280000000E+14   0.2512883883191E-18
  0.1034620000000E+14   0.2430540124878E-18
  0.1060610000000E+14   0.2346825148979E-18
  0.1087240000000E+14   0.2267965644027E-18
  0.1114540000000E+14   0.2188927500622E-18
  0.1142530000000E+14   0.2112258271904E-18
  0.1171220000000E+14   0.2037406412607E-18
  0.1200630000000E+14   0.1962618500053E-18
  0.1230780000000E+14   0.1889638943827E-18
  0.1261690000000E+14   0.1816720970133E-18
  0.1293370000000E+14   0.1749681901479E-18
  0.1325850000000E+14   0.1683284837969E-18
  0.1359150000000E+14   0.1619560305440E-18
  0.1393280000000E+14   0.1557808115162E-18
  0.1428260000000E+14   0.1498071093161E-18
  0.1464130000000E+14   0.1443202192663E-18
  0.1500900000000E+14   0.1388583125572E-18
  0.1538590000000E+14   0.1328543899138E-18
  0.1577220000000E+14   0.1270059270943E-18
  0.1616830000000E+14   0.1195903174482E-18
  0.1657430000000E+14   0.1116492743137E-18
  0.1699050000000E+14   0.1037118304098E-18
  0.1741720000000E+14   0.9491709286783E-19
  0.1785460000000E+14   0.8694104428000E-19
  0.1830290000000E+14   0.7902630792593E-19
  0.1876260000000E+14   0.7183732598770E-19
  0.1923370000000E+14   0.6557514304789E-19
  0.1971670000000E+14   0.6003545272250E-19
  0.2021180000000E+14   0.5530979056395E-19
  0.2071940000000E+14   0.5162540088679E-19
  0.2123970000000E+14   0.4832655978299E-19
  0.2177310000000E+14   0.4769834280599E-19
  0.2231980000000E+14   0.4704148282674E-19
  0.2288030000000E+14   0.4710922868416E-19
  0.2345490000000E+14   0.4733735887571E-19
  0.2404390000000E+14   0.4761794371314E-19
  0.2464770000000E+14   0.4806383468901E-19
  0.2526660000000E+14   0.4834305687266E-19
  0.2590110000000E+14   0.4870893448680E-19
  0.2655150000000E+14   0.4892094816251E-19
  0.2721830000000E+14   0.4941923503930E-19
  0.2790180000000E+14   0.4990151818081E-19
  0.2860240000000E+14   0.5010976808589E-19
  0.2932070000000E+14   0.5004572822889E-19
  0.3005700000000E+14   0.4989796766954E-19
  0.3081180000000E+14   0.4924571706415E-19
  0.3158550000000E+14   0.4864216205983E-19
  0.3237870000000E+14   0.4604856946991E-19
  0.3319170000000E+14   0.4287566137146E-19
  0.3402530000000E+14   0.3976415587758E-19
  0.3487970000000E+14   0.3665924467479E-19
  0.3575560000000E+14   0.3347175166627E-19
  0.3665350000000E+14   0.3028696952946E-19
  0.3757390000000E+14   0.2678404991977E-19
  0.3851740000000E+14   0.2437857701548E-19
  0.3948470000000E+14   0.2215361930573E-19
  0.4047620000000E+14   0.2049917141084E-19
  0.4149260000000E+14   0.1983461251006E-19
  0.4253460000000E+14   0.1922843104913E-19
  0.4360270000000E+14   0.1899771470765E-19
  0.4469770000000E+14   0.1878224466380E-19
  0.4582010000000E+14   0.1858642872183E-19
  0.4697070000000E+14   0.1840545087006E-19
  0.4815020000000E+14   0.1822780364765E-19
  0.4935940000000E+14   0.1805521239786E-19
  0.5059890000000E+14   0.1790269978542E-19
  0.5186950000000E+14   0.1777710777999E-19
  0.5317200000000E+14   0.1766972891036E-19
  0.5450730000000E+14   0.1759659387823E-19
  0.6258450000000E+14   0.1760946820775E-19
  0.7185870000000E+14   0.1826822512683E-19
  0.8250720000000E+14   0.1945587289246E-19
  0.9473370000000E+14   0.2111355096652E-19
  0.1087720000000E+15   0.2313155684236E-19
  0.1248910000000E+15   0.2532549216456E-19
  0.1433980000000E+15   0.2744573184069E-19
  0.1646470000000E+15   0.2922090908576E-19
  0.1890460000000E+15   0.3040612890762E-19
  0.2170600000000E+15   0.3074878915643E-19
  0.2492250000000E+15   0.3005983514745E-19
  0.2861570000000E+15   0.2818200952851E-19
  0.3285620000000E+15   0.2506740282825E-19
  0.3772500000000E+15   0.2087997331546E-19
  0.4331540000000E+15   0.1603452245403E-19
  0.4973410000000E+15   0.1116458886578E-19
  0.5710410000000E+15   0.6920867663388E-20
  0.6556610000000E+15   0.3735682077330E-20
  0.7528220000000E+15   0.1695711707789E-20
  0.8643800000000E+15   0.6487864125235E-21
  0.9924690000000E+15   0.2110683181880E-21
  0.1139540000000E+16   0.5150990716201E-22
  0.1308400000000E+16   0.1087453856297E-22
  0.1502290000000E+16   0.1767260209543E-23
  0.1724910000000E+16   0.2068238139102E-24
  0.1980520000000E+16   0.1522240763506E-25
  0.2274010000000E+16   0.7279706588560E-27
  0.2610990000000E+16   0.2082913905998E-28
  0.2997900000000E+16   0.3305389511003E-30
