mstar = 0.3089 Msun, Rstar = 1.2594 Rsun, Tstar = 4605.8, mdisk = 0.0020183 Msun, Rc = 34.076 AU, Rin = 0.058 AU, Rout = 127.563 AU, inclination = 45 degree, powerlaw = -1 
         130
  
  0.2997900000000E+11   0.2318313802574E-23
  0.3951060000000E+11   0.5258625521466E-23
  0.5207280000000E+11   0.1189772242584E-22
  0.6862910000000E+11   0.2682961867280E-22
  0.9044930000000E+11   0.6024187401868E-22
  0.1192070000000E+12   0.1345145844854E-21
  0.1571080000000E+12   0.2982060937572E-21
  0.2070600000000E+12   0.6549200153143E-21
  0.2728930000000E+12   0.1420712011611E-20
  0.3596580000000E+12   0.3233535939143E-20
  0.4740100000000E+12   0.8302092747810E-20
  0.6247180000000E+12   0.2066105013012E-19
  0.8233440000000E+12   0.4885666277578E-19
  0.1085120000000E+13   0.1071483893713E-18
  0.1430130000000E+13   0.2106085670290E-18
  0.1884830000000E+13   0.3563225196081E-18
  0.2484100000000E+13   0.4989231178246E-18
  0.3273910000000E+13   0.5730696781232E-18
  0.4314820000000E+13   0.5738518045275E-18
  0.5686700000000E+13   0.5390914854138E-18
  0.7494750000000E+13   0.4721895003527E-18
  0.7682960000000E+13   0.4643375797193E-18
  0.7875890000000E+13   0.4560378024428E-18
  0.8073670000000E+13   0.4472451655870E-18
  0.8276410000000E+13   0.4380122498752E-18
  0.8484250000000E+13   0.4284648034151E-18
  0.8697300000000E+13   0.4192948856497E-18
  0.8915700000000E+13   0.4096823177983E-18
  0.9139590000000E+13   0.4006521777814E-18
  0.9369100000000E+13   0.3913764437593E-18
  0.9604380000000E+13   0.3822515841973E-18
  0.9845560000000E+13   0.3732535598819E-18
  0.1009280000000E+14   0.3639234308234E-18
  0.1034620000000E+14   0.3546282942676E-18
  0.1060610000000E+14   0.3449740834345E-18
  0.1087240000000E+14   0.3358713685411E-18
  0.1114540000000E+14   0.3265762401441E-18
  0.1142530000000E+14   0.3174655307279E-18
  0.1171220000000E+14   0.3084546945660E-18
  0.1200630000000E+14   0.2992697955450E-18
  0.1230780000000E+14   0.2901766756942E-18
  0.1261690000000E+14   0.2808978886823E-18
  0.1293370000000E+14   0.2723627427538E-18
  0.1325850000000E+14   0.2637406127338E-18
  0.1359150000000E+14   0.2553605666911E-18
  0.1393280000000E+14   0.2471113796769E-18
  0.1428260000000E+14   0.2390041611021E-18
  0.1464130000000E+14   0.2315282305699E-18
  0.1500900000000E+14   0.2239091081888E-18
  0.1538590000000E+14   0.2151595951688E-18
  0.1577220000000E+14   0.2064694944165E-18
  0.1616830000000E+14   0.1947957612787E-18
  0.1657430000000E+14   0.1819274855058E-18
  0.1699050000000E+14   0.1688007338717E-18
  0.1741720000000E+14   0.1538747556583E-18
  0.1785460000000E+14   0.1401761798704E-18
  0.1830290000000E+14   0.1263790956582E-18
  0.1876260000000E+14   0.1137278897508E-18
  0.1923370000000E+14   0.1026270612603E-18
  0.1971670000000E+14   0.9273209992780E-19
  0.2021180000000E+14   0.8424169637400E-19
  0.2071940000000E+14   0.7757650213975E-19
  0.2123970000000E+14   0.7156920354552E-19
  0.2177310000000E+14   0.7028313705128E-19
  0.2231980000000E+14   0.6891407711876E-19
  0.2288030000000E+14   0.6880209932769E-19
  0.2345490000000E+14   0.6894639029070E-19
  0.2404390000000E+14   0.6915473294241E-19
  0.2464770000000E+14   0.6963621536478E-19
  0.2526660000000E+14   0.6978743487208E-19
  0.2590110000000E+14   0.7005764326934E-19
  0.2655150000000E+14   0.7001821434485E-19
  0.2721830000000E+14   0.7045027822977E-19
  0.2790180000000E+14   0.7081028838709E-19
  0.2860240000000E+14   0.7064143247697E-19
  0.2932070000000E+14   0.6994909949592E-19
  0.3005700000000E+14   0.6907800378717E-19
  0.3081180000000E+14   0.6730418601367E-19
  0.3158550000000E+14   0.6561571583597E-19
  0.3237870000000E+14   0.6064202365863E-19
  0.3319170000000E+14   0.5497918729432E-19
  0.3402530000000E+14   0.4972248597389E-19
  0.3487970000000E+14   0.4481697600791E-19
  0.3575560000000E+14   0.4015013932133E-19
  0.3665350000000E+14   0.3580662326538E-19
  0.3757390000000E+14   0.3139451897384E-19
  0.3851740000000E+14   0.2854701965966E-19
  0.3948470000000E+14   0.2611062339500E-19
  0.4047620000000E+14   0.2448806602920E-19
  0.4149260000000E+14   0.2391923327856E-19
  0.4253460000000E+14   0.2345387819394E-19
  0.4360270000000E+14   0.2334825812989E-19
  0.4469770000000E+14   0.2327866457948E-19
  0.4582010000000E+14   0.2324826634658E-19
  0.4697070000000E+14   0.2325319595899E-19
  0.4815020000000E+14   0.2328224603872E-19
  0.4935940000000E+14   0.2333589052595E-19
  0.5059890000000E+14   0.2342388168347E-19
  0.5186950000000E+14   0.2354977284558E-19
  0.5317200000000E+14   0.2370547909425E-19
  0.5450730000000E+14   0.2390150248185E-19
  0.6258450000000E+14   0.2550757649984E-19
  0.7185870000000E+14   0.2773309997984E-19
  0.8250720000000E+14   0.3021758479406E-19
  0.9473370000000E+14   0.3272784013434E-19
  0.1087720000000E+15   0.3514293121869E-19
  0.1248910000000E+15   0.3746331387209E-19
  0.1433980000000E+15   0.3974645469290E-19
  0.1646470000000E+15   0.4205141636580E-19
  0.1890460000000E+15   0.4433995497007E-19
  0.2170600000000E+15   0.4631244878172E-19
  0.2492250000000E+15   0.4745903770628E-19
  0.2861570000000E+15   0.4712882503282E-19
  0.3285620000000E+15   0.4476983458422E-19
  0.3772500000000E+15   0.4017226387211E-19
  0.4331540000000E+15   0.3362207223119E-19
  0.4973410000000E+15   0.2590452499775E-19
  0.5710410000000E+15   0.1811281135865E-19
  0.6556610000000E+15   0.1131214012840E-19
  0.7528220000000E+15   0.6194671673814E-20
  0.8643800000000E+15   0.2920671131215E-20
  0.9924690000000E+15   0.1161706166244E-20
  0.1139540000000E+16   0.3776761709293E-21
  0.1308400000000E+16   0.9852982062568E-22
  0.1502290000000E+16   0.1984541657965E-22
  0.1724910000000E+16   0.2964967792943E-23
  0.1980520000000E+16   0.3126548442109E-24
  0.2274010000000E+16   0.2223878996903E-25
  0.2610990000000E+16   0.1005361840078E-26
  0.2997900000000E+16   0.2701233485542E-28
