mstar = 0.9297 Msun, Rstar = 3.7047 Rsun, Tstar = 4619.9, mdisk = 0.0090991 Msun, Rc = 20.125 AU, Rin = 0.2862 AU, Rout = 67.319 AU, inclination = 45 degree, powerlaw = -1 
         130
  
  0.2997900000000E+11   0.1456843626483E-22
  0.3951060000000E+11   0.3260376973274E-22
  0.5207280000000E+11   0.7257149722260E-22
  0.6862910000000E+11   0.1604769488682E-21
  0.9044930000000E+11   0.3520707665991E-21
  0.1192070000000E+12   0.7650941772869E-21
  0.1571080000000E+12   0.1643598038376E-20
  0.2070600000000E+12   0.3481375064482E-20
  0.2728930000000E+12   0.7246871718728E-20
  0.3596580000000E+12   0.1548221265403E-19
  0.4740100000000E+12   0.3515001027236E-19
  0.6247180000000E+12   0.7447489942175E-19
  0.8233440000000E+12   0.1441282219680E-18
  0.1085120000000E+13   0.2523922809476E-18
  0.1430130000000E+13   0.4042197130463E-18
  0.1884830000000E+13   0.6049823113494E-18
  0.2484100000000E+13   0.8532863101219E-18
  0.3273910000000E+13   0.1130319642482E-17
  0.4314820000000E+13   0.1405719588898E-17
  0.5686700000000E+13   0.1636549218189E-17
  0.7494750000000E+13   0.1764013899062E-17
  0.7682960000000E+13   0.1768212180382E-17
  0.7875890000000E+13   0.1770610573005E-17
  0.8073670000000E+13   0.1770990939424E-17
  0.8276410000000E+13   0.1769395998596E-17
  0.8484250000000E+13   0.1766091681510E-17
  0.8697300000000E+13   0.1763070971190E-17
  0.8915700000000E+13   0.1757876153309E-17
  0.9139590000000E+13   0.1753634570876E-17
  0.9369100000000E+13   0.1747774135289E-17
  0.9604380000000E+13   0.1741534018511E-17
  0.9845560000000E+13   0.1734846955025E-17
  0.1009280000000E+14   0.1726104958268E-17
  0.1034620000000E+14   0.1716503252538E-17
  0.1060610000000E+14   0.1704566176942E-17
  0.1087240000000E+14   0.1693601056804E-17
  0.1114540000000E+14   0.1680812546717E-17
  0.1142530000000E+14   0.1667606875376E-17
  0.1171220000000E+14   0.1653632440505E-17
  0.1200630000000E+14   0.1637694914480E-17
  0.1230780000000E+14   0.1620837720580E-17
  0.1261690000000E+14   0.1601766388068E-17
  0.1293370000000E+14   0.1584615536075E-17
  0.1325850000000E+14   0.1565653778386E-17
  0.1359150000000E+14   0.1546365871058E-17
  0.1393280000000E+14   0.1526207543933E-17
  0.1428260000000E+14   0.1505196344495E-17
  0.1464130000000E+14   0.1485890747886E-17
  0.1500900000000E+14   0.1464273396082E-17
  0.1538590000000E+14   0.1434781230954E-17
  0.1577220000000E+14   0.1403587860847E-17
  0.1616830000000E+14   0.1353077806456E-17
  0.1657430000000E+14   0.1292465097848E-17
  0.1699050000000E+14   0.1226827412584E-17
  0.1741720000000E+14   0.1146303517559E-17
  0.1785460000000E+14   0.1069444449037E-17
  0.1830290000000E+14   0.9880089292216E-18
  0.1876260000000E+14   0.9103434311979E-18
  0.1923370000000E+14   0.8398517286536E-18
  0.1971670000000E+14   0.7748171064308E-18
  0.2021180000000E+14   0.7172738762674E-18
  0.2071940000000E+14   0.6711218706171E-18
  0.2123970000000E+14   0.6282965071979E-18
  0.2177310000000E+14   0.6207473334464E-18
  0.2231980000000E+14   0.6121073666605E-18
  0.2288030000000E+14   0.6128960946560E-18
  0.2345490000000E+14   0.6153319638516E-18
  0.2404390000000E+14   0.6179026721533E-18
  0.2464770000000E+14   0.6222257315179E-18
  0.2526660000000E+14   0.6235881812164E-18
  0.2590110000000E+14   0.6254660594841E-18
  0.2655150000000E+14   0.6245431234890E-18
  0.2721830000000E+14   0.6269081378368E-18
  0.2790180000000E+14   0.6282555083622E-18
  0.2860240000000E+14   0.6251390696366E-18
  0.2932070000000E+14   0.6176922095332E-18
  0.3005700000000E+14   0.6086382249711E-18
  0.3081180000000E+14   0.5926833228057E-18
  0.3158550000000E+14   0.5773237087331E-18
  0.3237870000000E+14   0.5377439802784E-18
  0.3319170000000E+14   0.4931294073706E-18
  0.3402530000000E+14   0.4516536782578E-18
  0.3487970000000E+14   0.4129441655027E-18
  0.3575560000000E+14   0.3760100081113E-18
  0.3665350000000E+14   0.3416425340094E-18
  0.3757390000000E+14   0.3065428835465E-18
  0.3851740000000E+14   0.2841478388813E-18
  0.3948470000000E+14   0.2652878993119E-18
  0.4047620000000E+14   0.2532398433349E-18
  0.4149260000000E+14   0.2501120810734E-18
  0.4253460000000E+14   0.2478978363399E-18
  0.4360270000000E+14   0.2487252226399E-18
  0.4469770000000E+14   0.2498413160333E-18
  0.4582010000000E+14   0.2512459482460E-18
  0.4697070000000E+14   0.2528831605213E-18
  0.4815020000000E+14   0.2546331820167E-18
  0.4935940000000E+14   0.2564727423681E-18
  0.5059890000000E+14   0.2584643634834E-18
  0.5186950000000E+14   0.2606199662383E-18
  0.5317200000000E+14   0.2628566094155E-18
  0.5450730000000E+14   0.2652541409679E-18
  0.6258450000000E+14   0.2792543268034E-18
  0.7185870000000E+14   0.2919903218143E-18
  0.8250720000000E+14   0.3011859613373E-18
  0.9473370000000E+14   0.3071177893495E-18
  0.1087720000000E+15   0.3120088220427E-18
  0.1248910000000E+15   0.3191856504153E-18
  0.1433980000000E+15   0.3314540049829E-18
  0.1646470000000E+15   0.3498361607390E-18
  0.1890460000000E+15   0.3725238561692E-18
  0.2170600000000E+15   0.3945035063862E-18
  0.2492250000000E+15   0.4090854426723E-18
  0.2861570000000E+15   0.4095209985398E-18
  0.3285620000000E+15   0.3909647871981E-18
  0.3772500000000E+15   0.3519829677501E-18
  0.4331540000000E+15   0.2954298984416E-18
  0.4973410000000E+15   0.2283166982867E-18
  0.5710410000000E+15   0.1602320583966E-18
  0.6556610000000E+15   0.1005430008229E-18
  0.7528220000000E+15   0.5543039768536E-19
  0.8643800000000E+15   0.2632549847212E-19
  0.9924690000000E+15   0.1053179932244E-19
  0.1139540000000E+16   0.3459599706709E-20
  0.1308400000000E+16   0.9062579273361E-21
  0.1502290000000E+16   0.1830479875317E-21
  0.1724910000000E+16   0.2743219852584E-22
  0.1980520000000E+16   0.2918269836223E-23
  0.2274010000000E+16   0.2094579884648E-24
  0.2610990000000E+16   0.9568959480915E-26
  0.2997900000000E+16   0.2602389860440E-27
