mstar = 0.5411 Msun, Rstar = 3.4564 Rsun, Tstar = 3624.6, mdisk = 0.0012086 Msun, Rc = 36.924 AU, Rin = 0.1649 AU, Rout = 110.933 AU, inclination = 45 degree, powerlaw = -1 
         130
  
  0.2997900000000E+11   0.1702848661197E-23
  0.3951060000000E+11   0.3865316302828E-23
  0.5207280000000E+11   0.8763327212212E-23
  0.6862910000000E+11   0.1982933747616E-22
  0.9044930000000E+11   0.4474190944483E-22
  0.1192070000000E+12   0.1005563629317E-21
  0.1571080000000E+12   0.2247945524267E-21
  0.2070600000000E+12   0.4989415071802E-21
  0.2728930000000E+12   0.1096887854983E-20
  0.3596580000000E+12   0.2542962214112E-20
  0.4740100000000E+12   0.6716396893516E-20
  0.6247180000000E+12   0.1738124989691E-19
  0.8233440000000E+12   0.4342204488297E-19
  0.1085120000000E+13   0.1028899633458E-18
  0.1430130000000E+13   0.2251624508288E-18
  0.1884830000000E+13   0.4398490743281E-18
  0.2484100000000E+13   0.7346175711291E-18
  0.3273910000000E+13   0.1004306418881E-17
  0.4314820000000E+13   0.1117424630995E-17
  0.5686700000000E+13   0.1079104305821E-17
  0.7494750000000E+13   0.9708872988195E-18
  0.7682960000000E+13   0.9582903678847E-18
  0.7875890000000E+13   0.9448585051558E-18
  0.8073670000000E+13   0.9304694990866E-18
  0.8276410000000E+13   0.9151920723644E-18
  0.8484250000000E+13   0.8992405386978E-18
  0.8697300000000E+13   0.8839640570935E-18
  0.8915700000000E+13   0.8677255462384E-18
  0.9139590000000E+13   0.8525619279034E-18
  0.9369100000000E+13   0.8368026417922E-18
  0.9604380000000E+13   0.8212369211708E-18
  0.9845560000000E+13   0.8058119743661E-18
  0.1009280000000E+14   0.7895720984619E-18
  0.1034620000000E+14   0.7732559550910E-18
  0.1060610000000E+14   0.7560305535034E-18
  0.1087240000000E+14   0.7397982798876E-18
  0.1114540000000E+14   0.7229883366435E-18
  0.1142530000000E+14   0.7063925725239E-18
  0.1171220000000E+14   0.6898279271951E-18
  0.1200630000000E+14   0.6726989000222E-18
  0.1230780000000E+14   0.6555723794579E-18
  0.1261690000000E+14   0.6378310041069E-18
  0.1293370000000E+14   0.6215205101219E-18
  0.1325850000000E+14   0.6048184795816E-18
  0.1359150000000E+14   0.5884512182578E-18
  0.1393280000000E+14   0.5721747558656E-18
  0.1428260000000E+14   0.5560140160065E-18
  0.1464130000000E+14   0.5410883422816E-18
  0.1500900000000E+14   0.5256401984963E-18
  0.1538590000000E+14   0.5073958877222E-18
  0.1577220000000E+14   0.4890675083787E-18
  0.1616830000000E+14   0.4636244023593E-18
  0.1657430000000E+14   0.4351529648452E-18
  0.1699050000000E+14   0.4058190871053E-18
  0.1741720000000E+14   0.3720382687611E-18
  0.1785460000000E+14   0.3408966570044E-18
  0.1830290000000E+14   0.3093300997609E-18
  0.1876260000000E+14   0.2802870468214E-18
  0.1923370000000E+14   0.2547526298524E-18
  0.1971670000000E+14   0.2319558514521E-18
  0.2021180000000E+14   0.2123789965834E-18
  0.2071940000000E+14   0.1970632029117E-18
  0.2123970000000E+14   0.1832709432137E-18
  0.2177310000000E+14   0.1806402431958E-18
  0.2231980000000E+14   0.1778015702979E-18
  0.2288030000000E+14   0.1779365252374E-18
  0.2345490000000E+14   0.1786573540607E-18
  0.2404390000000E+14   0.1795053661340E-18
  0.2464770000000E+14   0.1809638011752E-18
  0.2526660000000E+14   0.1816181282947E-18
  0.2590110000000E+14   0.1825150732997E-18
  0.2655150000000E+14   0.1826501535287E-18
  0.2721830000000E+14   0.1838077023461E-18
  0.2790180000000E+14   0.1847184184563E-18
  0.2860240000000E+14   0.1843745488264E-18
  0.2932070000000E+14   0.1828407907892E-18
  0.3005700000000E+14   0.1809121559422E-18
  0.3081180000000E+14   0.1770780706795E-18
  0.3158550000000E+14   0.1734939558676E-18
  0.3237870000000E+14   0.1631527868720E-18
  0.3319170000000E+14   0.1515549237812E-18
  0.3402530000000E+14   0.1409493423823E-18
  0.3487970000000E+14   0.1311920264520E-18
  0.3575560000000E+14   0.1220387181814E-18
  0.3665350000000E+14   0.1136668771543E-18
  0.3757390000000E+14   0.1051529011034E-18
  0.3851740000000E+14   0.1000902164161E-18
  0.3948470000000E+14   0.9600321768423E-19
  0.4047620000000E+14   0.9372297372050E-19
  0.4149260000000E+14   0.9382999090366E-19
  0.4253460000000E+14   0.9417020038720E-19
  0.4360270000000E+14   0.9535138490243E-19
  0.4469770000000E+14   0.9661216822509E-19
  0.4582010000000E+14   0.9795300815542E-19
  0.4697070000000E+14   0.9935909234350E-19
  0.4815020000000E+14   0.1007957776461E-18
  0.4935940000000E+14   0.1022564613494E-18
  0.5059890000000E+14   0.1037611600033E-18
  0.5186950000000E+14   0.1053154454908E-18
  0.5317200000000E+14   0.1068960076621E-18
  0.5450730000000E+14   0.1085299208245E-18
  0.6258450000000E+14   0.1179693230736E-18
  0.7185870000000E+14   0.1273524827021E-18
  0.8250720000000E+14   0.1359433201309E-18
  0.9473370000000E+14   0.1436269492110E-18
  0.1087720000000E+15   0.1507108312283E-18
  0.1248910000000E+15   0.1576503741967E-18
  0.1433980000000E+15   0.1645414473853E-18
  0.1646470000000E+15   0.1707932514058E-18
  0.1890460000000E+15   0.1749190903297E-18
  0.2170600000000E+15   0.1746475629459E-18
  0.2492250000000E+15   0.1677567422836E-18
  0.2861570000000E+15   0.1529344446315E-18
  0.3285620000000E+15   0.1305893107249E-18
  0.3772500000000E+15   0.1030719738684E-18
  0.4331540000000E+15   0.7415361468210E-19
  0.4973410000000E+15   0.4789133561860E-19
  0.5710410000000E+15   0.2729697803956E-19
  0.6556610000000E+15   0.1347089962103E-19
  0.7528220000000E+15   0.5631850028181E-20
  0.8643800000000E+15   0.1946056780556E-20
  0.9924690000000E+15   0.5402913351568E-21
  0.1139540000000E+16   0.1166605086699E-21
  0.1308400000000E+16   0.1887870400155E-22
  0.1502290000000E+16   0.2193383752196E-23
  0.1724910000000E+16   0.1742016257045E-24
  0.1980520000000E+16   0.8938289375458E-26
  0.2274010000000E+16   0.2777435095968E-27
  0.2610990000000E+16   0.4852361286053E-29
  0.2997900000000E+16   0.4376708570938E-31
