mstar = 0.3732 Msun, Rstar = 2.8723 Rsun, Tstar = 3234.2, mdisk = 0.0023597 Msun, Rc = 64.908 AU, Rin = 0.0624 AU, Rout = 93.847 AU, inclination = 45 degree, powerlaw = -1 
         130
  
  0.2997900000000E+11   0.2464640964171E-23
  0.3951060000000E+11   0.5593147073679E-23
  0.5207280000000E+11   0.1266616282141E-22
  0.6862910000000E+11   0.2860055644530E-22
  0.9044930000000E+11   0.6432888056193E-22
  0.1192070000000E+12   0.1439380188237E-21
  0.1571080000000E+12   0.3198550440670E-21
  0.2070600000000E+12   0.7043139062333E-21
  0.2728930000000E+12   0.1532184938642E-20
  0.3596580000000E+12   0.3505033060240E-20
  0.4740100000000E+12   0.9114980070151E-20
  0.6247180000000E+12   0.2312531252279E-19
  0.8233440000000E+12   0.5626932054169E-19
  0.1085120000000E+13   0.1285983630668E-18
  0.1430130000000E+13   0.2675922831925E-18
  0.1884830000000E+13   0.4876392355653E-18
  0.2484100000000E+13   0.7422746858967E-18
  0.3273910000000E+13   0.9031846315535E-18
  0.4314820000000E+13   0.8823338801386E-18
  0.5686700000000E+13   0.7512856851817E-18
  0.7494750000000E+13   0.5987412058364E-18
  0.7682960000000E+13   0.5843957568945E-18
  0.7875890000000E+13   0.5697288883755E-18
  0.8073670000000E+13   0.5546819191092E-18
  0.8276410000000E+13   0.5393273009519E-18
  0.8484250000000E+13   0.5238282356536E-18
  0.8697300000000E+13   0.5090586963203E-18
  0.8915700000000E+13   0.4939767988363E-18
  0.9139590000000E+13   0.4798598229144E-18
  0.9369100000000E+13   0.4656703481960E-18
  0.9604380000000E+13   0.4518929033921E-18
  0.9845560000000E+13   0.4384926693498E-18
  0.1009280000000E+14   0.4249195086299E-18
  0.1034620000000E+14   0.4116165195123E-18
  0.1060610000000E+14   0.3981204703595E-18
  0.1087240000000E+14   0.3854986541968E-18
  0.1114540000000E+14   0.3728785007378E-18
  0.1142530000000E+14   0.3606928381273E-18
  0.1171220000000E+14   0.3488408107894E-18
  0.1200630000000E+14   0.3370136758511E-18
  0.1230780000000E+14   0.3255069038548E-18
  0.1261690000000E+14   0.3140098197581E-18
  0.1293370000000E+14   0.3035338384820E-18
  0.1325850000000E+14   0.2931618825802E-18
  0.1359150000000E+14   0.2832425787378E-18
  0.1393280000000E+14   0.2736492188729E-18
  0.1428260000000E+14   0.2643837215375E-18
  0.1464130000000E+14   0.2559490023843E-18
  0.1500900000000E+14   0.2475230277795E-18
  0.1538590000000E+14   0.2380874969969E-18
  0.1577220000000E+14   0.2288733460791E-18
  0.1616830000000E+14   0.2167822702669E-18
  0.1657430000000E+14   0.2036583662499E-18
  0.1699050000000E+14   0.1904425808442E-18
  0.1741720000000E+14   0.1755752128464E-18
  0.1785460000000E+14   0.1620698474095E-18
  0.1830290000000E+14   0.1485586709332E-18
  0.1876260000000E+14   0.1362481732703E-18
  0.1923370000000E+14   0.1255083755279E-18
  0.1971670000000E+14   0.1159701915290E-18
  0.2021180000000E+14   0.1078168054156E-18
  0.2071940000000E+14   0.1014890263570E-18
  0.2123970000000E+14   0.9578867138425E-19
  0.2177310000000E+14   0.9500249630249E-19
  0.2231980000000E+14   0.9413719621314E-19
  0.2288030000000E+14   0.9462273718957E-19
  0.2345490000000E+14   0.9540283392822E-19
  0.2404390000000E+14   0.9627339080808E-19
  0.2464770000000E+14   0.9744897451427E-19
  0.2526660000000E+14   0.9828318560617E-19
  0.2590110000000E+14   0.9925710478739E-19
  0.2655150000000E+14   0.9990610136014E-19
  0.2721830000000E+14   0.1010769752743E-18
  0.2790180000000E+14   0.1021751466794E-18
  0.2860240000000E+14   0.1026978875842E-18
  0.2932070000000E+14   0.1026539545144E-18
  0.3005700000000E+14   0.1024093157668E-18
  0.3081180000000E+14   0.1011530976523E-18
  0.3158550000000E+14   0.9995792998226E-19
  0.3237870000000E+14   0.9495155337563E-19
  0.3319170000000E+14   0.8885540443982E-19
  0.3402530000000E+14   0.8287366996408E-19
  0.3487970000000E+14   0.7693709009232E-19
  0.3575560000000E+14   0.7087684868678E-19
  0.3665350000000E+14   0.6492263293914E-19
  0.3757390000000E+14   0.5858072169999E-19
  0.3851740000000E+14   0.5438950379531E-19
  0.3948470000000E+14   0.5070006119029E-19
  0.4047620000000E+14   0.4821908212400E-19
  0.4149260000000E+14   0.4748088539582E-19
  0.4253460000000E+14   0.4690850780899E-19
  0.4360270000000E+14   0.4695337560850E-19
  0.4469770000000E+14   0.4705779813850E-19
  0.4582010000000E+14   0.4722846797720E-19
  0.4697070000000E+14   0.4745931344725E-19
  0.4815020000000E+14   0.4773242274894E-19
  0.4935940000000E+14   0.4804893090472E-19
  0.5059890000000E+14   0.4842689419328E-19
  0.5186950000000E+14   0.4887327845762E-19
  0.5317200000000E+14   0.4937553357795E-19
  0.5450730000000E+14   0.4995245431875E-19
  0.6258450000000E+14   0.5419269719499E-19
  0.7185870000000E+14   0.5982113307151E-19
  0.8250720000000E+14   0.6626388466141E-19
  0.9473370000000E+14   0.7297090081538E-19
  0.1087720000000E+15   0.7933778472493E-19
  0.1248910000000E+15   0.8476238456821E-19
  0.1433980000000E+15   0.8863808232622E-19
  0.1646470000000E+15   0.9038273232626E-19
  0.1890460000000E+15   0.8945230626786E-19
  0.2170600000000E+15   0.8529470669330E-19
  0.2492250000000E+15   0.7761220335335E-19
  0.2861570000000E+15   0.6656964851526E-19
  0.3285620000000E+15   0.5306980807944E-19
  0.3772500000000E+15   0.3872853955204E-19
  0.4331540000000E+15   0.2545035987032E-19
  0.4973410000000E+15   0.1479759142479E-19
  0.5710410000000E+15   0.7465773505062E-20
  0.6556610000000E+15   0.3196599791500E-20
  0.7528220000000E+15   0.1130091620641E-20
  0.8643800000000E+15   0.3225803084231E-21
  0.9924690000000E+15   0.7255301150511E-22
  0.1139540000000E+16   0.1214588493401E-22
  0.1308400000000E+16   0.1507185863644E-23
  0.1502290000000E+16   0.1299288936938E-24
  0.1724910000000E+16   0.7329226561751E-26
  0.1980520000000E+16   0.2493752745018E-27
  0.2274010000000E+16   0.4852452009399E-29
  0.2610990000000E+16   0.4951164927155E-31
  0.2997900000000E+16   0.2407666248601E-33
