mstar = 0.7998 Msun, Rstar = 2.444 Rsun, Tstar = 4485.1, mdisk = 0.0012035 Msun, Rc = 22.344 AU, Rin = 0.0516 AU, Rout = 66.513 AU, inclination = 45 degree, powerlaw = -1 
         130
  
  0.2997900000000E+11   0.1797241488048E-23
  0.3951060000000E+11   0.4070420946136E-23
  0.5207280000000E+11   0.9198376202385E-23
  0.6862910000000E+11   0.2072518809564E-22
  0.9044930000000E+11   0.4651770403673E-22
  0.1192070000000E+12   0.1038972553976E-21
  0.1571080000000E+12   0.2306072919883E-21
  0.2070600000000E+12   0.5077467637755E-21
  0.2728930000000E+12   0.1106360073818E-20
  0.3596580000000E+12   0.2532656194443E-20
  0.4740100000000E+12   0.6542168498024E-20
  0.6247180000000E+12   0.1645575257741E-19
  0.8233440000000E+12   0.3957999526445E-19
  0.1085120000000E+13   0.8899963672492E-19
  0.1430130000000E+13   0.1813115857438E-18
  0.1884830000000E+13   0.3230349125344E-18
  0.2484100000000E+13   0.4867826674660E-18
  0.3273910000000E+13   0.6152929473584E-18
  0.4314820000000E+13   0.6826965157668E-18
  0.5686700000000E+13   0.7015931845397E-18
  0.7494750000000E+13   0.6698556888629E-18
  0.7682960000000E+13   0.6642782172464E-18
  0.7875890000000E+13   0.6580524213895E-18
  0.8073670000000E+13   0.6511056911958E-18
  0.8276410000000E+13   0.6434896423497E-18
  0.8484250000000E+13   0.6353539305886E-18
  0.8697300000000E+13   0.6276227704001E-18
  0.8915700000000E+13   0.6191906541628E-18
  0.9139590000000E+13   0.6114589298079E-18
  0.9369100000000E+13   0.6032909270540E-18
  0.9604380000000E+13   0.5952353086381E-18
  0.9845560000000E+13   0.5872622195773E-18
  0.1009280000000E+14   0.5787019179737E-18
  0.1034620000000E+14   0.5700735638587E-18
  0.1060610000000E+14   0.5607795428008E-18
  0.1087240000000E+14   0.5521758540861E-18
  0.1114540000000E+14   0.5431363425694E-18
  0.1142530000000E+14   0.5342289280964E-18
  0.1171220000000E+14   0.5253196333326E-18
  0.1200630000000E+14   0.5159595581668E-18
  0.1230780000000E+14   0.5065603228355E-18
  0.1261690000000E+14   0.4966518283617E-18
  0.1293370000000E+14   0.4877782348871E-18
  0.1325850000000E+14   0.4785549544865E-18
  0.1359150000000E+14   0.4695350767002E-18
  0.1393280000000E+14   0.4605199868694E-18
  0.1428260000000E+14   0.4515240082125E-18
  0.1464130000000E+14   0.4434432860712E-18
  0.1500900000000E+14   0.4348797119713E-18
  0.1538590000000E+14   0.4239552035439E-18
  0.1577220000000E+14   0.4128327423101E-18
  0.1616830000000E+14   0.3956310635836E-18
  0.1657430000000E+14   0.3756123263038E-18
  0.1699050000000E+14   0.3545377872267E-18
  0.1741720000000E+14   0.3293050914369E-18
  0.1785460000000E+14   0.3059170893324E-18
  0.1830290000000E+14   0.2817194358162E-18
  0.1876260000000E+14   0.2592711372045E-18
  0.1923370000000E+14   0.2394900806936E-18
  0.1971670000000E+14   0.2217291448756E-18
  0.2021180000000E+14   0.2064509247404E-18
  0.2071940000000E+14   0.1946882465679E-18
  0.2123970000000E+14   0.1839942576302E-18
  0.2177310000000E+14   0.1836795245067E-18
  0.2231980000000E+14   0.1831564683517E-18
  0.2288030000000E+14   0.1855722854952E-18
  0.2345490000000E+14   0.1886647499403E-18
  0.2404390000000E+14   0.1920254468291E-18
  0.2464770000000E+14   0.1961914683631E-18
  0.2526660000000E+14   0.1996824081382E-18
  0.2590110000000E+14   0.2035953907533E-18
  0.2655150000000E+14   0.2068676956437E-18
  0.2721830000000E+14   0.2115142704727E-18
  0.2790180000000E+14   0.2161145229828E-18
  0.2860240000000E+14   0.2194193205042E-18
  0.2932070000000E+14   0.2213437055720E-18
  0.3005700000000E+14   0.2228046877311E-18
  0.3081180000000E+14   0.2215611579376E-18
  0.3158550000000E+14   0.2204373300046E-18
  0.3237870000000E+14   0.2086235205619E-18
  0.3319170000000E+14   0.1937159895967E-18
  0.3402530000000E+14   0.1790035195440E-18
  0.3487970000000E+14   0.1643473702868E-18
  0.3575560000000E+14   0.1493017864907E-18
  0.3665350000000E+14   0.1341314755762E-18
  0.3757390000000E+14   0.1168750546730E-18
  0.3851740000000E+14   0.1051447880240E-18
  0.3948470000000E+14   0.9414348141697E-19
  0.4047620000000E+14   0.8614773670607E-19
  0.4149260000000E+14   0.8326081188636E-19
  0.4253460000000E+14   0.8074090715986E-19
  0.4360270000000E+14   0.7989654635696E-19
  0.4469770000000E+14   0.7911741308083E-19
  0.4582010000000E+14   0.7842758175837E-19
  0.4697070000000E+14   0.7781331265383E-19
  0.4815020000000E+14   0.7722360030236E-19
  0.4935940000000E+14   0.7666575240274E-19
  0.5059890000000E+14   0.7619782212784E-19
  0.5186950000000E+14   0.7585305099507E-19
  0.5317200000000E+14   0.7559242534347E-19
  0.5450730000000E+14   0.7548928031892E-19
  0.6258450000000E+14   0.7699539746386E-19
  0.7185870000000E+14   0.8182335936823E-19
  0.8250720000000E+14   0.8943442171350E-19
  0.9473370000000E+14   0.9945836940933E-19
  0.1087720000000E+15   0.1113341807423E-18
  0.1248910000000E+15   0.1242745257918E-18
  0.1433980000000E+15   0.1373003117583E-18
  0.1646470000000E+15   0.1493727360604E-18
  0.1890460000000E+15   0.1594849807121E-18
  0.2170600000000E+15   0.1663894503436E-18
  0.2492250000000E+15   0.1687920532432E-18
  0.2861570000000E+15   0.1652263053571E-18
  0.3285620000000E+15   0.1545192382964E-18
  0.3772500000000E+15   0.1364688350243E-18
  0.4331540000000E+15   0.1123624664509E-18
  0.4973410000000E+15   0.8506632861196E-19
  0.5710410000000E+15   0.5833687961297E-19
  0.6556610000000E+15   0.3565287245925E-19
  0.7528220000000E+15   0.1906959370363E-19
  0.8643800000000E+15   0.8746989526450E-20
  0.9924690000000E+15   0.3362223972115E-20
  0.1139540000000E+16   0.1054890208024E-20
  0.1308400000000E+16   0.2621429978961E-21
  0.1502290000000E+16   0.4983809850111E-22
  0.1724910000000E+16   0.6967439787482E-23
  0.1980520000000E+16   0.6843509772600E-24
  0.2274010000000E+16   0.4481829853057E-25
  0.2610990000000E+16   0.1843019940331E-26
  0.2997900000000E+16   0.4441979857567E-28
