mstar = 0.2638 Msun, Rstar = 2.4578 Rsun, Tstar = 3689, mdisk = 0.0042735 Msun, Rc = 34.187 AU, Rin = 0.3838 AU, Rout = 150.384 AU, inclination = 45 degree, powerlaw = -1 
         130
  
  0.2997900000000E+11   0.5241528862087E-23
  0.3951060000000E+11   0.1188910416681E-22
  0.5207280000000E+11   0.2689671975596E-22
  0.6862910000000E+11   0.6063673811651E-22
  0.9044930000000E+11   0.1360756326395E-21
  0.1192070000000E+12   0.3035443012806E-21
  0.1571080000000E+12   0.6718609069631E-21
  0.2070600000000E+12   0.1472093248722E-20
  0.2728930000000E+12   0.3183175666593E-20
  0.3596580000000E+12   0.7197673530493E-20
  0.4740100000000E+12   0.1817685486407E-19
  0.6247180000000E+12   0.4413497630299E-19
  0.8233440000000E+12   0.1007921177177E-18
  0.1085120000000E+13   0.2108347420552E-18
  0.1430130000000E+13   0.3904429389990E-18
  0.1884830000000E+13   0.6197506449098E-18
  0.2484100000000E+13   0.8319704463025E-18
  0.3273910000000E+13   0.9732641889090E-18
  0.4314820000000E+13   0.1048843085778E-17
  0.5686700000000E+13   0.1057714941876E-17
  0.7494750000000E+13   0.9749532355975E-18
  0.7682960000000E+13   0.9625132036913E-18
  0.7875890000000E+13   0.9489803293398E-18
  0.8073670000000E+13   0.9342664963260E-18
  0.8276410000000E+13   0.9184662581013E-18
  0.8484250000000E+13   0.9018119835266E-18
  0.8697300000000E+13   0.8856067591018E-18
  0.8915700000000E+13   0.8683160896432E-18
  0.9139590000000E+13   0.8518827411269E-18
  0.9369100000000E+13   0.8347494590898E-18
  0.9604380000000E+13   0.8176740900619E-18
  0.9845560000000E+13   0.8006210979855E-18
  0.1009280000000E+14   0.7827216751678E-18
  0.1034620000000E+14   0.7646828686538E-18
  0.1060610000000E+14   0.7457551807377E-18
  0.1087240000000E+14   0.7277015380754E-18
  0.1114540000000E+14   0.7090978173517E-18
  0.1142530000000E+14   0.6906816191686E-18
  0.1171220000000E+14   0.6723011824683E-18
  0.1200630000000E+14   0.6534376075149E-18
  0.1230780000000E+14   0.6346168960672E-18
  0.1261690000000E+14   0.6153127361626E-18
  0.1293370000000E+14   0.5973365926297E-18
  0.1325850000000E+14   0.5790964068953E-18
  0.1359150000000E+14   0.5612397717214E-18
  0.1393280000000E+14   0.5435676624636E-18
  0.1428260000000E+14   0.5261130585412E-18
  0.1464130000000E+14   0.5098287431200E-18
  0.1500900000000E+14   0.4932421687875E-18
  0.1538590000000E+14   0.4745055743912E-18
  0.1577220000000E+14   0.4559103516370E-18
  0.1616830000000E+14   0.4317656384511E-18
  0.1657430000000E+14   0.4054978351138E-18
  0.1699050000000E+14   0.3788993817707E-18
  0.1741720000000E+14   0.3491131701286E-18
  0.1785460000000E+14   0.3218509719842E-18
  0.1830290000000E+14   0.2946448851664E-18
  0.1876260000000E+14   0.2698506829552E-18
  0.1923370000000E+14   0.2482481934619E-18
  0.1971670000000E+14   0.2291980130430E-18
  0.2021180000000E+14   0.2130662551438E-18
  0.2071940000000E+14   0.2006259919892E-18
  0.2123970000000E+14   0.1896734627350E-18
  0.2177310000000E+14   0.1875618199759E-18
  0.2231980000000E+14   0.1853498182119E-18
  0.2288030000000E+14   0.1853801160681E-18
  0.2345490000000E+14   0.1858033048763E-18
  0.2404390000000E+14   0.1862697832454E-18
  0.2464770000000E+14   0.1870995873764E-18
  0.2526660000000E+14   0.1873183391929E-18
  0.2590110000000E+14   0.1876466495005E-18
  0.2655150000000E+14   0.1874431688008E-18
  0.2721830000000E+14   0.1878503233848E-18
  0.2790180000000E+14   0.1880544999015E-18
  0.2860240000000E+14   0.1874706869506E-18
  0.2932070000000E+14   0.1861836421435E-18
  0.3005700000000E+14   0.1846847512227E-18
  0.3081180000000E+14   0.1821627807561E-18
  0.3158550000000E+14   0.1798311038377E-18
  0.3237870000000E+14   0.1739888533929E-18
  0.3319170000000E+14   0.1675770633440E-18
  0.3402530000000E+14   0.1617288677536E-18
  0.3487970000000E+14   0.1562646808760E-18
  0.3575560000000E+14   0.1509055842351E-18
  0.3665350000000E+14   0.1456094684100E-18
  0.3757390000000E+14   0.1396033470472E-18
  0.3851740000000E+14   0.1351938701115E-18
  0.3948470000000E+14   0.1307567762463E-18
  0.4047620000000E+14   0.1271638385344E-18
  0.4149260000000E+14   0.1254580503891E-18
  0.4253460000000E+14   0.1237024465426E-18
  0.4360270000000E+14   0.1226351003924E-18
  0.4469770000000E+14   0.1214481567753E-18
  0.4582010000000E+14   0.1201524836911E-18
  0.4697070000000E+14   0.1187427629815E-18
  0.4815020000000E+14   0.1171891766836E-18
  0.4935940000000E+14   0.1154972861960E-18
  0.5059890000000E+14   0.1137074421703E-18
  0.5186950000000E+14   0.1118423216065E-18
  0.5317200000000E+14   0.1098912817143E-18
  0.5450730000000E+14   0.1079027786043E-18
  0.6258450000000E+14   0.9616784224179E-19
  0.7185870000000E+14   0.8470088839722E-19
  0.8250720000000E+14   0.7541187531230E-19
  0.9473370000000E+14   0.7005245799530E-19
  0.1087720000000E+15   0.6934794490745E-19
  0.1248910000000E+15   0.7272945945104E-19
  0.1433980000000E+15   0.7861288445970E-19
  0.1646470000000E+15   0.8498854107065E-19
  0.1890460000000E+15   0.8990482337500E-19
  0.2170600000000E+15   0.9174039859985E-19
  0.2492250000000E+15   0.8936052178086E-19
  0.2861570000000E+15   0.8227538641484E-19
  0.3285620000000E+15   0.7084098337438E-19
  0.3772500000000E+15   0.5635279881274E-19
  0.4331540000000E+15   0.4083747093363E-19
  0.4973410000000E+15   0.2654020287882E-19
  0.5710410000000E+15   0.1519708945572E-19
  0.6556610000000E+15   0.7505462898686E-20
  0.7528220000000E+15   0.3102649461340E-20
  0.8643800000000E+15   0.1062706253984E-20
  0.9924690000000E+15   0.2991265925516E-21
  0.1139540000000E+16   0.6340242148818E-22
  0.1308400000000E+16   0.1079530957829E-22
  0.1502290000000E+16   0.1353022032169E-23
  0.1724910000000E+16   0.1173906118112E-24
  0.1980520000000E+16   0.6350926952500E-26
  0.2274010000000E+16   0.2117680872121E-27
  0.2610990000000E+16   0.4007902897437E-29
  0.2997900000000E+16   0.3959512038163E-31
