mstar = 0.6683 Msun, Rstar = 2.4313 Rsun, Tstar = 4284.8, mdisk = 0.0015724 Msun, Rc = 35.914 AU, Rin = 0.0883 AU, Rout = 234.468 AU, inclination = 45 degree, powerlaw = -1 
         130
  
  0.2997900000000E+11   0.2097250952343E-23
  0.3951060000000E+11   0.4761289359689E-23
  0.5207280000000E+11   0.1078896098990E-22
  0.6862910000000E+11   0.2438365653047E-22
  0.9044930000000E+11   0.5491447252846E-22
  0.1192070000000E+12   0.1230964278383E-21
  0.1571080000000E+12   0.2742472101121E-21
  0.2070600000000E+12   0.6061109895157E-21
  0.2728930000000E+12   0.1325508321606E-20
  0.3596580000000E+12   0.3050832055204E-20
  0.4740100000000E+12   0.7969521133375E-20
  0.6247180000000E+12   0.2033308100108E-19
  0.8233440000000E+12   0.4983824572037E-19
  0.1085120000000E+13   0.1150257512638E-18
  0.1430130000000E+13   0.2426425153042E-18
  0.1884830000000E+13   0.4507992600282E-18
  0.2484100000000E+13   0.7062151248676E-18
  0.3273910000000E+13   0.9019322628988E-18
  0.4314820000000E+13   0.9587469243315E-18
  0.5686700000000E+13   0.9194981190941E-18
  0.7494750000000E+13   0.8283252889208E-18
  0.7682960000000E+13   0.8173008003560E-18
  0.7875890000000E+13   0.8055110252658E-18
  0.8073670000000E+13   0.7928602106981E-18
  0.8276410000000E+13   0.7794203062043E-18
  0.8484250000000E+13   0.7653911469225E-18
  0.8697300000000E+13   0.7519660938480E-18
  0.8915700000000E+13   0.7377136200473E-18
  0.9139590000000E+13   0.7244263726352E-18
  0.9369100000000E+13   0.7106448064970E-18
  0.9604380000000E+13   0.6970631549944E-18
  0.9845560000000E+13   0.6836376850756E-18
  0.1009280000000E+14   0.6695383485076E-18
  0.1034620000000E+14   0.6554133526436E-18
  0.1060610000000E+14   0.6405386853799E-18
  0.1087240000000E+14   0.6265734744149E-18
  0.1114540000000E+14   0.6121482515593E-18
  0.1142530000000E+14   0.5979538298646E-18
  0.1171220000000E+14   0.5838320090489E-18
  0.1200630000000E+14   0.5692644369905E-18
  0.1230780000000E+14   0.5547454655325E-18
  0.1261690000000E+14   0.5397385523784E-18
  0.1293370000000E+14   0.5260230539478E-18
  0.1325850000000E+14   0.5120108387312E-18
  0.1359150000000E+14   0.4983312152895E-18
  0.1393280000000E+14   0.4847721412990E-18
  0.1428260000000E+14   0.4713548364897E-18
  0.1464130000000E+14   0.4590563636897E-18
  0.1500900000000E+14   0.4463441225690E-18
  0.1538590000000E+14   0.4312171573068E-18
  0.1577220000000E+14   0.4160433676137E-18
  0.1616830000000E+14   0.3946436423102E-18
  0.1657430000000E+14   0.3705920597733E-18
  0.1699050000000E+14   0.3457833739074E-18
  0.1741720000000E+14   0.3170781439007E-18
  0.1785460000000E+14   0.2906780727533E-18
  0.1830290000000E+14   0.2638861842334E-18
  0.1876260000000E+14   0.2392829282176E-18
  0.1923370000000E+14   0.2176844057035E-18
  0.1971670000000E+14   0.1983894534209E-18
  0.2021180000000E+14   0.1817892885464E-18
  0.2071940000000E+14   0.1687959302614E-18
  0.2123970000000E+14   0.1570244527090E-18
  0.2177310000000E+14   0.1551043927516E-18
  0.2231980000000E+14   0.1529908910746E-18
  0.2288030000000E+14   0.1535437174202E-18
  0.2345490000000E+14   0.1546354589805E-18
  0.2404390000000E+14   0.1558719833514E-18
  0.2464770000000E+14   0.1577249373605E-18
  0.2526660000000E+14   0.1589050196182E-18
  0.2590110000000E+14   0.1603865740404E-18
  0.2655150000000E+14   0.1612109313860E-18
  0.2721830000000E+14   0.1631157120924E-18
  0.2790180000000E+14   0.1648788093347E-18
  0.2860240000000E+14   0.1654335400000E-18
  0.2932070000000E+14   0.1647553073690E-18
  0.3005700000000E+14   0.1636413135310E-18
  0.3081180000000E+14   0.1603967225020E-18
  0.3158550000000E+14   0.1572870778673E-18
  0.3237870000000E+14   0.1462988936622E-18
  0.3319170000000E+14   0.1333661149329E-18
  0.3402530000000E+14   0.1210930338847E-18
  0.3487970000000E+14   0.1094094161457E-18
  0.3575560000000E+14   0.9808435684007E-19
  0.3665350000000E+14   0.8722200916370E-19
  0.3757390000000E+14   0.7624436536031E-19
  0.3851740000000E+14   0.6940693580052E-19
  0.3948470000000E+14   0.6368810483645E-19
  0.4047620000000E+14   0.5998602495240E-19
  0.4149260000000E+14   0.5883032523072E-19
  0.4253460000000E+14   0.5794373885960E-19
  0.4360270000000E+14   0.5792357346151E-19
  0.4469770000000E+14   0.5800361621628E-19
  0.4582010000000E+14   0.5819196971545E-19
  0.4697070000000E+14   0.5847735300070E-19
  0.4815020000000E+14   0.5883496589634E-19
  0.4935940000000E+14   0.5926583453080E-19
  0.5059890000000E+14   0.5979143559498E-19
  0.5186950000000E+14   0.6041954416046E-19
  0.5317200000000E+14   0.6113220412396E-19
  0.5450730000000E+14   0.6195124844556E-19
  0.6258450000000E+14   0.6793795452535E-19
  0.7185870000000E+14   0.7576235063175E-19
  0.8250720000000E+14   0.8464188096103E-19
  0.9473370000000E+14   0.9402153447194E-19
  0.1087720000000E+15   0.1034940532633E-18
  0.1248910000000E+15   0.1128133328959E-18
  0.1433980000000E+15   0.1217615439979E-18
  0.1646470000000E+15   0.1300571885465E-18
  0.1890460000000E+15   0.1371845165110E-18
  0.2170600000000E+15   0.1420535243291E-18
  0.2492250000000E+15   0.1431800211069E-18
  0.2861570000000E+15   0.1389232895924E-18
  0.3285620000000E+15   0.1281818719656E-18
  0.3772500000000E+15   0.1110691394765E-18
  0.4331540000000E+15   0.8921747100490E-19
  0.4973410000000E+15   0.6552851478849E-19
  0.5710410000000E+15   0.4335289473156E-19
  0.6556610000000E+15   0.2540897491135E-19
  0.7528220000000E+15   0.1294844299014E-19
  0.8643800000000E+15   0.5617411825119E-20
  0.9924690000000E+15   0.2025299928375E-20
  0.1139540000000E+16   0.5903698953669E-21
  0.1308400000000E+16   0.1348255491132E-21
  0.1502290000000E+16   0.2326370740748E-22
  0.1724910000000E+16   0.2909593718655E-23
  0.1980520000000E+16   0.2514837802119E-24
  0.2274010000000E+16   0.1422106684432E-25
  0.2610990000000E+16   0.4940860487838E-27
  0.2997900000000E+16   0.9812924309137E-29
