mstar = 2 Msun, Rstar = 2.5 Rsun, Tstar = 10000, mdisk = 0.0096697 Msun, Rc = 150 AU, Rin = 0.5 AU, Rout = 250 AU, inclination = 45 degree, powerlaw = -0.5 
         130
  
  0.2997900000000E+11   0.1185740492051E-22
  0.3951060000000E+11   0.2701684211843E-22
  0.5207280000000E+11   0.6148403599811E-22
  0.6862910000000E+11   0.1396921244770E-21
  0.9044930000000E+11   0.3166688549573E-21
  0.1192070000000E+12   0.7156914214637E-21
  0.1571080000000E+12   0.1611000078971E-20
  0.2070600000000E+12   0.3606810281936E-20
  0.2728930000000E+12   0.8017155222070E-20
  0.3596580000000E+12   0.1924355227584E-19
  0.4740100000000E+12   0.5502769682195E-19
  0.6247180000000E+12   0.1544637492906E-18
  0.8233440000000E+12   0.4218318712713E-18
  0.1085120000000E+13   0.1109883653694E-17
  0.1430130000000E+13   0.2764528547338E-17
  0.1884830000000E+13   0.6369139687205E-17
  0.2484100000000E+13   0.1310534606028E-16
  0.3273910000000E+13   0.2287620934000E-16
  0.4314820000000E+13   0.3210310316209E-16
  0.5686700000000E+13   0.3528145902665E-16
  0.7494750000000E+13   0.3256431430382E-16
  0.7682960000000E+13   0.3218694978391E-16
  0.7875890000000E+13   0.3178968305736E-16
  0.8073670000000E+13   0.3136982016867E-16
  0.8276410000000E+13   0.3092964630494E-16
  0.8484250000000E+13   0.3047554848970E-16
  0.8697300000000E+13   0.3004885147663E-16
  0.8915700000000E+13   0.2959974980995E-16
  0.9139590000000E+13   0.2919173162347E-16
  0.9369100000000E+13   0.2877247178299E-16
  0.9604380000000E+13   0.2836671545812E-16
  0.9845560000000E+13   0.2797258458578E-16
  0.1009280000000E+14   0.2755748326243E-16
  0.1034620000000E+14   0.2714495458954E-16
  0.1060610000000E+14   0.2670524261767E-16
  0.1087240000000E+14   0.2630329288162E-16
  0.1114540000000E+14   0.2588357901905E-16
  0.1142530000000E+14   0.2547329129342E-16
  0.1171220000000E+14   0.2506512450439E-16
  0.1200630000000E+14   0.2463575750093E-16
  0.1230780000000E+14   0.2420494469940E-16
  0.1261690000000E+14   0.2374774210425E-16
  0.1293370000000E+14   0.2334281178321E-16
  0.1325850000000E+14   0.2291861234410E-16
  0.1359150000000E+14   0.2250306083172E-16
  0.1393280000000E+14   0.2208548841749E-16
  0.1428260000000E+14   0.2166592354657E-16
  0.1464130000000E+14   0.2129215838503E-16
  0.1500900000000E+14   0.2088839257336E-16
  0.1538590000000E+14   0.2034984053387E-16
  0.1577220000000E+14   0.1979221717880E-16
  0.1616830000000E+14   0.1888585918340E-16
  0.1657430000000E+14   0.1780560311586E-16
  0.1699050000000E+14   0.1664742810782E-16
  0.1741720000000E+14   0.1523410786335E-16
  0.1785460000000E+14   0.1390597443248E-16
  0.1830290000000E+14   0.1251523680243E-16
  0.1876260000000E+14   0.1121033985439E-16
  0.1923370000000E+14   0.1004640275980E-16
  0.1971670000000E+14   0.8990434735810E-17
  0.2021180000000E+14   0.8072583736715E-17
  0.2071940000000E+14   0.7352405744155E-17
  0.2123970000000E+14   0.6693015679644E-17
  0.2177310000000E+14   0.6608431441625E-17
  0.2231980000000E+14   0.6509328271961E-17
  0.2288030000000E+14   0.6570436300676E-17
  0.2345490000000E+14   0.6666670301590E-17
  0.2404390000000E+14   0.6774119100174E-17
  0.2464770000000E+14   0.6922355301196E-17
  0.2526660000000E+14   0.7028190475199E-17
  0.2590110000000E+14   0.7154157876605E-17
  0.2655150000000E+14   0.7237813793538E-17
  0.2721830000000E+14   0.7395290391534E-17
  0.2790180000000E+14   0.7546601213289E-17
  0.2860240000000E+14   0.7617871809860E-17
  0.2932070000000E+14   0.7604827478200E-17
  0.3005700000000E+14   0.7559763841535E-17
  0.3081180000000E+14   0.7360700463645E-17
  0.3158550000000E+14   0.7168030540395E-17
  0.3237870000000E+14   0.6413268195448E-17
  0.3319170000000E+14   0.5537477831160E-17
  0.3402530000000E+14   0.4731533103922E-17
  0.3487970000000E+14   0.3990563030087E-17
  0.3575560000000E+14   0.3300661711591E-17
  0.3665350000000E+14   0.2683134480543E-17
  0.3757390000000E+14   0.2089747317299E-17
  0.3851740000000E+14   0.1730472418485E-17
  0.3948470000000E+14   0.1439780894905E-17
  0.4047620000000E+14   0.1254616199700E-17
  0.4149260000000E+14   0.1190265432731E-17
  0.4253460000000E+14   0.1136489288913E-17
  0.4360270000000E+14   0.1121092078227E-17
  0.4469770000000E+14   0.1108069002299E-17
  0.4582010000000E+14   0.1097620731659E-17
  0.4697070000000E+14   0.1089141755672E-17
  0.4815020000000E+14   0.1081238857361E-17
  0.4935940000000E+14   0.1073767136219E-17
  0.5059890000000E+14   0.1067734842461E-17
  0.5186950000000E+14   0.1063556006851E-17
  0.5317200000000E+14   0.1060218709531E-17
  0.5450730000000E+14   0.1059089479863E-17
  0.6258450000000E+14   0.1068410764080E-17
  0.7185870000000E+14   0.1087496816110E-17
  0.8250720000000E+14   0.1094049529900E-17
  0.9473370000000E+14   0.1081951801140E-17
  0.1087720000000E+15   0.1055753314935E-17
  0.1248910000000E+15   0.1025328580484E-17
  0.1433980000000E+15   0.1000940086946E-17
  0.1646470000000E+15   0.9937226466262E-18
  0.1890460000000E+15   0.1014734734197E-17
  0.2170600000000E+15   0.1067801042528E-17
  0.2492250000000E+15   0.1155313168010E-17
  0.2861570000000E+15   0.1275051071150E-17
  0.3285620000000E+15   0.1419246010844E-17
  0.3772500000000E+15   0.1574822713110E-17
  0.4331540000000E+15   0.1722134150453E-17
  0.4973410000000E+15   0.1835992690626E-17
  0.5710410000000E+15   0.1889438868175E-17
  0.6556610000000E+15   0.1859480921203E-17
  0.7528220000000E+15   0.1732860498330E-17
  0.8643800000000E+15   0.1514904326732E-17
  0.9924690000000E+15   0.1229814601815E-17
  0.1139540000000E+16   0.9121192991667E-18
  0.1308400000000E+16   0.6129621406318E-18
  0.1502290000000E+16   0.3661781785867E-18
  0.1724910000000E+16   0.1907703595331E-18
  0.1980520000000E+16   0.8463553288640E-19
  0.2274010000000E+16   0.3132809534155E-19
  0.2610990000000E+16   0.9411781496569E-20
  0.2997900000000E+16   0.2225015390041E-20
