mstar = 2 Msun, Rstar = 2.5 Rsun, Tstar = 10000, mdisk = 0.0044451 Msun, Rc = 150 AU, Rin = 0.5 AU, Rout = 250 AU, inclination = 45 degree, powerlaw = -0.5 
         130
  
  0.2997900000000E+11   0.5893257458112E-23
  0.3951060000000E+11   0.1342482372719E-22
  0.5207280000000E+11   0.3055288162278E-22
  0.6862910000000E+11   0.6943635862244E-22
  0.9044930000000E+11   0.1574945118441E-21
  0.1192070000000E+12   0.3562631431684E-21
  0.1571080000000E+12   0.8029662180406E-21
  0.2070600000000E+12   0.1800941555315E-20
  0.2728930000000E+12   0.4012865251460E-20
  0.3596580000000E+12   0.9665663522665E-20
  0.4740100000000E+12   0.2779211869898E-19
  0.6247180000000E+12   0.7865795529410E-19
  0.8233440000000E+12   0.2175017020083E-18
  0.1085120000000E+13   0.5833314989439E-18
  0.1430130000000E+13   0.1496942257605E-17
  0.1884830000000E+13   0.3614009349568E-17
  0.2484100000000E+13   0.8000151060198E-17
  0.3273910000000E+13   0.1558758709010E-16
  0.4314820000000E+13   0.2541602330408E-16
  0.5686700000000E+13   0.3256060439405E-16
  0.7494750000000E+13   0.3200702765837E-16
  0.7682960000000E+13   0.3161355810434E-16
  0.7875890000000E+13   0.3117450911126E-16
  0.8073670000000E+13   0.3069219224906E-16
  0.8276410000000E+13   0.3017357110422E-16
  0.8484250000000E+13   0.2962890094529E-16
  0.8697300000000E+13   0.2909807040500E-16
  0.8915700000000E+13   0.2854149322808E-16
  0.9139590000000E+13   0.2801712999737E-16
  0.9369100000000E+13   0.2748352040553E-16
  0.9604380000000E+13   0.2696471582934E-16
  0.9845560000000E+13   0.2646175663393E-16
  0.1009280000000E+14   0.2594912976034E-16
  0.1034620000000E+14   0.2544841049170E-16
  0.1060610000000E+14   0.2493504914140E-16
  0.1087240000000E+14   0.2446563048522E-16
  0.1114540000000E+14   0.2399258374634E-16
  0.1142530000000E+14   0.2353929482631E-16
  0.1171220000000E+14   0.2309908243053E-16
  0.1200630000000E+14   0.2265064773309E-16
  0.1230780000000E+14   0.2221047092351E-16
  0.1261690000000E+14   0.2175529911103E-16
  0.1293370000000E+14   0.2135461659023E-16
  0.1325850000000E+14   0.2094343533952E-16
  0.1359150000000E+14   0.2054592078345E-16
  0.1393280000000E+14   0.2015156856175E-16
  0.1428260000000E+14   0.1975960540793E-16
  0.1464130000000E+14   0.1941293760372E-16
  0.1500900000000E+14   0.1904187921882E-16
  0.1538590000000E+14   0.1854978019803E-16
  0.1577220000000E+14   0.1804183050522E-16
  0.1616830000000E+14   0.1721549538480E-16
  0.1657430000000E+14   0.1623060442918E-16
  0.1699050000000E+14   0.1517506156913E-16
  0.1741720000000E+14   0.1388689309277E-16
  0.1785460000000E+14   0.1267769094164E-16
  0.1830290000000E+14   0.1141240020902E-16
  0.1876260000000E+14   0.1022654346773E-16
  0.1923370000000E+14   0.9169987584754E-17
  0.1971670000000E+14   0.8212413585031E-17
  0.2021180000000E+14   0.7380915794616E-17
  0.2071940000000E+14   0.6728869334271E-17
  0.2123970000000E+14   0.6132116636389E-17
  0.2177310000000E+14   0.6055411984854E-17
  0.2231980000000E+14   0.5966699940395E-17
  0.2288030000000E+14   0.6024739838128E-17
  0.2345490000000E+14   0.6116172877414E-17
  0.2404390000000E+14   0.6218980180214E-17
  0.2464770000000E+14   0.6360018407168E-17
  0.2526660000000E+14   0.6462848394441E-17
  0.2590110000000E+14   0.6584828993793E-17
  0.2655150000000E+14   0.6668590369848E-17
  0.2721830000000E+14   0.6821042941114E-17
  0.2790180000000E+14   0.6968473642752E-17
  0.2860240000000E+14   0.7042932984628E-17
  0.2932070000000E+14   0.7039928957834E-17
  0.3005700000000E+14   0.7007573654494E-17
  0.3081180000000E+14   0.6832060990544E-17
  0.3158550000000E+14   0.6662365663975E-17
  0.3237870000000E+14   0.5968419937869E-17
  0.3319170000000E+14   0.5161636126537E-17
  0.3402530000000E+14   0.4420057802577E-17
  0.3487970000000E+14   0.3738377947477E-17
  0.3575560000000E+14   0.3103029328576E-17
  0.3665350000000E+14   0.2533737054193E-17
  0.3757390000000E+14   0.1986044389245E-17
  0.3851740000000E+14   0.1654364406203E-17
  0.3948470000000E+14   0.1385533168563E-17
  0.4047620000000E+14   0.1213727995562E-17
  0.4149260000000E+14   0.1154230673189E-17
  0.4253460000000E+14   0.1104097667952E-17
  0.4360270000000E+14   0.1090402422838E-17
  0.4469770000000E+14   0.1078828185254E-17
  0.4582010000000E+14   0.1069578471923E-17
  0.4697070000000E+14   0.1062073390173E-17
  0.4815020000000E+14   0.1054948118522E-17
  0.4935940000000E+14   0.1048056319168E-17
  0.5059890000000E+14   0.1042402350146E-17
  0.5186950000000E+14   0.1038421923111E-17
  0.5317200000000E+14   0.1035119217017E-17
  0.5450730000000E+14   0.1033895225574E-17
  0.6258450000000E+14   0.1041112077372E-17
  0.7185870000000E+14   0.1057180246875E-17
  0.8250720000000E+14   0.1061476738589E-17
  0.9473370000000E+14   0.1049347057987E-17
  0.1087720000000E+15   0.1026320978900E-17
  0.1248910000000E+15   0.1002327945486E-17
  0.1433980000000E+15   0.9867590648107E-18
  0.1646470000000E+15   0.9890936045836E-18
  0.1890460000000E+15   0.1018415320342E-17
  0.2170600000000E+15   0.1077049682721E-17
  0.2492250000000E+15   0.1166896713491E-17
  0.2861570000000E+15   0.1286306291837E-17
  0.3285620000000E+15   0.1428372117149E-17
  0.3772500000000E+15   0.1581005185209E-17
  0.4331540000000E+15   0.1725685562962E-17
  0.4973410000000E+15   0.1838012401018E-17
  0.5710410000000E+15   0.1891057278903E-17
  0.6556610000000E+15   0.1861433070682E-17
  0.7528220000000E+15   0.1735672324587E-17
  0.8643800000000E+15   0.1518317355364E-17
  0.9924690000000E+15   0.1232944361728E-17
  0.1139540000000E+16   0.9153264811408E-18
  0.1308400000000E+16   0.6149834937394E-18
  0.1502290000000E+16   0.3671757460574E-18
  0.1724910000000E+16   0.1911598044706E-18
  0.1980520000000E+16   0.8481788854837E-19
  0.2274010000000E+16   0.3139403454692E-19
  0.2610990000000E+16   0.9431225208247E-20
  0.2997900000000E+16   0.2229546614894E-20
