mstar = 2 Msun, Rstar = 2.5 Rsun, Tstar = 10000, mdisk = 0.00081502 Msun, Rc = 150 AU, Rin = 0.5 AU, Rout = 250 AU, inclination = 45 degree, powerlaw = -0.5 
         130
  
  0.2997900000000E+11   0.1292456402457E-23
  0.3951060000000E+11   0.2934238467565E-23
  0.5207280000000E+11   0.6662852951319E-23
  0.6862910000000E+11   0.1512314467160E-22
  0.9044930000000E+11   0.3428905104914E-22
  0.1192070000000E+12   0.7760235032590E-22
  0.1571080000000E+12   0.1751520906715E-21
  0.2070600000000E+12   0.3938091443157E-21
  0.2728930000000E+12   0.8807549004574E-21
  0.3596580000000E+12   0.2132740843411E-20
  0.4740100000000E+12   0.6180762777770E-20
  0.6247180000000E+12   0.1769594335959E-19
  0.8233440000000E+12   0.4975890080685E-19
  0.1085120000000E+13   0.1367619975904E-18
  0.1430130000000E+13   0.3639292155753E-18
  0.1884830000000E+13   0.9279608669267E-18
  0.2484100000000E+13   0.2233170851006E-17
  0.3273910000000E+13   0.4947582141047E-17
  0.4314820000000E+13   0.9812294488000E-17
  0.5686700000000E+13   0.1661183522394E-16
  0.7494750000000E+13   0.2255722159771E-16
  0.7682960000000E+13   0.2289163900236E-16
  0.7875890000000E+13   0.2316885616938E-16
  0.8073670000000E+13   0.2338269017921E-16
  0.8276410000000E+13   0.2353355838655E-16
  0.8484250000000E+13   0.2362722804995E-16
  0.8697300000000E+13   0.2370750841077E-16
  0.8915700000000E+13   0.2371858997820E-16
  0.9139590000000E+13   0.2372732045488E-16
  0.9369100000000E+13   0.2367753830597E-16
  0.9604380000000E+13   0.2359489488713E-16
  0.9845560000000E+13   0.2347733075544E-16
  0.1009280000000E+14   0.2329452743904E-16
  0.1034620000000E+14   0.2307118085409E-16
  0.1060610000000E+14   0.2278266725236E-16
  0.1087240000000E+14   0.2248948205634E-16
  0.1114540000000E+14   0.2214484631855E-16
  0.1142530000000E+14   0.2177523972095E-16
  0.1171220000000E+14   0.2137747376963E-16
  0.1200630000000E+14   0.2093694939179E-16
  0.1230780000000E+14   0.2047358523470E-16
  0.1261690000000E+14   0.1997296483973E-16
  0.1293370000000E+14   0.1949664788777E-16
  0.1325850000000E+14   0.1899581757560E-16
  0.1359150000000E+14   0.1849436261668E-16
  0.1393280000000E+14   0.1798855218279E-16
  0.1428260000000E+14   0.1748204558672E-16
  0.1464130000000E+14   0.1700952883502E-16
  0.1500900000000E+14   0.1652380258690E-16
  0.1538590000000E+14   0.1595982961977E-16
  0.1577220000000E+14   0.1539543725477E-16
  0.1616830000000E+14   0.1461778875369E-16
  0.1657430000000E+14   0.1374079140950E-16
  0.1699050000000E+14   0.1282631801514E-16
  0.1741720000000E+14   0.1175915671827E-16
  0.1785460000000E+14   0.1075909791060E-16
  0.1830290000000E+14   0.9729813678620E-17
  0.1876260000000E+14   0.8766266509710E-17
  0.1923370000000E+14   0.7903132428247E-17
  0.1971670000000E+14   0.7118097305485E-17
  0.2021180000000E+14   0.6430159006831E-17
  0.2071940000000E+14   0.5877919292616E-17
  0.2123970000000E+14   0.5371974409921E-17
  0.2177310000000E+14   0.5248620196458E-17
  0.2231980000000E+14   0.5121496473893E-17
  0.2288030000000E+14   0.5105641584238E-17
  0.2345490000000E+14   0.5121614533370E-17
  0.2404390000000E+14   0.5155430058015E-17
  0.2464770000000E+14   0.5228171398498E-17
  0.2526660000000E+14   0.5283739096141E-17
  0.2590110000000E+14   0.5363946129322E-17
  0.2655150000000E+14   0.5423994384003E-17
  0.2721830000000E+14   0.5545462161242E-17
  0.2790180000000E+14   0.5670600904842E-17
  0.2860240000000E+14   0.5743553346058E-17
  0.2932070000000E+14   0.5758381841367E-17
  0.3005700000000E+14   0.5752108296673E-17
  0.3081180000000E+14   0.5631465579128E-17
  0.3158550000000E+14   0.5516087453300E-17
  0.3237870000000E+14   0.4972422565200E-17
  0.3319170000000E+14   0.4334313429603E-17
  0.3402530000000E+14   0.3747149236203E-17
  0.3487970000000E+14   0.3206455357634E-17
  0.3575560000000E+14   0.2701388918798E-17
  0.3665350000000E+14   0.2247296371713E-17
  0.3757390000000E+14   0.1806979066927E-17
  0.3851740000000E+14   0.1538493041548E-17
  0.3948470000000E+14   0.1314236156229E-17
  0.4047620000000E+14   0.1162062740642E-17
  0.4149260000000E+14   0.1107005579732E-17
  0.4253460000000E+14   0.1058321169106E-17
  0.4360270000000E+14   0.1046131990688E-17
  0.4469770000000E+14   0.1035589232760E-17
  0.4582010000000E+14   0.1026965552041E-17
  0.4697070000000E+14   0.1019684315987E-17
  0.4815020000000E+14   0.1012272520915E-17
  0.4935940000000E+14   0.1004576635197E-17
  0.5059890000000E+14   0.9977739665048E-18
  0.5186950000000E+14   0.9924594095621E-18
  0.5317200000000E+14   0.9875446839389E-18
  0.5450730000000E+14   0.9847773639387E-18
  0.6258450000000E+14   0.9832073306101E-18
  0.7185870000000E+14   0.9925323815060E-18
  0.8250720000000E+14   0.9929088441765E-18
  0.9473370000000E+14   0.9815286560681E-18
  0.1087720000000E+15   0.9650684407146E-18
  0.1248910000000E+15   0.9525869130749E-18
  0.1433980000000E+15   0.9512390884451E-18
  0.1646470000000E+15   0.9678101288974E-18
  0.1890460000000E+15   0.1009118598172E-17
  0.2170600000000E+15   0.1076471344716E-17
  0.2492250000000E+15   0.1171554427670E-17
  0.2861570000000E+15   0.1293129061061E-17
  0.3285620000000E+15   0.1435006011156E-17
  0.3772500000000E+15   0.1586169460568E-17
  0.4331540000000E+15   0.1729258551750E-17
  0.4973410000000E+15   0.1840563205491E-17
  0.5710410000000E+15   0.1893382572479E-17
  0.6556610000000E+15   0.1864264837392E-17
  0.7528220000000E+15   0.1739716699248E-17
  0.8643800000000E+15   0.1523216813417E-17
  0.9924690000000E+15   0.1237437158354E-17
  0.1139540000000E+16   0.9199356338865E-18
  0.1308400000000E+16   0.6178876702381E-18
  0.1502290000000E+16   0.3686080036332E-18
  0.1724910000000E+16   0.1917184871848E-18
  0.1980520000000E+16   0.8507952487669E-19
  0.2274010000000E+16   0.3148863566369E-19
  0.2610990000000E+16   0.9459119236047E-20
  0.2997900000000E+16   0.2236046896634E-20
