mstar = 2 Msun, Rstar = 2.5 Rsun, Tstar = 10000, mdisk = 0.00043488 Msun, Rc = 150 AU, Rin = 0.5 AU, Rout = 250 AU, inclination = 45 degree, powerlaw = -0.5 
         130
  
  0.2997900000000E+11   0.7493493186337E-24
  0.3951060000000E+11   0.1695264808250E-23
  0.5207280000000E+11   0.3839553662502E-23
  0.6862910000000E+11   0.8699033309780E-23
  0.9044930000000E+11   0.1970012447049E-22
  0.1192070000000E+12   0.4455682140635E-22
  0.1571080000000E+12   0.1005550986984E-21
  0.2070600000000E+12   0.2261763235614E-21
  0.2728930000000E+12   0.5063246217105E-21
  0.3596580000000E+12   0.1227880404790E-20
  0.4740100000000E+12   0.3566363388315E-20
  0.6247180000000E+12   0.1024614973140E-19
  0.8233440000000E+12   0.2895579929771E-19
  0.1085120000000E+13   0.8015279474695E-19
  0.1430130000000E+13   0.2154465556511E-18
  0.1884830000000E+13   0.5572712830480E-18
  0.2484100000000E+13   0.1368889825785E-17
  0.3273910000000E+13   0.3123927125344E-17
  0.4314820000000E+13   0.6468392837659E-17
  0.5686700000000E+13   0.1165915587706E-16
  0.7494750000000E+13   0.1729262899775E-16
  0.7682960000000E+13   0.1771198651610E-16
  0.7875890000000E+13   0.1809552985994E-16
  0.8073670000000E+13   0.1843666741336E-16
  0.8276410000000E+13   0.1873435712537E-16
  0.8484250000000E+13   0.1899240833672E-16
  0.8697300000000E+13   0.1925054497225E-16
  0.8915700000000E+13   0.1945581248004E-16
  0.9139590000000E+13   0.1967079622871E-16
  0.9369100000000E+13   0.1984069388030E-16
  0.9604380000000E+13   0.1998900625604E-16
  0.9845560000000E+13   0.2011238715796E-16
  0.1009280000000E+14   0.2017786516140E-16
  0.1034620000000E+14   0.2020800970869E-16
  0.1060610000000E+14   0.2017435635957E-16
  0.1087240000000E+14   0.2013818810247E-16
  0.1114540000000E+14   0.2004708034986E-16
  0.1142530000000E+14   0.1992674800831E-16
  0.1171220000000E+14   0.1977079281757E-16
  0.1200630000000E+14   0.1955986278527E-16
  0.1230780000000E+14   0.1931315698835E-16
  0.1261690000000E+14   0.1901174620286E-16
  0.1293370000000E+14   0.1872244301625E-16
  0.1325850000000E+14   0.1838815523731E-16
  0.1359150000000E+14   0.1803386401096E-16
  0.1393280000000E+14   0.1765387135253E-16
  0.1428260000000E+14   0.1725136129727E-16
  0.1464130000000E+14   0.1686325548590E-16
  0.1500900000000E+14   0.1643852217729E-16
  0.1538590000000E+14   0.1591216766491E-16
  0.1577220000000E+14   0.1536927819573E-16
  0.1616830000000E+14   0.1460031186439E-16
  0.1657430000000E+14   0.1372785520783E-16
  0.1699050000000E+14   0.1281666492653E-16
  0.1741720000000E+14   0.1175420422042E-16
  0.1785460000000E+14   0.1075779418358E-16
  0.1830290000000E+14   0.9730850885350E-17
  0.1876260000000E+14   0.8767070109454E-17
  0.1923370000000E+14   0.7901766474204E-17
  0.1971670000000E+14   0.7112900805148E-17
  0.2021180000000E+14   0.6421032352204E-17
  0.2071940000000E+14   0.5868169842254E-17
  0.2123970000000E+14   0.5361468650829E-17
  0.2177310000000E+14   0.5252997805428E-17
  0.2231980000000E+14   0.5131880775801E-17
  0.2288030000000E+14   0.5112221931048E-17
  0.2345490000000E+14   0.5111395546545E-17
  0.2404390000000E+14   0.5117367960569E-17
  0.2464770000000E+14   0.5151729630815E-17
  0.2526660000000E+14   0.5167262578281E-17
  0.2590110000000E+14   0.5204655278360E-17
  0.2655150000000E+14   0.5226950969268E-17
  0.2721830000000E+14   0.5307468289776E-17
  0.2790180000000E+14   0.5396773145536E-17
  0.2860240000000E+14   0.5445763914201E-17
  0.2932070000000E+14   0.5448230381543E-17
  0.3005700000000E+14   0.5436099631185E-17
  0.3081180000000E+14   0.5324120754692E-17
  0.3158550000000E+14   0.5219017459798E-17
  0.3237870000000E+14   0.4725505226471E-17
  0.3319170000000E+14   0.4145544571792E-17
  0.3402530000000E+14   0.3610707120436E-17
  0.3487970000000E+14   0.3117118258760E-17
  0.3575560000000E+14   0.2654516379107E-17
  0.3665350000000E+14   0.2236090875580E-17
  0.3757390000000E+14   0.1824531073400E-17
  0.3851740000000E+14   0.1563710446193E-17
  0.3948470000000E+14   0.1329870824440E-17
  0.4047620000000E+14   0.1154218663786E-17
  0.4149260000000E+14   0.1089057569206E-17
  0.4253460000000E+14   0.1029914190395E-17
  0.4360270000000E+14   0.1017361106232E-17
  0.4469770000000E+14   0.1006254744075E-17
  0.4582010000000E+14   0.9970556388082E-18
  0.4697070000000E+14   0.9890851875407E-18
  0.4815020000000E+14   0.9804983002876E-18
  0.4935940000000E+14   0.9711774184081E-18
  0.5059890000000E+14   0.9627411591164E-18
  0.5186950000000E+14   0.9560508762432E-18
  0.5317200000000E+14   0.9497259025877E-18
  0.5450730000000E+14   0.9461156419608E-18
  0.6258450000000E+14   0.9436417486829E-18
  0.7185870000000E+14   0.9567035177401E-18
  0.8250720000000E+14   0.9615381862893E-18
  0.9473370000000E+14   0.9549903672497E-18
  0.1087720000000E+15   0.9439019098210E-18
  0.1248910000000E+15   0.9368584411086E-18
  0.1433980000000E+15   0.9405800285810E-18
  0.1646470000000E+15   0.9615822252101E-18
  0.1890460000000E+15   0.1006358528259E-17
  0.2170600000000E+15   0.1075904361899E-17
  0.2492250000000E+15   0.1171878098812E-17
  0.2861570000000E+15   0.1293592841310E-17
  0.3285620000000E+15   0.1435509352035E-17
  0.3772500000000E+15   0.1586738787541E-17
  0.4331540000000E+15   0.1729771035590E-17
  0.4973410000000E+15   0.1840991402518E-17
  0.5710410000000E+15   0.1893823673494E-17
  0.6556610000000E+15   0.1864829478665E-17
  0.7528220000000E+15   0.1740530091504E-17
  0.8643800000000E+15   0.1524202890704E-17
  0.9924690000000E+15   0.1238341556732E-17
  0.1139540000000E+16   0.9208642117336E-18
  0.1308400000000E+16   0.6184726463413E-18
  0.1502290000000E+16   0.3688963556236E-18
  0.1724910000000E+16   0.1918308992599E-18
  0.1980520000000E+16   0.8513217360653E-19
  0.2274010000000E+16   0.3150767130786E-19
  0.2610990000000E+16   0.9464731887364E-20
  0.2997900000000E+16   0.2237354807266E-20
