mstar = 2 Msun, Rstar = 2.5 Rsun, Tstar = 10000, mdisk = 0.0030989 Msun, Rc = 150 AU, Rin = 0.5 AU, Rout = 250 AU, inclination = 45 degree, powerlaw = -0.5 
         130
  
  0.2997900000000E+11   0.4255869652244E-23
  0.3951060000000E+11   0.9692019864858E-23
  0.5207280000000E+11   0.2205436916737E-22
  0.6862910000000E+11   0.5012168588775E-22
  0.9044930000000E+11   0.1136998964058E-21
  0.1192070000000E+12   0.2572681247779E-21
  0.1571080000000E+12   0.5801061184045E-21
  0.2070600000000E+12   0.1301954856430E-20
  0.2728930000000E+12   0.2903703946428E-20
  0.3596580000000E+12   0.7003213151897E-20
  0.4740100000000E+12   0.2017660217895E-19
  0.6247180000000E+12   0.5727067914269E-19
  0.8233440000000E+12   0.1590447614470E-18
  0.1085120000000E+13   0.4293118818998E-18
  0.1430130000000E+13   0.1112583018052E-17
  0.1884830000000E+13   0.2727323276602E-17
  0.2484100000000E+13   0.6183420539149E-17
  0.3273910000000E+13   0.1250530206472E-16
  0.4314820000000E+13   0.2156732995400E-16
  0.5686700000000E+13   0.2974994564109E-16
  0.7494750000000E+13   0.3122670495015E-16
  0.7682960000000E+13   0.3095788414968E-16
  0.7875890000000E+13   0.3062513725437E-16
  0.8073670000000E+13   0.3023032838697E-16
  0.8276410000000E+13   0.2978080530089E-16
  0.8484250000000E+13   0.2928767308076E-16
  0.8697300000000E+13   0.2879199384263E-16
  0.8915700000000E+13   0.2825414805042E-16
  0.9139590000000E+13   0.2773291315056E-16
  0.9369100000000E+13   0.2718832020746E-16
  0.9604380000000E+13   0.2664555665630E-16
  0.9845560000000E+13   0.2610728818175E-16
  0.1009280000000E+14   0.2555168128079E-16
  0.1034620000000E+14   0.2500146835304E-16
  0.1060610000000E+14   0.2443613597330E-16
  0.1087240000000E+14   0.2391006041060E-16
  0.1114540000000E+14   0.2338122908812E-16
  0.1142530000000E+14   0.2287280837677E-16
  0.1171220000000E+14   0.2238013676422E-16
  0.1200630000000E+14   0.2188484922395E-16
  0.1230780000000E+14   0.2140285196358E-16
  0.1261690000000E+14   0.2091324666454E-16
  0.1293370000000E+14   0.2048032208889E-16
  0.1325850000000E+14   0.2004430668176E-16
  0.1359150000000E+14   0.1962734824777E-16
  0.1393280000000E+14   0.1921940648402E-16
  0.1428260000000E+14   0.1881930320575E-16
  0.1464130000000E+14   0.1846675176953E-16
  0.1500900000000E+14   0.1809593533471E-16
  0.1538590000000E+14   0.1761498745804E-16
  0.1577220000000E+14   0.1712210233649E-16
  0.1616830000000E+14   0.1633075405393E-16
  0.1657430000000E+14   0.1539110901164E-16
  0.1699050000000E+14   0.1438599489465E-16
  0.1741720000000E+14   0.1316214710937E-16
  0.1785460000000E+14   0.1201402365619E-16
  0.1830290000000E+14   0.1081412428324E-16
  0.1876260000000E+14   0.9690445398848E-17
  0.1923370000000E+14   0.8689719081167E-17
  0.1971670000000E+14   0.7783027414502E-17
  0.2021180000000E+14   0.6995747017499E-17
  0.2071940000000E+14   0.6377756440193E-17
  0.2123970000000E+14   0.5812307860494E-17
  0.2177310000000E+14   0.5737169451040E-17
  0.2231980000000E+14   0.5652367833789E-17
  0.2288030000000E+14   0.5707889948501E-17
  0.2345490000000E+14   0.5796611553542E-17
  0.2404390000000E+14   0.5897294069400E-17
  0.2464770000000E+14   0.6035189234359E-17
  0.2526660000000E+14   0.6137577730271E-17
  0.2590110000000E+14   0.6258764831379E-17
  0.2655150000000E+14   0.6343911800902E-17
  0.2721830000000E+14   0.6494949369079E-17
  0.2790180000000E+14   0.6641573513265E-17
  0.2860240000000E+14   0.6718620452892E-17
  0.2932070000000E+14   0.6721863316095E-17
  0.3005700000000E+14   0.6697209351682E-17
  0.3081180000000E+14   0.6535922472944E-17
  0.3158550000000E+14   0.6380216016606E-17
  0.3237870000000E+14   0.5722794359719E-17
  0.3319170000000E+14   0.4956448967219E-17
  0.3402530000000E+14   0.4251236591566E-17
  0.3487970000000E+14   0.3602341163031E-17
  0.3575560000000E+14   0.2996874004162E-17
  0.3665350000000E+14   0.2453251578073E-17
  0.3757390000000E+14   0.1928272195794E-17
  0.3851740000000E+14   0.1610739965046E-17
  0.3948470000000E+14   0.1352116645154E-17
  0.4047620000000E+14   0.1186011353139E-17
  0.4149260000000E+14   0.1129531170828E-17
  0.4253460000000E+14   0.1081801910420E-17
  0.4360270000000E+14   0.1070071730232E-17
  0.4469770000000E+14   0.1060222421620E-17
  0.4582010000000E+14   0.1052475061466E-17
  0.4697070000000E+14   0.1046261413879E-17
  0.4815020000000E+14   0.1040212880401E-17
  0.4935940000000E+14   0.1034189210745E-17
  0.5059890000000E+14   0.1029225124825E-17
  0.5186950000000E+14   0.1025788505634E-17
  0.5317200000000E+14   0.1022882055506E-17
  0.5450730000000E+14   0.1021967709412E-17
  0.6258450000000E+14   0.1029579379264E-17
  0.7185870000000E+14   0.1045061000419E-17
  0.8250720000000E+14   0.1048562372935E-17
  0.9473370000000E+14   0.1036047539204E-17
  0.1087720000000E+15   0.1013494787534E-17
  0.1248910000000E+15   0.9909173872917E-18
  0.1433980000000E+15   0.9775781684758E-18
  0.1646470000000E+15   0.9827060424398E-18
  0.1890460000000E+15   0.1014964212874E-17
  0.2170600000000E+15   0.1076166153405E-17
  0.2492250000000E+15   0.1167687122226E-17
  0.2861570000000E+15   0.1287816443775E-17
  0.3285620000000E+15   0.1429962561169E-17
  0.3772500000000E+15   0.1582349206987E-17
  0.4331540000000E+15   0.1726670401116E-17
  0.4973410000000E+15   0.1838716643501E-17
  0.5710410000000E+15   0.1891695746479E-17
  0.6556610000000E+15   0.1862220846650E-17
  0.7528220000000E+15   0.1736808231141E-17
  0.8643800000000E+15   0.1519696712236E-17
  0.9924690000000E+15   0.1234209519803E-17
  0.1139540000000E+16   0.9166238253809E-18
  0.1308400000000E+16   0.6158010315508E-18
  0.1502290000000E+16   0.3675790512356E-18
  0.1724910000000E+16   0.1913171773986E-18
  0.1980520000000E+16   0.8489158348090E-19
  0.2274010000000E+16   0.3142068146207E-19
  0.2610990000000E+16   0.9439082458265E-20
  0.2997900000000E+16   0.2231377655915E-20
