mstar = 2 Msun, Rstar = 2.5 Rsun, Tstar = 10000, mdisk = 0.0037068 Msun, Rc = 150 AU, Rin = 0.5 AU, Rout = 250 AU, inclination = 45 degree, powerlaw = -0.5 
         130
  
  0.2997900000000E+11   0.5000995327261E-23
  0.3951060000000E+11   0.1139077304705E-22
  0.5207280000000E+11   0.2592213928427E-22
  0.6862910000000E+11   0.5891261948362E-22
  0.9044930000000E+11   0.1336345158319E-21
  0.1192070000000E+12   0.3023345409384E-21
  0.1571080000000E+12   0.6815770586881E-21
  0.2070600000000E+12   0.1529198223892E-20
  0.2728930000000E+12   0.3408971235341E-20
  0.3596580000000E+12   0.8216567439362E-20
  0.4740100000000E+12   0.2364957771497E-19
  0.6247180000000E+12   0.6703437001783E-19
  0.8233440000000E+12   0.1857747371807E-18
  0.1085120000000E+13   0.4999227414756E-18
  0.1430130000000E+13   0.1289551507844E-17
  0.1884830000000E+13   0.3138504908699E-17
  0.2484100000000E+13   0.7036263626066E-17
  0.3273910000000E+13   0.1398355241648E-16
  0.4314820000000E+13   0.2348605476050E-16
  0.5686700000000E+13   0.3125880154806E-16
  0.7494750000000E+13   0.3171209505836E-16
  0.7682960000000E+13   0.3137149871506E-16
  0.7875890000000E+13   0.3097535092699E-16
  0.8073670000000E+13   0.3052602285692E-16
  0.8276410000000E+13   0.3003093027515E-16
  0.8484250000000E+13   0.2950096947138E-16
  0.8697300000000E+13   0.2897659202875E-16
  0.8915700000000E+13   0.2841873591286E-16
  0.9139590000000E+13   0.2788556955715E-16
  0.9369100000000E+13   0.2733690024200E-16
  0.9604380000000E+13   0.2679736444624E-16
  0.9845560000000E+13   0.2626898558802E-16
  0.1009280000000E+14   0.2572833685474E-16
  0.1034620000000E+14   0.2519749261119E-16
  0.1060610000000E+14   0.2465399908554E-16
  0.1087240000000E+14   0.2415310815279E-16
  0.1114540000000E+14   0.2365007663200E-16
  0.1142530000000E+14   0.2316803028771E-16
  0.1171220000000E+14   0.2270117129845E-16
  0.1200630000000E+14   0.2222948950693E-16
  0.1230780000000E+14   0.2176904297722E-16
  0.1261690000000E+14   0.2129755445216E-16
  0.1293370000000E+14   0.2088186782021E-16
  0.1325850000000E+14   0.2045939045196E-16
  0.1359150000000E+14   0.2005322898792E-16
  0.1393280000000E+14   0.1965298614119E-16
  0.1428260000000E+14   0.1925761552496E-16
  0.1464130000000E+14   0.1890847375819E-16
  0.1500900000000E+14   0.1853770206805E-16
  0.1538590000000E+14   0.1805103308750E-16
  0.1577220000000E+14   0.1755028767172E-16
  0.1616830000000E+14   0.1674112006859E-16
  0.1657430000000E+14   0.1577869345840E-16
  0.1699050000000E+14   0.1474840405919E-16
  0.1741720000000E+14   0.1349283247299E-16
  0.1785460000000E+14   0.1231481735491E-16
  0.1830290000000E+14   0.1108308103662E-16
  0.1876260000000E+14   0.9929289303221E-17
  0.1923370000000E+14   0.8901756715210E-17
  0.1971670000000E+14   0.7970758586326E-17
  0.2021180000000E+14   0.7162537273331E-17
  0.2071940000000E+14   0.6528545311547E-17
  0.2123970000000E+14   0.5948432118001E-17
  0.2177310000000E+14   0.5872741380215E-17
  0.2231980000000E+14   0.5786071915697E-17
  0.2288030000000E+14   0.5842440187398E-17
  0.2345490000000E+14   0.5931878890231E-17
  0.2404390000000E+14   0.6032795369108E-17
  0.2464770000000E+14   0.6171188951126E-17
  0.2526660000000E+14   0.6272861666802E-17
  0.2590110000000E+14   0.6393283173269E-17
  0.2655150000000E+14   0.6476594078019E-17
  0.2721830000000E+14   0.6626714884234E-17
  0.2790180000000E+14   0.6772006084855E-17
  0.2860240000000E+14   0.6846479020842E-17
  0.2932070000000E+14   0.6845827050475E-17
  0.3005700000000E+14   0.6816687980939E-17
  0.3081180000000E+14   0.6648422172288E-17
  0.3158550000000E+14   0.6485916253610E-17
  0.3237870000000E+14   0.5813410326938E-17
  0.3319170000000E+14   0.5031023839012E-17
  0.3402530000000E+14   0.4311780279411E-17
  0.3487970000000E+14   0.3650116743065E-17
  0.3575560000000E+14   0.3033412732457E-17
  0.3665350000000E+14   0.2480652032725E-17
  0.3757390000000E+14   0.1947465828305E-17
  0.3851740000000E+14   0.1624400570963E-17
  0.3948470000000E+14   0.1362067914546E-17
  0.4047620000000E+14   0.1194360762149E-17
  0.4149260000000E+14   0.1137151084165E-17
  0.4253460000000E+14   0.1088944836310E-17
  0.4360270000000E+14   0.1076713541666E-17
  0.4469770000000E+14   0.1066447753523E-17
  0.4582010000000E+14   0.1058357475214E-17
  0.4697070000000E+14   0.1051872644201E-17
  0.4815020000000E+14   0.1045633390894E-17
  0.4935940000000E+14   0.1039496479502E-17
  0.5059890000000E+14   0.1034478216219E-17
  0.5186950000000E+14   0.1031031770196E-17
  0.5317200000000E+14   0.1028167226548E-17
  0.5450730000000E+14   0.1027313972424E-17
  0.6258450000000E+14   0.1035692362619E-17
  0.7185870000000E+14   0.1052271942028E-17
  0.8250720000000E+14   0.1056866653629E-17
  0.9473370000000E+14   0.1045010400990E-17
  0.1087720000000E+15   0.1022331172836E-17
  0.1248910000000E+15   0.9987903545600E-18
  0.1433980000000E+15   0.9838544916287E-18
  0.1646470000000E+15   0.9870748801913E-18
  0.1890460000000E+15   0.1017486881252E-17
  0.2170600000000E+15   0.1077170123564E-17
  0.2492250000000E+15   0.1167718992497E-17
  0.2861570000000E+15   0.1287394191609E-17
  0.3285620000000E+15   0.1429411739593E-17
  0.3772500000000E+15   0.1581830587117E-17
  0.4331540000000E+15   0.1726253994499E-17
  0.4973410000000E+15   0.1838393935920E-17
  0.5710410000000E+15   0.1891388957926E-17
  0.6556610000000E+15   0.1861837801507E-17
  0.7528220000000E+15   0.1736255369332E-17
  0.8643800000000E+15   0.1519025316225E-17
  0.9924690000000E+15   0.1233593692603E-17
  0.1139540000000E+16   0.9159922689707E-18
  0.1308400000000E+16   0.6154030573200E-18
  0.1502290000000E+16   0.3673827354658E-18
  0.1724910000000E+16   0.1912405788082E-18
  0.1980520000000E+16   0.8485571330909E-19
  0.2274010000000E+16   0.3140771144537E-19
  0.2610990000000E+16   0.9435258066074E-20
  0.2997900000000E+16   0.2230486428362E-20
