mstar = 2 Msun, Rstar = 2.5 Rsun, Tstar = 10000, mdisk = 0.0012751 Msun, Rc = 150 AU, Rin = 0.5 AU, Rout = 250 AU, inclination = 45 degree, powerlaw = -0.5 
         130
  
  0.2997900000000E+11   0.1925588917148E-23
  0.3951060000000E+11   0.4378379987705E-23
  0.5207280000000E+11   0.9953060617776E-23
  0.6862910000000E+11   0.2260780307574E-22
  0.9044930000000E+11   0.5128088570765E-22
  0.1192070000000E+12   0.1160740713175E-21
  0.1571080000000E+12   0.2619483520030E-21
  0.2070600000000E+12   0.5887073884166E-21
  0.2728930000000E+12   0.1315645181086E-20
  0.3596580000000E+12   0.3182257037240E-20
  0.4740100000000E+12   0.9207096447167E-20
  0.6247180000000E+12   0.2629549947712E-19
  0.8233440000000E+12   0.7367713966371E-19
  0.1085120000000E+13   0.2014724251621E-18
  0.1430130000000E+13   0.5322125075454E-18
  0.1884830000000E+13   0.1342653524441E-17
  0.2484100000000E+13   0.3180570992072E-17
  0.3273910000000E+13   0.6881965745247E-17
  0.4314820000000E+13   0.1316713484826E-16
  0.5686700000000E+13   0.2111634007174E-16
  0.7494750000000E+13   0.2657855676584E-16
  0.7682960000000E+13   0.2676567192575E-16
  0.7875890000000E+13   0.2688104379000E-16
  0.8073670000000E+13   0.2692032442004E-16
  0.8276410000000E+13   0.2688612704515E-16
  0.8484250000000E+13   0.2678635422121E-16
  0.8697300000000E+13   0.2666582152654E-16
  0.8915700000000E+13   0.2647160601222E-16
  0.9139590000000E+13   0.2627020743723E-16
  0.9369100000000E+13   0.2600946740472E-16
  0.9604380000000E+13   0.2571603822232E-16
  0.9845560000000E+13   0.2539010798490E-16
  0.1009280000000E+14   0.2500582058245E-16
  0.1034620000000E+14   0.2458870504196E-16
  0.1060610000000E+14   0.2411816916861E-16
  0.1087240000000E+14   0.2365242254939E-16
  0.1114540000000E+14   0.2315014541885E-16
  0.1142530000000E+14   0.2263756086106E-16
  0.1171220000000E+14   0.2211330688836E-16
  0.1200630000000E+14   0.2156469174842E-16
  0.1230780000000E+14   0.2101091920744E-16
  0.1261690000000E+14   0.2043817702386E-16
  0.1293370000000E+14   0.1990598918146E-16
  0.1325850000000E+14   0.1936654470352E-16
  0.1359150000000E+14   0.1884238888780E-16
  0.1393280000000E+14   0.1832847324200E-16
  0.1428260000000E+14   0.1782669767915E-16
  0.1464130000000E+14   0.1737188286445E-16
  0.1500900000000E+14   0.1691206052120E-16
  0.1538590000000E+14   0.1637287247054E-16
  0.1577220000000E+14   0.1583507493318E-16
  0.1616830000000E+14   0.1506080623506E-16
  0.1657430000000E+14   0.1417220288036E-16
  0.1699050000000E+14   0.1323684618234E-16
  0.1741720000000E+14   0.1212676049595E-16
  0.1785460000000E+14   0.1108631919539E-16
  0.1830290000000E+14   0.1000961754630E-16
  0.1876260000000E+14   0.9002390939524E-17
  0.1923370000000E+14   0.8102830111897E-17
  0.1971670000000E+14   0.7286480446989E-17
  0.2021180000000E+14   0.6573671932837E-17
  0.2071940000000E+14   0.6005193522963E-17
  0.2123970000000E+14   0.5484544648871E-17
  0.2177310000000E+14   0.5373619726628E-17
  0.2231980000000E+14   0.5260270719646E-17
  0.2288030000000E+14   0.5270309029873E-17
  0.2345490000000E+14   0.5316228958803E-17
  0.2404390000000E+14   0.5380605682004E-17
  0.2464770000000E+14   0.5485175716369E-17
  0.2526660000000E+14   0.5566073381142E-17
  0.2590110000000E+14   0.5669306575903E-17
  0.2655150000000E+14   0.5745408668722E-17
  0.2721830000000E+14   0.5883984838418E-17
  0.2790180000000E+14   0.6022068360558E-17
  0.2860240000000E+14   0.6100067611793E-17
  0.2932070000000E+14   0.6113013761045E-17
  0.3005700000000E+14   0.6101672924282E-17
  0.3081180000000E+14   0.5966808968236E-17
  0.3158550000000E+14   0.5837105933472E-17
  0.3237870000000E+14   0.5250153523287E-17
  0.3319170000000E+14   0.4562869277919E-17
  0.3402530000000E+14   0.3930242144868E-17
  0.3487970000000E+14   0.3347633465407E-17
  0.3575560000000E+14   0.2803610637609E-17
  0.3665350000000E+14   0.2314943634398E-17
  0.3757390000000E+14   0.1841759908600E-17
  0.3851740000000E+14   0.1554743936575E-17
  0.3948470000000E+14   0.1319196890951E-17
  0.4047620000000E+14   0.1165633332740E-17
  0.4149260000000E+14   0.1112094643812E-17
  0.4253460000000E+14   0.1065977157960E-17
  0.4360270000000E+14   0.1054127865302E-17
  0.4469770000000E+14   0.1044034285898E-17
  0.4582010000000E+14   0.1035910509258E-17
  0.4697070000000E+14   0.1029202381520E-17
  0.4815020000000E+14   0.1022543807340E-17
  0.4935940000000E+14   0.1015776178137E-17
  0.5059890000000E+14   0.1009941561530E-17
  0.5186950000000E+14   0.1005540219234E-17
  0.5317200000000E+14   0.1001573943416E-17
  0.5450730000000E+14   0.9995792606074E-18
  0.6258450000000E+14   0.1001069293899E-17
  0.7185870000000E+14   0.1011655280680E-17
  0.8250720000000E+14   0.1012341650407E-17
  0.9473370000000E+14   0.9999379715306E-18
  0.1087720000000E+15   0.9808801690449E-18
  0.1248910000000E+15   0.9646152724158E-18
  0.1433980000000E+15   0.9590537448606E-18
  0.1646470000000E+15   0.9718514152498E-18
  0.1890460000000E+15   0.1010515459378E-17
  0.2170600000000E+15   0.1076506451045E-17
  0.2492250000000E+15   0.1171112194352E-17
  0.2861570000000E+15   0.1292524945534E-17
  0.3285620000000E+15   0.1434363051211E-17
  0.3772500000000E+15   0.1585652393985E-17
  0.4331540000000E+15   0.1728889959633E-17
  0.4973410000000E+15   0.1840233060946E-17
  0.5710410000000E+15   0.1892988150507E-17
  0.6556610000000E+15   0.1863723641191E-17
  0.7528220000000E+15   0.1738921405437E-17
  0.8643800000000E+15   0.1522249290878E-17
  0.9924690000000E+15   0.1236549478256E-17
  0.1139540000000E+16   0.9190244264408E-18
  0.1308400000000E+16   0.6173135990915E-18
  0.1502290000000E+16   0.3683249808449E-18
  0.1724910000000E+16   0.1916081312448E-18
  0.1980520000000E+16   0.8502784081013E-19
  0.2274010000000E+16   0.3146994853805E-19
  0.2610990000000E+16   0.9453609284318E-20
  0.2997900000000E+16   0.2234762907254E-20
