mstar = 2 Msun, Rstar = 2.5 Rsun, Tstar = 10000, mdisk = 0.00045574 Msun, Rc = 150 AU, Rin = 0.5 AU, Rout = 250 AU, inclination = 45 degree, powerlaw = -0.5 
         130
  
  0.2997900000000E+11   0.7805989928807E-24
  0.3951060000000E+11   0.1766565502359E-23
  0.5207280000000E+11   0.4002064768989E-23
  0.6862910000000E+11   0.9068916240650E-23
  0.9044930000000E+11   0.2054043552552E-22
  0.1192070000000E+12   0.4646117864929E-22
  0.1571080000000E+12   0.1048568708396E-21
  0.2070600000000E+12   0.2358517689300E-21
  0.2728930000000E+12   0.5279615850001E-21
  0.3596580000000E+12   0.1280252333433E-20
  0.4740100000000E+12   0.3718012831874E-20
  0.6247180000000E+12   0.1067957860766E-19
  0.8233440000000E+12   0.3017115862863E-19
  0.1085120000000E+13   0.8347922413166E-19
  0.1430130000000E+13   0.2242434070173E-18
  0.1884830000000E+13   0.5794935878518E-18
  0.2484100000000E+13   0.1421599306543E-17
  0.3273910000000E+13   0.3238014449536E-17
  0.4314820000000E+13   0.6685943384824E-17
  0.5686700000000E+13   0.1200236374968E-16
  0.7494750000000E+13   0.1769868427686E-16
  0.7682960000000E+13   0.1811670637382E-16
  0.7875890000000E+13   0.1849737110095E-16
  0.8073670000000E+13   0.1883403770922E-16
  0.8276410000000E+13   0.1912571681297E-16
  0.8484250000000E+13   0.1937633461331E-16
  0.8697300000000E+13   0.1962610659792E-16
  0.8915700000000E+13   0.1982150976643E-16
  0.9139590000000E+13   0.2002577766456E-16
  0.9369100000000E+13   0.2018362326296E-16
  0.9604380000000E+13   0.2031879695136E-16
  0.9845560000000E+13   0.2042796608603E-16
  0.1009280000000E+14   0.2047809310671E-16
  0.1034620000000E+14   0.2049198370651E-16
  0.1060610000000E+14   0.2044124690629E-16
  0.1087240000000E+14   0.2038740260050E-16
  0.1114540000000E+14   0.2027811478445E-16
  0.1142530000000E+14   0.2013925038941E-16
  0.1171220000000E+14   0.1996458777497E-16
  0.1200630000000E+14   0.1973505251168E-16
  0.1230780000000E+14   0.1946997867816E-16
  0.1261690000000E+14   0.1915075388374E-16
  0.1293370000000E+14   0.1884396413834E-16
  0.1325850000000E+14   0.1849307046922E-16
  0.1359150000000E+14   0.1812306883785E-16
  0.1393280000000E+14   0.1772849740884E-16
  0.1428260000000E+14   0.1731269275339E-16
  0.1464130000000E+14   0.1691240810329E-16
  0.1500900000000E+14   0.1647715655815E-16
  0.1538590000000E+14   0.1594242550382E-16
  0.1577220000000E+14   0.1539263011295E-16
  0.1616830000000E+14   0.1461914283112E-16
  0.1657430000000E+14   0.1374347347934E-16
  0.1699050000000E+14   0.1282986864109E-16
  0.1741720000000E+14   0.1176614693114E-16
  0.1785460000000E+14   0.1076864672221E-16
  0.1830290000000E+14   0.9741244517890E-17
  0.1876260000000E+14   0.8777208295175E-17
  0.1923370000000E+14   0.7911717401462E-17
  0.1971670000000E+14   0.7122757152833E-17
  0.2021180000000E+14   0.6430647423178E-17
  0.2071940000000E+14   0.5876983028202E-17
  0.2123970000000E+14   0.5369558783908E-17
  0.2177310000000E+14   0.5257695118638E-17
  0.2231980000000E+14   0.5133973285308E-17
  0.2288030000000E+14   0.5112055438106E-17
  0.2345490000000E+14   0.5110080791085E-17
  0.2404390000000E+14   0.5116088146909E-17
  0.2464770000000E+14   0.5151758597690E-17
  0.2526660000000E+14   0.5169365979843E-17
  0.2590110000000E+14   0.5209533950775E-17
  0.2655150000000E+14   0.5234707540581E-17
  0.2721830000000E+14   0.5318747334917E-17
  0.2790180000000E+14   0.5411532172986E-17
  0.2860240000000E+14   0.5463276601482E-17
  0.2932070000000E+14   0.5467624720142E-17
  0.3005700000000E+14   0.5456856152639E-17
  0.3081180000000E+14   0.5344800936385E-17
  0.3158550000000E+14   0.5239448433855E-17
  0.3237870000000E+14   0.4741413387610E-17
  0.3319170000000E+14   0.4155925670139E-17
  0.3402530000000E+14   0.3616119022240E-17
  0.3487970000000E+14   0.3118033406787E-17
  0.3575560000000E+14   0.2651502239549E-17
  0.3665350000000E+14   0.2230155769012E-17
  0.3757390000000E+14   0.1817242001104E-17
  0.3851740000000E+14   0.1557159533181E-17
  0.3948470000000E+14   0.1325923378609E-17
  0.4047620000000E+14   0.1153503758014E-17
  0.4149260000000E+14   0.1089385231749E-17
  0.4253460000000E+14   0.1031235112414E-17
  0.4360270000000E+14   0.1018600507781E-17
  0.4469770000000E+14   0.1007437533792E-17
  0.4582010000000E+14   0.9981880172997E-18
  0.4697070000000E+14   0.9901839059052E-18
  0.4815020000000E+14   0.9816195397495E-18
  0.4935940000000E+14   0.9723731420058E-18
  0.5059890000000E+14   0.9640174571630E-18
  0.5186950000000E+14   0.9573867259395E-18
  0.5317200000000E+14   0.9511307268845E-18
  0.5450730000000E+14   0.9475373869541E-18
  0.6258450000000E+14   0.9448677575159E-18
  0.7185870000000E+14   0.9573681481698E-18
  0.8250720000000E+14   0.9616777414932E-18
  0.9473370000000E+14   0.9547176665994E-18
  0.1087720000000E+15   0.9433336937230E-18
  0.1248910000000E+15   0.9361659000169E-18
  0.1433980000000E+15   0.9399598116193E-18
  0.1646470000000E+15   0.9611779860301E-18
  0.1890460000000E+15   0.1006217388233E-17
  0.2170600000000E+15   0.1075989925036E-17
  0.2492250000000E+15   0.1172116725489E-17
  0.2861570000000E+15   0.1293893249285E-17
  0.3285620000000E+15   0.1435777624751E-17
  0.3772500000000E+15   0.1586913289324E-17
  0.4331540000000E+15   0.1729853128068E-17
  0.4973410000000E+15   0.1841014223163E-17
  0.5710410000000E+15   0.1893812647424E-17
  0.6556610000000E+15   0.1864796366191E-17
  0.7528220000000E+15   0.1740475042246E-17
  0.8643800000000E+15   0.1524134597546E-17
  0.9924690000000E+15   0.1238278752424E-17
  0.1139540000000E+16   0.9207996991354E-18
  0.1308400000000E+16   0.6184320053477E-18
  0.1502290000000E+16   0.3688763239663E-18
  0.1724910000000E+16   0.1918230907629E-18
  0.1980520000000E+16   0.8512851640451E-19
  0.2274010000000E+16   0.3150634902081E-19
  0.2610990000000E+16   0.9464342013632E-20
  0.2997900000000E+16   0.2237263955729E-20
