mstar = 2 Msun, Rstar = 2.5 Rsun, Tstar = 10000, mdisk = 0.002171 Msun, Rc = 150 AU, Rin = 0.5 AU, Rout = 250 AU, inclination = 45 degree, powerlaw = -0.5 
         130
  
  0.2997900000000E+11   0.3093309311968E-23
  0.3951060000000E+11   0.7041313301249E-23
  0.5207280000000E+11   0.1601832983409E-22
  0.6862910000000E+11   0.3640005644922E-22
  0.9044930000000E+11   0.8257675590738E-22
  0.1192070000000E+12   0.1868852125665E-21
  0.1571080000000E+12   0.4215658336232E-21
  0.2070600000000E+12   0.9467060048629E-21
  0.2728930000000E+12   0.2113233324738E-20
  0.3596580000000E+12   0.5102970510098E-20
  0.4740100000000E+12   0.1472851021371E-19
  0.6247180000000E+12   0.4191655048647E-19
  0.8233440000000E+12   0.1168513749981E-18
  0.1085120000000E+13   0.3172009822400E-18
  0.1430130000000E+13   0.8289956338936E-18
  0.1884830000000E+13   0.2058376913939E-17
  0.2484100000000E+13   0.4760289431052E-17
  0.3273910000000E+13   0.9928772954033E-17
  0.4314820000000E+13   0.1795445443596E-16
  0.5686700000000E+13   0.2648705801013E-16
  0.7494750000000E+13   0.2995436398943E-16
  0.7682960000000E+13   0.2986958848074E-16
  0.7875890000000E+13   0.2971023676150E-16
  0.8073670000000E+13   0.2947591884078E-16
  0.8276410000000E+13   0.2917259027388E-16
  0.8484250000000E+13   0.2881067018544E-16
  0.8697300000000E+13   0.2843291456538E-16
  0.8915700000000E+13   0.2799537445022E-16
  0.9139590000000E+13   0.2755957550174E-16
  0.9369100000000E+13   0.2708237086852E-16
  0.9604380000000E+13   0.2658992065460E-16
  0.9845560000000E+13   0.2608492378847E-16
  0.1009280000000E+14   0.2554621439837E-16
  0.1034620000000E+14   0.2499807198156E-16
  0.1060610000000E+14   0.2442219120320E-16
  0.1087240000000E+14   0.2387311377893E-16
  0.1114540000000E+14   0.2331217668254E-16
  0.1142530000000E+14   0.2276356025172E-16
  0.1171220000000E+14   0.2222491248293E-16
  0.1200630000000E+14   0.2168135087959E-16
  0.1230780000000E+14   0.2114964028707E-16
  0.1261690000000E+14   0.2061230889655E-16
  0.1293370000000E+14   0.2012981426673E-16
  0.1325850000000E+14   0.1964849824878E-16
  0.1359150000000E+14   0.1918965143958E-16
  0.1393280000000E+14   0.1874476852625E-16
  0.1428260000000E+14   0.1831316717979E-16
  0.1464130000000E+14   0.1793181248147E-16
  0.1500900000000E+14   0.1753982685493E-16
  0.1538590000000E+14   0.1705093955583E-16
  0.1577220000000E+14   0.1655563809631E-16
  0.1616830000000E+14   0.1578443803536E-16
  0.1657430000000E+14   0.1487639133573E-16
  0.1699050000000E+14   0.1390852390799E-16
  0.1741720000000E+14   0.1273651320902E-16
  0.1785460000000E+14   0.1163702806333E-16
  0.1830290000000E+14   0.1049034306599E-16
  0.1876260000000E+14   0.9416672606101E-17
  0.1923370000000E+14   0.8459711906583E-17
  0.1971670000000E+14   0.7592304637832E-17
  0.2021180000000E+14   0.6837853286396E-17
  0.2071940000000E+14   0.6242653371679E-17
  0.2123970000000E+14   0.5697693024285E-17
  0.2177310000000E+14   0.5611683220398E-17
  0.2231980000000E+14   0.5519386523979E-17
  0.2288030000000E+14   0.5562140453188E-17
  0.2345490000000E+14   0.5639812043404E-17
  0.2404390000000E+14   0.5732079682635E-17
  0.2464770000000E+14   0.5862743168433E-17
  0.2526660000000E+14   0.5961522815316E-17
  0.2590110000000E+14   0.6080058606689E-17
  0.2655150000000E+14   0.6165086705604E-17
  0.2721830000000E+14   0.6314705638046E-17
  0.2790180000000E+14   0.6460941607041E-17
  0.2860240000000E+14   0.6540464695496E-17
  0.2932070000000E+14   0.6548890230857E-17
  0.3005700000000E+14   0.6530441461831E-17
  0.3081180000000E+14   0.6379056336718E-17
  0.3158550000000E+14   0.6232930043143E-17
  0.3237870000000E+14   0.5597401892073E-17
  0.3319170000000E+14   0.4854894790514E-17
  0.3402530000000E+14   0.4170909472425E-17
  0.3487970000000E+14   0.3540591890441E-17
  0.3575560000000E+14   0.2951827625584E-17
  0.3665350000000E+14   0.2423046375468E-17
  0.3757390000000E+14   0.1912542756823E-17
  0.3851740000000E+14   0.1603251662453E-17
  0.3948470000000E+14   0.1350719671867E-17
  0.4047620000000E+14   0.1187829214678E-17
  0.4149260000000E+14   0.1131543144852E-17
  0.4253460000000E+14   0.1083605303482E-17
  0.4360270000000E+14   0.1070926604894E-17
  0.4469770000000E+14   0.1060132146628E-17
  0.4582010000000E+14   0.1051439407711E-17
  0.4697070000000E+14   0.1044286462630E-17
  0.4815020000000E+14   0.1037306834986E-17
  0.4935940000000E+14   0.1030350760950E-17
  0.5059890000000E+14   0.1024453801308E-17
  0.5186950000000E+14   0.1020095039952E-17
  0.5317200000000E+14   0.1016275186692E-17
  0.5450730000000E+14   0.1014480665151E-17
  0.6258450000000E+14   0.1017834218301E-17
  0.7185870000000E+14   0.1030477148480E-17
  0.8250720000000E+14   0.1032589865274E-17
  0.9473370000000E+14   0.1020231586243E-17
  0.1087720000000E+15   0.9993929188356E-18
  0.1248910000000E+15   0.9797184008486E-18
  0.1433980000000E+15   0.9698603450568E-18
  0.1646470000000E+15   0.9784430425573E-18
  0.1890460000000E+15   0.1013709573260E-17
  0.2170600000000E+15   0.1077246851507E-17
  0.2492250000000E+15   0.1170176797636E-17
  0.2861570000000E+15   0.1290681928724E-17
  0.3285620000000E+15   0.1432441430745E-17
  0.3772500000000E+15   0.1584155878374E-17
  0.4331540000000E+15   0.1727857285665E-17
  0.4973410000000E+15   0.1839489755718E-17
  0.5710410000000E+15   0.1892316123394E-17
  0.6556610000000E+15   0.1862919585449E-17
  0.7528220000000E+15   0.1737783228596E-17
  0.8643800000000E+15   0.1520873202202E-17
  0.9924690000000E+15   0.1235287862501E-17
  0.1139540000000E+16   0.9177298910125E-18
  0.1308400000000E+16   0.6164979700468E-18
  0.1502290000000E+16   0.3679227891138E-18
  0.1724910000000E+16   0.1914512725505E-18
  0.1980520000000E+16   0.8495438049500E-19
  0.2274010000000E+16   0.3144338744177E-19
  0.2610990000000E+16   0.9445777566169E-20
  0.2997900000000E+16   0.2232937856091E-20
