mstar = 2 Msun, Rstar = 2.5 Rsun, Tstar = 10000, mdisk = 0.0069898 Msun, Rc = 150 AU, Rin = 0.5 AU, Rout = 250 AU, inclination = 45 degree, powerlaw = -0.5 
         130
  
  0.2997900000000E+11   0.8862306081906E-23
  0.3951060000000E+11   0.2019198697577E-22
  0.5207280000000E+11   0.4595533177293E-22
  0.6862910000000E+11   0.1044284167551E-21
  0.9044930000000E+11   0.2367966141916E-21
  0.1192070000000E+12   0.5354013984509E-21
  0.1571080000000E+12   0.1205890915845E-20
  0.2070600000000E+12   0.2702036730623E-20
  0.2728930000000E+12   0.6012711210843E-20
  0.3596580000000E+12   0.1445532120353E-19
  0.4740100000000E+12   0.4144175840594E-19
  0.6247180000000E+12   0.1167776014302E-18
  0.8233440000000E+12   0.3207949613562E-18
  0.1085120000000E+13   0.8517765603247E-18
  0.1430130000000E+13   0.2152118264152E-17
  0.1884830000000E+13   0.5070655231985E-17
  0.2484100000000E+13   0.1080318742066E-16
  0.3273910000000E+13   0.1985214802209E-16
  0.4314820000000E+13   0.2978424592855E-16
  0.5686700000000E+13   0.3472938782681E-16
  0.7494750000000E+13   0.3238952341613E-16
  0.7682960000000E+13   0.3196527241085E-16
  0.7875890000000E+13   0.3151596487118E-16
  0.8073670000000E+13   0.3104135549841E-16
  0.8276410000000E+13   0.3054563705790E-16
  0.8484250000000E+13   0.3003652699504E-16
  0.8697300000000E+13   0.2955398072637E-16
  0.8915700000000E+13   0.2905287685239E-16
  0.9139590000000E+13   0.2859345132143E-16
  0.9369100000000E+13   0.2812779957880E-16
  0.9604380000000E+13   0.2767965940935E-16
  0.9845560000000E+13   0.2724775426169E-16
  0.1009280000000E+14   0.2680158052549E-16
  0.1034620000000E+14   0.2636319748554E-16
  0.1060610000000E+14   0.2590413294223E-16
  0.1087240000000E+14   0.2548573925384E-16
  0.1114540000000E+14   0.2505488847466E-16
  0.1142530000000E+14   0.2463699537753E-16
  0.1171220000000E+14   0.2422466695546E-16
  0.1200630000000E+14   0.2379507642343E-16
  0.1230780000000E+14   0.2336669505368E-16
  0.1261690000000E+14   0.2291516046471E-16
  0.1293370000000E+14   0.2251569252364E-16
  0.1325850000000E+14   0.2209928981398E-16
  0.1359150000000E+14   0.2169252921001E-16
  0.1393280000000E+14   0.2128487521083E-16
  0.1428260000000E+14   0.2087616316299E-16
  0.1464130000000E+14   0.2051228226063E-16
  0.1500900000000E+14   0.2012017878882E-16
  0.1538590000000E+14   0.1959878272448E-16
  0.1577220000000E+14   0.1905949721599E-16
  0.1616830000000E+14   0.1818478356646E-16
  0.1657430000000E+14   0.1714319477489E-16
  0.1699050000000E+14   0.1602730135552E-16
  0.1741720000000E+14   0.1466688244877E-16
  0.1785460000000E+14   0.1338928527642E-16
  0.1830290000000E+14   0.1205265720812E-16
  0.1876260000000E+14   0.1079946731906E-16
  0.1923370000000E+14   0.9682173322999E-17
  0.1971670000000E+14   0.8668917880202E-17
  0.2021180000000E+14   0.7788550022532E-17
  0.2071940000000E+14   0.7097772844336E-17
  0.2123970000000E+14   0.6465424379259E-17
  0.2177310000000E+14   0.6383472802229E-17
  0.2231980000000E+14   0.6287807086745E-17
  0.2288030000000E+14   0.6345703586980E-17
  0.2345490000000E+14   0.6437456636751E-17
  0.2404390000000E+14   0.6540086337859E-17
  0.2464770000000E+14   0.6681845616246E-17
  0.2526660000000E+14   0.6783232889507E-17
  0.2590110000000E+14   0.6904366913084E-17
  0.2655150000000E+14   0.6985410392820E-17
  0.2721830000000E+14   0.7137917988137E-17
  0.2790180000000E+14   0.7284969414200E-17
  0.2860240000000E+14   0.7355955362229E-17
  0.2932070000000E+14   0.7346469236009E-17
  0.3005700000000E+14   0.7306469566543E-17
  0.3081180000000E+14   0.7117991033569E-17
  0.3158550000000E+14   0.6935804643637E-17
  0.3237870000000E+14   0.6210209957368E-17
  0.3319170000000E+14   0.5367970728141E-17
  0.3402530000000E+14   0.4593723178856E-17
  0.3487970000000E+14   0.3882225127328E-17
  0.3575560000000E+14   0.3219568927567E-17
  0.3665350000000E+14   0.2625417513375E-17
  0.3757390000000E+14   0.2053341899630E-17
  0.3851740000000E+14   0.1706065171751E-17
  0.3948470000000E+14   0.1424267192903E-17
  0.4047620000000E+14   0.1244118844345E-17
  0.4149260000000E+14   0.1181335451825E-17
  0.4253460000000E+14   0.1128678657855E-17
  0.4360270000000E+14   0.1113567111454E-17
  0.4469770000000E+14   0.1100760410650E-17
  0.4582010000000E+14   0.1090462177314E-17
  0.4697070000000E+14   0.1082078795833E-17
  0.4815020000000E+14   0.1074230210848E-17
  0.4935940000000E+14   0.1066771990488E-17
  0.5059890000000E+14   0.1060705575056E-17
  0.5186950000000E+14   0.1056448257791E-17
  0.5317200000000E+14   0.1052993313328E-17
  0.5450730000000E+14   0.1051719047414E-17
  0.6258450000000E+14   0.1060011227703E-17
  0.7185870000000E+14   0.1078178961756E-17
  0.8250720000000E+14   0.1084344246690E-17
  0.9473370000000E+14   0.1072808954475E-17
  0.1087720000000E+15   0.1048431907267E-17
  0.1248910000000E+15   0.1021043178524E-17
  0.1433980000000E+15   0.1000442233594E-17
  0.1646470000000E+15   0.9969864907188E-18
  0.1890460000000E+15   0.1020933233286E-17
  0.2170600000000E+15   0.1075576314915E-17
  0.2492250000000E+15   0.1163247542371E-17
  0.2861570000000E+15   0.1282024959508E-17
  0.3285620000000E+15   0.1424520202936E-17
  0.3772500000000E+15   0.1578172984758E-17
  0.4331540000000E+15   0.1723934916622E-17
  0.4973410000000E+15   0.1836953159045E-17
  0.5710410000000E+15   0.1890173791109E-17
  0.6556610000000E+15   0.1860351238556E-17
  0.7528220000000E+15   0.1734107335186E-17
  0.8643800000000E+15   0.1516415770095E-17
  0.9924690000000E+15   0.1231200276597E-17
  0.1139540000000E+16   0.9135388397599E-18
  0.1308400000000E+16   0.6138568704538E-18
  0.1502290000000E+16   0.3666198111951E-18
  0.1724910000000E+16   0.1909428032368E-18
  0.1980520000000E+16   0.8471627625538E-19
  0.2274010000000E+16   0.3135729228151E-19
  0.2610990000000E+16   0.9420390987993E-20
  0.2997900000000E+16   0.2227021789902E-20
