mstar = 2 Msun, Rstar = 2.5 Rsun, Tstar = 10000, mdisk = 0.00073988 Msun, Rc = 150 AU, Rin = 0.5 AU, Rout = 250 AU, inclination = 45 degree, powerlaw = -0.5 
         130
  
  0.2997900000000E+11   0.1187147675288E-23
  0.3951060000000E+11   0.2694017785793E-23
  0.5207280000000E+11   0.6115503282105E-23
  0.6862910000000E+11   0.1387786305656E-22
  0.9044930000000E+11   0.3146152141925E-22
  0.1192070000000E+12   0.7119906465747E-22
  0.1571080000000E+12   0.1607014500125E-21
  0.2070600000000E+12   0.3613483274313E-21
  0.2728930000000E+12   0.8082861677189E-21
  0.3596580000000E+12   0.1957731583952E-20
  0.4740100000000E+12   0.5675603798381E-20
  0.6247180000000E+12   0.1625843757771E-19
  0.8233440000000E+12   0.4575251218560E-19
  0.1085120000000E+13   0.1258905160893E-18
  0.1430130000000E+13   0.3355328898547E-18
  0.1884830000000E+13   0.8575147585725E-18
  0.2484100000000E+13   0.2070529923424E-17
  0.3273910000000E+13   0.4609833204712E-17
  0.4314820000000E+13   0.9209604438282E-17
  0.5686700000000E+13   0.1576195630347E-16
  0.7494750000000E+13   0.2173557066579E-16
  0.7682960000000E+13   0.2209317876812E-16
  0.7875890000000E+13   0.2239702110150E-16
  0.8073670000000E+13   0.2264069925896E-16
  0.8276410000000E+13   0.2282428733666E-16
  0.8484250000000E+13   0.2295317971892E-16
  0.8697300000000E+13   0.2307080892186E-16
  0.8915700000000E+13   0.2312122510771E-16
  0.9139590000000E+13   0.2317107966381E-16
  0.9369100000000E+13   0.2316379146364E-16
  0.9604380000000E+13   0.2312477480569E-16
  0.9845560000000E+13   0.2305160429957E-16
  0.1009280000000E+14   0.2291316342992E-16
  0.1034620000000E+14   0.2273389919026E-16
  0.1060610000000E+14   0.2248831245053E-16
  0.1087240000000E+14   0.2223736783504E-16
  0.1114540000000E+14   0.2193299931888E-16
  0.1142530000000E+14   0.2160169945080E-16
  0.1171220000000E+14   0.2123973154440E-16
  0.1200630000000E+14   0.2083174817142E-16
  0.1230780000000E+14   0.2039769651048E-16
  0.1261690000000E+14   0.1992258618209E-16
  0.1293370000000E+14   0.1946886265730E-16
  0.1325850000000E+14   0.1898661294307E-16
  0.1359150000000E+14   0.1850003803036E-16
  0.1393280000000E+14   0.1800534532337E-16
  0.1428260000000E+14   0.1750634549542E-16
  0.1464130000000E+14   0.1703802489920E-16
  0.1500900000000E+14   0.1655324989193E-16
  0.1538590000000E+14   0.1598784493663E-16
  0.1577220000000E+14   0.1542025697253E-16
  0.1616830000000E+14   0.1464018843157E-16
  0.1657430000000E+14   0.1376173904173E-16
  0.1699050000000E+14   0.1284654091647E-16
  0.1741720000000E+14   0.1178064954830E-16
  0.1785460000000E+14   0.1078156147483E-16
  0.1830290000000E+14   0.9753654788449E-17
  0.1876260000000E+14   0.8790917756424E-17
  0.1923370000000E+14   0.7927826813373E-17
  0.1971670000000E+14   0.7142313179301E-17
  0.2021180000000E+14   0.6453397900916E-17
  0.2071940000000E+14   0.5899957618199E-17
  0.2123970000000E+14   0.5392756728806E-17
  0.2177310000000E+14   0.5268164104749E-17
  0.2231980000000E+14   0.5138877839704E-17
  0.2288030000000E+14   0.5119241388165E-17
  0.2345490000000E+14   0.5130165772199E-17
  0.2404390000000E+14   0.5158269923977E-17
  0.2464770000000E+14   0.5224869658835E-17
  0.2526660000000E+14   0.5275097013863E-17
  0.2590110000000E+14   0.5350490509998E-17
  0.2655150000000E+14   0.5407075439501E-17
  0.2721830000000E+14   0.5525378057620E-17
  0.2790180000000E+14   0.5648391694510E-17
  0.2860240000000E+14   0.5720680718564E-17
  0.2932070000000E+14   0.5735996987688E-17
  0.3005700000000E+14   0.5730767939427E-17
  0.3081180000000E+14   0.5612347854745E-17
  0.3158550000000E+14   0.5499276770186E-17
  0.3237870000000E+14   0.4960567185366E-17
  0.3319170000000E+14   0.4327035967564E-17
  0.3402530000000E+14   0.3743480562679E-17
  0.3487970000000E+14   0.3205759698472E-17
  0.3575560000000E+14   0.2703119284504E-17
  0.3665350000000E+14   0.2250909749542E-17
  0.3757390000000E+14   0.1811991665792E-17
  0.3851740000000E+14   0.1543671766874E-17
  0.3948470000000E+14   0.1318462147556E-17
  0.4047620000000E+14   0.1163778175730E-17
  0.4149260000000E+14   0.1107298522046E-17
  0.4253460000000E+14   0.1057061412996E-17
  0.4360270000000E+14   0.1044516391296E-17
  0.4469770000000E+14   0.1033595916712E-17
  0.4582010000000E+14   0.1024596067327E-17
  0.4697070000000E+14   0.1016927067404E-17
  0.4815020000000E+14   0.1009070522943E-17
  0.4935940000000E+14   0.1000877726938E-17
  0.5059890000000E+14   0.9935808660918E-18
  0.5186950000000E+14   0.9878087709718E-18
  0.5317200000000E+14   0.9824385802435E-18
  0.5450730000000E+14   0.9792935752651E-18
  0.6258450000000E+14   0.9762345652361E-18
  0.7185870000000E+14   0.9849202112109E-18
  0.8250720000000E+14   0.9851001760457E-18
  0.9473370000000E+14   0.9739860298098E-18
  0.1087720000000E+15   0.9582873130396E-18
  0.1248910000000E+15   0.9469686888577E-18
  0.1433980000000E+15   0.9470287947086E-18
  0.1646470000000E+15   0.9650396795536E-18
  0.1890460000000E+15   0.1007581829531E-17
  0.2170600000000E+15   0.1075821113607E-17
  0.2492250000000E+15   0.1171424933219E-17
  0.2861570000000E+15   0.1293266841274E-17
  0.3285620000000E+15   0.1435264167449E-17
  0.3772500000000E+15   0.1586429857477E-17
  0.4331540000000E+15   0.1729449818602E-17
  0.4973410000000E+15   0.1840688446239E-17
  0.5710410000000E+15   0.1893478631897E-17
  0.6556610000000E+15   0.1864367214731E-17
  0.7528220000000E+15   0.1739855781151E-17
  0.8643800000000E+15   0.1523383635996E-17
  0.9924690000000E+15   0.1237589968349E-17
  0.1139540000000E+16   0.9200924869013E-18
  0.1308400000000E+16   0.6179864841585E-18
  0.1502290000000E+16   0.3686567152086E-18
  0.1724910000000E+16   0.1917374786060E-18
  0.1980520000000E+16   0.8508841947904E-19
  0.2274010000000E+16   0.3149185161004E-19
  0.2610990000000E+16   0.9460067460811E-20
  0.2997900000000E+16   0.2236267861295E-20
