mstar = 2 Msun, Rstar = 2.5 Rsun, Tstar = 10000, mdisk = 0.005753 Msun, Rc = 150 AU, Rin = 0.5 AU, Rout = 250 AU, inclination = 45 degree, powerlaw = -0.5 
         130
  
  0.2997900000000E+11   0.7436172252939E-23
  0.3951060000000E+11   0.1694170326629E-22
  0.5207280000000E+11   0.3855813870268E-22
  0.6862910000000E+11   0.8762502048932E-22
  0.9044930000000E+11   0.1987210174218E-21
  0.1192070000000E+12   0.4494083369178E-21
  0.1571080000000E+12   0.1012523488840E-20
  0.2070600000000E+12   0.2269745917091E-20
  0.2728930000000E+12   0.5053760772643E-20
  0.3596580000000E+12   0.1216020511513E-19
  0.4740100000000E+12   0.3490869188627E-19
  0.6247180000000E+12   0.9856528266793E-19
  0.8233440000000E+12   0.2715838135312E-18
  0.1085120000000E+13   0.7244616246302E-18
  0.1430130000000E+13   0.1843711915622E-17
  0.1884830000000E+13   0.4393673762045E-17
  0.2484100000000E+13   0.9529341726853E-17
  0.3273910000000E+13   0.1799251608031E-16
  0.4314820000000E+13   0.2803323127557E-16
  0.5686700000000E+13   0.3403123475806E-16
  0.7494750000000E+13   0.3231272602415E-16
  0.7682960000000E+13   0.3188483877469E-16
  0.7875890000000E+13   0.3142428213077E-16
  0.8073670000000E+13   0.3093222177248E-16
  0.8276410000000E+13   0.3041422394760E-16
  0.8484250000000E+13   0.2987917192270E-16
  0.8697300000000E+13   0.2936689091314E-16
  0.8915700000000E+13   0.2883495329078E-16
  0.9139590000000E+13   0.2834239523736E-16
  0.9369100000000E+13   0.2784416981388E-16
  0.9604380000000E+13   0.2736400575075E-16
  0.9845560000000E+13   0.2690146369760E-16
  0.1009280000000E+14   0.2642788724846E-16
  0.1034620000000E+14   0.2596489678336E-16
  0.1060610000000E+14   0.2548532111278E-16
  0.1087240000000E+14   0.2504847561352E-16
  0.1114540000000E+14   0.2460311175243E-16
  0.1142530000000E+14   0.2417367171827E-16
  0.1171220000000E+14   0.2375282489183E-16
  0.1200630000000E+14   0.2331814076644E-16
  0.1230780000000E+14   0.2288725317238E-16
  0.1261690000000E+14   0.2243610712464E-16
  0.1293370000000E+14   0.2203772302084E-16
  0.1325850000000E+14   0.2162452999650E-16
  0.1359150000000E+14   0.2122217448788E-16
  0.1393280000000E+14   0.2082012072728E-16
  0.1428260000000E+14   0.2041802539505E-16
  0.1464130000000E+14   0.2006068049437E-16
  0.1500900000000E+14   0.1967642659830E-16
  0.1538590000000E+14   0.1916613690413E-16
  0.1577220000000E+14   0.1863872486767E-16
  0.1616830000000E+14   0.1778321627012E-16
  0.1657430000000E+14   0.1676456736143E-16
  0.1699050000000E+14   0.1567333025945E-16
  0.1741720000000E+14   0.1434288634491E-16
  0.1785460000000E+14   0.1309374391521E-16
  0.1830290000000E+14   0.1178670002020E-16
  0.1876260000000E+14   0.1056136553324E-16
  0.1923370000000E+14   0.9469203757887E-17
  0.1971670000000E+14   0.8478844228909E-17
  0.2021180000000E+14   0.7618501871200E-17
  0.2071940000000E+14   0.6943732552443E-17
  0.2123970000000E+14   0.6326108826115E-17
  0.2177310000000E+14   0.6247125038286E-17
  0.2231980000000E+14   0.6154986120109E-17
  0.2288030000000E+14   0.6213615403932E-17
  0.2345490000000E+14   0.6305877344125E-17
  0.2404390000000E+14   0.6409096647432E-17
  0.2464770000000E+14   0.6551100333164E-17
  0.2526660000000E+14   0.6653840348313E-17
  0.2590110000000E+14   0.6776034379710E-17
  0.2655150000000E+14   0.6858976980714E-17
  0.2721830000000E+14   0.7012246317261E-17
  0.2790180000000E+14   0.7160299806733E-17
  0.2860240000000E+14   0.7233725562822E-17
  0.2932070000000E+14   0.7228063570202E-17
  0.3005700000000E+14   0.7192455443203E-17
  0.3081180000000E+14   0.7010650093566E-17
  0.3158550000000E+14   0.6834941607020E-17
  0.3237870000000E+14   0.6123539332747E-17
  0.3319170000000E+14   0.5296608535496E-17
  0.3402530000000E+14   0.4535887342672E-17
  0.3487970000000E+14   0.3835928624644E-17
  0.3575560000000E+14   0.3183542145535E-17
  0.3665350000000E+14   0.2598586367138E-17
  0.3757390000000E+14   0.2034987467985E-17
  0.3851740000000E+14   0.1692924167309E-17
  0.3948470000000E+14   0.1414851311909E-17
  0.4047620000000E+14   0.1237245829092E-17
  0.4149260000000E+14   0.1175962089163E-17
  0.4253460000000E+14   0.1124527219585E-17
  0.4360270000000E+14   0.1110539929532E-17
  0.4469770000000E+14   0.1098755071340E-17
  0.4582010000000E+14   0.1089382016717E-17
  0.4697070000000E+14   0.1081828494131E-17
  0.4815020000000E+14   0.1074708725688E-17
  0.4935940000000E+14   0.1067878849991E-17
  0.5059890000000E+14   0.1062354332644E-17
  0.5186950000000E+14   0.1058566694022E-17
  0.5317200000000E+14   0.1055506111126E-17
  0.5450730000000E+14   0.1054573067090E-17
  0.6258450000000E+14   0.1063829654102E-17
  0.7185870000000E+14   0.1081910664954E-17
  0.8250720000000E+14   0.1087426089714E-17
  0.9473370000000E+14   0.1075125743510E-17
  0.1087720000000E+15   0.1050226361332E-17
  0.1248910000000E+15   0.1022794922529E-17
  0.1433980000000E+15   0.1002702323988E-17
  0.1646470000000E+15   0.1000148193558E-17
  0.1890460000000E+15   0.1025022388094E-17
  0.2170600000000E+15   0.1080177429921E-17
  0.2492250000000E+15   0.1167731125280E-17
  0.2861570000000E+15   0.1285852941231E-17
  0.3285620000000E+15   0.1427372221661E-17
  0.3772500000000E+15   0.1579988699306E-17
  0.4331540000000E+15   0.1724918861612E-17
  0.4973410000000E+15   0.1837473151083E-17
  0.5710410000000E+15   0.1890563910426E-17
  0.6556610000000E+15   0.1860812781452E-17
  0.7528220000000E+15   0.1734771561610E-17
  0.8643800000000E+15   0.1517222333981E-17
  0.9924690000000E+15   0.1231939958400E-17
  0.1139540000000E+16   0.9142968709976E-18
  0.1308400000000E+16   0.6143346199673E-18
  0.1502290000000E+16   0.3668555793992E-18
  0.1724910000000E+16   0.1910348420421E-18
  0.1980520000000E+16   0.8475937326692E-19
  0.2274010000000E+16   0.3137287597133E-19
  0.2610990000000E+16   0.9424986191287E-20
  0.2997900000000E+16   0.2228092668879E-20
