mstar = 2 Msun, Rstar = 2.5 Rsun, Tstar = 10000, mdisk = 0.0056262 Msun, Rc = 150 AU, Rin = 0.5 AU, Rout = 250 AU, inclination = 45 degree, powerlaw = -0.5 
         130
  
  0.2997900000000E+11   0.7291785278809E-23
  0.3951060000000E+11   0.1661264611156E-22
  0.5207280000000E+11   0.3780929064536E-22
  0.6862910000000E+11   0.8592406552954E-22
  0.9044930000000E+11   0.1948671192191E-21
  0.1192070000000E+12   0.4407055299908E-21
  0.1571080000000E+12   0.9929574638910E-21
  0.2070600000000E+12   0.2226014547657E-20
  0.2728930000000E+12   0.4956783071530E-20
  0.3596580000000E+12   0.1192819815396E-19
  0.4740100000000E+12   0.3424851792168E-19
  0.6247180000000E+12   0.9672553291878E-19
  0.8233440000000E+12   0.2666146784154E-18
  0.1085120000000E+13   0.7116117948245E-18
  0.1430130000000E+13   0.1812592346934E-17
  0.1884830000000E+13   0.4325399514988E-17
  0.2484100000000E+13   0.9401227758784E-17
  0.3273910000000E+13   0.1780811544320E-16
  0.4314820000000E+13   0.2787322280385E-16
  0.5686700000000E+13   0.3401114062842E-16
  0.7494750000000E+13   0.3238118546844E-16
  0.7682960000000E+13   0.3195280494459E-16
  0.7875890000000E+13   0.3149048634143E-16
  0.8073670000000E+13   0.3099555806502E-16
  0.8276410000000E+13   0.3047376236084E-16
  0.8484250000000E+13   0.2993414163970E-16
  0.8697300000000E+13   0.2941652347373E-16
  0.8915700000000E+13   0.2887880191952E-16
  0.9139590000000E+13   0.2837992769364E-16
  0.9369100000000E+13   0.2787522438266E-16
  0.9604380000000E+13   0.2738843359108E-16
  0.9845560000000E+13   0.2691925046968E-16
  0.1009280000000E+14   0.2643929940429E-16
  0.1034620000000E+14   0.2597017856660E-16
  0.1060610000000E+14   0.2548492968264E-16
  0.1087240000000E+14   0.2504262162480E-16
  0.1114540000000E+14   0.2459230187172E-16
  0.1142530000000E+14   0.2415831585123E-16
  0.1171220000000E+14   0.2373338198300E-16
  0.1200630000000E+14   0.2329513752270E-16
  0.1230780000000E+14   0.2286109861964E-16
  0.1261690000000E+14   0.2240724805464E-16
  0.1293370000000E+14   0.2200630904034E-16
  0.1325850000000E+14   0.2159093686212E-16
  0.1359150000000E+14   0.2118663785849E-16
  0.1393280000000E+14   0.2078290623741E-16
  0.1428260000000E+14   0.2037933446607E-16
  0.1464130000000E+14   0.2002052386992E-16
  0.1500900000000E+14   0.1963495243560E-16
  0.1538590000000E+14   0.1912380921050E-16
  0.1577220000000E+14   0.1859566918720E-16
  0.1616830000000E+14   0.1774044928396E-16
  0.1657430000000E+14   0.1672262900662E-16
  0.1699050000000E+14   0.1563254425027E-16
  0.1741720000000E+14   0.1430401082764E-16
  0.1785460000000E+14   0.1305666163416E-16
  0.1830290000000E+14   0.1175192570396E-16
  0.1876260000000E+14   0.1052893880660E-16
  0.1923370000000E+14   0.9439007142881E-17
  0.1971670000000E+14   0.8450784483772E-17
  0.2021180000000E+14   0.7592324160196E-17
  0.2071940000000E+14   0.6918837081291E-17
  0.2123970000000E+14   0.6302459870550E-17
  0.2177310000000E+14   0.6222245188132E-17
  0.2231980000000E+14   0.6128974405473E-17
  0.2288030000000E+14   0.6185631782585E-17
  0.2345490000000E+14   0.6275585390581E-17
  0.2404390000000E+14   0.6376398412338E-17
  0.2464770000000E+14   0.6515732095910E-17
  0.2526660000000E+14   0.6615995849115E-17
  0.2590110000000E+14   0.6735721506780E-17
  0.2655150000000E+14   0.6816393283417E-17
  0.2721830000000E+14   0.6966877530401E-17
  0.2790180000000E+14   0.7112291608118E-17
  0.2860240000000E+14   0.7183440702807E-17
  0.2932070000000E+14   0.7175968282171E-17
  0.3005700000000E+14   0.7138720596707E-17
  0.3081180000000E+14   0.6956383930874E-17
  0.3158550000000E+14   0.6780239722246E-17
  0.3237870000000E+14   0.6072934517976E-17
  0.3319170000000E+14   0.5251477134764E-17
  0.3402530000000E+14   0.4496558805907E-17
  0.3487970000000E+14   0.3802577802000E-17
  0.3575560000000E+14   0.3156509309750E-17
  0.3665350000000E+14   0.2577371632820E-17
  0.3757390000000E+14   0.2019466318829E-17
  0.3851740000000E+14   0.1680646945342E-17
  0.3948470000000E+14   0.1405906814566E-17
  0.4047620000000E+14   0.1230479987438E-17
  0.4149260000000E+14   0.1169689407021E-17
  0.4253460000000E+14   0.1118633341957E-17
  0.4360270000000E+14   0.1104499908438E-17
  0.4469770000000E+14   0.1092557583222E-17
  0.4582010000000E+14   0.1083011168903E-17
  0.4697070000000E+14   0.1075276576831E-17
  0.4815020000000E+14   0.1067991278670E-17
  0.4935940000000E+14   0.1061013520629E-17
  0.5059890000000E+14   0.1055342406840E-17
  0.5186950000000E+14   0.1051400662353E-17
  0.5317200000000E+14   0.1048195738480E-17
  0.5450730000000E+14   0.1047102277585E-17
  0.6258450000000E+14   0.1055518439286E-17
  0.7185870000000E+14   0.1072968201766E-17
  0.8250720000000E+14   0.1078293239133E-17
  0.9473370000000E+14   0.1066288644759E-17
  0.1087720000000E+15   0.1042118460792E-17
  0.1248910000000E+15   0.1015744581664E-17
  0.1433980000000E+15   0.9969014644136E-18
  0.1646470000000E+15   0.9956254655319E-18
  0.1890460000000E+15   0.1021656642084E-17
  0.2170600000000E+15   0.1077803473346E-17
  0.2492250000000E+15   0.1166172672720E-17
  0.2861570000000E+15   0.1284941482901E-17
  0.3285620000000E+15   0.1426932814235E-17
  0.3772500000000E+15   0.1579837020947E-17
  0.4331540000000E+15   0.1724902428441E-17
  0.4973410000000E+15   0.1837504599808E-17
  0.5710410000000E+15   0.1890615790180E-17
  0.6556610000000E+15   0.1860886503684E-17
  0.7528220000000E+15   0.1734880275489E-17
  0.8643800000000E+15   0.1517354608263E-17
  0.9924690000000E+15   0.1232061287670E-17
  0.1139540000000E+16   0.9144212285458E-18
  0.1308400000000E+16   0.6144129942148E-18
  0.1502290000000E+16   0.3668942538632E-18
  0.1724910000000E+16   0.1910499383021E-18
  0.1980520000000E+16   0.8476644217435E-19
  0.2274010000000E+16   0.3137543203970E-19
  0.2610990000000E+16   0.9425739901814E-20
  0.2997900000000E+16   0.2228268314972E-20
