mstar = 2 Msun, Rstar = 2.5 Rsun, Tstar = 10000, mdisk = 0.00011598 Msun, Rc = 150 AU, Rin = 0.5 AU, Rout = 250 AU, inclination = 45 degree, powerlaw = -0.5 
         130
  
  0.2997900000000E+11   0.2511364415990E-24
  0.3951060000000E+11   0.5583607414860E-24
  0.5207280000000E+11   0.1247802387843E-23
  0.6862910000000E+11   0.2798648808646E-23
  0.9044930000000E+11   0.6291133844675E-23
  0.1192070000000E+12   0.1415566929739E-22
  0.1571080000000E+12   0.3184265483510E-22
  0.2070600000000E+12   0.7151328847228E-22
  0.2728930000000E+12   0.1601072074364E-21
  0.3596580000000E+12   0.3887260881534E-21
  0.4740100000000E+12   0.1131911383188E-20
  0.6247180000000E+12   0.3270193688344E-20
  0.8233440000000E+12   0.9323937949723E-20
  0.1085120000000E+13   0.2614396649614E-19
  0.1430130000000E+13   0.7155989674756E-19
  0.1884830000000E+13   0.1898451222731E-18
  0.2484100000000E+13   0.4830863193957E-18
  0.3273910000000E+13   0.1157731121585E-17
  0.4314820000000E+13   0.2564367963089E-17
  0.5686700000000E+13   0.5066576268329E-17
  0.7494750000000E+13   0.8495850674467E-17
  0.7682960000000E+13   0.8813649469597E-17
  0.7875890000000E+13   0.9122379744087E-17
  0.8073670000000E+13   0.9418030755695E-17
  0.8276410000000E+13   0.9699530830703E-17
  0.8484250000000E+13   0.9968657154738E-17
  0.8697300000000E+13   0.1024937788255E-16
  0.8915700000000E+13   0.1050961912419E-16
  0.9139590000000E+13   0.1078861302161E-16
  0.9369100000000E+13   0.1105207637258E-16
  0.9604380000000E+13   0.1131518008789E-16
  0.9845560000000E+13   0.1157603622272E-16
  0.1009280000000E+14   0.1181146977872E-16
  0.1034620000000E+14   0.1203626529512E-16
  0.1060610000000E+14   0.1222866439526E-16
  0.1087240000000E+14   0.1243334787433E-16
  0.1114540000000E+14   0.1261003888216E-16
  0.1142530000000E+14   0.1277745707336E-16
  0.1171220000000E+14   0.1292928195922E-16
  0.1200630000000E+14   0.1304708742263E-16
  0.1230780000000E+14   0.1314462632500E-16
  0.1261690000000E+14   0.1320204285232E-16
  0.1293370000000E+14   0.1327840519385E-16
  0.1325850000000E+14   0.1331866900881E-16
  0.1359150000000E+14   0.1334350891237E-16
  0.1393280000000E+14   0.1334406347100E-16
  0.1428260000000E+14   0.1331994589713E-16
  0.1464130000000E+14   0.1330741760133E-16
  0.1500900000000E+14   0.1324824741986E-16
  0.1538590000000E+14   0.1306428501103E-16
  0.1577220000000E+14   0.1284448811905E-16
  0.1616830000000E+14   0.1234712173228E-16
  0.1657430000000E+14   0.1170690751988E-16
  0.1699050000000E+14   0.1099719717188E-16
  0.1741720000000E+14   0.1008891254562E-16
  0.1785460000000E+14   0.9232232105020E-17
  0.1830290000000E+14   0.8317075760670E-17
  0.1876260000000E+14   0.7452665673954E-17
  0.1923370000000E+14   0.6680964015409E-17
  0.1971670000000E+14   0.5978037628075E-17
  0.2021180000000E+14   0.5368763094081E-17
  0.2071940000000E+14   0.4902981573739E-17
  0.2123970000000E+14   0.4474938070162E-17
  0.2177310000000E+14   0.4499387992172E-17
  0.2231980000000E+14   0.4502676085559E-17
  0.2288030000000E+14   0.4619313064277E-17
  0.2345490000000E+14   0.4746468886087E-17
  0.2404390000000E+14   0.4863785190430E-17
  0.2464770000000E+14   0.4990293586101E-17
  0.2526660000000E+14   0.5069295121700E-17
  0.2590110000000E+14   0.5144769222592E-17
  0.2655150000000E+14   0.5180315087727E-17
  0.2721830000000E+14   0.5248408624398E-17
  0.2790180000000E+14   0.5303557199611E-17
  0.2860240000000E+14   0.5310188181548E-17
  0.2932070000000E+14   0.5271726310076E-17
  0.3005700000000E+14   0.5219713583223E-17
  0.3081180000000E+14   0.5090363358679E-17
  0.3158550000000E+14   0.4970063143920E-17
  0.3237870000000E+14   0.4548816561292E-17
  0.3319170000000E+14   0.4057609830325E-17
  0.3402530000000E+14   0.3597203388850E-17
  0.3487970000000E+14   0.3160386604461E-17
  0.3575560000000E+14   0.2730960943146E-17
  0.3665350000000E+14   0.2308987029294E-17
  0.3757390000000E+14   0.1831666276065E-17
  0.3851740000000E+14   0.1488485429248E-17
  0.3948470000000E+14   0.1159076146646E-17
  0.4047620000000E+14   0.9220195693665E-18
  0.4149260000000E+14   0.8450845098091E-18
  0.4253460000000E+14   0.7773043285533E-18
  0.4360270000000E+14   0.7674625373498E-18
  0.4469770000000E+14   0.7586475736503E-18
  0.4582010000000E+14   0.7515611045092E-18
  0.4697070000000E+14   0.7454670401175E-18
  0.4815020000000E+14   0.7382080800220E-18
  0.4935940000000E+14   0.7297585540316E-18
  0.5059890000000E+14   0.7222006067308E-18
  0.5186950000000E+14   0.7166698638588E-18
  0.5317200000000E+14   0.7115308219807E-18
  0.5450730000000E+14   0.7096881889829E-18
  0.6258450000000E+14   0.7227137145392E-18
  0.7185870000000E+14   0.7617846739780E-18
  0.8250720000000E+14   0.7998158158900E-18
  0.9473370000000E+14   0.8304736433998E-18
  0.1087720000000E+15   0.8573887762736E-18
  0.1248910000000E+15   0.8845473791177E-18
  0.1433980000000E+15   0.9144037026455E-18
  0.1646470000000E+15   0.9513065941214E-18
  0.1890460000000E+15   0.1002501164916E-17
  0.2170600000000E+15   0.1072489326549E-17
  0.2492250000000E+15   0.1167245391365E-17
  0.2861570000000E+15   0.1288609492007E-17
  0.3285620000000E+15   0.1431315843298E-17
  0.3772500000000E+15   0.1583901011647E-17
  0.4331540000000E+15   0.1728334785642E-17
  0.4973410000000E+15   0.1840601185061E-17
  0.5710410000000E+15   0.1894053513403E-17
  0.6556610000000E+15   0.1865454302906E-17
  0.7528220000000E+15   0.1741551529128E-17
  0.8643800000000E+15   0.1525465442662E-17
  0.9924690000000E+15   0.1239502029269E-17
  0.1139540000000E+16   0.9220563758254E-18
  0.1308400000000E+16   0.6192236351881E-18
  0.1502290000000E+16   0.3692664713107E-18
  0.1724910000000E+16   0.1919751541465E-18
  0.1980520000000E+16   0.8519973857228E-19
  0.2274010000000E+16   0.3153209965937E-19
  0.2610990000000E+16   0.9471934484349E-20
  0.2997900000000E+16   0.2239033205224E-20
