mstar = 2 Msun, Rstar = 2.5 Rsun, Tstar = 10000, mdisk = 0.0094296 Msun, Rc = 150 AU, Rin = 0.5 AU, Rout = 250 AU, inclination = 45 degree, powerlaw = -0.5 
         130
  
  0.2997900000000E+11   0.1157629261059E-22
  0.3951060000000E+11   0.2637616948492E-22
  0.5207280000000E+11   0.6002597332692E-22
  0.6862910000000E+11   0.1363800569369E-21
  0.9044930000000E+11   0.3091640353244E-21
  0.1192070000000E+12   0.6987423026917E-21
  0.1571080000000E+12   0.1572888341036E-20
  0.2070600000000E+12   0.3521609331687E-20
  0.2728930000000E+12   0.7828155411726E-20
  0.3596580000000E+12   0.1879130901983E-19
  0.4740100000000E+12   0.5374200085092E-19
  0.6247180000000E+12   0.1508886567792E-18
  0.8233440000000E+12   0.4122183212296E-18
  0.1085120000000E+13   0.1085237331227E-17
  0.1430130000000E+13   0.2705786096039E-17
  0.1884830000000E+13   0.6243838846512E-17
  0.2484100000000E+13   0.1288076091620E-16
  0.3273910000000E+13   0.2257160357616E-16
  0.4314820000000E+13   0.3183498955080E-16
  0.5686700000000E+13   0.3513299438442E-16
  0.7494750000000E+13   0.3244858969506E-16
  0.7682960000000E+13   0.3207027499047E-16
  0.7875890000000E+13   0.3167199850418E-16
  0.8073670000000E+13   0.3125120697768E-16
  0.8276410000000E+13   0.3081027156428E-16
  0.8484250000000E+13   0.3035565443415E-16
  0.8697300000000E+13   0.2992861287617E-16
  0.8915700000000E+13   0.2947953556095E-16
  0.9139590000000E+13   0.2907175093380E-16
  0.9369100000000E+13   0.2865311528479E-16
  0.9604380000000E+13   0.2824829965425E-16
  0.9845560000000E+13   0.2785543652374E-16
  0.1009280000000E+14   0.2744200608820E-16
  0.1034620000000E+14   0.2703143333178E-16
  0.1060610000000E+14   0.2659401109074E-16
  0.1087240000000E+14   0.2619448580631E-16
  0.1114540000000E+14   0.2577738857034E-16
  0.1142530000000E+14   0.2536980242679E-16
  0.1171220000000E+14   0.2496441113518E-16
  0.1200630000000E+14   0.2453793006341E-16
  0.1230780000000E+14   0.2411002581769E-16
  0.1261690000000E+14   0.2365578233195E-16
  0.1293370000000E+14   0.2325361447539E-16
  0.1325850000000E+14   0.2283217214369E-16
  0.1359150000000E+14   0.2241928734764E-16
  0.1393280000000E+14   0.2200426620521E-16
  0.1428260000000E+14   0.2158715585584E-16
  0.1464130000000E+14   0.2121559821178E-16
  0.1500900000000E+14   0.2081406159936E-16
  0.1538590000000E+14   0.2027815326079E-16
  0.1577220000000E+14   0.1972320161931E-16
  0.1616830000000E+14   0.1882098102251E-16
  0.1657430000000E+14   0.1774573064261E-16
  0.1699050000000E+14   0.1659305454343E-16
  0.1741720000000E+14   0.1518659569699E-16
  0.1785460000000E+14   0.1386512533930E-16
  0.1830290000000E+14   0.1248159779441E-16
  0.1876260000000E+14   0.1118363880536E-16
  0.1923370000000E+14   0.1002615732880E-16
  0.1971670000000E+14   0.8976219979294E-17
  0.2021180000000E+14   0.8063840119105E-17
  0.2071940000000E+14   0.7347955709997E-17
  0.2123970000000E+14   0.6692451056536E-17
  0.2177310000000E+14   0.6608374632878E-17
  0.2231980000000E+14   0.6509762532256E-17
  0.2288030000000E+14   0.6570301784943E-17
  0.2345490000000E+14   0.6665839782192E-17
  0.2404390000000E+14   0.6772593810752E-17
  0.2464770000000E+14   0.6919932097927E-17
  0.2526660000000E+14   0.7025194365954E-17
  0.2590110000000E+14   0.7150420819774E-17
  0.2655150000000E+14   0.7233742621976E-17
  0.2721830000000E+14   0.7390393938241E-17
  0.2790180000000E+14   0.7540898780841E-17
  0.2860240000000E+14   0.7612022736070E-17
  0.2932070000000E+14   0.7599368642328E-17
  0.3005700000000E+14   0.7554928756530E-17
  0.3081180000000E+14   0.7357328449567E-17
  0.3158550000000E+14   0.7166121724386E-17
  0.3237870000000E+14   0.6415402648272E-17
  0.3319170000000E+14   0.5543370268376E-17
  0.3402530000000E+14   0.4740317169243E-17
  0.3487970000000E+14   0.4001001083632E-17
  0.3575560000000E+14   0.3311753723816E-17
  0.3665350000000E+14   0.2694319768045E-17
  0.3757390000000E+14   0.2100689066401E-17
  0.3851740000000E+14   0.1740164735652E-17
  0.3948470000000E+14   0.1448316354620E-17
  0.4047620000000E+14   0.1261848171227E-17
  0.4149260000000E+14   0.1196653841476E-17
  0.4253460000000E+14   0.1142093827025E-17
  0.4360270000000E+14   0.1126270138696E-17
  0.4469770000000E+14   0.1112851328749E-17
  0.4582010000000E+14   0.1102038111181E-17
  0.4697070000000E+14   0.1093219384654E-17
  0.4815020000000E+14   0.1084993156491E-17
  0.4935940000000E+14   0.1077216237317E-17
  0.5059890000000E+14   0.1070903074980E-17
  0.5186950000000E+14   0.1066467118136E-17
  0.5317200000000E+14   0.1062888878062E-17
  0.5450730000000E+14   0.1061534844567E-17
  0.6258450000000E+14   0.1069773014944E-17
  0.7185870000000E+14   0.1088035566383E-17
  0.8250720000000E+14   0.1094148799449E-17
  0.9473370000000E+14   0.1082048039125E-17
  0.1087720000000E+15   0.1056161004647E-17
  0.1248910000000E+15   0.1026157386297E-17
  0.1433980000000E+15   0.1002118061702E-17
  0.1646470000000E+15   0.9950739747993E-18
  0.1890460000000E+15   0.1016069830224E-17
  0.2170600000000E+15   0.1068963329778E-17
  0.2492250000000E+15   0.1156216752009E-17
  0.2861570000000E+15   0.1275681782584E-17
  0.3285620000000E+15   0.1419638751445E-17
  0.3772500000000E+15   0.1575037393864E-17
  0.4331540000000E+15   0.1722240809706E-17
  0.4973410000000E+15   0.1836055105118E-17
  0.5710410000000E+15   0.1889499511887E-17
  0.6556610000000E+15   0.1859563014740E-17
  0.7528220000000E+15   0.1732982525301E-17
  0.8643800000000E+15   0.1515053262436E-17
  0.9924690000000E+15   0.1229951258290E-17
  0.1139540000000E+16   0.9122592850101E-18
  0.1308400000000E+16   0.6130503778916E-18
  0.1502290000000E+16   0.3662217369140E-18
  0.1724910000000E+16   0.1907873700117E-18
  0.1980520000000E+16   0.8464349752851E-19
  0.2274010000000E+16   0.3133097539831E-19
  0.2610990000000E+16   0.9412630764206E-20
  0.2997900000000E+16   0.2225213308869E-20
