mstar = 2 Msun, Rstar = 2.5 Rsun, Tstar = 10000, mdisk = 0.00034843 Msun, Rc = 150 AU, Rin = 0.5 AU, Rout = 250 AU, inclination = 45 degree, powerlaw = -0.5 
         130
  
  0.2997900000000E+11   0.6211434824420E-24
  0.3951060000000E+11   0.1402754093096E-23
  0.5207280000000E+11   0.3172881354742E-23
  0.6862910000000E+11   0.7181742588568E-23
  0.9044930000000E+11   0.1625335877442E-22
  0.1192070000000E+12   0.3674635827192E-22
  0.1571080000000E+12   0.8291428690372E-22
  0.2070600000000E+12   0.1865059489432E-21
  0.2728930000000E+12   0.4176312156802E-21
  0.3596580000000E+12   0.1013264310117E-20
  0.4740100000000E+12   0.2945156168598E-20
  0.6247180000000E+12   0.8471567474252E-20
  0.8233440000000E+12   0.2398291458418E-19
  0.1085120000000E+13   0.6655242247588E-19
  0.1430130000000E+13   0.1795120767594E-18
  0.1884830000000E+13   0.4665835403356E-18
  0.2484100000000E+13   0.1153933813393E-17
  0.3273910000000E+13   0.2658466906779E-17
  0.4314820000000E+13   0.5577926386425E-17
  0.5686700000000E+13   0.1024081891997E-16
  0.7494750000000E+13   0.1557797289474E-16
  0.7682960000000E+13   0.1599827231724E-16
  0.7875890000000E+13   0.1638911072386E-16
  0.8073670000000E+13   0.1674416724107E-16
  0.8276410000000E+13   0.1706222573947E-16
  0.8484250000000E+13   0.1734664029183E-16
  0.8697300000000E+13   0.1763495407291E-16
  0.8915700000000E+13   0.1787687848195E-16
  0.9139590000000E+13   0.1813207411487E-16
  0.9369100000000E+13   0.1834809774487E-16
  0.9604380000000E+13   0.1854738567034E-16
  0.9845560000000E+13   0.1872663343636E-16
  0.1009280000000E+14   0.1885337672341E-16
  0.1034620000000E+14   0.1894916978907E-16
  0.1060610000000E+14   0.1898543699442E-16
  0.1087240000000E+14   0.1902233015399E-16
  0.1114540000000E+14   0.1900733035819E-16
  0.1142530000000E+14   0.1896548183329E-16
  0.1171220000000E+14   0.1888971959199E-16
  0.1200630000000E+14   0.1875959665753E-16
  0.1230780000000E+14   0.1859368247342E-16
  0.1261690000000E+14   0.1837165024132E-16
  0.1293370000000E+14   0.1816129240495E-16
  0.1325850000000E+14   0.1790309483440E-16
  0.1359150000000E+14   0.1762191089856E-16
  0.1393280000000E+14   0.1731092039575E-16
  0.1428260000000E+14   0.1697256994259E-16
  0.1464130000000E+14   0.1664454154709E-16
  0.1500900000000E+14   0.1627290056067E-16
  0.1538590000000E+14   0.1578964569344E-16
  0.1577220000000E+14   0.1528324940011E-16
  0.1616830000000E+14   0.1453743557815E-16
  0.1657430000000E+14   0.1368053414967E-16
  0.1699050000000E+14   0.1278022834537E-16
  0.1741720000000E+14   0.1172103495609E-16
  0.1785460000000E+14   0.1072706132116E-16
  0.1830290000000E+14   0.9698636301739E-17
  0.1876260000000E+14   0.8732427938266E-17
  0.1923370000000E+14   0.7865182792424E-17
  0.1971670000000E+14   0.7074338571508E-17
  0.2021180000000E+14   0.6381554069395E-17
  0.2071940000000E+14   0.5831001107918E-17
  0.2123970000000E+14   0.5326233759814E-17
  0.2177310000000E+14   0.5234539537436E-17
  0.2231980000000E+14   0.5126519710120E-17
  0.2288030000000E+14   0.5119335199917E-17
  0.2345490000000E+14   0.5125996358775E-17
  0.2404390000000E+14   0.5133754932593E-17
  0.2464770000000E+14   0.5164190477150E-17
  0.2526660000000E+14   0.5171369224459E-17
  0.2590110000000E+14   0.5196579044646E-17
  0.2655150000000E+14   0.5205317522481E-17
  0.2721830000000E+14   0.5269348162569E-17
  0.2790180000000E+14   0.5342279065611E-17
  0.2860240000000E+14   0.5378143660922E-17
  0.2932070000000E+14   0.5371254908873E-17
  0.3005700000000E+14   0.5352198009727E-17
  0.3081180000000E+14   0.5238789783056E-17
  0.3158550000000E+14   0.5133241645856E-17
  0.3237870000000E+14   0.4653834393385E-17
  0.3319170000000E+14   0.4091159204042E-17
  0.3402530000000E+14   0.3572461287719E-17
  0.3487970000000E+14   0.3093630811719E-17
  0.3575560000000E+14   0.2644491616225E-17
  0.3665350000000E+14   0.2236831711647E-17
  0.3757390000000E+14   0.1831390264055E-17
  0.3851740000000E+14   0.1567369882867E-17
  0.3948470000000E+14   0.1321846597173E-17
  0.4047620000000E+14   0.1132527419682E-17
  0.4149260000000E+14   0.1062918652668E-17
  0.4253460000000E+14   0.9997295628763E-18
  0.4360270000000E+14   0.9870784867432E-18
  0.4469770000000E+14   0.9758102606192E-18
  0.4582010000000E+14   0.9664560246745E-18
  0.4697070000000E+14   0.9583014002025E-18
  0.4815020000000E+14   0.9493706826732E-18
  0.4935940000000E+14   0.9395640770795E-18
  0.5059890000000E+14   0.9306594223725E-18
  0.5186950000000E+14   0.9236106742276E-18
  0.5317200000000E+14   0.9169329059298E-18
  0.5450730000000E+14   0.9131816784512E-18
  0.6258450000000E+14   0.9115485039628E-18
  0.7185870000000E+14   0.9277372395081E-18
  0.8250720000000E+14   0.9365892034662E-18
  0.9473370000000E+14   0.9345141554367E-18
  0.1087720000000E+15   0.9280663972879E-18
  0.1248910000000E+15   0.9252576505560E-18
  0.1433980000000E+15   0.9323824221632E-18
  0.1646470000000E+15   0.9559073006142E-18
  0.1890460000000E+15   0.1002552664633E-17
  0.2170600000000E+15   0.1073566480200E-17
  0.2492250000000E+15   0.1170596330725E-17
  0.2861570000000E+15   0.1292928650981E-17
  0.3285620000000E+15   0.1435176501329E-17
  0.3772500000000E+15   0.1586631609624E-17
  0.4331540000000E+15   0.1729807078767E-17
  0.4973410000000E+15   0.1841081516755E-17
  0.5710410000000E+15   0.1893941531203E-17
  0.6556610000000E+15   0.1864989597473E-17
  0.7528220000000E+15   0.1740763839490E-17
  0.8643800000000E+15   0.1524486943749E-17
  0.9924690000000E+15   0.1238602175930E-17
  0.1139540000000E+16   0.9211318581691E-18
  0.1308400000000E+16   0.6186412496583E-18
  0.1502290000000E+16   0.3689794564163E-18
  0.1724910000000E+16   0.1918632914594E-18
  0.1980520000000E+16   0.8514734496437E-19
  0.2274010000000E+16   0.3151315660472E-19
  0.2610990000000E+16   0.9466349213108E-20
  0.2997900000000E+16   0.2237731689051E-20
