mstar = 2 Msun, Rstar = 2.5 Rsun, Tstar = 10000, mdisk = 0.00033934 Msun, Rc = 150 AU, Rin = 0.5 AU, Rout = 250 AU, inclination = 45 degree, powerlaw = -0.5 
         130
  
  0.2997900000000E+11   0.6072170208882E-24
  0.3951060000000E+11   0.1370976406710E-23
  0.5207280000000E+11   0.3100445159314E-23
  0.6862910000000E+11   0.7016852404472E-23
  0.9044930000000E+11   0.1587869025404E-22
  0.1192070000000E+12   0.3589706594324E-22
  0.1571080000000E+12   0.8099521576891E-22
  0.2070600000000E+12   0.1821878393016E-21
  0.2728930000000E+12   0.4079694207719E-21
  0.3596580000000E+12   0.9898607179402E-21
  0.4740100000000E+12   0.2877318516165E-20
  0.6247180000000E+12   0.8277407009271E-20
  0.8233440000000E+12   0.2343740633502E-19
  0.1085120000000E+13   0.6505521561219E-19
  0.1430130000000E+13   0.1755368294390E-18
  0.1884830000000E+13   0.4564831551675E-18
  0.2484100000000E+13   0.1129764544546E-17
  0.3273910000000E+13   0.2605433964865E-17
  0.4314820000000E+13   0.5474537029322E-17
  0.5686700000000E+13   0.1007123690701E-16
  0.7494750000000E+13   0.1536178175092E-16
  0.7682960000000E+13   0.1578072206234E-16
  0.7875890000000E+13   0.1617090735086E-16
  0.8073670000000E+13   0.1652606375517E-16
  0.8276410000000E+13   0.1684496441230E-16
  0.8484250000000E+13   0.1713090580170E-16
  0.8697300000000E+13   0.1742110340375E-16
  0.8915700000000E+13   0.1766568565657E-16
  0.9139590000000E+13   0.1792385064856E-16
  0.9369100000000E+13   0.1814355073084E-16
  0.9604380000000E+13   0.1834705926099E-16
  0.9845560000000E+13   0.1853109186962E-16
  0.1009280000000E+14   0.1866333364493E-16
  0.1034620000000E+14   0.1876518604420E-16
  0.1060610000000E+14   0.1880814631531E-16
  0.1087240000000E+14   0.1885210594088E-16
  0.1114540000000E+14   0.1884468913167E-16
  0.1142530000000E+14   0.1881081609100E-16
  0.1171220000000E+14   0.1874338519633E-16
  0.1200630000000E+14   0.1862189228752E-16
  0.1230780000000E+14   0.1846480082944E-16
  0.1261690000000E+14   0.1825168460225E-16
  0.1293370000000E+14   0.1805032753013E-16
  0.1325850000000E+14   0.1780107972382E-16
  0.1359150000000E+14   0.1752874416306E-16
  0.1393280000000E+14   0.1722640137046E-16
  0.1428260000000E+14   0.1689640400038E-16
  0.1464130000000E+14   0.1657648264046E-16
  0.1500900000000E+14   0.1621242530621E-16
  0.1538590000000E+14   0.1573587352663E-16
  0.1577220000000E+14   0.1523558129681E-16
  0.1616830000000E+14   0.1449446784712E-16
  0.1657430000000E+14   0.1364139176798E-16
  0.1699050000000E+14   0.1274431843757E-16
  0.1741720000000E+14   0.1168736910291E-16
  0.1785460000000E+14   0.1069549334977E-16
  0.1830290000000E+14   0.9668672841393E-17
  0.1876260000000E+14   0.8703926043971E-17
  0.1923370000000E+14   0.7838156156975E-17
  0.1971670000000E+14   0.7048773161844E-17
  0.2021180000000E+14   0.6357490979082E-17
  0.2071940000000E+14   0.5808689053408E-17
  0.2123970000000E+14   0.5305526150822E-17
  0.2177310000000E+14   0.5217003572550E-17
  0.2231980000000E+14   0.5111841403094E-17
  0.2288030000000E+14   0.5107639303471E-17
  0.2345490000000E+14   0.5116886105049E-17
  0.2404390000000E+14   0.5126743510161E-17
  0.2464770000000E+14   0.5158741863884E-17
  0.2526660000000E+14   0.5166901859052E-17
  0.2590110000000E+14   0.5192609218432E-17
  0.2655150000000E+14   0.5201495853127E-17
  0.2721830000000E+14   0.5265259677486E-17
  0.2790180000000E+14   0.5337719368889E-17
  0.2860240000000E+14   0.5373182806214E-17
  0.2932070000000E+14   0.5366104042091E-17
  0.3005700000000E+14   0.5346978327311E-17
  0.3081180000000E+14   0.5233931936355E-17
  0.3158550000000E+14   0.5128785889035E-17
  0.3237870000000E+14   0.4650972557594E-17
  0.3319170000000E+14   0.4089849246345E-17
  0.3402530000000E+14   0.3572316627929E-17
  0.3487970000000E+14   0.3094277277151E-17
  0.3575560000000E+14   0.2645468051730E-17
  0.3665350000000E+14   0.2237592020998E-17
  0.3757390000000E+14   0.1831181414522E-17
  0.3851740000000E+14   0.1565803555043E-17
  0.3948470000000E+14   0.1318147299062E-17
  0.4047620000000E+14   0.1127001201112E-17
  0.4149260000000E+14   0.1056918202575E-17
  0.4253460000000E+14   0.9933356096208E-18
  0.4360270000000E+14   0.9807172149968E-18
  0.4469770000000E+14   0.9694730101207E-18
  0.4582010000000E+14   0.9601427186233E-18
  0.4697070000000E+14   0.9520092966417E-18
  0.4815020000000E+14   0.9430849648127E-18
  0.4935940000000E+14   0.9332729195529E-18
  0.5059890000000E+14   0.9243680924615E-18
  0.5186950000000E+14   0.9173344143621E-18
  0.5317200000000E+14   0.9106778474743E-18
  0.5450730000000E+14   0.9069734528450E-18
  0.6258450000000E+14   0.9058465302478E-18
  0.7185870000000E+14   0.9228984692738E-18
  0.8250720000000E+14   0.9327588344070E-18
  0.9473370000000E+14   0.9316888859976E-18
  0.1087720000000E+15   0.9261412105073E-18
  0.1248910000000E+15   0.9240328600954E-18
  0.1433980000000E+15   0.9316151835272E-18
  0.1646470000000E+15   0.9553834241237E-18
  0.1890460000000E+15   0.1002133839481E-17
  0.2170600000000E+15   0.1073197843874E-17
  0.2492250000000E+15   0.1170268580484E-17
  0.2861570000000E+15   0.1292642349155E-17
  0.3285620000000E+15   0.1434944129374E-17
  0.3772500000000E+15   0.1586469377102E-17
  0.4331540000000E+15   0.1729715682437E-17
  0.4973410000000E+15   0.1841043079207E-17
  0.5710410000000E+15   0.1893935608169E-17
  0.6556610000000E+15   0.1865002696954E-17
  0.7528220000000E+15   0.1740791363066E-17
  0.8643800000000E+15   0.1524522214467E-17
  0.9924690000000E+15   0.1238634732442E-17
  0.1139540000000E+16   0.9211653190973E-18
  0.1308400000000E+16   0.6186623294014E-18
  0.1502290000000E+16   0.3689898459209E-18
  0.1724910000000E+16   0.1918673411011E-18
  0.1980520000000E+16   0.8514924168306E-19
  0.2274010000000E+16   0.3151384237332E-19
  0.2610990000000E+16   0.9466551409863E-20
  0.2997900000000E+16   0.2237778806442E-20
