mstar = 2 Msun, Rstar = 2.5 Rsun, Tstar = 10000, mdisk = 0.0069965 Msun, Rc = 150 AU, Rin = 0.5 AU, Rout = 250 AU, inclination = 45 degree, powerlaw = -0.5 
         130
  
  0.2997900000000E+11   0.8876889940763E-23
  0.3951060000000E+11   0.2022529189010E-22
  0.5207280000000E+11   0.4603133203278E-22
  0.6862910000000E+11   0.1046016697917E-21
  0.9044930000000E+11   0.2371910363657E-21
  0.1192070000000E+12   0.5362977451768E-21
  0.1571080000000E+12   0.1207923159348E-20
  0.2070600000000E+12   0.2706630108812E-20
  0.2728930000000E+12   0.6023050414710E-20
  0.3596580000000E+12   0.1448054665899E-19
  0.4740100000000E+12   0.4151545077258E-19
  0.6247180000000E+12   0.1169905113955E-18
  0.8233440000000E+12   0.3213991611354E-18
  0.1085120000000E+13   0.8534476213644E-18
  0.1430130000000E+13   0.2156557717639E-17
  0.1884830000000E+13   0.5081818195004E-17
  0.2484100000000E+13   0.1082891534567E-16
  0.3273910000000E+13   0.1990396532579E-16
  0.4314820000000E+13   0.2986997692752E-16
  0.5686700000000E+13   0.3483974056349E-16
  0.7494750000000E+13   0.3250102905151E-16
  0.7682960000000E+13   0.3207582532739E-16
  0.7875890000000E+13   0.3162544277358E-16
  0.8073670000000E+13   0.3114966352309E-16
  0.8276410000000E+13   0.3065269184739E-16
  0.8484250000000E+13   0.3014225372268E-16
  0.8697300000000E+13   0.2965828735829E-16
  0.8915700000000E+13   0.2915572261944E-16
  0.9139590000000E+13   0.2869474894746E-16
  0.9369100000000E+13   0.2822752559414E-16
  0.9604380000000E+13   0.2777778560691E-16
  0.9845560000000E+13   0.2734425743106E-16
  0.1009280000000E+14   0.2689649335426E-16
  0.1034620000000E+14   0.2645653228233E-16
  0.1060610000000E+14   0.2599595827981E-16
  0.1087240000000E+14   0.2557606388276E-16
  0.1114540000000E+14   0.2514377469227E-16
  0.1142530000000E+14   0.2472450082754E-16
  0.1171220000000E+14   0.2431085717239E-16
  0.1200630000000E+14   0.2388005887398E-16
  0.1230780000000E+14   0.2345055543354E-16
  0.1261690000000E+14   0.2299799452624E-16
  0.1293370000000E+14   0.2259755625480E-16
  0.1325850000000E+14   0.2218025472986E-16
  0.1359150000000E+14   0.2177263611548E-16
  0.1393280000000E+14   0.2136418982854E-16
  0.1428260000000E+14   0.2095476832760E-16
  0.1464130000000E+14   0.2059030727832E-16
  0.1500900000000E+14   0.2019765739692E-16
  0.1538590000000E+14   0.1967566374409E-16
  0.1577220000000E+14   0.1913573979578E-16
  0.1616830000000E+14   0.1826000744737E-16
  0.1657430000000E+14   0.1721696064902E-16
  0.1699050000000E+14   0.1609913647284E-16
  0.1741720000000E+14   0.1473583674671E-16
  0.1785460000000E+14   0.1345501414500E-16
  0.1830290000000E+14   0.1211423276450E-16
  0.1876260000000E+14   0.1085649214945E-16
  0.1923370000000E+14   0.9734648001772E-17
  0.1971670000000E+14   0.8716729246054E-17
  0.2021180000000E+14   0.7831732225790E-17
  0.2071940000000E+14   0.7136828994764E-17
  0.2123970000000E+14   0.6500434226220E-17
  0.2177310000000E+14   0.6416938382408E-17
  0.2231980000000E+14   0.6319743074817E-17
  0.2288030000000E+14   0.6376949820792E-17
  0.2345490000000E+14   0.6468339531233E-17
  0.2404390000000E+14   0.6570744997350E-17
  0.2464770000000E+14   0.6712690139200E-17
  0.2526660000000E+14   0.6814273612554E-17
  0.2590110000000E+14   0.6935677546275E-17
  0.2655150000000E+14   0.7016656797972E-17
  0.2721830000000E+14   0.7169281266662E-17
  0.2790180000000E+14   0.7316434173254E-17
  0.2860240000000E+14   0.7387044705916E-17
  0.2932070000000E+14   0.7376526837892E-17
  0.3005700000000E+14   0.7335231052019E-17
  0.3081180000000E+14   0.7144410686077E-17
  0.3158550000000E+14   0.6959822567177E-17
  0.3237870000000E+14   0.6228748821180E-17
  0.3319170000000E+14   0.5380688308629E-17
  0.3402530000000E+14   0.4601544074016E-17
  0.3487970000000E+14   0.3885504754084E-17
  0.3575560000000E+14   0.3219490923521E-17
  0.3665350000000E+14   0.2623625235323E-17
  0.3757390000000E+14   0.2050822363189E-17
  0.3851740000000E+14   0.1703447111667E-17
  0.3948470000000E+14   0.1422034837324E-17
  0.4047620000000E+14   0.1242463603258E-17
  0.4149260000000E+14   0.1179985507081E-17
  0.4253460000000E+14   0.1127615170381E-17
  0.4360270000000E+14   0.1112764564385E-17
  0.4469770000000E+14   0.1100204747969E-17
  0.4582010000000E+14   0.1090136293201E-17
  0.4697070000000E+14   0.1081963679681E-17
  0.4815020000000E+14   0.1074310490818E-17
  0.4935940000000E+14   0.1067032345651E-17
  0.5059890000000E+14   0.1061130966794E-17
  0.5186950000000E+14   0.1057026428901E-17
  0.5317200000000E+14   0.1053715366800E-17
  0.5450730000000E+14   0.1052569924028E-17
  0.6258450000000E+14   0.1061376963630E-17
  0.7185870000000E+14   0.1079878200294E-17
  0.8250720000000E+14   0.1086324873803E-17
  0.9473370000000E+14   0.1074999872751E-17
  0.1087720000000E+15   0.1050679097665E-17
  0.1248910000000E+15   0.1023142235384E-17
  0.1433980000000E+15   0.1002208185493E-17
  0.1646470000000E+15   0.9983258382981E-18
  0.1890460000000E+15   0.1021872869283E-17
  0.2170600000000E+15   0.1076208914888E-17
  0.2492250000000E+15   0.1163666546053E-17
  0.2861570000000E+15   0.1282287370285E-17
  0.3285620000000E+15   0.1424662075752E-17
  0.3772500000000E+15   0.1578232969889E-17
  0.4331540000000E+15   0.1723950519243E-17
  0.4973410000000E+15   0.1836950037569E-17
  0.5710410000000E+15   0.1890162975309E-17
  0.6556610000000E+15   0.1860334690882E-17
  0.7528220000000E+15   0.1734082757872E-17
  0.8643800000000E+15   0.1516385880275E-17
  0.9924690000000E+15   0.1231172867275E-17
  0.1139540000000E+16   0.9135107543886E-18
  0.1308400000000E+16   0.6138391692151E-18
  0.1502290000000E+16   0.3666110750678E-18
  0.1724910000000E+16   0.1909393925572E-18
  0.1980520000000E+16   0.8471467923265E-19
  0.2274010000000E+16   0.3135671480160E-19
  0.2610990000000E+16   0.9420220704174E-20
  0.2997900000000E+16   0.2226982106343E-20
