mstar = 2 Msun, Rstar = 2.5 Rsun, Tstar = 10000, mdisk = 0.00067155 Msun, Rc = 150 AU, Rin = 0.5 AU, Rout = 250 AU, inclination = 45 degree, powerlaw = -0.5 
         130
  
  0.2997900000000E+11   0.1090387614003E-23
  0.3951060000000E+11   0.2473289358720E-23
  0.5207280000000E+11   0.5612542384003E-23
  0.6862910000000E+11   0.1273349632381E-22
  0.9044930000000E+11   0.2886290470158E-22
  0.1192070000000E+12   0.6531350895944E-22
  0.1571080000000E+12   0.1474171862537E-21
  0.2070600000000E+12   0.3315015689301E-21
  0.2728930000000E+12   0.7416354639163E-21
  0.3596580000000E+12   0.1796714349660E-20
  0.4740100000000E+12   0.5210599007542E-20
  0.6247180000000E+12   0.1493427990048E-19
  0.8233440000000E+12   0.4205839969607E-19
  0.1085120000000E+13   0.1158519856859E-18
  0.1430130000000E+13   0.3092563601852E-18
  0.1884830000000E+13   0.7921240802362E-18
  0.2484100000000E+13   0.1918850415168E-17
  0.3273910000000E+13   0.4292495557339E-17
  0.4314820000000E+13   0.8636395663339E-17
  0.5686700000000E+13   0.1493639234117E-16
  0.7494750000000E+13   0.2090551960791E-16
  0.7682960000000E+13   0.2128247468219E-16
  0.7875890000000E+13   0.2160913844085E-16
  0.8073670000000E+13   0.2187895133492E-16
  0.8276410000000E+13   0.2209169015412E-16
  0.8484250000000E+13   0.2225239084756E-16
  0.8697300000000E+13   0.2240402110427E-16
  0.8915700000000E+13   0.2249069931884E-16
  0.9139590000000E+13   0.2257872630089E-16
  0.9369100000000E+13   0.2261132835487E-16
  0.9604380000000E+13   0.2261364807858E-16
  0.9845560000000E+13   0.2258296865595E-16
  0.1009280000000E+14   0.2248745948934E-16
  0.1034620000000E+14   0.2235131980247E-16
  0.1060610000000E+14   0.2214820486702E-16
  0.1087240000000E+14   0.2193949557586E-16
  0.1114540000000E+14   0.2167589383566E-16
  0.1142530000000E+14   0.2138386331901E-16
  0.1171220000000E+14   0.2105910120479E-16
  0.1200630000000E+14   0.2068545799466E-16
  0.1230780000000E+14   0.2028286482144E-16
  0.1261690000000E+14   0.1983563251313E-16
  0.1293370000000E+14   0.1940721178534E-16
  0.1325850000000E+14   0.1894637218489E-16
  0.1359150000000E+14   0.1847761827991E-16
  0.1393280000000E+14   0.1799695023303E-16
  0.1428260000000E+14   0.1750825062571E-16
  0.1464130000000E+14   0.1704690366279E-16
  0.1500900000000E+14   0.1656545536780E-16
  0.1538590000000E+14   0.1600023071702E-16
  0.1577220000000E+14   0.1543065561558E-16
  0.1616830000000E+14   0.1464796112111E-16
  0.1657430000000E+14   0.1376716857894E-16
  0.1699050000000E+14   0.1285010062646E-16
  0.1741720000000E+14   0.1178377696403E-16
  0.1785460000000E+14   0.1078428823703E-16
  0.1830290000000E+14   0.9756458907525E-17
  0.1876260000000E+14   0.8793620216146E-17
  0.1923370000000E+14   0.7930175858988E-17
  0.1971670000000E+14   0.7144155104189E-17
  0.2021180000000E+14   0.6454711421835E-17
  0.2071940000000E+14   0.5900947086370E-17
  0.2123970000000E+14   0.5393529550520E-17
  0.2177310000000E+14   0.5269058111177E-17
  0.2231980000000E+14   0.5138699723579E-17
  0.2288030000000E+14   0.5115963154045E-17
  0.2345490000000E+14   0.5121975923397E-17
  0.2404390000000E+14   0.5143897864541E-17
  0.2464770000000E+14   0.5203108936193E-17
  0.2526660000000E+14   0.5246370729484E-17
  0.2590110000000E+14   0.5314863314477E-17
  0.2655150000000E+14   0.5365686343549E-17
  0.2721830000000E+14   0.5477968510547E-17
  0.2790180000000E+14   0.5595896845180E-17
  0.2860240000000E+14   0.5664907873752E-17
  0.2932070000000E+14   0.5678536259156E-17
  0.3005700000000E+14   0.5672506226899E-17
  0.3081180000000E+14   0.5555412684762E-17
  0.3158550000000E+14   0.5443830609891E-17
  0.3237870000000E+14   0.4913079054838E-17
  0.3319170000000E+14   0.4288973990757E-17
  0.3402530000000E+14   0.3714236276001E-17
  0.3487970000000E+14   0.3184836987850E-17
  0.3575560000000E+14   0.2690249824337E-17
  0.3665350000000E+14   0.2245424377280E-17
  0.3757390000000E+14   0.1813255978246E-17
  0.3851740000000E+14   0.1547737113793E-17
  0.3948470000000E+14   0.1322736686383E-17
  0.4047620000000E+14   0.1165538700539E-17
  0.4149260000000E+14   0.1107631338539E-17
  0.4253460000000E+14   0.1055829795541E-17
  0.4360270000000E+14   0.1043072248570E-17
  0.4469770000000E+14   0.1031911274420E-17
  0.4582010000000E+14   0.1022669165966E-17
  0.4697070000000E+14   0.1014742994149E-17
  0.4815020000000E+14   0.1006563713550E-17
  0.4935940000000E+14   0.9979873225764E-18
  0.5059890000000E+14   0.9903066921117E-18
  0.5186950000000E+14   0.9841871792642E-18
  0.5317200000000E+14   0.9784656238405E-18
  0.5450730000000E+14   0.9750474213581E-18
  0.6258450000000E+14   0.9709827443177E-18
  0.7185870000000E+14   0.9792824686644E-18
  0.8250720000000E+14   0.9792725843433E-18
  0.9473370000000E+14   0.9682896550050E-18
  0.1087720000000E+15   0.9531869779777E-18
  0.1248910000000E+15   0.9429031969920E-18
  0.1433980000000E+15   0.9442960855368E-18
  0.1646470000000E+15   0.9636979110085E-18
  0.1890460000000E+15   0.1007396825298E-17
  0.2170600000000E+15   0.1076344623455E-17
  0.2492250000000E+15   0.1172184854196E-17
  0.2861570000000E+15   0.1293963413533E-17
  0.3285620000000E+15   0.1435795838367E-17
  0.3772500000000E+15   0.1586783638422E-17
  0.4331540000000E+15   0.1729651435283E-17
  0.4973410000000E+15   0.1840802330417E-17
  0.5710410000000E+15   0.1893565915588E-17
  0.6556610000000E+15   0.1864466058671E-17
  0.7528220000000E+15   0.1739994121921E-17
  0.8643800000000E+15   0.1523550606803E-17
  0.9924690000000E+15   0.1237743030580E-17
  0.1139540000000E+16   0.9202496214681E-18
  0.1308400000000E+16   0.6180854751519E-18
  0.1502290000000E+16   0.3687055127473E-18
  0.1724910000000E+16   0.1917565029139E-18
  0.1980520000000E+16   0.8509732953276E-19
  0.2274010000000E+16   0.3149507313523E-19
  0.2610990000000E+16   0.9461017328709E-20
  0.2997900000000E+16   0.2236489208540E-20
