mstar = 2 Msun, Rstar = 2.5 Rsun, Tstar = 10000, mdisk = 0.0013575 Msun, Rc = 150 AU, Rin = 0.5 AU, Rout = 250 AU, inclination = 45 degree, powerlaw = -0.5 
         130
  
  0.2997900000000E+11   0.2036274355510E-23
  0.3951060000000E+11   0.4630823884758E-23
  0.5207280000000E+11   0.1052813571176E-22
  0.6862910000000E+11   0.2391578598618E-22
  0.9044930000000E+11   0.5424965179967E-22
  0.1192070000000E+12   0.1227938045981E-21
  0.1571080000000E+12   0.2771029631848E-21
  0.2070600000000E+12   0.6227191680304E-21
  0.2728930000000E+12   0.1391486082000E-20
  0.3596580000000E+12   0.3365110646555E-20
  0.4740100000000E+12   0.9733647774746E-20
  0.6247180000000E+12   0.2778883877447E-19
  0.8233440000000E+12   0.7781894983571E-19
  0.1085120000000E+13   0.2126310756467E-18
  0.1430130000000E+13   0.5610445503970E-18
  0.1884830000000E+13   0.1412981885542E-17
  0.2484100000000E+13   0.3338582132916E-17
  0.3273910000000E+13   0.7195537343988E-17
  0.4314820000000E+13   0.1368383470057E-16
  0.5686700000000E+13   0.2174499698976E-16
  0.7494750000000E+13   0.2703197712269E-16
  0.7682960000000E+13   0.2718927027590E-16
  0.7875890000000E+13   0.2727350457413E-16
  0.8073670000000E+13   0.2728074641060E-16
  0.8276410000000E+13   0.2721400663330E-16
  0.8484250000000E+13   0.2708152885474E-16
  0.8697300000000E+13   0.2692802916373E-16
  0.8915700000000E+13   0.2670149200464E-16
  0.9139590000000E+13   0.2646798409991E-16
  0.9369100000000E+13   0.2617636882570E-16
  0.9604380000000E+13   0.2585333305042E-16
  0.9845560000000E+13   0.2549943633608E-16
  0.1009280000000E+14   0.2508955690293E-16
  0.1034620000000E+14   0.2464919525424E-16
  0.1060610000000E+14   0.2415829412970E-16
  0.1087240000000E+14   0.2367458083806E-16
  0.1114540000000E+14   0.2315742227276E-16
  0.1142530000000E+14   0.2263286667565E-16
  0.1171220000000E+14   0.2209963550751E-16
  0.1200630000000E+14   0.2154503278315E-16
  0.1230780000000E+14   0.2098802385308E-16
  0.1261690000000E+14   0.2041456963671E-16
  0.1293370000000E+14   0.1988405757560E-16
  0.1325850000000E+14   0.1934834575522E-16
  0.1359150000000E+14   0.1882972860142E-16
  0.1393280000000E+14   0.1832274768187E-16
  0.1428260000000E+14   0.1782896503935E-16
  0.1464130000000E+14   0.1738333940732E-16
  0.1500900000000E+14   0.1693287865857E-16
  0.1538590000000E+14   0.1640168995683E-16
  0.1577220000000E+14   0.1587138987931E-16
  0.1616830000000E+14   0.1510020086870E-16
  0.1657430000000E+14   0.1421204160111E-16
  0.1699050000000E+14   0.1327556516701E-16
  0.1741720000000E+14   0.1216084327393E-16
  0.1785460000000E+14   0.1111615981660E-16
  0.1830290000000E+14   0.1003388367911E-16
  0.1876260000000E+14   0.9021581680998E-17
  0.1923370000000E+14   0.8117964679396E-17
  0.1971670000000E+14   0.7298234797429E-17
  0.2021180000000E+14   0.6582985897806E-17
  0.2071940000000E+14   0.6013554955570E-17
  0.2123970000000E+14   0.5492084783007E-17
  0.2177310000000E+14   0.5385753501382E-17
  0.2231980000000E+14   0.5276715144880E-17
  0.2288030000000E+14   0.5292579546340E-17
  0.2345490000000E+14   0.5344363668073E-17
  0.2404390000000E+14   0.5414171381525E-17
  0.2464770000000E+14   0.5523947168576E-17
  0.2526660000000E+14   0.5608990959709E-17
  0.2590110000000E+14   0.5715922340355E-17
  0.2655150000000E+14   0.5794795807995E-17
  0.2721830000000E+14   0.5936346876733E-17
  0.2790180000000E+14   0.6076824505203E-17
  0.2860240000000E+14   0.6156327121458E-17
  0.2932070000000E+14   0.6169962544461E-17
  0.3005700000000E+14   0.6158934499667E-17
  0.3081180000000E+14   0.6023160208468E-17
  0.3158550000000E+14   0.5892501531939E-17
  0.3237870000000E+14   0.5300303381278E-17
  0.3319170000000E+14   0.4606667109413E-17
  0.3402530000000E+14   0.3967768204487E-17
  0.3487970000000E+14   0.3379023872297E-17
  0.3575560000000E+14   0.2828874060401E-17
  0.3665350000000E+14   0.2334145339964E-17
  0.3757390000000E+14   0.1854506541768E-17
  0.3851740000000E+14   0.1563095081863E-17
  0.3948470000000E+14   0.1323246156270E-17
  0.4047620000000E+14   0.1166719506247E-17
  0.4149260000000E+14   0.1112332666957E-17
  0.4253460000000E+14   0.1065520898485E-17
  0.4360270000000E+14   0.1053584769472E-17
  0.4469770000000E+14   0.1043409832954E-17
  0.4582010000000E+14   0.1035220209147E-17
  0.4697070000000E+14   0.1028456097657E-17
  0.4815020000000E+14   0.1021733683929E-17
  0.4935940000000E+14   0.1014896833488E-17
  0.5059890000000E+14   0.1009007555218E-17
  0.5186950000000E+14   0.1004578833723E-17
  0.5317200000000E+14   0.1000597343640E-17
  0.5450730000000E+14   0.9986229141300E-18
  0.6258450000000E+14   0.1000555472769E-17
  0.7185870000000E+14   0.1011996322497E-17
  0.8250720000000E+14   0.1013647576182E-17
  0.9473370000000E+14   0.1002101242111E-17
  0.1087720000000E+15   0.9836129983089E-18
  0.1248910000000E+15   0.9674935298149E-18
  0.1433980000000E+15   0.9616499266262E-18
  0.1646470000000E+15   0.9738985505648E-18
  0.1890460000000E+15   0.1011987311970E-17
  0.2170600000000E+15   0.1077523536706E-17
  0.2492250000000E+15   0.1171804508324E-17
  0.2861570000000E+15   0.1292967938146E-17
  0.3285620000000E+15   0.1434617294110E-17
  0.3772500000000E+15   0.1585780005408E-17
  0.4331540000000E+15   0.1728932976662E-17
  0.4973410000000E+15   0.1840219633532E-17
  0.5710410000000E+15   0.1892935461856E-17
  0.6556610000000E+15   0.1863635779975E-17
  0.7528220000000E+15   0.1738787460224E-17
  0.8643800000000E+15   0.1522085524728E-17
  0.9924690000000E+15   0.1236399154683E-17
  0.1139540000000E+16   0.9188701337149E-18
  0.1308400000000E+16   0.6172163888367E-18
  0.1502290000000E+16   0.3682770506763E-18
  0.1724910000000E+16   0.1915894402621E-18
  0.1980520000000E+16   0.8501908724427E-19
  0.2274010000000E+16   0.3146678353308E-19
  0.2610990000000E+16   0.9452676067696E-20
  0.2997900000000E+16   0.2234545437829E-20
