mstar = 2 Msun, Rstar = 2.5 Rsun, Tstar = 10000, mdisk = 0.0073781 Msun, Rc = 150 AU, Rin = 0.5 AU, Rout = 250 AU, inclination = 45 degree, powerlaw = -0.5 
         130
  
  0.2997900000000E+11   0.9316436571573E-23
  0.3951060000000E+11   0.2122703516782E-22
  0.5207280000000E+11   0.4831109400806E-22
  0.6862910000000E+11   0.1097801593153E-21
  0.9044930000000E+11   0.2489246216621E-21
  0.1192070000000E+12   0.5627960216808E-21
  0.1571080000000E+12   0.1267502651462E-20
  0.2070600000000E+12   0.2839808436705E-20
  0.2728930000000E+12   0.6318428531558E-20
  0.3596580000000E+12   0.1518729326675E-19
  0.4740100000000E+12   0.4352599091812E-19
  0.6247180000000E+12   0.1225888739991E-18
  0.8233440000000E+12   0.3364947905827E-18
  0.1085120000000E+13   0.8923542323571E-18
  0.1430130000000E+13   0.2250200039226E-17
  0.1884830000000E+13   0.5285007992006E-17
  0.2484100000000E+13   0.1120327668221E-16
  0.3273910000000E+13   0.2042917727276E-16
  0.4314820000000E+13   0.3032395520128E-16
  0.5686700000000E+13   0.3496867574565E-16
  0.7494750000000E+13   0.3245397290911E-16
  0.7682960000000E+13   0.3202824262215E-16
  0.7875890000000E+13   0.3157902085197E-16
  0.8073670000000E+13   0.3110571216363E-16
  0.8276410000000E+13   0.3061218305059E-16
  0.8484250000000E+13   0.3010589004365E-16
  0.8697300000000E+13   0.2962678243645E-16
  0.8915700000000E+13   0.2912921000171E-16
  0.9139590000000E+13   0.2867357406025E-16
  0.9369100000000E+13   0.2821146547018E-16
  0.9604380000000E+13   0.2776662952564E-16
  0.9845560000000E+13   0.2733764324002E-16
  0.1009280000000E+14   0.2689375828637E-16
  0.1034620000000E+14   0.2645711832437E-16
  0.1060610000000E+14   0.2599913947346E-16
  0.1087240000000E+14   0.2558146990612E-16
  0.1114540000000E+14   0.2515080887372E-16
  0.1142530000000E+14   0.2473271800019E-16
  0.1171220000000E+14   0.2431985113086E-16
  0.1200630000000E+14   0.2388940796358E-16
  0.1230780000000E+14   0.2345996928370E-16
  0.1261690000000E+14   0.2300715926300E-16
  0.1293370000000E+14   0.2260642557437E-16
  0.1325850000000E+14   0.2218864662254E-16
  0.1359150000000E+14   0.2178045608180E-16
  0.1393280000000E+14   0.2137136260189E-16
  0.1428260000000E+14   0.2096123916842E-16
  0.1464130000000E+14   0.2059612142482E-16
  0.1500900000000E+14   0.2020269260608E-16
  0.1538590000000E+14   0.1967957611698E-16
  0.1577220000000E+14   0.1913845499945E-16
  0.1616830000000E+14   0.1826075180927E-16
  0.1657430000000E+14   0.1721546079745E-16
  0.1699050000000E+14   0.1609541505035E-16
  0.1741720000000E+14   0.1472973445108E-16
  0.1785460000000E+14   0.1344702003606E-16
  0.1830290000000E+14   0.1210467098065E-16
  0.1876260000000E+14   0.1084577073319E-16
  0.1923370000000E+14   0.9723247856631E-17
  0.1971670000000E+14   0.8705026052498E-17
  0.2021180000000E+14   0.7820157377169E-17
  0.2071940000000E+14   0.7125727027853E-17
  0.2123970000000E+14   0.6490009664194E-17
  0.2177310000000E+14   0.6407333182377E-17
  0.2231980000000E+14   0.6310912475430E-17
  0.2288030000000E+14   0.6368732420268E-17
  0.2345490000000E+14   0.6460540055858E-17
  0.2404390000000E+14   0.6563216103359E-17
  0.2464770000000E+14   0.6705225410883E-17
  0.2526660000000E+14   0.6806656121263E-17
  0.2590110000000E+14   0.6927735928459E-17
  0.2655150000000E+14   0.7008500606556E-17
  0.2721830000000E+14   0.7160887457991E-17
  0.2790180000000E+14   0.7307931308481E-17
  0.2860240000000E+14   0.7378609763529E-17
  0.2932070000000E+14   0.7368327772128E-17
  0.3005700000000E+14   0.7327347993261E-17
  0.3081180000000E+14   0.7137446472058E-17
  0.3158550000000E+14   0.6953878863827E-17
  0.3237870000000E+14   0.6225800176647E-17
  0.3319170000000E+14   0.5380451673866E-17
  0.3402530000000E+14   0.4603600145027E-17
  0.3487970000000E+14   0.3889774131348E-17
  0.3575560000000E+14   0.3225119046759E-17
  0.3665350000000E+14   0.2629910680808E-17
  0.3757390000000E+14   0.2057032911544E-17
  0.3851740000000E+14   0.1708334646700E-17
  0.3948470000000E+14   0.1424766813763E-17
  0.4047620000000E+14   0.1243602717841E-17
  0.4149260000000E+14   0.1180587562636E-17
  0.4253460000000E+14   0.1127738713501E-17
  0.4360270000000E+14   0.1112671265332E-17
  0.4469770000000E+14   0.1099880296094E-17
  0.4582010000000E+14   0.1089576314205E-17
  0.4697070000000E+14   0.1081164878836E-17
  0.4815020000000E+14   0.1073264553777E-17
  0.4935940000000E+14   0.1065735641721E-17
  0.5059890000000E+14   0.1059590341847E-17
  0.5186950000000E+14   0.1055253510758E-17
  0.5317200000000E+14   0.1051717996598E-17
  0.5450730000000E+14   0.1050364451951E-17
  0.6258450000000E+14   0.1058270567955E-17
  0.7185870000000E+14   0.1076303260926E-17
  0.8250720000000E+14   0.1082662498794E-17
  0.9473370000000E+14   0.1071535988227E-17
  0.1087720000000E+15   0.1047596745364E-17
  0.1248910000000E+15   0.1020507305069E-17
  0.1433980000000E+15   0.9999724328650E-18
  0.1646470000000E+15   0.9963606236697E-18
  0.1890460000000E+15   0.1020035724409E-17
  0.2170600000000E+15   0.1074443977363E-17
  0.2492250000000E+15   0.1162027001218E-17
  0.2861570000000E+15   0.1280891931573E-17
  0.3285620000000E+15   0.1423623574317E-17
  0.3772500000000E+15   0.1577583964619E-17
  0.4331540000000E+15   0.1723612382259E-17
  0.4973410000000E+15   0.1836783312163E-17
  0.5710410000000E+15   0.1890049183632E-17
  0.6556610000000E+15   0.1860207376289E-17
  0.7528220000000E+15   0.1733902615033E-17
  0.8643800000000E+15   0.1516167935373E-17
  0.9924690000000E+15   0.1230973102052E-17
  0.1139540000000E+16   0.9133060784382E-18
  0.1308400000000E+16   0.6137101684846E-18
  0.1502290000000E+16   0.3665474077759E-18
  0.1724910000000E+16   0.1909145355361E-18
  0.1980520000000E+16   0.8470304018431E-19
  0.2274010000000E+16   0.3135250613968E-19
  0.2610990000000E+16   0.9418979677397E-20
  0.2997900000000E+16   0.2226692892658E-20
