mstar = 2 Msun, Rstar = 2.5 Rsun, Tstar = 10000, mdisk = 0.0034556 Msun, Rc = 150 AU, Rin = 0.5 AU, Rout = 250 AU, inclination = 45 degree, powerlaw = -0.5 
         130
  
  0.2997900000000E+11   0.4709654460276E-23
  0.3951060000000E+11   0.1072672367753E-22
  0.5207280000000E+11   0.2441068107833E-22
  0.6862910000000E+11   0.5547868191385E-22
  0.9044930000000E+11   0.1258518316144E-21
  0.1192070000000E+12   0.2847528165574E-21
  0.1571080000000E+12   0.6420282066774E-21
  0.2070600000000E+12   0.1440741942297E-20
  0.2728930000000E+12   0.3212627328297E-20
  0.3596580000000E+12   0.7746154824848E-20
  0.4740100000000E+12   0.2230745306767E-19
  0.6247180000000E+12   0.6327800290673E-19
  0.8233440000000E+12   0.1755554898297E-18
  0.1085120000000E+13   0.4731698608672E-18
  0.1430130000000E+13   0.1223387185659E-17
  0.1884830000000E+13   0.2987860081048E-17
  0.2484100000000E+13   0.6733848956751E-17
  0.3273910000000E+13   0.1348868228348E-16
  0.4314820000000E+13   0.2291722568092E-16
  0.5686700000000E+13   0.3095793159093E-16
  0.7494750000000E+13   0.3182360855493E-16
  0.7682960000000E+13   0.3150589206116E-16
  0.7875890000000E+13   0.3112853614337E-16
  0.8073670000000E+13   0.3069382115959E-16
  0.8276410000000E+13   0.3020928357809E-16
  0.8484250000000E+13   0.2968605997083E-16
  0.8697300000000E+13   0.2916513845619E-16
  0.8915700000000E+13   0.2860713818807E-16
  0.9139590000000E+13   0.2807081222583E-16
  0.9369100000000E+13   0.2751596479978E-16
  0.9604380000000E+13   0.2696763289035E-16
  0.9845560000000E+13   0.2642817314127E-16
  0.1009280000000E+14   0.2587473107641E-16
  0.1034620000000E+14   0.2532977067674E-16
  0.1060610000000E+14   0.2477149928654E-16
  0.1087240000000E+14   0.2425510396482E-16
  0.1114540000000E+14   0.2373668522156E-16
  0.1142530000000E+14   0.2323945647209E-16
  0.1171220000000E+14   0.2275802712699E-16
  0.1200630000000E+14   0.2227287346669E-16
  0.1230780000000E+14   0.2180000709231E-16
  0.1261690000000E+14   0.2131752286391E-16
  0.1293370000000E+14   0.2089159377894E-16
  0.1325850000000E+14   0.2046031975939E-16
  0.1359150000000E+14   0.2004650966639E-16
  0.1393280000000E+14   0.1963979383408E-16
  0.1428260000000E+14   0.1923904923950E-16
  0.1464130000000E+14   0.1888521455313E-16
  0.1500900000000E+14   0.1851080831166E-16
  0.1538590000000E+14   0.1802195944545E-16
  0.1577220000000E+14   0.1751968213209E-16
  0.1616830000000E+14   0.1671097344070E-16
  0.1657430000000E+14   0.1575001125791E-16
  0.1699050000000E+14   0.1472173850329E-16
  0.1741720000000E+14   0.1346958314549E-16
  0.1785460000000E+14   0.1229473059812E-16
  0.1830290000000E+14   0.1106671822482E-16
  0.1876260000000E+14   0.9916587959114E-17
  0.1923370000000E+14   0.8892206047804E-17
  0.1971670000000E+14   0.7964071051936E-17
  0.2021180000000E+14   0.7158106714589E-17
  0.2071940000000E+14   0.6525383194522E-17
  0.2123970000000E+14   0.5946343103725E-17
  0.2177310000000E+14   0.5868448166780E-17
  0.2231980000000E+14   0.5780124224846E-17
  0.2288030000000E+14   0.5834428672093E-17
  0.2345490000000E+14   0.5922040571839E-17
  0.2404390000000E+14   0.6021414873158E-17
  0.2464770000000E+14   0.6158345852433E-17
  0.2526660000000E+14   0.6259012790576E-17
  0.2590110000000E+14   0.6378574307545E-17
  0.2655150000000E+14   0.6461296453263E-17
  0.2721830000000E+14   0.6610983083995E-17
  0.2790180000000E+14   0.6756104072211E-17
  0.2860240000000E+14   0.6830550361198E-17
  0.2932070000000E+14   0.6830042246262E-17
  0.3005700000000E+14   0.6801257846978E-17
  0.3081180000000E+14   0.6633936218796E-17
  0.3158550000000E+14   0.6472397908371E-17
  0.3237870000000E+14   0.5802733454482E-17
  0.3319170000000E+14   0.5023366932542E-17
  0.3402530000000E+14   0.4306750949223E-17
  0.3487970000000E+14   0.3647884861008E-17
  0.3575560000000E+14   0.3033820113971E-17
  0.3665350000000E+14   0.2482719051087E-17
  0.3757390000000E+14   0.1950957975735E-17
  0.3851740000000E+14   0.1629351669561E-17
  0.3948470000000E+14   0.1367899409923E-17
  0.4047620000000E+14   0.1200122977324E-17
  0.4149260000000E+14   0.1142649736320E-17
  0.4253460000000E+14   0.1094069010564E-17
  0.4360270000000E+14   0.1081645954042E-17
  0.4469770000000E+14   0.1071171307181E-17
  0.4582010000000E+14   0.1062858872174E-17
  0.4697070000000E+14   0.1056136721108E-17
  0.4815020000000E+14   0.1049632736945E-17
  0.4935940000000E+14   0.1043203650303E-17
  0.5059890000000E+14   0.1037880795398E-17
  0.5186950000000E+14   0.1034126668806E-17
  0.5317200000000E+14   0.1030941916727E-17
  0.5450730000000E+14   0.1029779736799E-17
  0.6258450000000E+14   0.1036424296075E-17
  0.7185870000000E+14   0.1051301802282E-17
  0.8250720000000E+14   0.1054337915637E-17
  0.9473370000000E+14   0.1041367243363E-17
  0.1087720000000E+15   0.1018286210627E-17
  0.1248910000000E+15   0.9950982750396E-18
  0.1433980000000E+15   0.9810722825133E-18
  0.1646470000000E+15   0.9854354911844E-18
  0.1890460000000E+15   0.1016885510868E-17
  0.2170600000000E+15   0.1077314520542E-17
  0.2492250000000E+15   0.1168256721207E-17
  0.2861570000000E+15   0.1288051283446E-17
  0.3285620000000E+15   0.1430018955396E-17
  0.3772500000000E+15   0.1582302267762E-17
  0.4331540000000E+15   0.1726571569097E-17
  0.4973410000000E+15   0.1838596291990E-17
  0.5710410000000E+15   0.1891544733687E-17
  0.6556610000000E+15   0.1862009071207E-17
  0.7528220000000E+15   0.1736492652217E-17
  0.8643800000000E+15   0.1519311165441E-17
  0.9924690000000E+15   0.1233855613968E-17
  0.1139540000000E+16   0.9162608301213E-18
  0.1308400000000E+16   0.6155722906952E-18
  0.1502290000000E+16   0.3674662188133E-18
  0.1724910000000E+16   0.1912731536330E-18
  0.1980520000000E+16   0.8487096759898E-19
  0.2274010000000E+16   0.3141322714099E-19
  0.2610990000000E+16   0.9436884450215E-20
  0.2997900000000E+16   0.2230865437805E-20
