mstar = 2 Msun, Rstar = 2.5 Rsun, Tstar = 10000, mdisk = 0.0060483 Msun, Rc = 150 AU, Rin = 0.5 AU, Rout = 250 AU, inclination = 45 degree, powerlaw = -0.5 
         130
  
  0.2997900000000E+11   0.7792288779088E-23
  0.3951060000000E+11   0.1775348778089E-22
  0.5207280000000E+11   0.4040614014310E-22
  0.6862910000000E+11   0.9182440606545E-22
  0.9044930000000E+11   0.2082410566425E-21
  0.1192070000000E+12   0.4709225319062E-21
  0.1571080000000E+12   0.1060940998614E-20
  0.2070600000000E+12   0.2378106327187E-20
  0.2728930000000E+12   0.5294487954361E-20
  0.3596580000000E+12   0.1273751432102E-19
  0.4740100000000E+12   0.3655684688871E-19
  0.6247180000000E+12   0.1031792926880E-18
  0.8233440000000E+12   0.2841282773020E-18
  0.1085120000000E+13   0.7572136700830E-18
  0.1430130000000E+13   0.1924173296330E-17
  0.1884830000000E+13   0.4574343563266E-17
  0.2484100000000E+13   0.9882584642400E-17
  0.3273910000000E+13   0.1854578567376E-16
  0.4314820000000E+13   0.2864089004640E-16
  0.5686700000000E+13   0.3441869530163E-16
  0.7494750000000E+13   0.3248604553394E-16
  0.7682960000000E+13   0.3205074331889E-16
  0.7875890000000E+13   0.3158458639665E-16
  0.8073670000000E+13   0.3108846494504E-16
  0.8276410000000E+13   0.3056765381236E-16
  0.8484250000000E+13   0.3003081392758E-16
  0.8697300000000E+13   0.2951778682919E-16
  0.8915700000000E+13   0.2898555558563E-16
  0.9139590000000E+13   0.2849342996634E-16
  0.9369100000000E+13   0.2799572592577E-16
  0.9604380000000E+13   0.2751614612350E-16
  0.9845560000000E+13   0.2705404812060E-16
  0.1009280000000E+14   0.2658035300057E-16
  0.1034620000000E+14   0.2611676615997E-16
  0.1060610000000E+14   0.2563585525822E-16
  0.1087240000000E+14   0.2519734982408E-16
  0.1114540000000E+14   0.2474959678523E-16
  0.1142530000000E+14   0.2431726153593E-16
  0.1171220000000E+14   0.2389304484843E-16
  0.1200630000000E+14   0.2345447554763E-16
  0.1230780000000E+14   0.2301938180009E-16
  0.1261690000000E+14   0.2256368737945E-16
  0.1293370000000E+14   0.2216084758438E-16
  0.1325850000000E+14   0.2174308021610E-16
  0.1359150000000E+14   0.2133623138268E-16
  0.1393280000000E+14   0.2092984830173E-16
  0.1428260000000E+14   0.2052363920298E-16
  0.1464130000000E+14   0.2016258991740E-16
  0.1500900000000E+14   0.1977479508342E-16
  0.1538590000000E+14   0.1926072303861E-16
  0.1577220000000E+14   0.1872974939799E-16
  0.1616830000000E+14   0.1786933605290E-16
  0.1657430000000E+14   0.1684509909312E-16
  0.1699050000000E+14   0.1574800606945E-16
  0.1741720000000E+14   0.1441048507200E-16
  0.1785460000000E+14   0.1315468422441E-16
  0.1830290000000E+14   0.1184064159083E-16
  0.1876260000000E+14   0.1060856984163E-16
  0.1923370000000E+14   0.9510332087747E-17
  0.1971670000000E+14   0.8514428326575E-17
  0.2021180000000E+14   0.7649254320547E-17
  0.2071940000000E+14   0.6970717347961E-17
  0.2123970000000E+14   0.6349664955663E-17
  0.2177310000000E+14   0.6270688916921E-17
  0.2231980000000E+14   0.6178492974638E-17
  0.2288030000000E+14   0.6238037373939E-17
  0.2345490000000E+14   0.6331344282331E-17
  0.2404390000000E+14   0.6435686501433E-17
  0.2464770000000E+14   0.6579056696128E-17
  0.2526660000000E+14   0.6682856092157E-17
  0.2590110000000E+14   0.6806125529551E-17
  0.2655150000000E+14   0.6889899472940E-17
  0.2721830000000E+14   0.7044534265830E-17
  0.2790180000000E+14   0.7194122364098E-17
  0.2860240000000E+14   0.7268457004454E-17
  0.2932070000000E+14   0.7262903453300E-17
  0.3005700000000E+14   0.7227067371487E-17
  0.3081180000000E+14   0.7043704432967E-17
  0.3158550000000E+14   0.6866385362428E-17
  0.3237870000000E+14   0.6149167014977E-17
  0.3319170000000E+14   0.5315657657074E-17
  0.3402530000000E+14   0.4549656595924E-17
  0.3487970000000E+14   0.3845545545723E-17
  0.3575560000000E+14   0.3189726374867E-17
  0.3665350000000E+14   0.2601924323555E-17
  0.3757390000000E+14   0.2035351939213E-17
  0.3851740000000E+14   0.1691117231541E-17
  0.3948470000000E+14   0.1411962344086E-17
  0.4047620000000E+14   0.1233972718504E-17
  0.4149260000000E+14   0.1172562164042E-17
  0.4253460000000E+14   0.1121087387091E-17
  0.4360270000000E+14   0.1106963665889E-17
  0.4469770000000E+14   0.1095039492053E-17
  0.4582010000000E+14   0.1085522556728E-17
  0.4697070000000E+14   0.1077823276028E-17
  0.4815020000000E+14   0.1070567914288E-17
  0.4935940000000E+14   0.1063614937550E-17
  0.5059890000000E+14   0.1057970747488E-17
  0.5186950000000E+14   0.1054060579287E-17
  0.5317200000000E+14   0.1050884758301E-17
  0.5450730000000E+14   0.1049825603932E-17
  0.6258450000000E+14   0.1058396835354E-17
  0.7185870000000E+14   0.1075936186787E-17
  0.8250720000000E+14   0.1081230328342E-17
  0.9473370000000E+14   0.1069032901383E-17
  0.1087720000000E+15   0.1044482918522E-17
  0.1248910000000E+15   0.1017535243692E-17
  0.1433980000000E+15   0.9979532410645E-18
  0.1646470000000E+15   0.9958744617465E-18
  0.1890460000000E+15   0.1021196684385E-17
  0.2170600000000E+15   0.1076871617783E-17
  0.2492250000000E+15   0.1165058141123E-17
  0.2861570000000E+15   0.1283875911352E-17
  0.3285620000000E+15   0.1426065193778E-17
  0.3772500000000E+15   0.1579235899358E-17
  0.4331540000000E+15   0.1724545410875E-17
  0.4973410000000E+15   0.1837294177998E-17
  0.5710410000000E+15   0.1890442418338E-17
  0.6556610000000E+15   0.1860674745999E-17
  0.7528220000000E+15   0.1734573974717E-17
  0.8643800000000E+15   0.1516982367436E-17
  0.9924690000000E+15   0.1231719868183E-17
  0.1139540000000E+16   0.9140713003484E-18
  0.1308400000000E+16   0.6141924563902E-18
  0.1502290000000E+16   0.3667854253495E-18
  0.1724910000000E+16   0.1910074569673E-18
  0.1980520000000E+16   0.8474655013276E-19
  0.2274010000000E+16   0.3136823920155E-19
  0.2610990000000E+16   0.9423618939286E-20
  0.2997900000000E+16   0.2227774041440E-20
