mstar = 2 Msun, Rstar = 2.5 Rsun, Tstar = 10000, mdisk = 0.0049526 Msun, Rc = 150 AU, Rin = 0.5 AU, Rout = 250 AU, inclination = 45 degree, powerlaw = -0.5 
         130
  
  0.2997900000000E+11   0.6498588606457E-23
  0.3951060000000E+11   0.1480467611798E-22
  0.5207280000000E+11   0.3369398486207E-22
  0.6862910000000E+11   0.7657391815673E-22
  0.9044930000000E+11   0.1736746100281E-21
  0.1192070000000E+12   0.3928258796173E-21
  0.1571080000000E+12   0.8852432635932E-21
  0.2070600000000E+12   0.1985060225990E-20
  0.2728930000000E+12   0.4421831552547E-20
  0.3596580000000E+12   0.1064632541304E-19
  0.4740100000000E+12   0.3059231154409E-19
  0.6247180000000E+12   0.8650163793681E-19
  0.8233440000000E+12   0.2388558176788E-18
  0.1085120000000E+13   0.6392464551383E-18
  0.1430130000000E+13   0.1635086927761E-17
  0.1884830000000E+13   0.3927465287098E-17
  0.2484100000000E+13   0.8624705055293E-17
  0.3273910000000E+13   0.1659797652612E-16
  0.4314820000000E+13   0.2657775798482E-16
  0.5686700000000E+13   0.3330137441054E-16
  0.7494750000000E+13   0.3221276340367E-16
  0.7682960000000E+13   0.3179632778104E-16
  0.7875890000000E+13   0.3133959069267E-16
  0.8073670000000E+13   0.3084453643176E-16
  0.8276410000000E+13   0.3031765544735E-16
  0.8484250000000E+13   0.2976870409160E-16
  0.8697300000000E+13   0.2923745215040E-16
  0.8915700000000E+13   0.2868340935826E-16
  0.9139590000000E+13   0.2816481883661E-16
  0.9369100000000E+13   0.2763895226941E-16
  0.9604380000000E+13   0.2712966468472E-16
  0.9845560000000E+13   0.2663739981928E-16
  0.1009280000000E+14   0.2613539031561E-16
  0.1034620000000E+14   0.2564516112479E-16
  0.1060610000000E+14   0.2514106026948E-16
  0.1087240000000E+14   0.2468068711621E-16
  0.1114540000000E+14   0.2421494741475E-16
  0.1142530000000E+14   0.2376760985973E-16
  0.1171220000000E+14   0.2333171222225E-16
  0.1200630000000E+14   0.2288545066581E-16
  0.1230780000000E+14   0.2244576438527E-16
  0.1261690000000E+14   0.2198906748770E-16
  0.1293370000000E+14   0.2158630747690E-16
  0.1325850000000E+14   0.2117146715773E-16
  0.1359150000000E+14   0.2076932646840E-16
  0.1393280000000E+14   0.2036938384318E-16
  0.1428260000000E+14   0.1997106926862E-16
  0.1464130000000E+14   0.1961806597767E-16
  0.1500900000000E+14   0.1923990934405E-16
  0.1538590000000E+14   0.1873915279629E-16
  0.1577220000000E+14   0.1822241446051E-16
  0.1616830000000E+14   0.1738403885986E-16
  0.1657430000000E+14   0.1638583419923E-16
  0.1699050000000E+14   0.1531675004811E-16
  0.1741720000000E+14   0.1401307939048E-16
  0.1785460000000E+14   0.1278960263241E-16
  0.1830290000000E+14   0.1150981657584E-16
  0.1876260000000E+14   0.1031077906221E-16
  0.1923370000000E+14   0.9242803551554E-17
  0.1971670000000E+14   0.8275126974197E-17
  0.2021180000000E+14   0.7435184468783E-17
  0.2071940000000E+14   0.6776932577958E-17
  0.2123970000000E+14   0.6174760422122E-17
  0.2177310000000E+14   0.6099150551721E-17
  0.2231980000000E+14   0.6011198435308E-17
  0.2288030000000E+14   0.6071331364737E-17
  0.2345490000000E+14   0.6164939613109E-17
  0.2404390000000E+14   0.6269783559986E-17
  0.2464770000000E+14   0.6413110003335E-17
  0.2526660000000E+14   0.6518001192160E-17
  0.2590110000000E+14   0.6642264620096E-17
  0.2655150000000E+14   0.6727882574883E-17
  0.2721830000000E+14   0.6882779646576E-17
  0.2790180000000E+14   0.7032888492218E-17
  0.2860240000000E+14   0.7109300722329E-17
  0.2932070000000E+14   0.7107493020636E-17
  0.3005700000000E+14   0.7075864250213E-17
  0.3081180000000E+14   0.6899901099571E-17
  0.3158550000000E+14   0.6729772327600E-17
  0.3237870000000E+14   0.6030908235694E-17
  0.3319170000000E+14   0.5217209167416E-17
  0.3402530000000E+14   0.4469043365465E-17
  0.3487970000000E+14   0.3780848464411E-17
  0.3575560000000E+14   0.3139595242530E-17
  0.3665350000000E+14   0.2564492766673E-17
  0.3757390000000E+14   0.2009500849350E-17
  0.3851740000000E+14   0.1672566181683E-17
  0.3948470000000E+14   0.1398801684944E-17
  0.4047620000000E+14   0.1223827019934E-17
  0.4149260000000E+14   0.1163447860712E-17
  0.4253460000000E+14   0.1112665754761E-17
  0.4360270000000E+14   0.1098892882806E-17
  0.4469770000000E+14   0.1087231833966E-17
  0.4582010000000E+14   0.1077893459214E-17
  0.4697070000000E+14   0.1070295909798E-17
  0.4815020000000E+14   0.1063066920726E-17
  0.4935940000000E+14   0.1056067946050E-17
  0.5059890000000E+14   0.1050316380294E-17
  0.5186950000000E+14   0.1046248494066E-17
  0.5317200000000E+14   0.1042866425296E-17
  0.5450730000000E+14   0.1041572420281E-17
  0.6258450000000E+14   0.1048422778708E-17
  0.7185870000000E+14   0.1063989034280E-17
  0.8250720000000E+14   0.1067499146835E-17
  0.9473370000000E+14   0.1054171077220E-17
  0.1087720000000E+15   0.1029506166231E-17
  0.1248910000000E+15   0.1003598161650E-17
  0.1433980000000E+15   0.9861490759474E-18
  0.1646470000000E+15   0.9869783588579E-18
  0.1890460000000E+15   0.1015410883907E-17
  0.2170600000000E+15   0.1073849606269E-17
  0.2492250000000E+15   0.1164049372479E-17
  0.2861570000000E+15   0.1284076219677E-17
  0.3285620000000E+15   0.1426797911656E-17
  0.3772500000000E+15   0.1580009924283E-17
  0.4331540000000E+15   0.1725128882352E-17
  0.4973410000000E+15   0.1837709129853E-17
  0.5710410000000E+15   0.1890833630225E-17
  0.6556610000000E+15   0.1861175160580E-17
  0.7528220000000E+15   0.1735303454798E-17
  0.8643800000000E+15   0.1517869391386E-17
  0.9924690000000E+15   0.1232533461224E-17
  0.1139540000000E+16   0.9149052275553E-18
  0.1308400000000E+16   0.6147180193379E-18
  0.1502290000000E+16   0.3670447630184E-18
  0.1724910000000E+16   0.1911086845236E-18
  0.1980520000000E+16   0.8479395071256E-19
  0.2274010000000E+16   0.3138537889132E-19
  0.2610990000000E+16   0.9428672929469E-20
  0.2997900000000E+16   0.2228951831250E-20
