mstar = 2 Msun, Rstar = 2.5 Rsun, Tstar = 10000, mdisk = 0.0079147 Msun, Rc = 150 AU, Rin = 0.5 AU, Rout = 250 AU, inclination = 45 degree, powerlaw = -0.5 
         130
  
  0.2997900000000E+11   0.9910006495224E-23
  0.3951060000000E+11   0.2257954656314E-22
  0.5207280000000E+11   0.5138836129896E-22
  0.6862910000000E+11   0.1167678681820E-21
  0.9044930000000E+11   0.2647506480448E-21
  0.1192070000000E+12   0.5985155966627E-21
  0.1571080000000E+12   0.1347753805755E-20
  0.2070600000000E+12   0.3019011220126E-20
  0.2728930000000E+12   0.6715347452120E-20
  0.3596580000000E+12   0.1613521377054E-19
  0.4740100000000E+12   0.4621514087558E-19
  0.6247180000000E+12   0.1300487013467E-18
  0.8233440000000E+12   0.3565027259256E-18
  0.1085120000000E+13   0.9435248203438E-18
  0.1430130000000E+13   0.2371891672564E-17
  0.1884830000000E+13   0.5544224098561E-17
  0.2484100000000E+13   0.1166682350675E-16
  0.3273910000000E+13   0.2104685220462E-16
  0.4314820000000E+13   0.3080717617924E-16
  0.5686700000000E+13   0.3508660907836E-16
  0.7494750000000E+13   0.3251688347212E-16
  0.7682960000000E+13   0.3210563614228E-16
  0.7875890000000E+13   0.3167221680805E-16
  0.8073670000000E+13   0.3121541511795E-16
  0.8276410000000E+13   0.3073858644204E-16
  0.8484250000000E+13   0.3024882575120E-16
  0.8697300000000E+13   0.2978651326765E-16
  0.8915700000000E+13   0.2930465650157E-16
  0.9139590000000E+13   0.2886465383912E-16
  0.9369100000000E+13   0.2841678741042E-16
  0.9604380000000E+13   0.2798508159046E-16
  0.9845560000000E+13   0.2756792924958E-16
  0.1009280000000E+14   0.2713388362131E-16
  0.1034620000000E+14   0.2670555163809E-16
  0.1060610000000E+14   0.2625386642211E-16
  0.1087240000000E+14   0.2584161349977E-16
  0.1114540000000E+14   0.2541461575387E-16
  0.1142530000000E+14   0.2499900765463E-16
  0.1171220000000E+14   0.2458742754049E-16
  0.1200630000000E+14   0.2415686375614E-16
  0.1230780000000E+14   0.2372631126136E-16
  0.1261690000000E+14   0.2327121512129E-16
  0.1293370000000E+14   0.2286813918386E-16
  0.1325850000000E+14   0.2244713911694E-16
  0.1359150000000E+14   0.2203532738398E-16
  0.1393280000000E+14   0.2162211074622E-16
  0.1428260000000E+14   0.2120744260270E-16
  0.1464130000000E+14   0.2083799626830E-16
  0.1500900000000E+14   0.2043960996215E-16
  0.1538590000000E+14   0.1990985688406E-16
  0.1577220000000E+14   0.1936181681459E-16
  0.1616830000000E+14   0.1847358965780E-16
  0.1657430000000E+14   0.1741619554139E-16
  0.1699050000000E+14   0.1628349142870E-16
  0.1741720000000E+14   0.1490287342359E-16
  0.1785460000000E+14   0.1360643057892E-16
  0.1830290000000E+14   0.1225009396311E-16
  0.1876260000000E+14   0.1097846736816E-16
  0.1923370000000E+14   0.9844832321512E-17
  0.1971670000000E+14   0.8816894354593E-17
  0.2021180000000E+14   0.7923797447921E-17
  0.2071940000000E+14   0.7223057983681E-17
  0.2123970000000E+14   0.6581694058941E-17
  0.2177310000000E+14   0.6498150926324E-17
  0.2231980000000E+14   0.6400703565427E-17
  0.2288030000000E+14   0.6458816043576E-17
  0.2345490000000E+14   0.6551198215152E-17
  0.2404390000000E+14   0.6654656846217E-17
  0.2464770000000E+14   0.6797720985687E-17
  0.2526660000000E+14   0.6899978577534E-17
  0.2590110000000E+14   0.7022046767643E-17
  0.2655150000000E+14   0.7103374738661E-17
  0.2721830000000E+14   0.7256781964377E-17
  0.2790180000000E+14   0.7404580081089E-17
  0.2860240000000E+14   0.7475353920737E-17
  0.2932070000000E+14   0.7464541930327E-17
  0.3005700000000E+14   0.7422918612428E-17
  0.3081180000000E+14   0.7231257151577E-17
  0.3158550000000E+14   0.7045982560671E-17
  0.3237870000000E+14   0.6311415186128E-17
  0.3319170000000E+14   0.5458214734287E-17
  0.3402530000000E+14   0.4672973026839E-17
  0.3487970000000E+14   0.3949967710701E-17
  0.3575560000000E+14   0.3275866147594E-17
  0.3665350000000E+14   0.2671607928013E-17
  0.3757390000000E+14   0.2090281493461E-17
  0.3851740000000E+14   0.1736675308898E-17
  0.3948470000000E+14   0.1449064162776E-17
  0.4047620000000E+14   0.1264264545751E-17
  0.4149260000000E+14   0.1199078815777E-17
  0.4253460000000E+14   0.1144292507457E-17
  0.4360270000000E+14   0.1127829699965E-17
  0.4469770000000E+14   0.1113758637165E-17
  0.4582010000000E+14   0.1102290321690E-17
  0.4697070000000E+14   0.1092824172355E-17
  0.4815020000000E+14   0.1083963200876E-17
  0.4935940000000E+14   0.1075563272343E-17
  0.5059890000000E+14   0.1068639592145E-17
  0.5186950000000E+14   0.1063618553518E-17
  0.5317200000000E+14   0.1059479314543E-17
  0.5450730000000E+14   0.1057602441133E-17
  0.6258450000000E+14   0.1063578899744E-17
  0.7185870000000E+14   0.1080561958182E-17
  0.8250720000000E+14   0.1086091016846E-17
  0.9473370000000E+14   0.1074086498708E-17
  0.1087720000000E+15   0.1049116457263E-17
  0.1248910000000E+15   0.1020872689788E-17
  0.1433980000000E+15   0.9992239304885E-18
  0.1646470000000E+15   0.9947609616694E-18
  0.1890460000000E+15   0.1018004180819E-17
  0.2170600000000E+15   0.1072407394291E-17
  0.2492250000000E+15   0.1160264329517E-17
  0.2861570000000E+15   0.1279507603024E-17
  0.3285620000000E+15   0.1422633494915E-17
  0.3772500000000E+15   0.1576957742110E-17
  0.4331540000000E+15   0.1723263258481E-17
  0.4973410000000E+15   0.1836580814955E-17
  0.5710410000000E+15   0.1889877211045E-17
  0.6556610000000E+15   0.1859992897396E-17
  0.7528220000000E+15   0.1733590996131E-17
  0.8643800000000E+15   0.1515789083011E-17
  0.9924690000000E+15   0.1230625628563E-17
  0.1139540000000E+16   0.9129500623773E-18
  0.1308400000000E+16   0.6134857765948E-18
  0.1502290000000E+16   0.3664366553191E-18
  0.1724910000000E+16   0.1908712929179E-18
  0.1980520000000E+16   0.8468279246622E-19
  0.2274010000000E+16   0.3134518456425E-19
  0.2610990000000E+16   0.9416820724693E-20
  0.2997900000000E+16   0.2226189760670E-20
