mstar = 2 Msun, Rstar = 2.5 Rsun, Tstar = 10000, mdisk = 0.005536 Msun, Rc = 150 AU, Rin = 0.5 AU, Rout = 250 AU, inclination = 45 degree, powerlaw = -0.5 
         130
  
  0.2997900000000E+11   0.7179288355778E-23
  0.3951060000000E+11   0.1635616659816E-22
  0.5207280000000E+11   0.3722531095556E-22
  0.6862910000000E+11   0.8459669824120E-22
  0.9044930000000E+11   0.1918569563662E-21
  0.1192070000000E+12   0.4338998453008E-21
  0.1571080000000E+12   0.9776320749792E-21
  0.2070600000000E+12   0.2191687819661E-20
  0.2728930000000E+12   0.4880440665380E-20
  0.3596580000000E+12   0.1174483328346E-19
  0.4740100000000E+12   0.3372388239720E-19
  0.6247180000000E+12   0.9525200448024E-19
  0.8233440000000E+12   0.2625889791605E-18
  0.1085120000000E+13   0.7010240419413E-18
  0.1430130000000E+13   0.1786274685462E-17
  0.1884830000000E+13   0.4265143254464E-17
  0.2484100000000E+13   0.9279261172119E-17
  0.3273910000000E+13   0.1760391579060E-16
  0.4314820000000E+13   0.2761406083016E-16
  0.5686700000000E+13   0.3377711907140E-16
  0.7494750000000E+13   0.3219490884882E-16
  0.7682960000000E+13   0.3176866928510E-16
  0.7875890000000E+13   0.3130815466722E-16
  0.8073670000000E+13   0.3081477753516E-16
  0.8276410000000E+13   0.3029434972368E-16
  0.8484250000000E+13   0.2975596148617E-16
  0.8697300000000E+13   0.2923928231352E-16
  0.8915700000000E+13   0.2870255572693E-16
  0.9139590000000E+13   0.2820441719788E-16
  0.9369100000000E+13   0.2770057545730E-16
  0.9604380000000E+13   0.2721468650367E-16
  0.9845560000000E+13   0.2674653800410E-16
  0.1009280000000E+14   0.2626799799430E-16
  0.1034620000000E+14   0.2580057903442E-16
  0.1060610000000E+14   0.2531752669315E-16
  0.1087240000000E+14   0.2487756310079E-16
  0.1114540000000E+14   0.2443004818249E-16
  0.1142530000000E+14   0.2399917999789E-16
  0.1171220000000E+14   0.2357769864831E-16
  0.1200630000000E+14   0.2314333207336E-16
  0.1230780000000E+14   0.2271347107455E-16
  0.1261690000000E+14   0.2226415810780E-16
  0.1293370000000E+14   0.2186776750212E-16
  0.1325850000000E+14   0.2145721338586E-16
  0.1359150000000E+14   0.2105786971481E-16
  0.1393280000000E+14   0.2065918795175E-16
  0.1428260000000E+14   0.2026075444186E-16
  0.1464130000000E+14   0.1990698742347E-16
  0.1500900000000E+14   0.1952657039067E-16
  0.1538590000000E+14   0.1902087195000E-16
  0.1577220000000E+14   0.1849813146714E-16
  0.1616830000000E+14   0.1764908195659E-16
  0.1657430000000E+14   0.1663771703128E-16
  0.1699050000000E+14   0.1555410279594E-16
  0.1741720000000E+14   0.1423251120252E-16
  0.1785460000000E+14   0.1299170871827E-16
  0.1830290000000E+14   0.1169338627681E-16
  0.1876260000000E+14   0.1047635397145E-16
  0.1923370000000E+14   0.9391718545737E-17
  0.1971670000000E+14   0.8408496943595E-17
  0.2021180000000E+14   0.7554657388114E-17
  0.2071940000000E+14   0.6885181370353E-17
  0.2123970000000E+14   0.6272516544791E-17
  0.2177310000000E+14   0.6194579806635E-17
  0.2231980000000E+14   0.6103602998221E-17
  0.2288030000000E+14   0.6162240968730E-17
  0.2345490000000E+14   0.6254208166443E-17
  0.2404390000000E+14   0.6357046929647E-17
  0.2464770000000E+14   0.6498239240195E-17
  0.2526660000000E+14   0.6600199955082E-17
  0.2590110000000E+14   0.6721281510867E-17
  0.2655150000000E+14   0.6803151482183E-17
  0.2721830000000E+14   0.6954428210836E-17
  0.2790180000000E+14   0.7100354397448E-17
  0.2860240000000E+14   0.7172061416216E-17
  0.2932070000000E+14   0.7165452139027E-17
  0.3005700000000E+14   0.7129252681460E-17
  0.3081180000000E+14   0.6948491634944E-17
  0.3158550000000E+14   0.6773899505141E-17
  0.3237870000000E+14   0.6069780644203E-17
  0.3319170000000E+14   0.5251747078961E-17
  0.3402530000000E+14   0.4499015211634E-17
  0.3487970000000E+14   0.3806128243012E-17
  0.3575560000000E+14   0.3160201011880E-17
  0.3665350000000E+14   0.2581178363399E-17
  0.3757390000000E+14   0.2023216194582E-17
  0.3851740000000E+14   0.1684475908648E-17
  0.3948470000000E+14   0.1409505563471E-17
  0.4047620000000E+14   0.1233627063565E-17
  0.4149260000000E+14   0.1172689110839E-17
  0.4253460000000E+14   0.1121465885231E-17
  0.4360270000000E+14   0.1107347603984E-17
  0.4469770000000E+14   0.1095381061064E-17
  0.4582010000000E+14   0.1085775116343E-17
  0.4697070000000E+14   0.1077945411768E-17
  0.4815020000000E+14   0.1070521565519E-17
  0.4935940000000E+14   0.1063365788035E-17
  0.5059890000000E+14   0.1057486898146E-17
  0.5186950000000E+14   0.1053314873817E-17
  0.5317200000000E+14   0.1049853637549E-17
  0.5450730000000E+14   0.1048487513072E-17
  0.6258450000000E+14   0.1055100796704E-17
  0.7185870000000E+14   0.1070540667439E-17
  0.8250720000000E+14   0.1074056278261E-17
  0.9473370000000E+14   0.1060794144994E-17
  0.1087720000000E+15   0.1036083628524E-17
  0.1248910000000E+15   0.1009856861583E-17
  0.1433980000000E+15   0.9916913172296E-18
  0.1646470000000E+15   0.9913972759614E-18
  0.1890460000000E+15   0.1018471747312E-17
  0.2170600000000E+15   0.1075567088804E-17
  0.2492250000000E+15   0.1164687663284E-17
  0.2861570000000E+15   0.1284003252079E-17
  0.3285620000000E+15   0.1426381040557E-17
  0.3772500000000E+15   0.1579549403563E-17
  0.4331540000000E+15   0.1724781951138E-17
  0.4973410000000E+15   0.1837479338571E-17
  0.5710410000000E+15   0.1890645159528E-17
  0.6556610000000E+15   0.1860954818559E-17
  0.7528220000000E+15   0.1734990963402E-17
  0.8643800000000E+15   0.1517491339862E-17
  0.9924690000000E+15   0.1232186914319E-17
  0.1139540000000E+16   0.9145500211610E-18
  0.1308400000000E+16   0.6144941640748E-18
  0.1502290000000E+16   0.3669343069864E-18
  0.1724910000000E+16   0.1910655722925E-18
  0.1980520000000E+16   0.8477376290969E-19
  0.2274010000000E+16   0.3137807916214E-19
  0.2610990000000E+16   0.9426520460356E-20
  0.2997900000000E+16   0.2228450217564E-20
