mstar = 2 Msun, Rstar = 2.5 Rsun, Tstar = 10000, mdisk = 0.0027699 Msun, Rc = 150 AU, Rin = 0.5 AU, Rout = 250 AU, inclination = 45 degree, powerlaw = -0.5 
         130
  
  0.2997900000000E+11   0.3847861633643E-23
  0.3951060000000E+11   0.8761781324839E-23
  0.5207280000000E+11   0.1993621496503E-22
  0.6862910000000E+11   0.4530691852672E-22
  0.9044930000000E+11   0.1027803267960E-21
  0.1192070000000E+12   0.2325778241125E-21
  0.1571080000000E+12   0.5245009576711E-21
  0.2070600000000E+12   0.1177389653671E-20
  0.2728930000000E+12   0.2626626578192E-20
  0.3596580000000E+12   0.6337458218744E-20
  0.4740100000000E+12   0.1826928469715E-19
  0.6247180000000E+12   0.5190136977896E-19
  0.8233440000000E+12   0.1443145643834E-18
  0.1085120000000E+13   0.3902741137746E-18
  0.1430130000000E+13   0.1014241227889E-17
  0.1884830000000E+13   0.2496904874233E-17
  0.2484100000000E+13   0.5698798711940E-17
  0.3273910000000E+13   0.1164532173996E-16
  0.4314820000000E+13   0.2040500064867E-16
  0.5686700000000E+13   0.2877458013836E-16
  0.7494750000000E+13   0.3091106815101E-16
  0.7682960000000E+13   0.3069660017018E-16
  0.7875890000000E+13   0.3041377289584E-16
  0.8073670000000E+13   0.3006386388771E-16
  0.8276410000000E+13   0.2965392950338E-16
  0.8484250000000E+13   0.2919502613048E-16
  0.8697300000000E+13   0.2872883537200E-16
  0.8915700000000E+13   0.2821461222020E-16
  0.9139590000000E+13   0.2771201697760E-16
  0.9369100000000E+13   0.2718038852609E-16
  0.9604380000000E+13   0.2664533099007E-16
  0.9845560000000E+13   0.2610971525807E-16
  0.1009280000000E+14   0.2555217473835E-16
  0.1034620000000E+14   0.2499599655347E-16
  0.1060610000000E+14   0.2442155882595E-16
  0.1087240000000E+14   0.2388323586788E-16
  0.1114540000000E+14   0.2334025468401E-16
  0.1142530000000E+14   0.2281607643257E-16
  0.1171220000000E+14   0.2230677643176E-16
  0.1200630000000E+14   0.2179502227889E-16
  0.1230780000000E+14   0.2129689486204E-16
  0.1261690000000E+14   0.2079243282375E-16
  0.1293370000000E+14   0.2034474512870E-16
  0.1325850000000E+14   0.1989572306006E-16
  0.1359150000000E+14   0.1946716728576E-16
  0.1393280000000E+14   0.1904936401015E-16
  0.1428260000000E+14   0.1864117073987E-16
  0.1464130000000E+14   0.1828149211436E-16
  0.1500900000000E+14   0.1790572323350E-16
  0.1538590000000E+14   0.1742330151517E-16
  0.1577220000000E+14   0.1693038227904E-16
  0.1616830000000E+14   0.1614475114638E-16
  0.1657430000000E+14   0.1521376727632E-16
  0.1699050000000E+14   0.1421879701027E-16
  0.1741720000000E+14   0.1300901740484E-16
  0.1785460000000E+14   0.1187434423556E-16
  0.1830290000000E+14   0.1068933272788E-16
  0.1876260000000E+14   0.9579979130711E-17
  0.1923370000000E+14   0.8592246686810E-17
  0.1971670000000E+14   0.7697690663241E-17
  0.2021180000000E+14   0.6921024939100E-17
  0.2071940000000E+14   0.6310818436973E-17
  0.2123970000000E+14   0.5752645699121E-17
  0.2177310000000E+14   0.5674748134437E-17
  0.2231980000000E+14   0.5588197627142E-17
  0.2288030000000E+14   0.5640132129219E-17
  0.2345490000000E+14   0.5725661825608E-17
  0.2404390000000E+14   0.5823869875075E-17
  0.2464770000000E+14   0.5959562588307E-17
  0.2526660000000E+14   0.6060817403229E-17
  0.2590110000000E+14   0.6180972128628E-17
  0.2655150000000E+14   0.6265881576220E-17
  0.2721830000000E+14   0.6416206663732E-17
  0.2790180000000E+14   0.6562471905812E-17
  0.2860240000000E+14   0.6640223128484E-17
  0.2932070000000E+14   0.6645016482479E-17
  0.3005700000000E+14   0.6622242419729E-17
  0.3081180000000E+14   0.6464204697418E-17
  0.3158550000000E+14   0.6311693017804E-17
  0.3237870000000E+14   0.5662450769702E-17
  0.3319170000000E+14   0.4905563634149E-17
  0.3402530000000E+14   0.4209767438917E-17
  0.3487970000000E+14   0.3570031852933E-17
  0.3575560000000E+14   0.2973489199252E-17
  0.3665350000000E+14   0.2438213157545E-17
  0.3757390000000E+14   0.1921753559262E-17
  0.3851740000000E+14   0.1609701472175E-17
  0.3948470000000E+14   0.1355771816419E-17
  0.4047620000000E+14   0.1192623894880E-17
  0.4149260000000E+14   0.1136920298491E-17
  0.4253460000000E+14   0.1089724639777E-17
  0.4360270000000E+14   0.1077826226030E-17
  0.4469770000000E+14   0.1067774677864E-17
  0.4582010000000E+14   0.1059786656733E-17
  0.4697070000000E+14   0.1053304369884E-17
  0.4815020000000E+14   0.1046975099438E-17
  0.4935940000000E+14   0.1040655543121E-17
  0.5059890000000E+14   0.1035371491918E-17
  0.5186950000000E+14   0.1031591890385E-17
  0.5317200000000E+14   0.1028330057377E-17
  0.5450730000000E+14   0.1027043324170E-17
  0.6258450000000E+14   0.1032571866419E-17
  0.7185870000000E+14   0.1046264688484E-17
  0.8250720000000E+14   0.1048442917753E-17
  0.9473370000000E+14   0.1035121917105E-17
  0.1087720000000E+15   0.1012292339013E-17
  0.1248910000000E+15   0.9898786974029E-18
  0.1433980000000E+15   0.9769742403052E-18
  0.1646470000000E+15   0.9826349082441E-18
  0.1890460000000E+15   0.1015411513069E-17
  0.2170600000000E+15   0.1077030756844E-17
  0.2492250000000E+15   0.1168784894143E-17
  0.2861570000000E+15   0.1288914079672E-17
  0.3285620000000E+15   0.1430881348278E-17
  0.3772500000000E+15   0.1583015198915E-17
  0.4331540000000E+15   0.1727099921876E-17
  0.4973410000000E+15   0.1838986585535E-17
  0.5710410000000E+15   0.1891907203027E-17
  0.6556610000000E+15   0.1862459179094E-17
  0.7528220000000E+15   0.1737142366379E-17
  0.8643800000000E+15   0.1520100474209E-17
  0.9924690000000E+15   0.1234579664580E-17
  0.1139540000000E+16   0.9170034558313E-18
  0.1308400000000E+16   0.6160402454915E-18
  0.1502290000000E+16   0.3676970418690E-18
  0.1724910000000E+16   0.1913632101155E-18
  0.1980520000000E+16   0.8491314041496E-19
  0.2274010000000E+16   0.3142847600546E-19
  0.2610990000000E+16   0.9441380775200E-20
  0.2997900000000E+16   0.2231913247933E-20
