mstar = 2 Msun, Rstar = 2.5 Rsun, Tstar = 10000, mdisk = 0.00066403 Msun, Rc = 150 AU, Rin = 0.5 AU, Rout = 250 AU, inclination = 45 degree, powerlaw = -0.5 
         130
  
  0.2997900000000E+11   0.1080428320145E-23
  0.3951060000000E+11   0.2450575756855E-23
  0.5207280000000E+11   0.5560802683213E-23
  0.6862910000000E+11   0.1261582461150E-22
  0.9044930000000E+11   0.2859584574096E-22
  0.1192070000000E+12   0.6470909944526E-22
  0.1571080000000E+12   0.1460543155469E-21
  0.2070600000000E+12   0.3284435083551E-21
  0.2728930000000E+12   0.7348184437427E-21
  0.3596580000000E+12   0.1780284083787E-20
  0.4740100000000E+12   0.5163299206751E-20
  0.6247180000000E+12   0.1480016049682E-19
  0.8233440000000E+12   0.4168640860874E-19
  0.1085120000000E+13   0.1148491979932E-18
  0.1430130000000E+13   0.3066606078973E-18
  0.1884830000000E+13   0.7857659458998E-18
  0.2484100000000E+13   0.1904434191047E-17
  0.3273910000000E+13   0.4263344172233E-17
  0.4314820000000E+13   0.8586559464387E-17
  0.5686700000000E+13   0.1487164432384E-16
  0.7494750000000E+13   0.2085588220167E-16
  0.7682960000000E+13   0.2123624449970E-16
  0.7875890000000E+13   0.2156661809969E-16
  0.8073670000000E+13   0.2184041126113E-16
  0.8276410000000E+13   0.2205736008870E-16
  0.8484250000000E+13   0.2222246675587E-16
  0.8697300000000E+13   0.2237872736410E-16
  0.8915700000000E+13   0.2247015276052E-16
  0.9139590000000E+13   0.2256313196143E-16
  0.9369100000000E+13   0.2260074717480E-16
  0.9604380000000E+13   0.2260816202833E-16
  0.9845560000000E+13   0.2258260347571E-16
  0.1009280000000E+14   0.2249209475034E-16
  0.1034620000000E+14   0.2236084026380E-16
  0.1060610000000E+14   0.2216234560805E-16
  0.1087240000000E+14   0.2195814728218E-16
  0.1114540000000E+14   0.2169870679687E-16
  0.1142530000000E+14   0.2141052357753E-16
  0.1171220000000E+14   0.2108922815283E-16
  0.1200630000000E+14   0.2071854197643E-16
  0.1230780000000E+14   0.2031842514991E-16
  0.1261690000000E+14   0.1987307570844E-16
  0.1293370000000E+14   0.1944615428660E-16
  0.1325850000000E+14   0.1898621010262E-16
  0.1359150000000E+14   0.1851781060532E-16
  0.1393280000000E+14   0.1803694969619E-16
  0.1428260000000E+14   0.1754752157688E-16
  0.1464130000000E+14   0.1708500445034E-16
  0.1500900000000E+14   0.1660186541037E-16
  0.1538590000000E+14   0.1603444700978E-16
  0.1577220000000E+14   0.1546239605041E-16
  0.1616830000000E+14   0.1467698560969E-16
  0.1657430000000E+14   0.1379345729001E-16
  0.1699050000000E+14   0.1287371155189E-16
  0.1741720000000E+14   0.1180475667501E-16
  0.1785460000000E+14   0.1080274732330E-16
  0.1830290000000E+14   0.9772460177424E-17
  0.1876260000000E+14   0.8807232952190E-17
  0.1923370000000E+14   0.7941510506344E-17
  0.1971670000000E+14   0.7153295016606E-17
  0.2021180000000E+14   0.6461829456057E-17
  0.2071940000000E+14   0.5906294978949E-17
  0.2123970000000E+14   0.5397258492528E-17
  0.2177310000000E+14   0.5271836758719E-17
  0.2231980000000E+14   0.5140418130752E-17
  0.2288030000000E+14   0.5116546931536E-17
  0.2345490000000E+14   0.5121262847564E-17
  0.2404390000000E+14   0.5141775412643E-17
  0.2464770000000E+14   0.5199537069924E-17
  0.2526660000000E+14   0.5241454528162E-17
  0.2590110000000E+14   0.5308707671318E-17
  0.2655150000000E+14   0.5358529432783E-17
  0.2721830000000E+14   0.5469911676331E-17
  0.2790180000000E+14   0.5587127934803E-17
  0.2860240000000E+14   0.5655718577279E-17
  0.2932070000000E+14   0.5669177051225E-17
  0.3005700000000E+14   0.5663144292596E-17
  0.3081180000000E+14   0.5546186265317E-17
  0.3158550000000E+14   0.5434807193894E-17
  0.3237870000000E+14   0.4904398968012E-17
  0.3319170000000E+14   0.4280931556520E-17
  0.3402530000000E+14   0.3706880246094E-17
  0.3487970000000E+14   0.3178160843083E-17
  0.3575560000000E+14   0.2684147670216E-17
  0.3665350000000E+14   0.2239712964520E-17
  0.3757390000000E+14   0.1807878013382E-17
  0.3851740000000E+14   0.1542671340370E-17
  0.3948470000000E+14   0.1317751736300E-17
  0.4047620000000E+14   0.1160475874400E-17
  0.4149260000000E+14   0.1102611154939E-17
  0.4253460000000E+14   0.1050846557271E-17
  0.4360270000000E+14   0.1038217698667E-17
  0.4469770000000E+14   0.1027184411574E-17
  0.4582010000000E+14   0.1018070290182E-17
  0.4697070000000E+14   0.1010270804381E-17
  0.4815020000000E+14   0.1002212979423E-17
  0.4935940000000E+14   0.9937532920830E-18
  0.5059890000000E+14   0.9861885455674E-18
  0.5186950000000E+14   0.9801867985687E-18
  0.5317200000000E+14   0.9745816064390E-18
  0.5450730000000E+14   0.9712848219638E-18
  0.6258450000000E+14   0.9679241659462E-18
  0.7185870000000E+14   0.9769464691223E-18
  0.8250720000000E+14   0.9776088918038E-18
  0.9473370000000E+14   0.9672050419873E-18
  0.1087720000000E+15   0.9525542555895E-18
  0.1248910000000E+15   0.9425773514062E-18
  0.1433980000000E+15   0.9441493619433E-18
  0.1646470000000E+15   0.9636418092884E-18
  0.1890460000000E+15   0.1007382019957E-17
  0.2170600000000E+15   0.1076348617817E-17
  0.2492250000000E+15   0.1172199343382E-17
  0.2861570000000E+15   0.1293987138160E-17
  0.3285620000000E+15   0.1435827001507E-17
  0.3772500000000E+15   0.1586815704235E-17
  0.4331540000000E+15   0.1729675830792E-17
  0.4973410000000E+15   0.1840817830570E-17
  0.5710410000000E+15   0.1893576604804E-17
  0.6556610000000E+15   0.1864476340204E-17
  0.7528220000000E+15   0.1740007491806E-17
  0.8643800000000E+15   0.1523566494936E-17
  0.9924690000000E+15   0.1237757567441E-17
  0.1139540000000E+16   0.9202645417016E-18
  0.1308400000000E+16   0.6180948742994E-18
  0.1502290000000E+16   0.3687101459724E-18
  0.1724910000000E+16   0.1917583091992E-18
  0.1980520000000E+16   0.8509817551085E-19
  0.2274010000000E+16   0.3149537900725E-19
  0.2610990000000E+16   0.9461107515094E-20
  0.2997900000000E+16   0.2236510224612E-20
