mstar = 2 Msun, Rstar = 2.5 Rsun, Tstar = 10000, mdisk = 0.0052831 Msun, Rc = 150 AU, Rin = 0.5 AU, Rout = 250 AU, inclination = 45 degree, powerlaw = -0.5 
         130
  
  0.2997900000000E+11   0.6872089206396E-23
  0.3951060000000E+11   0.1565586322494E-22
  0.5207280000000E+11   0.3563100720003E-22
  0.6862910000000E+11   0.8097355669885E-22
  0.9044930000000E+11   0.1836425075944E-21
  0.1192070000000E+12   0.4153338889328E-21
  0.1571080000000E+12   0.9358428741597E-21
  0.2070600000000E+12   0.2098142495332E-20
  0.2728930000000E+12   0.4672570782041E-20
  0.3596580000000E+12   0.1124613584250E-19
  0.4740100000000E+12   0.3229916226591E-19
  0.6247180000000E+12   0.9125934440212E-19
  0.8233440000000E+12   0.2517164384725E-18
  0.1085120000000E+13   0.6725636613654E-18
  0.1430130000000E+13   0.1716071831499E-17
  0.1884830000000E+13   0.4106486273620E-17
  0.2484100000000E+13   0.8965835343061E-17
  0.3273910000000E+13   0.1710533682302E-16
  0.4314820000000E+13   0.2705751500288E-16
  0.5686700000000E+13   0.3343665180752E-16
  0.7494750000000E+13   0.3210547678500E-16
  0.7682960000000E+13   0.3169031416876E-16
  0.7875890000000E+13   0.3123871498011E-16
  0.8073670000000E+13   0.3075227172020E-16
  0.8276410000000E+13   0.3023699987837E-16
  0.8484250000000E+13   0.2970218502323E-16
  0.8697300000000E+13   0.2918739709004E-16
  0.8915700000000E+13   0.2865146155460E-16
  0.9139590000000E+13   0.2815267622382E-16
  0.9369100000000E+13   0.2764744467503E-16
  0.9604380000000E+13   0.2715940836240E-16
  0.9845560000000E+13   0.2668858460733E-16
  0.1009280000000E+14   0.2620739464279E-16
  0.1034620000000E+14   0.2573728370228E-16
  0.1060610000000E+14   0.2525192992697E-16
  0.1087240000000E+14   0.2480951092658E-16
  0.1114540000000E+14   0.2436002620471E-16
  0.1142530000000E+14   0.2392748119197E-16
  0.1171220000000E+14   0.2350472903047E-16
  0.1200630000000E+14   0.2306968369917E-16
  0.1230780000000E+14   0.2263956975576E-16
  0.1261690000000E+14   0.2219057284912E-16
  0.1293370000000E+14   0.2179448650103E-16
  0.1325850000000E+14   0.2138469479306E-16
  0.1359150000000E+14   0.2098632159419E-16
  0.1393280000000E+14   0.2058889256667E-16
  0.1428260000000E+14   0.2019194838182E-16
  0.1464130000000E+14   0.1983963502647E-16
  0.1500900000000E+14   0.1946104271344E-16
  0.1538590000000E+14   0.1895800213809E-16
  0.1577220000000E+14   0.1843812015862E-16
  0.1616830000000E+14   0.1759352619580E-16
  0.1657430000000E+14   0.1658733613100E-16
  0.1699050000000E+14   0.1550918735459E-16
  0.1741720000000E+14   0.1419413159096E-16
  0.1785460000000E+14   0.1295950748115E-16
  0.1830290000000E+14   0.1166762991571E-16
  0.1876260000000E+14   0.1045657662783E-16
  0.1923370000000E+14   0.9377352719998E-17
  0.1971670000000E+14   0.8399082292134E-17
  0.2021180000000E+14   0.7549362216797E-17
  0.2071940000000E+14   0.6882868374583E-17
  0.2123970000000E+14   0.6272888374971E-17
  0.2177310000000E+14   0.6193976188835E-17
  0.2231980000000E+14   0.6102409520699E-17
  0.2288030000000E+14   0.6160031234525E-17
  0.2345490000000E+14   0.6251197857612E-17
  0.2404390000000E+14   0.6353579550031E-17
  0.2464770000000E+14   0.6494690800729E-17
  0.2526660000000E+14   0.6597079083645E-17
  0.2590110000000E+14   0.6718670768309E-17
  0.2655150000000E+14   0.6801485443719E-17
  0.2721830000000E+14   0.6954019387848E-17
  0.2790180000000E+14   0.7101325998936E-17
  0.2860240000000E+14   0.7174527299806E-17
  0.2932070000000E+14   0.7169356058353E-17
  0.3005700000000E+14   0.7134418208431E-17
  0.3081180000000E+14   0.6954593988498E-17
  0.3158550000000E+14   0.6780807998466E-17
  0.3237870000000E+14   0.6075953798729E-17
  0.3319170000000E+14   0.5256380331153E-17
  0.3402530000000E+14   0.4502248432687E-17
  0.3487970000000E+14   0.3808561622000E-17
  0.3575560000000E+14   0.3162142113092E-17
  0.3665350000000E+14   0.2582655088308E-17
  0.3757390000000E+14   0.2024495221803E-17
  0.3851740000000E+14   0.1685395997274E-17
  0.3948470000000E+14   0.1410100658324E-17
  0.4047620000000E+14   0.1233989797963E-17
  0.4149260000000E+14   0.1172568911173E-17
  0.4253460000000E+14   0.1120813843875E-17
  0.4360270000000E+14   0.1106149863111E-17
  0.4469770000000E+14   0.1093678497071E-17
  0.4582010000000E+14   0.1083609577915E-17
  0.4697070000000E+14   0.1075355478155E-17
  0.4815020000000E+14   0.1067539505165E-17
  0.4935940000000E+14   0.1060017638472E-17
  0.5059890000000E+14   0.1053802808503E-17
  0.5186950000000E+14   0.1049330414154E-17
  0.5317200000000E+14   0.1045595638070E-17
  0.5450730000000E+14   0.1043997527159E-17
  0.6258450000000E+14   0.1049826542623E-17
  0.7185870000000E+14   0.1065045416622E-17
  0.8250720000000E+14   0.1068528778289E-17
  0.9473370000000E+14   0.1055369273400E-17
  0.1087720000000E+15   0.1030977337785E-17
  0.1248910000000E+15   0.1005307264159E-17
  0.1433980000000E+15   0.9878820199137E-18
  0.1646470000000E+15   0.9884061286474E-18
  0.1890460000000E+15   0.1016262998392E-17
  0.2170600000000E+15   0.1074058269097E-17
  0.2492250000000E+15   0.1163772446984E-17
  0.2861570000000E+15   0.1283563680411E-17
  0.3285620000000E+15   0.1426272242884E-17
  0.3772500000000E+15   0.1579608328276E-17
  0.4331540000000E+15   0.1724887096623E-17
  0.4973410000000E+15   0.1837585820097E-17
  0.5710410000000E+15   0.1890763566009E-17
  0.6556610000000E+15   0.1861111330962E-17
  0.7528220000000E+15   0.1735218769778E-17
  0.8643800000000E+15   0.1517767760455E-17
  0.9924690000000E+15   0.1232440351883E-17
  0.1139540000000E+16   0.9148097917728E-18
  0.1308400000000E+16   0.6146578751220E-18
  0.1502290000000E+16   0.3670150869759E-18
  0.1724910000000E+16   0.1910971019496E-18
  0.1980520000000E+16   0.8478852701297E-19
  0.2274010000000E+16   0.3138341773394E-19
  0.2610990000000E+16   0.9428094644447E-20
  0.2997900000000E+16   0.2228817067255E-20
