mstar = 2 Msun, Rstar = 2.5 Rsun, Tstar = 10000, mdisk = 0.0035014 Msun, Rc = 150 AU, Rin = 0.5 AU, Rout = 250 AU, inclination = 45 degree, powerlaw = -0.5 
         130
  
  0.2997900000000E+11   0.4762405791832E-23
  0.3951060000000E+11   0.1084695569761E-22
  0.5207280000000E+11   0.2468433370657E-22
  0.6862910000000E+11   0.5610037265533E-22
  0.9044930000000E+11   0.1272607428045E-21
  0.1192070000000E+12   0.2879354020523E-21
  0.1571080000000E+12   0.6491864552339E-21
  0.2070600000000E+12   0.1456750081706E-20
  0.2728930000000E+12   0.3248153877329E-20
  0.3596580000000E+12   0.7831254048687E-20
  0.4740100000000E+12   0.2255018712739E-19
  0.6247180000000E+12   0.6395717409202E-19
  0.8233440000000E+12   0.1774029598507E-18
  0.1085120000000E+13   0.4780065212437E-18
  0.1430130000000E+13   0.1235352189881E-17
  0.1884830000000E+13   0.3015154154797E-17
  0.2484100000000E+13   0.6788923491127E-17
  0.3273910000000E+13   0.1358001650881E-16
  0.4314820000000E+13   0.2302633909631E-16
  0.5686700000000E+13   0.3102670816462E-16
  0.7494750000000E+13   0.3182368494245E-16
  0.7682960000000E+13   0.3150195505011E-16
  0.7875890000000E+13   0.3112124010514E-16
  0.8073670000000E+13   0.3068383464371E-16
  0.8276410000000E+13   0.3019725556182E-16
  0.8484250000000E+13   0.2967260198225E-16
  0.8697300000000E+13   0.2915075568816E-16
  0.8915700000000E+13   0.2859240638893E-16
  0.9139590000000E+13   0.2805620807291E-16
  0.9369100000000E+13   0.2750195758932E-16
  0.9604380000000E+13   0.2695462123028E-16
  0.9845560000000E+13   0.2641649557152E-16
  0.1009280000000E+14   0.2586463345938E-16
  0.1034620000000E+14   0.2532143341405E-16
  0.1060610000000E+14   0.2476498615099E-16
  0.1087240000000E+14   0.2425050276723E-16
  0.1114540000000E+14   0.2373390803153E-16
  0.1142530000000E+14   0.2323842214913E-16
  0.1171220000000E+14   0.2275856515925E-16
  0.1200630000000E+14   0.2227472370822E-16
  0.1230780000000E+14   0.2180292872778E-16
  0.1261690000000E+14   0.2132119824884E-16
  0.1293370000000E+14   0.2089587247413E-16
  0.1325850000000E+14   0.2046489046071E-16
  0.1359150000000E+14   0.2005112759272E-16
  0.1393280000000E+14   0.1964422614558E-16
  0.1428260000000E+14   0.1924308129248E-16
  0.1464130000000E+14   0.1888873479134E-16
  0.1500900000000E+14   0.1851359038156E-16
  0.1538590000000E+14   0.1802364595533E-16
  0.1577220000000E+14   0.1752014177166E-16
  0.1616830000000E+14   0.1670969244909E-16
  0.1657430000000E+14   0.1574675002923E-16
  0.1699050000000E+14   0.1471638969743E-16
  0.1741720000000E+14   0.1346176963363E-16
  0.1785460000000E+14   0.1228466996318E-16
  0.1830290000000E+14   0.1105448952283E-16
  0.1876260000000E+14   0.9902355919152E-17
  0.1923370000000E+14   0.8876212581872E-17
  0.1971670000000E+14   0.7946558947909E-17
  0.2021180000000E+14   0.7139341160822E-17
  0.2071940000000E+14   0.6505650543330E-17
  0.2123970000000E+14   0.5925799753232E-17
  0.2177310000000E+14   0.5847845901344E-17
  0.2231980000000E+14   0.5759382772155E-17
  0.2288030000000E+14   0.5813530364748E-17
  0.2345490000000E+14   0.5900859603492E-17
  0.2404390000000E+14   0.5999867525884E-17
  0.2464770000000E+14   0.6136397587580E-17
  0.2526660000000E+14   0.6236524425388E-17
  0.2590110000000E+14   0.6355580907208E-17
  0.2655150000000E+14   0.6437902183890E-17
  0.2721830000000E+14   0.6587025645517E-17
  0.2790180000000E+14   0.6731723755023E-17
  0.2860240000000E+14   0.6805829612473E-17
  0.2932070000000E+14   0.6805061815164E-17
  0.3005700000000E+14   0.6775988414094E-17
  0.3081180000000E+14   0.6608283312748E-17
  0.3158550000000E+14   0.6446378093955E-17
  0.3237870000000E+14   0.5776394495106E-17
  0.3319170000000E+14   0.4997387890908E-17
  0.3402530000000E+14   0.4282071859845E-17
  0.3487970000000E+14   0.3625143073685E-17
  0.3575560000000E+14   0.3013410981794E-17
  0.3665350000000E+14   0.2465037803371E-17
  0.3757390000000E+14   0.1936010420495E-17
  0.3851740000000E+14   0.1616522874051E-17
  0.3948470000000E+14   0.1357305640792E-17
  0.4047620000000E+14   0.1191366338721E-17
  0.4149260000000E+14   0.1134897238868E-17
  0.4253460000000E+14   0.1087276426227E-17
  0.4360270000000E+14   0.1075411122343E-17
  0.4469770000000E+14   0.1065471087312E-17
  0.4582010000000E+14   0.1057665928708E-17
  0.4697070000000E+14   0.1051428225250E-17
  0.4815020000000E+14   0.1045400940599E-17
  0.4935940000000E+14   0.1039440689236E-17
  0.5059890000000E+14   0.1034564442263E-17
  0.5186950000000E+14   0.1031230027558E-17
  0.5317200000000E+14   0.1028448392099E-17
  0.5450730000000E+14   0.1027657400071E-17
  0.6258450000000E+14   0.1036073363347E-17
  0.7185870000000E+14   0.1052353705839E-17
  0.8250720000000E+14   0.1056449798135E-17
  0.9473370000000E+14   0.1044055504147E-17
  0.1087720000000E+15   0.1020955784900E-17
  0.1248910000000E+15   0.9972025213364E-18
  0.1433980000000E+15   0.9822815726614E-18
  0.1646470000000E+15   0.9857197030191E-18
  0.1890460000000E+15   0.1016474680266E-17
  0.2170600000000E+15   0.1076560806803E-17
  0.2492250000000E+15   0.1167476978628E-17
  0.2861570000000E+15   0.1287424041803E-17
  0.3285620000000E+15   0.1429595131142E-17
  0.3772500000000E+15   0.1582053702086E-17
  0.4331540000000E+15   0.1726440677596E-17
  0.4973410000000E+15   0.1838526631653E-17
  0.5710410000000E+15   0.1891495848629E-17
  0.6556610000000E+15   0.1861956645620E-17
  0.7528220000000E+15   0.1736420347597E-17
  0.8643800000000E+15   0.1519224136663E-17
  0.9924690000000E+15   0.1233775881557E-17
  0.1139540000000E+16   0.9161790765536E-18
  0.1308400000000E+16   0.6155207743133E-18
  0.1502290000000E+16   0.3674408060528E-18
  0.1724910000000E+16   0.1912632378855E-18
  0.1980520000000E+16   0.8486632419158E-19
  0.2274010000000E+16   0.3141154816511E-19
  0.2610990000000E+16   0.9436389379990E-20
  0.2997900000000E+16   0.2230750067687E-20
