mstar = 2 Msun, Rstar = 2.5 Rsun, Tstar = 10000, mdisk = 0.0046675 Msun, Rc = 150 AU, Rin = 0.5 AU, Rout = 250 AU, inclination = 45 degree, powerlaw = -0.5 
         130
  
  0.2997900000000E+11   0.6159070026171E-23
  0.3951060000000E+11   0.1403074935394E-22
  0.5207280000000E+11   0.3193223165047E-22
  0.6862910000000E+11   0.7257072345174E-22
  0.9044930000000E+11   0.1645999561975E-21
  0.1192070000000E+12   0.3723201092008E-21
  0.1571080000000E+12   0.8391009475361E-21
  0.2070600000000E+12   0.1881809212887E-20
  0.2728930000000E+12   0.4192507606463E-20
  0.3596580000000E+12   0.1009649839166E-19
  0.4740100000000E+12   0.2902269070099E-19
  0.6247180000000E+12   0.8210651075365E-19
  0.8233440000000E+12   0.2268974414433E-18
  0.1085120000000E+13   0.6079698565979E-18
  0.1430130000000E+13   0.1557972731352E-17
  0.1884830000000E+13   0.3753143613796E-17
  0.2484100000000E+13   0.8279911118233E-17
  0.3273910000000E+13   0.1604904466286E-16
  0.4314820000000E+13   0.2597204952014E-16
  0.5686700000000E+13   0.3297139732949E-16
  0.7494750000000E+13   0.3220733235418E-16
  0.7682960000000E+13   0.3180456232669E-16
  0.7875890000000E+13   0.3135830560417E-16
  0.8073670000000E+13   0.3087072767645E-16
  0.8276410000000E+13   0.3034857144923E-16
  0.8484250000000E+13   0.2980188551170E-16
  0.8697300000000E+13   0.2927051058972E-16
  0.8915700000000E+13   0.2871445217890E-16
  0.9139590000000E+13   0.2819181386522E-16
  0.9369100000000E+13   0.2766054249881E-16
  0.9604380000000E+13   0.2714461995036E-16
  0.9845560000000E+13   0.2664482239583E-16
  0.1009280000000E+14   0.2613506478972E-16
  0.1034620000000E+14   0.2563689698817E-16
  0.1060610000000E+14   0.2512523386569E-16
  0.1087240000000E+14   0.2465716923992E-16
  0.1114540000000E+14   0.2418439007803E-16
  0.1142530000000E+14   0.2373048711994E-16
  0.1171220000000E+14   0.2328865472353E-16
  0.1200630000000E+14   0.2283734635146E-16
  0.1230780000000E+14   0.2239330031810E-16
  0.1261690000000E+14   0.2193308017240E-16
  0.1293370000000E+14   0.2152689843985E-16
  0.1325850000000E+14   0.2110932934876E-16
  0.1359150000000E+14   0.2070483330548E-16
  0.1393280000000E+14   0.2030295084454E-16
  0.1428260000000E+14   0.1990300327505E-16
  0.1464130000000E+14   0.1954828658254E-16
  0.1500900000000E+14   0.1916882507929E-16
  0.1538590000000E+14   0.1866769465531E-16
  0.1577220000000E+14   0.1815075514380E-16
  0.1616830000000E+14   0.1731438482721E-16
  0.1657430000000E+14   0.1631927160609E-16
  0.1699050000000E+14   0.1525375539856E-16
  0.1741720000000E+14   0.1395525630315E-16
  0.1785460000000E+14   0.1273655676831E-16
  0.1830290000000E+14   0.1146222531751E-16
  0.1876260000000E+14   0.1026816867118E-16
  0.1923370000000E+14   0.9204353723519E-17
  0.1971670000000E+14   0.8240299922557E-17
  0.2021180000000E+14   0.7403232031185E-17
  0.2071940000000E+14   0.6746689766383E-17
  0.2123970000000E+14   0.6146052651934E-17
  0.2177310000000E+14   0.6067415089648E-17
  0.2231980000000E+14   0.5976784911619E-17
  0.2288030000000E+14   0.6033304138689E-17
  0.2345490000000E+14   0.6123262600851E-17
  0.2404390000000E+14   0.6224569555638E-17
  0.2464770000000E+14   0.6364156321951E-17
  0.2526660000000E+14   0.6465563291359E-17
  0.2590110000000E+14   0.6586246471064E-17
  0.2655150000000E+14   0.6668865913998E-17
  0.2721830000000E+14   0.6820104133997E-17
  0.2790180000000E+14   0.6966385607893E-17
  0.2860240000000E+14   0.7039718310025E-17
  0.2932070000000E+14   0.7035649890606E-17
  0.3005700000000E+14   0.7002292116224E-17
  0.3081180000000E+14   0.6826047380284E-17
  0.3158550000000E+14   0.6655729196720E-17
  0.3237870000000E+14   0.5962189760347E-17
  0.3319170000000E+14   0.5156135008036E-17
  0.3402530000000E+14   0.4415288892618E-17
  0.3487970000000E+14   0.3734417873169E-17
  0.3575560000000E+14   0.3100122204267E-17
  0.3665350000000E+14   0.2531854849099E-17
  0.3757390000000E+14   0.1984948990332E-17
  0.3851740000000E+14   0.1653386849545E-17
  0.3948470000000E+14   0.1385017220786E-17
  0.4047620000000E+14   0.1213907577545E-17
  0.4149260000000E+14   0.1154873804824E-17
  0.4253460000000E+14   0.1105245575104E-17
  0.4360270000000E+14   0.1091820720179E-17
  0.4469770000000E+14   0.1080493109772E-17
  0.4582010000000E+14   0.1071462501127E-17
  0.4697070000000E+14   0.1064152816767E-17
  0.4815020000000E+14   0.1057212169434E-17
  0.4935940000000E+14   0.1050495951205E-17
  0.5059890000000E+14   0.1044997658050E-17
  0.5186950000000E+14   0.1041145174556E-17
  0.5317200000000E+14   0.1037955056335E-17
  0.5450730000000E+14   0.1036807518731E-17
  0.6258450000000E+14   0.1044075162004E-17
  0.7185870000000E+14   0.1059788338843E-17
  0.8250720000000E+14   0.1063651854348E-17
  0.9473370000000E+14   0.1051076160903E-17
  0.1087720000000E+15   0.1027544961167E-17
  0.1248910000000E+15   0.1002956644403E-17
  0.1433980000000E+15   0.9867375947530E-18
  0.1646470000000E+15   0.9884728808269E-18
  0.1890460000000E+15   0.1017378773434E-17
  0.2170600000000E+15   0.1075864871396E-17
  0.2492250000000E+15   0.1165804309410E-17
  0.2861570000000E+15   0.1285432877259E-17
  0.3285620000000E+15   0.1427743277025E-17
  0.3772500000000E+15   0.1580595857978E-17
  0.4331540000000E+15   0.1725447628177E-17
  0.4973410000000E+15   0.1837878615247E-17
  0.5710410000000E+15   0.1890959644553E-17
  0.6556610000000E+15   0.1861323786383E-17
  0.7528220000000E+15   0.1735518057865E-17
  0.8643800000000E+15   0.1518130516791E-17
  0.9924690000000E+15   0.1232773041641E-17
  0.1139540000000E+16   0.9151508467625E-18
  0.1308400000000E+16   0.6148728102457E-18
  0.1502290000000E+16   0.3671211368826E-18
  0.1724910000000E+16   0.1911384922053E-18
  0.1980520000000E+16   0.8480790865328E-19
  0.2274010000000E+16   0.3139042593454E-19
  0.2610990000000E+16   0.9430161144293E-20
  0.2997900000000E+16   0.2229298645459E-20
