mstar = 2 Msun, Rstar = 2.5 Rsun, Tstar = 10000, mdisk = 0.0090944 Msun, Rc = 150 AU, Rin = 0.5 AU, Rout = 250 AU, inclination = 45 degree, powerlaw = -0.5 
         130
  
  0.2997900000000E+11   0.1122386916749E-22
  0.3951060000000E+11   0.2557334749908E-22
  0.5207280000000E+11   0.5820000875964E-22
  0.6862910000000E+11   0.1322356507989E-21
  0.9044930000000E+11   0.2997833107435E-21
  0.1192070000000E+12   0.6775868033603E-21
  0.1571080000000E+12   0.1525408578901E-20
  0.2070600000000E+12   0.3415734976602E-20
  0.2728930000000E+12   0.7594096124863E-20
  0.3596580000000E+12   0.1823380181876E-19
  0.4740100000000E+12   0.5216678129514E-19
  0.6247180000000E+12   0.1465458963730E-18
  0.8233440000000E+12   0.4006772211056E-18
  0.1085120000000E+13   0.1056138414787E-17
  0.1430130000000E+13   0.2638110278454E-17
  0.1884830000000E+13   0.6104823280372E-17
  0.2484100000000E+13   0.1264712426654E-16
  0.3273910000000E+13   0.2229505098884E-16
  0.4314820000000E+13   0.3167623234065E-16
  0.5686700000000E+13   0.3515570834226E-16
  0.7494750000000E+13   0.3246249482322E-16
  0.7682960000000E+13   0.3207577533022E-16
  0.7875890000000E+13   0.3166884189927E-16
  0.8073670000000E+13   0.3123938147512E-16
  0.8276410000000E+13   0.3078993810145E-16
  0.8484250000000E+13   0.3032707117671E-16
  0.8697300000000E+13   0.2989179902086E-16
  0.8915700000000E+13   0.2943502144593E-16
  0.9139590000000E+13   0.2901958784349E-16
  0.9369100000000E+13   0.2859381377045E-16
  0.9604380000000E+13   0.2818218947685E-16
  0.9845560000000E+13   0.2778285077962E-16
  0.1009280000000E+14   0.2736354468844E-16
  0.1034620000000E+14   0.2694747640316E-16
  0.1060610000000E+14   0.2650511462594E-16
  0.1087240000000E+14   0.2610066955442E-16
  0.1114540000000E+14   0.2567911661745E-16
  0.1142530000000E+14   0.2526727409661E-16
  0.1171220000000E+14   0.2485788175375E-16
  0.1200630000000E+14   0.2442784454144E-16
  0.1230780000000E+14   0.2399667628179E-16
  0.1261690000000E+14   0.2353969280729E-16
  0.1293370000000E+14   0.2313460896714E-16
  0.1325850000000E+14   0.2271073616950E-16
  0.1359150000000E+14   0.2229565930222E-16
  0.1393280000000E+14   0.2187881412937E-16
  0.1428260000000E+14   0.2146025802217E-16
  0.1464130000000E+14   0.2108725959804E-16
  0.1500900000000E+14   0.2068497237068E-16
  0.1538590000000E+14   0.2014989140057E-16
  0.1577220000000E+14   0.1959636806272E-16
  0.1616830000000E+14   0.1869887307251E-16
  0.1657430000000E+14   0.1763021979702E-16
  0.1699050000000E+14   0.1648528423325E-16
  0.1741720000000E+14   0.1508938618447E-16
  0.1785460000000E+14   0.1377833616866E-16
  0.1830290000000E+14   0.1240638066807E-16
  0.1876260000000E+14   0.1111996789814E-16
  0.1923370000000E+14   0.9973304401901E-17
  0.1971670000000E+14   0.8933643563116E-17
  0.2021180000000E+14   0.8030407565143E-17
  0.2071940000000E+14   0.7321603211853E-17
  0.2123970000000E+14   0.6672660131251E-17
  0.2177310000000E+14   0.6587836600617E-17
  0.2231980000000E+14   0.6488924483238E-17
  0.2288030000000E+14   0.6547475858307E-17
  0.2345490000000E+14   0.6641034166939E-17
  0.2404390000000E+14   0.6746178948257E-17
  0.2464770000000E+14   0.6892133882778E-17
  0.2526660000000E+14   0.6997036292030E-17
  0.2590110000000E+14   0.7122235653930E-17
  0.2655150000000E+14   0.7206190418594E-17
  0.2721830000000E+14   0.7363632579226E-17
  0.2790180000000E+14   0.7515233792982E-17
  0.2860240000000E+14   0.7588252247102E-17
  0.2932070000000E+14   0.7578124274579E-17
  0.3005700000000E+14   0.7536337661352E-17
  0.3081180000000E+14   0.7341966727017E-17
  0.3158550000000E+14   0.7153867073669E-17
  0.3237870000000E+14   0.6407526810080E-17
  0.3319170000000E+14   0.5539639224316E-17
  0.3402530000000E+14   0.4740087498820E-17
  0.3487970000000E+14   0.4004249535498E-17
  0.3575560000000E+14   0.3318822817839E-17
  0.3665350000000E+14   0.2704983635112E-17
  0.3757390000000E+14   0.2114149819044E-17
  0.3851740000000E+14   0.1754486968517E-17
  0.3948470000000E+14   0.1463187544265E-17
  0.4047620000000E+14   0.1277233102181E-17
  0.4149260000000E+14   0.1211715342151E-17
  0.4253460000000E+14   0.1156756323227E-17
  0.4360270000000E+14   0.1140138130695E-17
  0.4469770000000E+14   0.1125958785445E-17
  0.4582010000000E+14   0.1114419805591E-17
  0.4697070000000E+14   0.1104916784355E-17
  0.4815020000000E+14   0.1096056985629E-17
  0.4935940000000E+14   0.1087698542326E-17
  0.5059890000000E+14   0.1080846301952E-17
  0.5186950000000E+14   0.1075910068573E-17
  0.5317200000000E+14   0.1071875220219E-17
  0.5450730000000E+14   0.1070098931131E-17
  0.6258450000000E+14   0.1076626654138E-17
  0.7185870000000E+14   0.1093926092322E-17
  0.8250720000000E+14   0.1099423663788E-17
  0.9473370000000E+14   0.1086797304380E-17
  0.1087720000000E+15   0.1060371791900E-17
  0.1248910000000E+15   0.1029812675783E-17
  0.1433980000000E+15   0.1005197741734E-17
  0.1646470000000E+15   0.9975491290539E-18
  0.1890460000000E+15   0.1017939955830E-17
  0.2170600000000E+15   0.1070281679680E-17
  0.2492250000000E+15   0.1157111434487E-17
  0.2861570000000E+15   0.1276285739725E-17
  0.3285620000000E+15   0.1420031913455E-17
  0.3772500000000E+15   0.1575263100234E-17
  0.4331540000000E+15   0.1722347461065E-17
  0.4973410000000E+15   0.1836100733128E-17
  0.5710410000000E+15   0.1889526603228E-17
  0.6556610000000E+15   0.1859591542338E-17
  0.7528220000000E+15   0.1733021995193E-17
  0.8643800000000E+15   0.1515100628963E-17
  0.9924690000000E+15   0.1229994606070E-17
  0.1139540000000E+16   0.9123036733369E-18
  0.1308400000000E+16   0.6130783558719E-18
  0.1502290000000E+16   0.3662355479746E-18
  0.1724910000000E+16   0.1907927634247E-18
  0.1980520000000E+16   0.8464602283917E-19
  0.2274010000000E+16   0.3133188856271E-19
  0.2610990000000E+16   0.9412900036713E-20
  0.2997900000000E+16   0.2225276061824E-20
