mstar = 2 Msun, Rstar = 2.5 Rsun, Tstar = 10000, mdisk = 0.005443 Msun, Rc = 150 AU, Rin = 0.5 AU, Rout = 250 AU, inclination = 45 degree, powerlaw = -0.5 
         130
  
  0.2997900000000E+11   0.7069890609067E-23
  0.3951060000000E+11   0.1610681351641E-22
  0.5207280000000E+11   0.3665773899695E-22
  0.6862910000000E+11   0.8330716727365E-22
  0.9044930000000E+11   0.1889342339538E-21
  0.1192070000000E+12   0.4272967942390E-21
  0.1571080000000E+12   0.9627778514375E-21
  0.2070600000000E+12   0.2158461189603E-20
  0.2728930000000E+12   0.4806679778234E-20
  0.3596580000000E+12   0.1156811324635E-19
  0.4740100000000E+12   0.3321999021171E-19
  0.6247180000000E+12   0.9384369966853E-19
  0.8233440000000E+12   0.2587685572064E-18
  0.1085120000000E+13   0.6910763362694E-18
  0.1430130000000E+13   0.1761937639802E-17
  0.1884830000000E+13   0.4210833398856E-17
  0.2484100000000E+13   0.9174159006356E-17
  0.3273910000000E+13   0.1744301276572E-16
  0.4314820000000E+13   0.2745024841769E-16
  0.5686700000000E+13   0.3370689984324E-16
  0.7494750000000E+13   0.3221145869733E-16
  0.7682960000000E+13   0.3178777261380E-16
  0.7875890000000E+13   0.3132887859956E-16
  0.8073670000000E+13   0.3083626802709E-16
  0.8276410000000E+13   0.3031585033913E-16
  0.8484250000000E+13   0.2977682790906E-16
  0.8697300000000E+13   0.2925892812635E-16
  0.8915700000000E+13   0.2872051812770E-16
  0.9139590000000E+13   0.2822024783979E-16
  0.9369100000000E+13   0.2771399323529E-16
  0.9604380000000E+13   0.2722546422223E-16
  0.9845560000000E+13   0.2675453346436E-16
  0.1009280000000E+14   0.2627323144141E-16
  0.1034620000000E+14   0.2580309811459E-16
  0.1060610000000E+14   0.2531752023770E-16
  0.1087240000000E+14   0.2487508153507E-16
  0.1114540000000E+14   0.2442537380305E-16
  0.1142530000000E+14   0.2399251829643E-16
  0.1171220000000E+14   0.2356931179151E-16
  0.1200630000000E+14   0.2313355706953E-16
  0.1230780000000E+14   0.2270259705410E-16
  0.1261690000000E+14   0.2225254549254E-16
  0.1293370000000E+14   0.2185557217753E-16
  0.1325850000000E+14   0.2144474040864E-16
  0.1359150000000E+14   0.2104537613605E-16
  0.1393280000000E+14   0.2064698178727E-16
  0.1428260000000E+14   0.2024911654880E-16
  0.1464130000000E+14   0.1989608374639E-16
  0.1500900000000E+14   0.1951673338014E-16
  0.1538590000000E+14   0.1901262058792E-16
  0.1577220000000E+14   0.1849171271892E-16
  0.1616830000000E+14   0.1764517839935E-16
  0.1657430000000E+14   0.1663661664974E-16
  0.1699050000000E+14   0.1555588061645E-16
  0.1741720000000E+14   0.1423735704167E-16
  0.1785460000000E+14   0.1299938269845E-16
  0.1830290000000E+14   0.1170374559462E-16
  0.1876260000000E+14   0.1048894758195E-16
  0.1923370000000E+14   0.9406212453278E-17
  0.1971670000000E+14   0.8424584340672E-17
  0.2021180000000E+14   0.7572028666912E-17
  0.2071940000000E+14   0.6903492884696E-17
  0.2123970000000E+14   0.6291555525672E-17
  0.2177310000000E+14   0.6214386296375E-17
  0.2231980000000E+14   0.6124317800106E-17
  0.2288030000000E+14   0.6184215450265E-17
  0.2345490000000E+14   0.6277759732687E-17
  0.2404390000000E+14   0.6382532104931E-17
  0.2464770000000E+14   0.6526101314344E-17
  0.2526660000000E+14   0.6630417083327E-17
  0.2590110000000E+14   0.6754023994489E-17
  0.2655150000000E+14   0.6838433556422E-17
  0.2721830000000E+14   0.6992724237004E-17
  0.2790180000000E+14   0.7141690613925E-17
  0.2860240000000E+14   0.7215907996795E-17
  0.2932070000000E+14   0.7211301205591E-17
  0.3005700000000E+14   0.7176767241015E-17
  0.3081180000000E+14   0.6996553147002E-17
  0.3158550000000E+14   0.6822295643252E-17
  0.3237870000000E+14   0.6114427733540E-17
  0.3319170000000E+14   0.5291104725337E-17
  0.3402530000000E+14   0.4532917245257E-17
  0.3487970000000E+14   0.3834856346333E-17
  0.3575560000000E+14   0.3183681422948E-17
  0.3665350000000E+14   0.2599861207943E-17
  0.3757390000000E+14   0.2036595611163E-17
  0.3851740000000E+14   0.1694176095942E-17
  0.3948470000000E+14   0.1416138403197E-17
  0.4047620000000E+14   0.1238209717740E-17
  0.4149260000000E+14   0.1176517285794E-17
  0.4253460000000E+14   0.1124630019260E-17
  0.4360270000000E+14   0.1110243493252E-17
  0.4469770000000E+14   0.1098030533313E-17
  0.4582010000000E+14   0.1088202992669E-17
  0.4697070000000E+14   0.1080172191810E-17
  0.4815020000000E+14   0.1072553143963E-17
  0.4935940000000E+14   0.1065206021707E-17
  0.5059890000000E+14   0.1059152558321E-17
  0.5186950000000E+14   0.1054828684264E-17
  0.5317200000000E+14   0.1051226149935E-17
  0.5450730000000E+14   0.1049749130293E-17
  0.6258450000000E+14   0.1055995316200E-17
  0.7185870000000E+14   0.1071326959477E-17
  0.8250720000000E+14   0.1074729541918E-17
  0.9473370000000E+14   0.1061309997135E-17
  0.1087720000000E+15   0.1036448611130E-17
  0.1248910000000E+15   0.1010098055583E-17
  0.1433980000000E+15   0.9918259736368E-18
  0.1646470000000E+15   0.9914369444633E-18
  0.1890460000000E+15   0.1018439602802E-17
  0.2170600000000E+15   0.1075505340414E-17
  0.2492250000000E+15   0.1164645144738E-17
  0.2861570000000E+15   0.1284007106301E-17
  0.3285620000000E+15   0.1426424217070E-17
  0.3772500000000E+15   0.1579604730529E-17
  0.4331540000000E+15   0.1724830144672E-17
  0.4973410000000E+15   0.1837520754408E-17
  0.5710410000000E+15   0.1890690400531E-17
  0.6556610000000E+15   0.1861014910986E-17
  0.7528220000000E+15   0.1735078540628E-17
  0.8643800000000E+15   0.1517597621419E-17
  0.9924690000000E+15   0.1232284358706E-17
  0.1139540000000E+16   0.9146498975383E-18
  0.1308400000000E+16   0.6145571078481E-18
  0.1502290000000E+16   0.3669653657894E-18
  0.1724910000000E+16   0.1910776952205E-18
  0.1980520000000E+16   0.8477943958602E-19
  0.2274010000000E+16   0.3138013180165E-19
  0.2610990000000E+16   0.9427125722531E-20
  0.2997900000000E+16   0.2228591268668E-20
