mstar = 2 Msun, Rstar = 2.5 Rsun, Tstar = 10000, mdisk = 0.0028733 Msun, Rc = 150 AU, Rin = 0.5 AU, Rout = 250 AU, inclination = 45 degree, powerlaw = -0.5 
         130
  
  0.2997900000000E+11   0.3982080712929E-23
  0.3951060000000E+11   0.9067849805537E-23
  0.5207280000000E+11   0.2063330033575E-22
  0.6862910000000E+11   0.4689196286943E-22
  0.9044930000000E+11   0.1063766119743E-21
  0.1192070000000E+12   0.2407139438450E-21
  0.1571080000000E+12   0.5428379787743E-21
  0.2070600000000E+12   0.1218508535935E-20
  0.2728930000000E+12   0.2718211175988E-20
  0.3596580000000E+12   0.6557912644342E-20
  0.4740100000000E+12   0.1890244339313E-19
  0.6247180000000E+12   0.5368990782699E-19
  0.8233440000000E+12   0.1492449099351E-18
  0.1085120000000E+13   0.4034313519765E-18
  0.1430130000000E+13   0.1047724313388E-17
  0.1884830000000E+13   0.2576556167503E-17
  0.2484100000000E+13   0.5870369473249E-17
  0.3273910000000E+13   0.1196230050157E-16
  0.4314820000000E+13   0.2086718366549E-16
  0.5686700000000E+13   0.2923648030120E-16
  0.7494750000000E+13   0.3117866547688E-16
  0.7682960000000E+13   0.3094442105852E-16
  0.7875890000000E+13   0.3064256612696E-16
  0.8073670000000E+13   0.3027459189962E-16
  0.8276410000000E+13   0.2984771168671E-16
  0.8484250000000E+13   0.2937306839524E-16
  0.8697300000000E+13   0.2889226291210E-16
  0.8915700000000E+13   0.2836487889652E-16
  0.9139590000000E+13   0.2785042246525E-16
  0.9369100000000E+13   0.2730845253547E-16
  0.9604380000000E+13   0.2676451049507E-16
  0.9845560000000E+13   0.2622145279109E-16
  0.1009280000000E+14   0.2565783193167E-16
  0.1034620000000E+14   0.2509683161551E-16
  0.1060610000000E+14   0.2451860175087E-16
  0.1087240000000E+14   0.2397752554130E-16
  0.1114540000000E+14   0.2343251597220E-16
  0.1142530000000E+14   0.2290697375569E-16
  0.1171220000000E+14   0.2239678035043E-16
  0.1200630000000E+14   0.2188432685084E-16
  0.1230780000000E+14   0.2138563859220E-16
  0.1261690000000E+14   0.2088049260248E-16
  0.1293370000000E+14   0.2043228041334E-16
  0.1325850000000E+14   0.1998247467828E-16
  0.1359150000000E+14   0.1955296464996E-16
  0.1393280000000E+14   0.1913394527077E-16
  0.1428260000000E+14   0.1872424820493E-16
  0.1464130000000E+14   0.1836300179395E-16
  0.1500900000000E+14   0.1798526439864E-16
  0.1538590000000E+14   0.1750021433479E-16
  0.1577220000000E+14   0.1700450313825E-16
  0.1616830000000E+14   0.1621497976550E-16
  0.1657430000000E+14   0.1527965244926E-16
  0.1699050000000E+14   0.1428021549777E-16
  0.1741720000000E+14   0.1306522703289E-16
  0.1785460000000E+14   0.1192566172317E-16
  0.1830290000000E+14   0.1073561865069E-16
  0.1876260000000E+14   0.9621458193706E-17
  0.1923370000000E+14   0.8629437581560E-17
  0.1971670000000E+14   0.7730907645007E-17
  0.2021180000000E+14   0.6950648170562E-17
  0.2071940000000E+14   0.6337646513072E-17
  0.2123970000000E+14   0.5776872864316E-17
  0.2177310000000E+14   0.5698832109813E-17
  0.2231980000000E+14   0.5611954731421E-17
  0.2288030000000E+14   0.5664043390616E-17
  0.2345490000000E+14   0.5749676886310E-17
  0.2404390000000E+14   0.5847786984582E-17
  0.2464770000000E+14   0.5983435910266E-17
  0.2526660000000E+14   0.6084550884098E-17
  0.2590110000000E+14   0.6204615540662E-17
  0.2655150000000E+14   0.6289342124571E-17
  0.2721830000000E+14   0.6439567803753E-17
  0.2790180000000E+14   0.6585791021496E-17
  0.2860240000000E+14   0.6663351094636E-17
  0.2932070000000E+14   0.6667860091961E-17
  0.3005700000000E+14   0.6644682551047E-17
  0.3081180000000E+14   0.6485771931573E-17
  0.3158550000000E+14   0.6332406245820E-17
  0.3237870000000E+14   0.5680611733079E-17
  0.3319170000000E+14   0.4920620196734E-17
  0.3402530000000E+14   0.4221869372330E-17
  0.3487970000000E+14   0.3579006976627E-17
  0.3575560000000E+14   0.2979314195369E-17
  0.3665350000000E+14   0.2440555508584E-17
  0.3757390000000E+14   0.1920630277196E-17
  0.3851740000000E+14   0.1606257174169E-17
  0.3948470000000E+14   0.1350248281984E-17
  0.4047620000000E+14   0.1185750991822E-17
  0.4149260000000E+14   0.1129351874396E-17
  0.4253460000000E+14   0.1081573960754E-17
  0.4360270000000E+14   0.1069229611401E-17
  0.4469770000000E+14   0.1058769362038E-17
  0.4582010000000E+14   0.1050410978487E-17
  0.4697070000000E+14   0.1043595479235E-17
  0.4815020000000E+14   0.1036969915139E-17
  0.4935940000000E+14   0.1030392966001E-17
  0.5059890000000E+14   0.1024887995649E-17
  0.5186950000000E+14   0.1020922087731E-17
  0.5317200000000E+14   0.1017508841956E-17
  0.5450730000000E+14   0.1016101372076E-17
  0.6258450000000E+14   0.1021451141826E-17
  0.7185870000000E+14   0.1035672875562E-17
  0.8250720000000E+14   0.1038938811706E-17
  0.9473370000000E+14   0.1027084529646E-17
  0.1087720000000E+15   0.1005891580363E-17
  0.1248910000000E+15   0.9850498326857E-18
  0.1433980000000E+15   0.9734574171217E-18
  0.1646470000000E+15   0.9800465006166E-18
  0.1890460000000E+15   0.1013363576666E-17
  0.2170600000000E+15   0.1075260977494E-17
  0.2492250000000E+15   0.1167206323709E-17
  0.2861570000000E+15   0.1287585304756E-17
  0.3285620000000E+15   0.1429889141425E-17
  0.3772500000000E+15   0.1582375726955E-17
  0.4331540000000E+15   0.1726746101351E-17
  0.4973410000000E+15   0.1838810163310E-17
  0.5710410000000E+15   0.1891808500845E-17
  0.6556610000000E+15   0.1862373171200E-17
  0.7528220000000E+15   0.1737031474309E-17
  0.8643800000000E+15   0.1519968254704E-17
  0.9924690000000E+15   0.1234458621718E-17
  0.1139540000000E+16   0.9168793266374E-18
  0.1308400000000E+16   0.6159620304851E-18
  0.1502290000000E+16   0.3676584637662E-18
  0.1724910000000E+16   0.1913481597120E-18
  0.1980520000000E+16   0.8490609234069E-19
  0.2274010000000E+16   0.3142592757199E-19
  0.2610990000000E+16   0.9440629339422E-20
  0.2997900000000E+16   0.2231738136080E-20
