mstar = 2 Msun, Rstar = 2.5 Rsun, Tstar = 10000, mdisk = 0.0028941 Msun, Rc = 150 AU, Rin = 0.5 AU, Rout = 250 AU, inclination = 45 degree, powerlaw = -0.5 
         130
  
  0.2997900000000E+11   0.4002950111017E-23
  0.3951060000000E+11   0.9115385859436E-23
  0.5207280000000E+11   0.2074140412206E-22
  0.6862910000000E+11   0.4713728486539E-22
  0.9044930000000E+11   0.1069317590700E-21
  0.1192070000000E+12   0.2419655091147E-21
  0.1571080000000E+12   0.5456456141203E-21
  0.2070600000000E+12   0.1224765230472E-20
  0.2728930000000E+12   0.2732030551015E-20
  0.3596580000000E+12   0.6590801173419E-20
  0.4740100000000E+12   0.1899542920652E-19
  0.6247180000000E+12   0.5394693831118E-19
  0.8233440000000E+12   0.1499318724562E-18
  0.1085120000000E+13   0.4051833873807E-18
  0.1430130000000E+13   0.1051892220019E-17
  0.1884830000000E+13   0.2585478952425E-17
  0.2484100000000E+13   0.5886388709910E-17
  0.3273910000000E+13   0.1198256157421E-16
  0.4314820000000E+13   0.2087315419492E-16
  0.5686700000000E+13   0.2919473942311E-16
  0.7494750000000E+13   0.3108939783185E-16
  0.7682960000000E+13   0.3085358409177E-16
  0.7875890000000E+13   0.3055085841579E-16
  0.8073670000000E+13   0.3018274852401E-16
  0.8276410000000E+13   0.2975645160717E-16
  0.8484250000000E+13   0.2928305680859E-16
  0.8697300000000E+13   0.2880397691877E-16
  0.8915700000000E+13   0.2827898951060E-16
  0.9139590000000E+13   0.2776734712630E-16
  0.9369100000000E+13   0.2722876588729E-16
  0.9604380000000E+13   0.2668867547564E-16
  0.9845560000000E+13   0.2614991605859E-16
  0.1009280000000E+14   0.2559102454048E-16
  0.1034620000000E+14   0.2503507153223E-16
  0.1060610000000E+14   0.2446217189404E-16
  0.1087240000000E+14   0.2392661065317E-16
  0.1114540000000E+14   0.2338726424761E-16
  0.1142530000000E+14   0.2286745296258E-16
  0.1171220000000E+14   0.2236300291341E-16
  0.1200630000000E+14   0.2185624133154E-16
  0.1230780000000E+14   0.2136314696077E-16
  0.1261690000000E+14   0.2086344577568E-16
  0.1293370000000E+14   0.2042054636818E-16
  0.1325850000000E+14   0.1997582367812E-16
  0.1359150000000E+14   0.1955119451236E-16
  0.1393280000000E+14   0.1913681695247E-16
  0.1428260000000E+14   0.1873152141312E-16
  0.1464130000000E+14   0.1837445319673E-16
  0.1500900000000E+14   0.1800061763537E-16
  0.1538590000000E+14   0.1751905245887E-16
  0.1577220000000E+14   0.1702653784399E-16
  0.1616830000000E+14   0.1623950131670E-16
  0.1657430000000E+14   0.1530616034426E-16
  0.1699050000000E+14   0.1430831665233E-16
  0.1741720000000E+14   0.1309432405161E-16
  0.1785460000000E+14   0.1195557857653E-16
  0.1830290000000E+14   0.1076596041786E-16
  0.1876260000000E+14   0.9652029091566E-17
  0.1923370000000E+14   0.8660096607609E-17
  0.1971670000000E+14   0.7761556964072E-17
  0.2021180000000E+14   0.6981242963023E-17
  0.2071940000000E+14   0.6368265073174E-17
  0.2123970000000E+14   0.5807377832149E-17
  0.2177310000000E+14   0.5730371367710E-17
  0.2231980000000E+14   0.5644301351041E-17
  0.2288030000000E+14   0.5697302911814E-17
  0.2345490000000E+14   0.5783657046063E-17
  0.2404390000000E+14   0.5882333633966E-17
  0.2464770000000E+14   0.6018401011068E-17
  0.2526660000000E+14   0.6119607048469E-17
  0.2590110000000E+14   0.6239647020013E-17
  0.2655150000000E+14   0.6324150741519E-17
  0.2721830000000E+14   0.6474185386316E-17
  0.2790180000000E+14   0.6619969467871E-17
  0.2860240000000E+14   0.6696801597381E-17
  0.2932070000000E+14   0.6700320824953E-17
  0.3005700000000E+14   0.6676103807969E-17
  0.3081180000000E+14   0.6516006921269E-17
  0.3158550000000E+14   0.6361412114331E-17
  0.3237870000000E+14   0.5708006370028E-17
  0.3319170000000E+14   0.4946411087689E-17
  0.3402530000000E+14   0.4245816300860E-17
  0.3487970000000E+14   0.3601352069597E-17
  0.3575560000000E+14   0.3000302165647E-17
  0.3665350000000E+14   0.2460513262887E-17
  0.3757390000000E+14   0.1939440426760E-17
  0.3851740000000E+14   0.1623998438973E-17
  0.3948470000000E+14   0.1367022911728E-17
  0.4047620000000E+14   0.1201658255640E-17
  0.4149260000000E+14   0.1144710078025E-17
  0.4253460000000E+14   0.1096443104513E-17
  0.4360270000000E+14   0.1083750106524E-17
  0.4469770000000E+14   0.1072958521272E-17
  0.4582010000000E+14   0.1064286390628E-17
  0.4697070000000E+14   0.1057174629758E-17
  0.4815020000000E+14   0.1050270138170E-17
  0.4935940000000E+14   0.1043433622544E-17
  0.5059890000000E+14   0.1037688630339E-17
  0.5186950000000E+14   0.1033499871655E-17
  0.5317200000000E+14   0.1029880822172E-17
  0.5450730000000E+14   0.1028278852273E-17
  0.6258450000000E+14   0.1032701021416E-17
  0.7185870000000E+14   0.1046049138545E-17
  0.8250720000000E+14   0.1048326229456E-17
  0.9473370000000E+14   0.1035251410058E-17
  0.1087720000000E+15   0.1012564434689E-17
  0.1248910000000E+15   0.9900485014070E-18
  0.1433980000000E+15   0.9767867988853E-18
  0.1646470000000E+15   0.9819474196491E-18
  0.1890460000000E+15   0.1014242659771E-17
  0.2170600000000E+15   0.1075559958121E-17
  0.2492250000000E+15   0.1167270495198E-17
  0.2861570000000E+15   0.1287593451646E-17
  0.3285620000000E+15   0.1429896460581E-17
  0.3772500000000E+15   0.1582384085554E-17
  0.4331540000000E+15   0.1726750650791E-17
  0.4973410000000E+15   0.1838811254492E-17
  0.5710410000000E+15   0.1891807209227E-17
  0.6556610000000E+15   0.1862369603549E-17
  0.7528220000000E+15   0.1737025187542E-17
  0.8643800000000E+15   0.1519960294124E-17
  0.9924690000000E+15   0.1234451279445E-17
  0.1139540000000E+16   0.9168717898846E-18
  0.1308400000000E+16   0.6159572810847E-18
  0.1502290000000E+16   0.3676561211697E-18
  0.1724910000000E+16   0.1913472457856E-18
  0.1980520000000E+16   0.8490566435172E-19
  0.2274010000000E+16   0.3142577282014E-19
  0.2610990000000E+16   0.9440583708971E-20
  0.2997900000000E+16   0.2231727502520E-20
