mstar = 2 Msun, Rstar = 2.5 Rsun, Tstar = 10000, mdisk = 0.0095583 Msun, Rc = 150 AU, Rin = 0.5 AU, Rout = 250 AU, inclination = 45 degree, powerlaw = -0.5 
         130
  
  0.2997900000000E+11   0.1173028712515E-22
  0.3951060000000E+11   0.2672716176856E-22
  0.5207280000000E+11   0.6082485774062E-22
  0.6862910000000E+11   0.1381950193737E-21
  0.9044930000000E+11   0.3132773297292E-21
  0.1192070000000E+12   0.7080342498311E-21
  0.1571080000000E+12   0.1593789286526E-20
  0.2070600000000E+12   0.3568355859314E-20
  0.2728930000000E+12   0.7931912879677E-20
  0.3596580000000E+12   0.1903974593449E-19
  0.4740100000000E+12   0.5444875981369E-19
  0.6247180000000E+12   0.1528555922744E-18
  0.8233440000000E+12   0.4175112801241E-18
  0.1085120000000E+13   0.1098812108043E-17
  0.1430130000000E+13   0.2738112224176E-17
  0.1884830000000E+13   0.6312560290686E-17
  0.2484100000000E+13   0.1300268386631E-16
  0.3273910000000E+13   0.2273244459068E-16
  0.4314820000000E+13   0.3196553707178E-16
  0.5686700000000E+13   0.3519029839751E-16
  0.7494750000000E+13   0.3249340082314E-16
  0.7682960000000E+13   0.3211661622475E-16
  0.7875890000000E+13   0.3171997238361E-16
  0.8073670000000E+13   0.3130085628584E-16
  0.8276410000000E+13   0.3086156685078E-16
  0.8484250000000E+13   0.3040850665531E-16
  0.8697300000000E+13   0.2998285564102E-16
  0.8915700000000E+13   0.2953501329136E-16
  0.9139590000000E+13   0.2912821548711E-16
  0.9369100000000E+13   0.2871036548415E-16
  0.9604380000000E+13   0.2830609945628E-16
  0.9845560000000E+13   0.2791356631920E-16
  0.1009280000000E+14   0.2750030642471E-16
  0.1034620000000E+14   0.2708973512313E-16
  0.1060610000000E+14   0.2665220217111E-16
  0.1087240000000E+14   0.2625238439698E-16
  0.1114540000000E+14   0.2583495363216E-16
  0.1142530000000E+14   0.2542696707807E-16
  0.1171220000000E+14   0.2502111724942E-16
  0.1200630000000E+14   0.2459418627937E-16
  0.1230780000000E+14   0.2416584823661E-16
  0.1261690000000E+14   0.2371124909387E-16
  0.1293370000000E+14   0.2330872158264E-16
  0.1325850000000E+14   0.2288700023059E-16
  0.1359150000000E+14   0.2247386823085E-16
  0.1393280000000E+14   0.2205869367491E-16
  0.1428260000000E+14   0.2164151283612E-16
  0.1464130000000E+14   0.2126998963508E-16
  0.1500900000000E+14   0.2086856947299E-16
  0.1538590000000E+14   0.2033278245479E-16
  0.1577220000000E+14   0.1977793537225E-16
  0.1616830000000E+14   0.1887549839932E-16
  0.1657430000000E+14   0.1779965484079E-16
  0.1699050000000E+14   0.1664599933889E-16
  0.1741720000000E+14   0.1523791483126E-16
  0.1785460000000E+14   0.1391467140578E-16
  0.1830290000000E+14   0.1252892269487E-16
  0.1876260000000E+14   0.1122881077507E-16
  0.1923370000000E+14   0.1006902299639E-16
  0.1971670000000E+14   0.9016825885859E-17
  0.2021180000000E+14   0.8102218979554E-17
  0.2071940000000E+14   0.7384232212677E-17
  0.2123970000000E+14   0.6726572024049E-17
  0.2177310000000E+14   0.6641062878792E-17
  0.2231980000000E+14   0.6541044520861E-17
  0.2288030000000E+14   0.6600479204536E-17
  0.2345490000000E+14   0.6695094221880E-17
  0.2404390000000E+14   0.6801150324349E-17
  0.2464770000000E+14   0.6948143057406E-17
  0.2526660000000E+14   0.7053141487154E-17
  0.2590110000000E+14   0.7178680282227E-17
  0.2655150000000E+14   0.7262333246131E-17
  0.2721830000000E+14   0.7420036397984E-17
  0.2790180000000E+14   0.7571453599631E-17
  0.2860240000000E+14   0.7643005936126E-17
  0.2932070000000E+14   0.7630272569590E-17
  0.3005700000000E+14   0.7585392475808E-17
  0.3081180000000E+14   0.7386604742958E-17
  0.3158550000000E+14   0.7194198763664E-17
  0.3237870000000E+14   0.6439604799451E-17
  0.3319170000000E+14   0.5562557270099E-17
  0.3402530000000E+14   0.4754557340620E-17
  0.3487970000000E+14   0.4011544243051E-17
  0.3575560000000E+14   0.3320086346000E-17
  0.3665350000000E+14   0.2701139851710E-17
  0.3757390000000E+14   0.2106338711656E-17
  0.3851740000000E+14   0.1745901272327E-17
  0.3948470000000E+14   0.1454566824716E-17
  0.4047620000000E+14   0.1269000452907E-17
  0.4149260000000E+14   0.1203855176183E-17
  0.4253460000000E+14   0.1149335180388E-17
  0.4360270000000E+14   0.1133093590941E-17
  0.4469770000000E+14   0.1119310862778E-17
  0.4582010000000E+14   0.1108181231693E-17
  0.4697070000000E+14   0.1099096231123E-17
  0.4815020000000E+14   0.1090663939232E-17
  0.4935940000000E+14   0.1082737655543E-17
  0.5059890000000E+14   0.1076312838114E-17
  0.5186950000000E+14   0.1071791049023E-17
  0.5317200000000E+14   0.1068161600386E-17
  0.5450730000000E+14   0.1066771386327E-17
  0.6258450000000E+14   0.1075142814486E-17
  0.7185870000000E+14   0.1093735118458E-17
  0.8250720000000E+14   0.1100051541162E-17
  0.9473370000000E+14   0.1087850970806E-17
  0.1087720000000E+15   0.1061530008073E-17
  0.1248910000000E+15   0.1030849938007E-17
  0.1433980000000E+15   0.1006015689470E-17
  0.1646470000000E+15   0.9981698909791E-18
  0.1890460000000E+15   0.1018442562711E-17
  0.2170600000000E+15   0.1070703309975E-17
  0.2492250000000E+15   0.1157418189243E-17
  0.2861570000000E+15   0.1276443156138E-17
  0.3285620000000E+15   0.1420066115177E-17
  0.3772500000000E+15   0.1575241366093E-17
  0.4331540000000E+15   0.1722315350802E-17
  0.4973410000000E+15   0.1836064192416E-17
  0.5710410000000E+15   0.1889474689233E-17
  0.6556610000000E+15   0.1859513627094E-17
  0.7528220000000E+15   0.1732904424731E-17
  0.8643800000000E+15   0.1514957121795E-17
  0.9924690000000E+15   0.1229862965072E-17
  0.1139540000000E+16   0.9121688306631E-18
  0.1308400000000E+16   0.6129933614369E-18
  0.1502290000000E+16   0.3661935908466E-18
  0.1724910000000E+16   0.1907763784145E-18
  0.1980520000000E+16   0.8463835104105E-19
  0.2274010000000E+16   0.3132911440191E-19
  0.2610990000000E+16   0.9412081996014E-20
  0.2997900000000E+16   0.2225085420406E-20
