mstar = 2 Msun, Rstar = 2.5 Rsun, Tstar = 10000, mdisk = 0.0036801 Msun, Rc = 150 AU, Rin = 0.5 AU, Rout = 250 AU, inclination = 45 degree, powerlaw = -0.5 
         130
  
  0.2997900000000E+11   0.4972717478500E-23
  0.3951060000000E+11   0.1132634618346E-22
  0.5207280000000E+11   0.2577557532840E-22
  0.6862910000000E+11   0.5857987403393E-22
  0.9044930000000E+11   0.1328810949232E-21
  0.1192070000000E+12   0.3006346394227E-21
  0.1571080000000E+12   0.6777596267074E-21
  0.2070600000000E+12   0.1520678848232E-20
  0.2728930000000E+12   0.3390115853586E-20
  0.3596580000000E+12   0.8171566317762E-20
  0.4740100000000E+12   0.2352186529816E-19
  0.6247180000000E+12   0.6667947385959E-19
  0.8233440000000E+12   0.1848188637755E-18
  0.1085120000000E+13   0.4974552468151E-18
  0.1430130000000E+13   0.1283563047991E-17
  0.1884830000000E+13   0.3125216592931E-17
  0.2484100000000E+13   0.7010531356896E-17
  0.3273910000000E+13   0.1394337933651E-16
  0.4314820000000E+13   0.2344239523897E-16
  0.5686700000000E+13   0.3123526830450E-16
  0.7494750000000E+13   0.3171040995355E-16
  0.7682960000000E+13   0.3137054116163E-16
  0.7875890000000E+13   0.3097487988691E-16
  0.8073670000000E+13   0.3052582253933E-16
  0.8276410000000E+13   0.3003082080710E-16
  0.8484250000000E+13   0.2950080579323E-16
  0.8697300000000E+13   0.2897623489899E-16
  0.8915700000000E+13   0.2841811440904E-16
  0.9139590000000E+13   0.2788459801715E-16
  0.9369100000000E+13   0.2733557739934E-16
  0.9604380000000E+13   0.2679568702095E-16
  0.9845560000000E+13   0.2626698943284E-16
  0.1009280000000E+14   0.2572614494379E-16
  0.1034620000000E+14   0.2519521814175E-16
  0.1060610000000E+14   0.2465184807845E-16
  0.1087240000000E+14   0.2415119039834E-16
  0.1114540000000E+14   0.2364862009734E-16
  0.1142530000000E+14   0.2316721374991E-16
  0.1171220000000E+14   0.2270119969093E-16
  0.1200630000000E+14   0.2223062202397E-16
  0.1230780000000E+14   0.2177146431122E-16
  0.1261690000000E+14   0.2130146323106E-16
  0.1293370000000E+14   0.2088731924534E-16
  0.1325850000000E+14   0.2046653768149E-16
  0.1359150000000E+14   0.2006212228354E-16
  0.1393280000000E+14   0.1966370952520E-16
  0.1428260000000E+14   0.1927019126037E-16
  0.1464130000000E+14   0.1892285101959E-16
  0.1500900000000E+14   0.1855385107786E-16
  0.1538590000000E+14   0.1806896590290E-16
  0.1577220000000E+14   0.1756990187183E-16
  0.1616830000000E+14   0.1676235767946E-16
  0.1657430000000E+14   0.1580136746955E-16
  0.1699050000000E+14   0.1477228529443E-16
  0.1741720000000E+14   0.1351765273907E-16
  0.1785460000000E+14   0.1234027913131E-16
  0.1830290000000E+14   0.1110895795858E-16
  0.1876260000000E+14   0.9955267414993E-17
  0.1923370000000E+14   0.8927602211259E-17
  0.1971670000000E+14   0.7996254279256E-17
  0.2021180000000E+14   0.7187472794867E-17
  0.2071940000000E+14   0.6552862201744E-17
  0.2123970000000E+14   0.5972028754197E-17
  0.2177310000000E+14   0.5896053593757E-17
  0.2231980000000E+14   0.5809079895249E-17
  0.2288030000000E+14   0.5865299505389E-17
  0.2345490000000E+14   0.5954599922246E-17
  0.2404390000000E+14   0.6055337876484E-17
  0.2464770000000E+14   0.6193659345908E-17
  0.2526660000000E+14   0.6295216863086E-17
  0.2590110000000E+14   0.6415631187441E-17
  0.2655150000000E+14   0.6498978019620E-17
  0.2721830000000E+14   0.6649404546439E-17
  0.2790180000000E+14   0.6795012801795E-17
  0.2860240000000E+14   0.6869690004233E-17
  0.2932070000000E+14   0.6869097226113E-17
  0.3005700000000E+14   0.6840016660807E-17
  0.3081180000000E+14   0.6671550799652E-17
  0.3158550000000E+14   0.6508860242393E-17
  0.3237870000000E+14   0.5835041320853E-17
  0.3319170000000E+14   0.5050845702683E-17
  0.3402530000000E+14   0.4329576046025E-17
  0.3487970000000E+14   0.3666096966475E-17
  0.3575560000000E+14   0.3047634258479E-17
  0.3665350000000E+14   0.2492968108843E-17
  0.3757390000000E+14   0.1957859647902E-17
  0.3851740000000E+14   0.1633760883252E-17
  0.3948470000000E+14   0.1370047903476E-17
  0.4047620000000E+14   0.1201303619175E-17
  0.4149260000000E+14   0.1143667778988E-17
  0.4253460000000E+14   0.1095105713658E-17
  0.4360270000000E+14   0.1082697953315E-17
  0.4469770000000E+14   0.1072261599757E-17
  0.4582010000000E+14   0.1064006191310E-17
  0.4697070000000E+14   0.1057358305078E-17
  0.4815020000000E+14   0.1050953326289E-17
  0.4935940000000E+14   0.1044649224031E-17
  0.5059890000000E+14   0.1039465106462E-17
  0.5186950000000E+14   0.1035854570980E-17
  0.5317200000000E+14   0.1032824783530E-17
  0.5450730000000E+14   0.1031806417366E-17
  0.6258450000000E+14   0.1039230297681E-17
  0.7185870000000E+14   0.1054876637529E-17
  0.8250720000000E+14   0.1058717115311E-17
  0.9473370000000E+14   0.1046375345364E-17
  0.1087720000000E+15   0.1023485398946E-17
  0.1248910000000E+15   0.9999403645282E-18
  0.1433980000000E+15   0.9850905213377E-18
  0.1646470000000E+15   0.9883843797456E-18
  0.1890460000000E+15   0.1018799401045E-17
  0.2170600000000E+15   0.1078395354158E-17
  0.2492250000000E+15   0.1168777403167E-17
  0.2861570000000E+15   0.1288232406667E-17
  0.3285620000000E+15   0.1430004570661E-17
  0.3772500000000E+15   0.1582193999936E-17
  0.4331540000000E+15   0.1726442977271E-17
  0.4973410000000E+15   0.1838480184979E-17
  0.5710410000000E+15   0.1891431472651E-17
  0.6556610000000E+15   0.1861871038085E-17
  0.7528220000000E+15   0.1736296700504E-17
  0.8643800000000E+15   0.1519074346668E-17
  0.9924690000000E+15   0.1233638555195E-17
  0.1139540000000E+16   0.9160382603276E-18
  0.1308400000000E+16   0.6154320386239E-18
  0.1502290000000E+16   0.3673970323052E-18
  0.1724910000000E+16   0.1912461575013E-18
  0.1980520000000E+16   0.8485832571513E-19
  0.2274010000000E+16   0.3140865604925E-19
  0.2610990000000E+16   0.9435536596822E-20
  0.2997900000000E+16   0.2230551336699E-20
