mstar = 2 Msun, Rstar = 2.5 Rsun, Tstar = 10000, mdisk = 0.0091923 Msun, Rc = 150 AU, Rin = 0.5 AU, Rout = 250 AU, inclination = 45 degree, powerlaw = -0.5 
         130
  
  0.2997900000000E+11   0.1131469566199E-22
  0.3951060000000E+11   0.2578012425168E-22
  0.5207280000000E+11   0.5866992851984E-22
  0.6862910000000E+11   0.1333010864101E-21
  0.9044930000000E+11   0.3021914309708E-21
  0.1192070000000E+12   0.6830072078178E-21
  0.1571080000000E+12   0.1537542575419E-20
  0.2070600000000E+12   0.3442698633796E-20
  0.2728930000000E+12   0.7653424627226E-20
  0.3596580000000E+12   0.1837421674806E-19
  0.4740100000000E+12   0.5256015483231E-19
  0.6247180000000E+12   0.1476175064242E-18
  0.8233440000000E+12   0.4034761810195E-18
  0.1085120000000E+13   0.1063015961575E-17
  0.1430130000000E+13   0.2653467938676E-17
  0.1884830000000E+13   0.6134224118950E-17
  0.2484100000000E+13   0.1268984575930E-16
  0.3273910000000E+13   0.2232685685053E-16
  0.4314820000000E+13   0.3164977723116E-16
  0.5686700000000E+13   0.3507227771041E-16
  0.7494750000000E+13   0.3239851813323E-16
  0.7682960000000E+13   0.3201568412676E-16
  0.7875890000000E+13   0.3161255119394E-16
  0.8073670000000E+13   0.3118671223005E-16
  0.8276410000000E+13   0.3074065640394E-16
  0.8484250000000E+13   0.3028092289241E-16
  0.8697300000000E+13   0.2984873940927E-16
  0.8915700000000E+13   0.2939469464321E-16
  0.9139590000000E+13   0.2898199263422E-16
  0.9369100000000E+13   0.2855866809384E-16
  0.9604380000000E+13   0.2814933501888E-16
  0.9845560000000E+13   0.2775214470751E-16
  0.1009280000000E+14   0.2733468989882E-16
  0.1034620000000E+14   0.2692035006775E-16
  0.1060610000000E+14   0.2647949531928E-16
  0.1087240000000E+14   0.2607667737824E-16
  0.1114540000000E+14   0.2565662573266E-16
  0.1142530000000E+14   0.2524632521703E-16
  0.1171220000000E+14   0.2483846488496E-16
  0.1200630000000E+14   0.2440984492028E-16
  0.1230780000000E+14   0.2398010698476E-16
  0.1261690000000E+14   0.2352444847432E-16
  0.1293370000000E+14   0.2312098806438E-16
  0.1325850000000E+14   0.2269865714954E-16
  0.1359150000000E+14   0.2228517791999E-16
  0.1393280000000E+14   0.2186989691743E-16
  0.1428260000000E+14   0.2145287081387E-16
  0.1464130000000E+14   0.2108156542687E-16
  0.1500900000000E+14   0.2068071620993E-16
  0.1538590000000E+14   0.2014625203447E-16
  0.1577220000000E+14   0.1959308886391E-16
  0.1616830000000E+14   0.1869398479376E-16
  0.1657430000000E+14   0.1762265941870E-16
  0.1699050000000E+14   0.1647450202330E-16
  0.1741720000000E+14   0.1507386744551E-16
  0.1785460000000E+14   0.1375835353786E-16
  0.1830290000000E+14   0.1238159042109E-16
  0.1876260000000E+14   0.1109060438397E-16
  0.1923370000000E+14   0.9939992037161E-17
  0.1971670000000E+14   0.8896831541083E-17
  0.2021180000000E+14   0.7990732912022E-17
  0.2071940000000E+14   0.7280227558266E-17
  0.2123970000000E+14   0.6629841684493E-17
  0.2177310000000E+14   0.6547164772510E-17
  0.2231980000000E+14   0.6450082792181E-17
  0.2288030000000E+14   0.6511143595333E-17
  0.2345490000000E+14   0.6607059755471E-17
  0.2404390000000E+14   0.6714111452445E-17
  0.2464770000000E+14   0.6861745276955E-17
  0.2526660000000E+14   0.6967711391353E-17
  0.2590110000000E+14   0.7093758919939E-17
  0.2655150000000E+14   0.7178224739092E-17
  0.2721830000000E+14   0.7335975449574E-17
  0.2790180000000E+14   0.7487864562216E-17
  0.2860240000000E+14   0.7560792002973E-17
  0.2932070000000E+14   0.7550374243971E-17
  0.3005700000000E+14   0.7508251263992E-17
  0.3081180000000E+14   0.7313150484302E-17
  0.3158550000000E+14   0.7124340888299E-17
  0.3237870000000E+14   0.6376442265928E-17
  0.3319170000000E+14   0.5507722089071E-17
  0.3402530000000E+14   0.4708340281727E-17
  0.3487970000000E+14   0.3973075786450E-17
  0.3575560000000E+14   0.3288436533055E-17
  0.3665350000000E+14   0.2675080666843E-17
  0.3757390000000E+14   0.2085516933515E-17
  0.3851740000000E+14   0.1727523272996E-17
  0.3948470000000E+14   0.1437355466380E-17
  0.4047620000000E+14   0.1251852097887E-17
  0.4149260000000E+14   0.1187053883234E-17
  0.4253460000000E+14   0.1132811619097E-17
  0.4360270000000E+14   0.1117107887571E-17
  0.4469770000000E+14   0.1103802593261E-17
  0.4582010000000E+14   0.1093100523469E-17
  0.4697070000000E+14   0.1084393433974E-17
  0.4815020000000E+14   0.1076283245659E-17
  0.4935940000000E+14   0.1068626318262E-17
  0.5059890000000E+14   0.1062434978568E-17
  0.5186950000000E+14   0.1058126251276E-17
  0.5317200000000E+14   0.1054680362336E-17
  0.5450730000000E+14   0.1053466762491E-17
  0.6258450000000E+14   0.1062616619684E-17
  0.7185870000000E+14   0.1081929543950E-17
  0.8250720000000E+14   0.1089139250944E-17
  0.9473370000000E+14   0.1078169456097E-17
  0.1087720000000E+15   0.1053460933929E-17
  0.1248910000000E+15   0.1024637093280E-17
  0.1433980000000E+15   0.1001666739396E-17
  0.1646470000000E+15   0.9954541111946E-18
  0.1890460000000E+15   0.1016969202382E-17
  0.2170600000000E+15   0.1070072107163E-17
  0.2492250000000E+15   0.1157294735885E-17
  0.2861570000000E+15   0.1276579146253E-17
  0.3285620000000E+15   0.1420280705786E-17
  0.3772500000000E+15   0.1575423787996E-17
  0.4331540000000E+15   0.1722435920569E-17
  0.4973410000000E+15   0.1836145890249E-17
  0.5710410000000E+15   0.1889551640362E-17
  0.6556610000000E+15   0.1859611669293E-17
  0.7528220000000E+15   0.1733046546622E-17
  0.8643800000000E+15   0.1515129533235E-17
  0.9924690000000E+15   0.1230021023789E-17
  0.1139540000000E+16   0.9123307235479E-18
  0.1308400000000E+16   0.6130954056955E-18
  0.1502290000000E+16   0.3662439644085E-18
  0.1724910000000E+16   0.1907960501357E-18
  0.1980520000000E+16   0.8464756174909E-19
  0.2274010000000E+16   0.3133244503958E-19
  0.2610990000000E+16   0.9413064129682E-20
  0.2997900000000E+16   0.2225314303067E-20
