mstar = 2 Msun, Rstar = 2.5 Rsun, Tstar = 10000, mdisk = 0.00039166 Msun, Rc = 150 AU, Rin = 0.5 AU, Rout = 250 AU, inclination = 45 degree, powerlaw = -0.5 
         130
  
  0.2997900000000E+11   0.6857640358386E-24
  0.3951060000000E+11   0.1550194410196E-23
  0.5207280000000E+11   0.3508930003845E-23
  0.6862910000000E+11   0.7946596811498E-23
  0.9044930000000E+11   0.1799095302444E-22
  0.1192070000000E+12   0.4068411285790E-22
  0.1571080000000E+12   0.9180910426401E-22
  0.2070600000000E+12   0.2065113150709E-21
  0.2728930000000E+12   0.4623668220551E-21
  0.3596580000000E+12   0.1121540645793E-20
  0.4740100000000E+12   0.3258669500186E-20
  0.6247180000000E+12   0.9367582721648E-20
  0.8233440000000E+12   0.2649536805698E-19
  0.1085120000000E+13   0.7342956064329E-19
  0.1430130000000E+13   0.1977035982748E-18
  0.1884830000000E+13   0.5125652133835E-18
  0.2484100000000E+13   0.1263148003176E-17
  0.3273910000000E+13   0.2895576119796E-17
  0.4314820000000E+13   0.6032967373220E-17
  0.5686700000000E+13   0.1096805757205E-16
  0.7494750000000E+13   0.1645918240706E-16
  0.7682960000000E+13   0.1687903673846E-16
  0.7875890000000E+13   0.1726611537045E-16
  0.8073670000000E+13   0.1761394635471E-16
  0.8276410000000E+13   0.1792139857040E-16
  0.8484250000000E+13   0.1819205871676E-16
  0.8697300000000E+13   0.1846463001708E-16
  0.8915700000000E+13   0.1868739226021E-16
  0.9139590000000E+13   0.1892157196521E-16
  0.9369100000000E+13   0.1911344710771E-16
  0.9604380000000E+13   0.1928602215603E-16
  0.9845560000000E+13   0.1943596092697E-16
  0.1009280000000E+14   0.1953050621338E-16
  0.1034620000000E+14   0.1959175089600E-16
  0.1060610000000E+14   0.1959115222670E-16
  0.1087240000000E+14   0.1958948042393E-16
  0.1114540000000E+14   0.1953423254139E-16
  0.1142530000000E+14   0.1945080319451E-16
  0.1171220000000E+14   0.1933246847159E-16
  0.1200630000000E+14   0.1915935754650E-16
  0.1230780000000E+14   0.1895035698886E-16
  0.1261690000000E+14   0.1868587704839E-16
  0.1293370000000E+14   0.1843317288321E-16
  0.1325850000000E+14   0.1813402656898E-16
  0.1359150000000E+14   0.1781335278713E-16
  0.1393280000000E+14   0.1746495232611E-16
  0.1428260000000E+14   0.1709169063775E-16
  0.1464130000000E+14   0.1673078748018E-16
  0.1500900000000E+14   0.1632998536462E-16
  0.1538590000000E+14   0.1582314240269E-16
  0.1577220000000E+14   0.1529678465394E-16
  0.1616830000000E+14   0.1453899124587E-16
  0.1657430000000E+14   0.1367474979553E-16
  0.1699050000000E+14   0.1276998372367E-16
  0.1741720000000E+14   0.1171117329945E-16
  0.1785460000000E+14   0.1071800174752E-16
  0.1830290000000E+14   0.9692698457140E-17
  0.1876260000000E+14   0.8729959723615E-17
  0.1923370000000E+14   0.7865722042900E-17
  0.1971670000000E+14   0.7077815464009E-17
  0.2021180000000E+14   0.6387169082525E-17
  0.2071940000000E+14   0.5836669960680E-17
  0.2123970000000E+14   0.5332044746352E-17
  0.2177310000000E+14   0.5231633258454E-17
  0.2231980000000E+14   0.5116880387996E-17
  0.2288030000000E+14   0.5103013409930E-17
  0.2345490000000E+14   0.5105632592106E-17
  0.2404390000000E+14   0.5112548434407E-17
  0.2464770000000E+14   0.5145384103724E-17
  0.2526660000000E+14   0.5157547451967E-17
  0.2590110000000E+14   0.5189931335212E-17
  0.2655150000000E+14   0.5206810209982E-17
  0.2721830000000E+14   0.5280699427928E-17
  0.2790180000000E+14   0.5363610308736E-17
  0.2860240000000E+14   0.5407873098918E-17
  0.2932070000000E+14   0.5407393636564E-17
  0.3005700000000E+14   0.5393450189238E-17
  0.3081180000000E+14   0.5282075537255E-17
  0.3158550000000E+14   0.5177955196362E-17
  0.3237870000000E+14   0.4691579278451E-17
  0.3319170000000E+14   0.4119795334600E-17
  0.3402530000000E+14   0.3592318558302E-17
  0.3487970000000E+14   0.3105084804115E-17
  0.3575560000000E+14   0.2647811310846E-17
  0.3665350000000E+14   0.2233454209716E-17
  0.3757390000000E+14   0.1823591084103E-17
  0.3851740000000E+14   0.1560877185553E-17
  0.3948470000000E+14   0.1321501408272E-17
  0.4047620000000E+14   0.1139512692669E-17
  0.4149260000000E+14   0.1072325504916E-17
  0.4253460000000E+14   0.1011347615415E-17
  0.4360270000000E+14   0.9987836428698E-18
  0.4469770000000E+14   0.9876356391757E-18
  0.4582010000000E+14   0.9783970641440E-18
  0.4697070000000E+14   0.9703727661991E-18
  0.4815020000000E+14   0.9616581094712E-18
  0.4935940000000E+14   0.9521439173462E-18
  0.5059890000000E+14   0.9435214925263E-18
  0.5186950000000E+14   0.9366940463464E-18
  0.5317200000000E+14   0.9302337809333E-18
  0.5450730000000E+14   0.9265836337194E-18
  0.6258450000000E+14   0.9245898709029E-18
  0.7185870000000E+14   0.9391015917106E-18
  0.8250720000000E+14   0.9457637205996E-18
  0.9473370000000E+14   0.9413121623593E-18
  0.1087720000000E+15   0.9325489581401E-18
  0.1248910000000E+15   0.9278512919017E-18
  0.1433980000000E+15   0.9337501240681E-18
  0.1646470000000E+15   0.9566698802155E-18
  0.1890460000000E+15   0.1003071248305E-17
  0.2170600000000E+15   0.1073936946045E-17
  0.2492250000000E+15   0.1170842373460E-17
  0.2861570000000E+15   0.1293099585678E-17
  0.3285620000000E+15   0.1435296068492E-17
  0.3772500000000E+15   0.1586680314483E-17
  0.4331540000000E+15   0.1729791742207E-17
  0.4973410000000E+15   0.1841037948507E-17
  0.5710410000000E+15   0.1893882916995E-17
  0.6556610000000E+15   0.1864908905688E-17
  0.7528220000000E+15   0.1740645365986E-17
  0.8643800000000E+15   0.1524342727712E-17
  0.9924690000000E+15   0.1238469819927E-17
  0.1139540000000E+16   0.9209959252581E-18
  0.1308400000000E+16   0.6185556189685E-18
  0.1502290000000E+16   0.3689372514458E-18
  0.1724910000000E+16   0.1918468404381E-18
  0.1980520000000E+16   0.8513963987145E-19
  0.2274010000000E+16   0.3151037078425E-19
  0.2610990000000E+16   0.9465527821723E-20
  0.2997900000000E+16   0.2237540282176E-20
