mstar = 2 Msun, Rstar = 2.5 Rsun, Tstar = 10000, mdisk = 0.0032165 Msun, Rc = 150 AU, Rin = 0.5 AU, Rout = 250 AU, inclination = 45 degree, powerlaw = -0.5 
         130
  
  0.2997900000000E+11   0.4408291053480E-23
  0.3951060000000E+11   0.1003959203273E-22
  0.5207280000000E+11   0.2284596805103E-22
  0.6862910000000E+11   0.5192159770563E-22
  0.9044930000000E+11   0.1177835743796E-21
  0.1192070000000E+12   0.2665065507267E-21
  0.1571080000000E+12   0.6009264284270E-21
  0.2070600000000E+12   0.1348639031336E-20
  0.2728930000000E+12   0.3007674531873E-20
  0.3596580000000E+12   0.7253443871548E-20
  0.4740100000000E+12   0.2089505811115E-19
  0.6247180000000E+12   0.5929913383742E-19
  0.8233440000000E+12   0.1646310839854E-18
  0.1085120000000E+13   0.4441953733505E-18
  0.1430130000000E+13   0.1150346933997E-17
  0.1884830000000E+13   0.2816706027693E-17
  0.2484100000000E+13   0.6374204546483E-17
  0.3273910000000E+13   0.1285204270775E-16
  0.4314820000000E+13   0.2205848720716E-16
  0.5686700000000E+13   0.3021956593563E-16
  0.7494750000000E+13   0.3149670212161E-16
  0.7682960000000E+13   0.3121029739922E-16
  0.7875890000000E+13   0.3086115067512E-16
  0.8073670000000E+13   0.3045129863059E-16
  0.8276410000000E+13   0.2998817966710E-16
  0.8484250000000E+13   0.2948295145493E-16
  0.8697300000000E+13   0.2897669593897E-16
  0.8915700000000E+13   0.2842987445749E-16
  0.9139590000000E+13   0.2790130239723E-16
  0.9369100000000E+13   0.2735094270303E-16
  0.9604380000000E+13   0.2680395585994E-16
  0.9845560000000E+13   0.2626293556112E-16
  0.1009280000000E+14   0.2570571613965E-16
  0.1034620000000E+14   0.2515496017296E-16
  0.1060610000000E+14   0.2458976391247E-16
  0.1087240000000E+14   0.2406476323676E-16
  0.1114540000000E+14   0.2353733307318E-16
  0.1142530000000E+14   0.2303065620884E-16
  0.1171220000000E+14   0.2253980276905E-16
  0.1200630000000E+14   0.2204604226143E-16
  0.1230780000000E+14   0.2156531397537E-16
  0.1261690000000E+14   0.2107637288126E-16
  0.1293370000000E+14   0.2064409973763E-16
  0.1325850000000E+14   0.2020804775067E-16
  0.1359150000000E+14   0.1979057155100E-16
  0.1393280000000E+14   0.1938152828967E-16
  0.1428260000000E+14   0.1897975139462E-16
  0.1464130000000E+14   0.1862533556296E-16
  0.1500900000000E+14   0.1825194434887E-16
  0.1538590000000E+14   0.1776703272938E-16
  0.1577220000000E+14   0.1726972419734E-16
  0.1616830000000E+14   0.1647141578745E-16
  0.1657430000000E+14   0.1552354115214E-16
  0.1699050000000E+14   0.1450957177080E-16
  0.1741720000000E+14   0.1327514619076E-16
  0.1785460000000E+14   0.1211702496042E-16
  0.1830290000000E+14   0.1090681762775E-16
  0.1876260000000E+14   0.9773458058595E-17
  0.1923370000000E+14   0.8764019395146E-17
  0.1971670000000E+14   0.7849507456912E-17
  0.2021180000000E+14   0.7055387168074E-17
  0.2071940000000E+14   0.6431874909902E-17
  0.2123970000000E+14   0.5861400865592E-17
  0.2177310000000E+14   0.5784238795413E-17
  0.2231980000000E+14   0.5697185925232E-17
  0.2288030000000E+14   0.5751072509116E-17
  0.2345490000000E+14   0.5838197693417E-17
  0.2404390000000E+14   0.5937326548337E-17
  0.2464770000000E+14   0.6073897631192E-17
  0.2526660000000E+14   0.6174862613800E-17
  0.2590110000000E+14   0.6294796505088E-17
  0.2655150000000E+14   0.6378635893049E-17
  0.2721830000000E+14   0.6528696115152E-17
  0.2790180000000E+14   0.6674397285595E-17
  0.2860240000000E+14   0.6750460231340E-17
  0.2932070000000E+14   0.6752337966767E-17
  0.3005700000000E+14   0.6726240590982E-17
  0.3081180000000E+14   0.6562745337406E-17
  0.3158550000000E+14   0.6404946366131E-17
  0.3237870000000E+14   0.5742739656082E-17
  0.3319170000000E+14   0.4971733212707E-17
  0.3402530000000E+14   0.4263081951799E-17
  0.3487970000000E+14   0.3611372916012E-17
  0.3575560000000E+14   0.3003963746000E-17
  0.3665350000000E+14   0.2459157618787E-17
  0.3757390000000E+14   0.1933488671995E-17
  0.3851740000000E+14   0.1615842540818E-17
  0.3948470000000E+14   0.1357494730820E-17
  0.4047620000000E+14   0.1191514068772E-17
  0.4149260000000E+14   0.1134886982223E-17
  0.4253460000000E+14   0.1087038894441E-17
  0.4360270000000E+14   0.1075062968964E-17
  0.4469770000000E+14   0.1065004087297E-17
  0.4582010000000E+14   0.1057076198706E-17
  0.4697070000000E+14   0.1050710962396E-17
  0.4815020000000E+14   0.1044542002128E-17
  0.4935940000000E+14   0.1038424909587E-17
  0.5059890000000E+14   0.1033388129529E-17
  0.5186950000000E+14   0.1029896946439E-17
  0.5317200000000E+14   0.1026954302979E-17
  0.5450730000000E+14   0.1026015436214E-17
  0.6258450000000E+14   0.1033693259486E-17
  0.7185870000000E+14   0.1049453026955E-17
  0.8250720000000E+14   0.1053279505761E-17
  0.9473370000000E+14   0.1040979823966E-17
  0.1087720000000E+15   0.1018416896258E-17
  0.1248910000000E+15   0.9955552274587E-18
  0.1433980000000E+15   0.9816605481401E-18
  0.1646470000000E+15   0.9860147094394E-18
  0.1890460000000E+15   0.1017397034429E-17
  0.2170600000000E+15   0.1077735764478E-17
  0.2492250000000E+15   0.1168555957496E-17
  0.2861570000000E+15   0.1288218958089E-17
  0.3285620000000E+15   0.1430102679783E-17
  0.3772500000000E+15   0.1582361333552E-17
  0.4331540000000E+15   0.1726630229964E-17
  0.4973410000000E+15   0.1838657005933E-17
  0.5710410000000E+15   0.1891617370359E-17
  0.6556610000000E+15   0.1862110470529E-17
  0.7528220000000E+15   0.1736644280628E-17
  0.8643800000000E+15   0.1519496713314E-17
  0.9924690000000E+15   0.1234025986692E-17
  0.1139540000000E+16   0.9164355831271E-18
  0.1308400000000E+16   0.6156824123720E-18
  0.1502290000000E+16   0.3675205401539E-18
  0.1724910000000E+16   0.1912943485853E-18
  0.1980520000000E+16   0.8488089294698E-19
  0.2274010000000E+16   0.3141681596822E-19
  0.2610990000000E+16   0.9437942665983E-20
  0.2997900000000E+16   0.2231112041882E-20
