mstar = 2 Msun, Rstar = 2.5 Rsun, Tstar = 10000, mdisk = 0.0014163 Msun, Rc = 150 AU, Rin = 0.5 AU, Rout = 250 AU, inclination = 45 degree, powerlaw = -1 
         130
  
  0.2997900000000E+11   0.2114470797391E-23
  0.3951060000000E+11   0.4809162041747E-23
  0.5207280000000E+11   0.1093437462476E-22
  0.6862910000000E+11   0.2483969571563E-22
  0.9044930000000E+11   0.5634648852549E-22
  0.1192070000000E+12   0.1275393896923E-21
  0.1571080000000E+12   0.2878037543972E-21
  0.2070600000000E+12   0.6467303446591E-21
  0.2728930000000E+12   0.1445013270648E-20
  0.3596580000000E+12   0.3494120941181E-20
  0.4740100000000E+12   0.1010496857655E-19
  0.6247180000000E+12   0.2884126360706E-19
  0.8233440000000E+12   0.8073548259450E-19
  0.1085120000000E+13   0.2204804836565E-18
  0.1430130000000E+13   0.5813006607242E-18
  0.1884830000000E+13   0.1462329742250E-17
  0.2484100000000E+13   0.3449354694949E-17
  0.3273910000000E+13   0.7415513853389E-17
  0.4314820000000E+13   0.1404794154006E-16
  0.5686700000000E+13   0.2219530326043E-16
  0.7494750000000E+13   0.2737771877280E-16
  0.7682960000000E+13   0.2751614708995E-16
  0.7875890000000E+13   0.2758062259616E-16
  0.8073670000000E+13   0.2756748342183E-16
  0.8276410000000E+13   0.2747999580767E-16
  0.8484250000000E+13   0.2732661732621E-16
  0.8697300000000E+13   0.2715194747327E-16
  0.8915700000000E+13   0.2690461571475E-16
  0.9139590000000E+13   0.2665033947885E-16
  0.9369100000000E+13   0.2633867946500E-16
  0.9604380000000E+13   0.2599632184315E-16
  0.9845560000000E+13   0.2562407011273E-16
  0.1009280000000E+14   0.2519730276071E-16
  0.1034620000000E+14   0.2474147038248E-16
  0.1060610000000E+14   0.2423688738559E-16
  0.1087240000000E+14   0.2374088893898E-16
  0.1114540000000E+14   0.2321333134855E-16
  0.1142530000000E+14   0.2268010935634E-16
  0.1171220000000E+14   0.2214000317122E-16
  0.1200630000000E+14   0.2158035139376E-16
  0.1230780000000E+14   0.2101991902727E-16
  0.1261690000000E+14   0.2044453931259E-16
  0.1293370000000E+14   0.1991342769463E-16
  0.1325850000000E+14   0.1937828225693E-16
  0.1359150000000E+14   0.1886120570437E-16
  0.1393280000000E+14   0.1835654712985E-16
  0.1428260000000E+14   0.1786563234552E-16
  0.1464130000000E+14   0.1742342480225E-16
  0.1500900000000E+14   0.1697637688796E-16
  0.1538590000000E+14   0.1644773110307E-16
  0.1577220000000E+14   0.1591957235546E-16
  0.1616830000000E+14   0.1514796202455E-16
  0.1657430000000E+14   0.1425781805384E-16
  0.1699050000000E+14   0.1331839613404E-16
  0.1741720000000E+14   0.1219871283402E-16
  0.1785460000000E+14   0.1114919658154E-16
  0.1830290000000E+14   0.1006142453897E-16
  0.1876260000000E+14   0.9043859520511E-17
  0.1923370000000E+14   0.8135766392945E-17
  0.1971670000000E+14   0.7312158265840E-17
  0.2021180000000E+14   0.6593855167360E-17
  0.2071940000000E+14   0.6022290272708E-17
  0.2123970000000E+14   0.5498950375578E-17
  0.2177310000000E+14   0.5392479421737E-17
  0.2231980000000E+14   0.5283251988026E-17
  0.2288030000000E+14   0.5299532328754E-17
  0.2345490000000E+14   0.5351874545799E-17
  0.2404390000000E+14   0.5422182336080E-17
  0.2464770000000E+14   0.5532452843145E-17
  0.2526660000000E+14   0.5617502377632E-17
  0.2590110000000E+14   0.5724164991770E-17
  0.2655150000000E+14   0.5802336580325E-17
  0.2721830000000E+14   0.5943258664542E-17
  0.2790180000000E+14   0.6083043274265E-17
  0.2860240000000E+14   0.6161671277122E-17
  0.2932070000000E+14   0.6174198578793E-17
  0.3005700000000E+14   0.6162051980077E-17
  0.3081180000000E+14   0.6024842075567E-17
  0.3158550000000E+14   0.5892880334590E-17
  0.3237870000000E+14   0.5298184619232E-17
  0.3319170000000E+14   0.4602185814328E-17
  0.3402530000000E+14   0.3961680190089E-17
  0.3487970000000E+14   0.3371606971184E-17
  0.3575560000000E+14   0.2820533552967E-17
  0.3665350000000E+14   0.2326101871820E-17
  0.3757390000000E+14   0.1847946522403E-17
  0.3851740000000E+14   0.1558182824646E-17
  0.3948470000000E+14   0.1320382047513E-17
  0.4047620000000E+14   0.1165742020235E-17
  0.4149260000000E+14   0.1111958975695E-17
  0.4253460000000E+14   0.1065726547240E-17
  0.4360270000000E+14   0.1053810112374E-17
  0.4469770000000E+14   0.1043674092688E-17
  0.4582010000000E+14   0.1035532413437E-17
  0.4697070000000E+14   0.1028831339349E-17
  0.4815020000000E+14   0.1022205339323E-17
  0.4935940000000E+14   0.1015496116505E-17
  0.5059890000000E+14   0.1009744159658E-17
  0.5186950000000E+14   0.1005447684057E-17
  0.5317200000000E+14   0.1001606635970E-17
  0.5450730000000E+14   0.9997512500989E-18
  0.6258450000000E+14   0.1002237373213E-17
  0.7185870000000E+14   0.1014026493034E-17
  0.8250720000000E+14   0.1015905565966E-17
  0.9473370000000E+14   0.1004441450787E-17
  0.1087720000000E+15   0.9858622005141E-18
  0.1248910000000E+15   0.9695026367207E-18
  0.1433980000000E+15   0.9633165201275E-18
  0.1646470000000E+15   0.9751759067156E-18
  0.1890460000000E+15   0.1012880110532E-17
  0.2170600000000E+15   0.1078060670386E-17
  0.2492250000000E+15   0.1172033970333E-17
  0.2861570000000E+15   0.1292974377559E-17
  0.3285620000000E+15   0.1434520086456E-17
  0.3772500000000E+15   0.1585677908795E-17
  0.4331540000000E+15   0.1728860236312E-17
  0.4973410000000E+15   0.1840170679510E-17
  0.5710410000000E+15   0.1892894909540E-17
  0.6556610000000E+15   0.1863589245701E-17
  0.7528220000000E+15   0.1738721981032E-17
  0.8643800000000E+15   0.1522006245334E-17
  0.9924690000000E+15   0.1236326434978E-17
  0.1139540000000E+16   0.9187955005191E-18
  0.1308400000000E+16   0.6171693667492E-18
  0.1502290000000E+16   0.3682538656478E-18
  0.1724910000000E+16   0.1915803987448E-18
  0.1980520000000E+16   0.8501485283873E-19
  0.2274010000000E+16   0.3146525250694E-19
  0.2610990000000E+16   0.9452224636802E-20
  0.2997900000000E+16   0.2234440239832E-20
