         130
  
  0.2997900000000E+11   0.8166334894049E-23
  0.3951060000000E+11   0.1860591402797E-22
  0.5207280000000E+11   0.4234597027567E-22
  0.6862910000000E+11   0.9623038490069E-22
  0.9044930000000E+11   0.2182231861420E-21
  0.1192070000000E+12   0.4934621962826E-21
  0.1571080000000E+12   0.1111610159621E-20
  0.2070600000000E+12   0.2491338689188E-20
  0.2728930000000E+12   0.5545541971368E-20
  0.3596580000000E+12   0.1333795883725E-19
  0.4740100000000E+12   0.3826443734473E-19
  0.6247180000000E+12   0.1079334229623E-18
  0.8233440000000E+12   0.2969503742163E-18
  0.1085120000000E+13   0.7902963221573E-18
  0.1430130000000E+13   0.2003975681905E-17
  0.1884830000000E+13   0.4748251314183E-17
  0.2484100000000E+13   0.1020522310540E-16
  0.3273910000000E+13   0.1900127501662E-16
  0.4314820000000E+13   0.2902319084969E-16
  0.5686700000000E+13   0.3446077111314E-16
  0.7494750000000E+13   0.3232845485915E-16
  0.7682960000000E+13   0.3189396447492E-16
  0.7875890000000E+13   0.3143116039329E-16
  0.8073670000000E+13   0.3094054137367E-16
  0.8276410000000E+13   0.3042700094340E-16
  0.8484250000000E+13   0.2989884942719E-16
  0.8697300000000E+13   0.2939601456036E-16
  0.8915700000000E+13   0.2887466766159E-16
  0.9139590000000E+13   0.2839449274426E-16
  0.9369100000000E+13   0.2790894031012E-16
  0.9604380000000E+13   0.2744173727178E-16
  0.9845560000000E+13   0.2699196674952E-16
  0.1009280000000E+14   0.2652995461420E-16
  0.1034620000000E+14   0.2607753084706E-16
  0.1060610000000E+14   0.2560682334269E-16
  0.1087240000000E+14   0.2517821821698E-16
  0.1114540000000E+14   0.2473944457326E-16
  0.1142530000000E+14   0.2431544740561E-16
  0.1171220000000E+14   0.2389884690036E-16
  0.1200630000000E+14   0.2346702697756E-16
  0.1230780000000E+14   0.2303804002014E-16
  0.1261690000000E+14   0.2258768580091E-16
  0.1293370000000E+14   0.2219013040517E-16
  0.1325850000000E+14   0.2177702483522E-16
  0.1359150000000E+14   0.2137452897825E-16
  0.1393280000000E+14   0.2097214317631E-16
  0.1428260000000E+14   0.2056962643174E-16
  0.1464130000000E+14   0.2021235110526E-16
  0.1500900000000E+14   0.1982783076673E-16
  0.1538590000000E+14   0.1931577421819E-16
  0.1577220000000E+14   0.1878646304564E-16
  0.1616830000000E+14   0.1792512079745E-16
  0.1657430000000E+14   0.1689865956589E-16
  0.1699050000000E+14   0.1579872110683E-16
  0.1741720000000E+14   0.1445654222365E-16
  0.1785460000000E+14   0.1319671574606E-16
  0.1830290000000E+14   0.1187836989289E-16
  0.1876260000000E+14   0.1064261545352E-16
  0.1923370000000E+14   0.9541545344385E-17
  0.1971670000000E+14   0.8543388750706E-17
  0.2021180000000E+14   0.7676589098249E-17
  0.2071940000000E+14   0.6997208357661E-17
  0.2123970000000E+14   0.6375425699767E-17
  0.2177310000000E+14   0.6298325126666E-17
  0.2231980000000E+14   0.6207785922058E-17
  0.2288030000000E+14   0.6269636523456E-17
  0.2345490000000E+14   0.6365314091859E-17
  0.2404390000000E+14   0.6472039554867E-17
  0.2464770000000E+14   0.6617948288212E-17
  0.2526660000000E+14   0.6723995592380E-17
  0.2590110000000E+14   0.6849549348728E-17
  0.2655150000000E+14   0.6935359324290E-17
  0.2721830000000E+14   0.7092080433206E-17
  0.2790180000000E+14   0.7243390751532E-17
  0.2860240000000E+14   0.7318663745948E-17
  0.2932070000000E+14   0.7313368680899E-17
  0.3005700000000E+14   0.7277448196283E-17
  0.3081180000000E+14   0.7093339865716E-17
  0.3158550000000E+14   0.6915212312289E-17
  0.3237870000000E+14   0.6194994301071E-17
  0.3319170000000E+14   0.5357199002326E-17
  0.3402530000000E+14   0.4586138580637E-17
  0.3487970000000E+14   0.3876566748375E-17
  0.3575560000000E+14   0.3215266644271E-17
  0.3665350000000E+14   0.2622048691943E-17
  0.3757390000000E+14   0.2049852043620E-17
  0.3851740000000E+14   0.1702217969823E-17
  0.3948470000000E+14   0.1420357106413E-17
  0.4047620000000E+14   0.1240658688654E-17
  0.4149260000000E+14   0.1178298369757E-17
  0.4253460000000E+14   0.1125935447182E-17
  0.4360270000000E+14   0.1111172183778E-17
  0.4469770000000E+14   0.1098645629815E-17
  0.4582010000000E+14   0.1088564179558E-17
  0.4697070000000E+14   0.1080336922803E-17
  0.4815020000000E+14   0.1072581202245E-17
  0.4935940000000E+14   0.1065155148985E-17
  0.5059890000000E+14   0.1059073081146E-17
  0.5186950000000E+14   0.1054764962549E-17
  0.5317200000000E+14   0.1051223404355E-17
  0.5450730000000E+14   0.1049839354605E-17
  0.6258450000000E+14   0.1057171821365E-17
  0.7185870000000E+14   0.1074240985940E-17
  0.8250720000000E+14   0.1079573809312E-17
  0.9473370000000E+14   0.1067717900700E-17
  0.1087720000000E+15   0.1043600859495E-17
  0.1248910000000E+15   0.1016967956465E-17
  0.1433980000000E+15   0.9974506007216E-18
  0.1646470000000E+15   0.9951883447508E-18
  0.1890460000000E+15   0.1020204674717E-17
  0.2170600000000E+15   0.1075634862459E-17
  0.2492250000000E+15   0.1163755098053E-17
  0.2861570000000E+15   0.1282697153971E-17
  0.3285620000000E+15   0.1425153077340E-17
  0.3772500000000E+15   0.1578645722482E-17
  0.4331540000000E+15   0.1724229425976E-17
  0.4973410000000E+15   0.1837140374611E-17
  0.5710410000000E+15   0.1890346456705E-17
  0.6556610000000E+15   0.1860574995232E-17
  0.7528220000000E+15   0.1734435468992E-17
  0.8643800000000E+15   0.1516815141724E-17
  0.9924690000000E+15   0.1231566606544E-17
  0.1139540000000E+16   0.9139142450603E-18
  0.1308400000000E+16   0.6140934733756E-18
  0.1502290000000E+16   0.3667365781514E-18
  0.1724910000000E+16   0.1909883883827E-18
  0.1980520000000E+16   0.8473762127743E-19
  0.2274010000000E+16   0.3136501057049E-19
  0.2610990000000E+16   0.9422666905279E-20
  0.2997900000000E+16   0.2227552176933E-20
