mstar = 2 Msun, Rstar = 2.5 Rsun, Tstar = 10000, mdisk = 0.0019278 Msun, Rc = 150 AU, Rin = 0.5 AU, Rout = 250 AU, inclination = 45 degree, powerlaw = -1 
         130
  
  0.2997900000000E+11   0.2783496471578E-23
  0.3951060000000E+11   0.6334866587374E-23
  0.5207280000000E+11   0.1440948363777E-22
  0.6862910000000E+11   0.3274219403334E-22
  0.9044930000000E+11   0.7427856269406E-22
  0.1192070000000E+12   0.1681149006002E-21
  0.1571080000000E+12   0.3792714826277E-21
  0.2070600000000E+12   0.8518947151568E-21
  0.2728930000000E+12   0.1902147042448E-20
  0.3596580000000E+12   0.4595121237179E-20
  0.4740100000000E+12   0.1327061292146E-19
  0.6247180000000E+12   0.3779997237139E-19
  0.8233440000000E+12   0.1055061754703E-18
  0.1085120000000E+13   0.2869182226236E-18
  0.1430130000000E+13   0.7518317141789E-18
  0.1884830000000E+13   0.1874134590149E-17
  0.2484100000000E+13   0.4360137750695E-17
  0.3273910000000E+13   0.9177551410056E-17
  0.4314820000000E+13   0.1682907863659E-16
  0.5686700000000E+13   0.2533366224171E-16
  0.7494750000000E+13   0.2935667620611E-16
  0.7682960000000E+13   0.2933500110338E-16
  0.7875890000000E+13   0.2923740001289E-16
  0.8073670000000E+13   0.2906256317182E-16
  0.8276410000000E+13   0.2881576651326E-16
  0.8484250000000E+13   0.2850699784363E-16
  0.8697300000000E+13   0.2817972321497E-16
  0.8915700000000E+13   0.2778784841376E-16
  0.9139590000000E+13   0.2739425889073E-16
  0.9369100000000E+13   0.2695385963257E-16
  0.9604380000000E+13   0.2649311160473E-16
  0.9845560000000E+13   0.2601436082773E-16
  0.1009280000000E+14   0.2549581153285E-16
  0.1034620000000E+14   0.2496225045109E-16
  0.1060610000000E+14   0.2439537540801E-16
  0.1087240000000E+14   0.2385044041133E-16
  0.1114540000000E+14   0.2328888969666E-16
  0.1142530000000E+14   0.2273546181946E-16
  0.1171220000000E+14   0.2218834858181E-16
  0.1200630000000E+14   0.2163356061259E-16
  0.1230780000000E+14   0.2108842831005E-16
  0.1261690000000E+14   0.2053655003632E-16
  0.1293370000000E+14   0.2003776917926E-16
  0.1325850000000E+14   0.1954018392707E-16
  0.1359150000000E+14   0.1906516459176E-16
  0.1393280000000E+14   0.1860491755155E-16
  0.1428260000000E+14   0.1815918745526E-16
  0.1464130000000E+14   0.1776420966561E-16
  0.1500900000000E+14   0.1736096876179E-16
  0.1538590000000E+14   0.1686542520990E-16
  0.1577220000000E+14   0.1636565070019E-16
  0.1616830000000E+14   0.1559830027225E-16
  0.1657430000000E+14   0.1469864759126E-16
  0.1699050000000E+14   0.1374171966142E-16
  0.1741720000000E+14   0.1258638466256E-16
  0.1785460000000E+14   0.1150276992796E-16
  0.1830290000000E+14   0.1037397006482E-16
  0.1876260000000E+14   0.9317282108932E-17
  0.1923370000000E+14   0.8375326483564E-17
  0.1971670000000E+14   0.7521480489045E-17
  0.2021180000000E+14   0.6778417486043E-17
  0.2071940000000E+14   0.6191213494262E-17
  0.2123970000000E+14   0.5653485925342E-17
  0.2177310000000E+14   0.5564219425679E-17
  0.2231980000000E+14   0.5469576693052E-17
  0.2288030000000E+14   0.5507801793734E-17
  0.2345490000000E+14   0.5581267117298E-17
  0.2404390000000E+14   0.5670101091957E-17
  0.2464770000000E+14   0.5797624190001E-17
  0.2526660000000E+14   0.5894545134309E-17
  0.2590110000000E+14   0.6011370301330E-17
  0.2655150000000E+14   0.6095497817887E-17
  0.2721830000000E+14   0.6243522389784E-17
  0.2790180000000E+14   0.6388562265330E-17
  0.2860240000000E+14   0.6468026143801E-17
  0.2932070000000E+14   0.6477449722603E-17
  0.3005700000000E+14   0.6460473823812E-17
  0.3081180000000E+14   0.6312326779888E-17
  0.3158550000000E+14   0.6169359338929E-17
  0.3237870000000E+14   0.5543334213211E-17
  0.3319170000000E+14   0.4811728228481E-17
  0.3402530000000E+14   0.4138005148968E-17
  0.3487970000000E+14   0.3516875647268E-17
  0.3575560000000E+14   0.2936290770012E-17
  0.3665350000000E+14   0.2414724369277E-17
  0.3757390000000E+14   0.1910583676644E-17
  0.3851740000000E+14   0.1605008310270E-17
  0.3948470000000E+14   0.1355185115058E-17
  0.4047620000000E+14   0.1193718067868E-17
  0.4149260000000E+14   0.1137757198784E-17
  0.4253460000000E+14   0.1090004219275E-17
  0.4360270000000E+14   0.1077262218813E-17
  0.4469770000000E+14   0.1066373710857E-17
  0.4582010000000E+14   0.1057554364788E-17
  0.4697070000000E+14   0.1050245213286E-17
  0.4815020000000E+14   0.1043083106134E-17
  0.4935940000000E+14   0.1035916403260E-17
  0.5059890000000E+14   0.1029778999927E-17
  0.5186950000000E+14   0.1025153902756E-17
  0.5317200000000E+14   0.1021046408529E-17
  0.5450730000000E+14   0.1018948677768E-17
  0.6258450000000E+14   0.1020449593241E-17
  0.7185870000000E+14   0.1031266695446E-17
  0.8250720000000E+14   0.1031853007623E-17
  0.9473370000000E+14   0.1018459485503E-17
  0.1087720000000E+15   0.9971501834833E-18
  0.1248910000000E+15   0.9774751910583E-18
  0.1433980000000E+15   0.9678904406070E-18
  0.1646470000000E+15   0.9768358906339E-18
  0.1890460000000E+15   0.1012472066095E-17
  0.2170600000000E+15   0.1076392704631E-17
  0.2492250000000E+15   0.1169712794978E-17
  0.2861570000000E+15   0.1290526797402E-17
  0.3285620000000E+15   0.1432461743656E-17
  0.3772500000000E+15   0.1584255777277E-17
  0.4331540000000E+15   0.1727986685854E-17
  0.4973410000000E+15   0.1839624591970E-17
  0.5710410000000E+15   0.1892463692074E-17
  0.6556610000000E+15   0.1863108963045E-17
  0.7528220000000E+15   0.1738056281919E-17
  0.8643800000000E+15   0.1521204461749E-17
  0.9924690000000E+15   0.1235591695841E-17
  0.1139540000000E+16   0.9180416274194E-18
  0.1308400000000E+16   0.6166943890990E-18
  0.1502290000000E+16   0.3680196530592E-18
  0.1724910000000E+16   0.1914890543593E-18
  0.1980520000000E+16   0.8497207422775E-19
  0.2274010000000E+16   0.3144978502526E-19
  0.2610990000000E+16   0.9447663947920E-20
  0.2997900000000E+16   0.2233377447831E-20
