mstar = 2 Msun, Rstar = 2.5 Rsun, Tstar = 10000, mdisk = 0.0020594 Msun, Rc = 150 AU, Rin = 0.5 AU, Rout = 250 AU, inclination = 45 degree, powerlaw = -1 
         130
  
  0.2997900000000E+11   0.2957963839003E-23
  0.3951060000000E+11   0.6732754584210E-23
  0.5207280000000E+11   0.1531580872369E-22
  0.6862910000000E+11   0.3480336113140E-22
  0.9044930000000E+11   0.7895616476662E-22
  0.1192070000000E+12   0.1787004894032E-21
  0.1571080000000E+12   0.4031383813198E-21
  0.2070600000000E+12   0.9054413585212E-21
  0.2728930000000E+12   0.2021493419925E-20
  0.3596580000000E+12   0.4882678680398E-20
  0.4740100000000E+12   0.1409777544707E-19
  0.6247180000000E+12   0.4014201193761E-19
  0.8233440000000E+12   0.1119853407540E-18
  0.1085120000000E+13   0.3043029817671E-18
  0.1430130000000E+13   0.7964551578012E-18
  0.1884830000000E+13   0.1981794212887E-17
  0.2484100000000E+13   0.4597532212355E-17
  0.3273910000000E+13   0.9633647468312E-17
  0.4314820000000E+13   0.1753924512918E-16
  0.5686700000000E+13   0.2611986427228E-16
  0.7494750000000E+13   0.2986046989774E-16
  0.7682960000000E+13   0.2980243856577E-16
  0.7875890000000E+13   0.2966849253688E-16
  0.8073670000000E+13   0.2945783339470E-16
  0.8276410000000E+13   0.2917616999755E-16
  0.8484250000000E+13   0.2883380441452E-16
  0.8697300000000E+13   0.2847405072176E-16
  0.8915700000000E+13   0.2805178665370E-16
  0.9139590000000E+13   0.2762946884646E-16
  0.9369100000000E+13   0.2716289436683E-16
  0.9604380000000E+13   0.2667850233690E-16
  0.9845560000000E+13   0.2617889091395E-16
  0.1009280000000E+14   0.2564258028039E-16
  0.1034620000000E+14   0.2509421567031E-16
  0.1060610000000E+14   0.2451549001343E-16
  0.1087240000000E+14   0.2396144243780E-16
  0.1114540000000E+14   0.2339342207375E-16
  0.1142530000000E+14   0.2283595769052E-16
  0.1171220000000E+14   0.2228698110970E-16
  0.1200630000000E+14   0.2173202255014E-16
  0.1230780000000E+14   0.2118815201363E-16
  0.1261690000000E+14   0.2063839356855E-16
  0.1293370000000E+14   0.2014302352931E-16
  0.1325850000000E+14   0.1964913108138E-16
  0.1359150000000E+14   0.1917804071165E-16
  0.1393280000000E+14   0.1872156779160E-16
  0.1428260000000E+14   0.1827919332303E-16
  0.1464130000000E+14   0.1788758435587E-16
  0.1500900000000E+14   0.1748662646799E-16
  0.1538590000000E+14   0.1699096028793E-16
  0.1577220000000E+14   0.1649007426360E-16
  0.1616830000000E+14   0.1571701728854E-16
  0.1657430000000E+14   0.1480931792359E-16
  0.1699050000000E+14   0.1384318298085E-16
  0.1741720000000E+14   0.1267570638282E-16
  0.1785460000000E+14   0.1158081051586E-16
  0.1830290000000E+14   0.1044005618817E-16
  0.1876260000000E+14   0.9372398637587E-17
  0.1923370000000E+14   0.8420922596991E-17
  0.1971670000000E+14   0.7558620151307E-17
  0.2021180000000E+14   0.6808514173549E-17
  0.2071940000000E+14   0.6216200634985E-17
  0.2123970000000E+14   0.5673970294637E-17
  0.2177310000000E+14   0.5585289399286E-17
  0.2231980000000E+14   0.5490854106706E-17
  0.2288030000000E+14   0.5530289442155E-17
  0.2345490000000E+14   0.5604799131433E-17
  0.2404390000000E+14   0.5694178931701E-17
  0.2464770000000E+14   0.5821950105796E-17
  0.2526660000000E+14   0.5918602336730E-17
  0.2590110000000E+14   0.6035010581879E-17
  0.2655150000000E+14   0.6118431845543E-17
  0.2721830000000E+14   0.6266031861987E-17
  0.2790180000000E+14   0.6410512674146E-17
  0.2860240000000E+14   0.6489117974432E-17
  0.2932070000000E+14   0.6497220745067E-17
  0.3005700000000E+14   0.6478709264889E-17
  0.3081180000000E+14   0.6328503429229E-17
  0.3158550000000E+14   0.6183598939932E-17
  0.3237870000000E+14   0.5553730489532E-17
  0.3319170000000E+14   0.4818001281487E-17
  0.3402530000000E+14   0.4140959072530E-17
  0.3487970000000E+14   0.3517492673669E-17
  0.3575560000000E+14   0.2935266039687E-17
  0.3665350000000E+14   0.2412307132914E-17
  0.3757390000000E+14   0.1907819190935E-17
  0.3851740000000E+14   0.1602297416978E-17
  0.3948470000000E+14   0.1352640789864E-17
  0.4047620000000E+14   0.1191341222973E-17
  0.4149260000000E+14   0.1135609014985E-17
  0.4253460000000E+14   0.1088159730468E-17
  0.4360270000000E+14   0.1075679341481E-17
  0.4469770000000E+14   0.1065061033678E-17
  0.4582010000000E+14   0.1056515998450E-17
  0.4697070000000E+14   0.1049484887454E-17
  0.4815020000000E+14   0.1042611568832E-17
  0.4935940000000E+14   0.1035747050617E-17
  0.5059890000000E+14   0.1029915581580E-17
  0.5186950000000E+14   0.1025590647671E-17
  0.5317200000000E+14   0.1021783024133E-17
  0.5450730000000E+14   0.1019962415274E-17
  0.6258450000000E+14   0.1022715523214E-17
  0.7185870000000E+14   0.1034176989327E-17
  0.8250720000000E+14   0.1034879749250E-17
  0.9473370000000E+14   0.1021078367242E-17
  0.1087720000000E+15   0.9988752271858E-18
  0.1248910000000E+15   0.9780453386304E-18
  0.1433980000000E+15   0.9673790586589E-18
  0.1646470000000E+15   0.9755822931081E-18
  0.1890460000000E+15   0.1010879164906E-17
  0.2170600000000E+15   0.1074768168774E-17
  0.2492250000000E+15   0.1168223199027E-17
  0.2861570000000E+15   0.1289277989759E-17
  0.3285620000000E+15   0.1431527995190E-17
  0.3772500000000E+15   0.1583637111085E-17
  0.4331540000000E+15   0.1727617677035E-17
  0.4973410000000E+15   0.1839414211848E-17
  0.5710410000000E+15   0.1892324662752E-17
  0.6556610000000E+15   0.1862974870122E-17
  0.7528220000000E+15   0.1737879560692E-17
  0.8643800000000E+15   0.1520993510157E-17
  0.9924690000000E+15   0.1235398576185E-17
  0.1139540000000E+16   0.9178435280648E-18
  0.1308400000000E+16   0.6165695736096E-18
  0.1502290000000E+16   0.3679581010863E-18
  0.1724910000000E+16   0.1914650462883E-18
  0.1980520000000E+16   0.8496083090076E-19
  0.2274010000000E+16   0.3144571974061E-19
  0.2610990000000E+16   0.9446465265085E-20
  0.2997900000000E+16   0.2233098113703E-20
