         130
  
  0.2997900000000E+11   0.6293253421345E-23
  0.3951060000000E+11   0.1433663614146E-22
  0.5207280000000E+11   0.3262860089135E-22
  0.6862910000000E+11   0.7415322972799E-22
  0.9044930000000E+11   0.1681877459495E-21
  0.1192070000000E+12   0.3804287752715E-21
  0.1571080000000E+12   0.8573513467872E-21
  0.2070600000000E+12   0.1922659681807E-20
  0.2728930000000E+12   0.4283273396345E-20
  0.3596580000000E+12   0.1031423290820E-19
  0.4740100000000E+12   0.2964472950324E-19
  0.6247180000000E+12   0.8385002986596E-19
  0.8233440000000E+12   0.2316477309661E-18
  0.1085120000000E+13   0.6204173286356E-18
  0.1430130000000E+13   0.1588742394888E-17
  0.1884830000000E+13   0.3822923714133E-17
  0.2484100000000E+13   0.8418500311992E-17
  0.3273910000000E+13   0.1627075851208E-16
  0.4314820000000E+13   0.2621771195772E-16
  0.5686700000000E+13   0.3310366411405E-16
  0.7494750000000E+13   0.3220270701893E-16
  0.7682960000000E+13   0.3179399563677E-16
  0.7875890000000E+13   0.3134311528083E-16
  0.8073670000000E+13   0.3085215062837E-16
  0.8276410000000E+13   0.3032775568869E-16
  0.8484250000000E+13   0.2977985888477E-16
  0.8697300000000E+13   0.2924838376200E-16
  0.8915700000000E+13   0.2869301407546E-16
  0.9139590000000E+13   0.2817204256939E-16
  0.9369100000000E+13   0.2764303077638E-16
  0.9604380000000E+13   0.2712994934430E-16
  0.9845560000000E+13   0.2663342654333E-16
  0.1009280000000E+14   0.2612700152675E-16
  0.1034620000000E+14   0.2563226368921E-16
  0.1060610000000E+14   0.2512384545105E-16
  0.1087240000000E+14   0.2465914535934E-16
  0.1114540000000E+14   0.2418943172814E-16
  0.1142530000000E+14   0.2373840525872E-16
  0.1171220000000E+14   0.2329915888149E-16
  0.1200630000000E+14   0.2285001127983E-16
  0.1230780000000E+14   0.2240780467892E-16
  0.1261690000000E+14   0.2194902948893E-16
  0.1293370000000E+14   0.2154427442535E-16
  0.1325850000000E+14   0.2112780648924E-16
  0.1359150000000E+14   0.2072423652106E-16
  0.1393280000000E+14   0.2032308542610E-16
  0.1428260000000E+14   0.1992374137330E-16
  0.1464130000000E+14   0.1956967106318E-16
  0.1500900000000E+14   0.1919065411403E-16
  0.1538590000000E+14   0.1868952931435E-16
  0.1577220000000E+14   0.1817249957047E-16
  0.1616830000000E+14   0.1733506524547E-16
  0.1657430000000E+14   0.1633843704096E-16
  0.1699050000000E+14   0.1527119040889E-16
  0.1741720000000E+14   0.1397027408099E-16
  0.1785460000000E+14   0.1274943038081E-16
  0.1830290000000E+14   0.1147264936807E-16
  0.1876260000000E+14   0.1027634769356E-16
  0.1923370000000E+14   0.9210648983173E-17
  0.1971670000000E+14   0.8245139846176E-17
  0.2021180000000E+14   0.7406996910073E-17
  0.2071940000000E+14   0.6749833726280E-17
  0.2123970000000E+14   0.6148683854482E-17
  0.2177310000000E+14   0.6071653449128E-17
  0.2231980000000E+14   0.5982457171468E-17
  0.2288030000000E+14   0.6040761101771E-17
  0.2345490000000E+14   0.6132354177318E-17
  0.2404390000000E+14   0.6235364831642E-17
  0.2464770000000E+14   0.6376771205370E-17
  0.2526660000000E+14   0.6479847595177E-17
  0.2590110000000E+14   0.6602139773111E-17
  0.2655150000000E+14   0.6686051904440E-17
  0.2721830000000E+14   0.6838769492116E-17
  0.2790180000000E+14   0.6986446950956E-17
  0.2860240000000E+14   0.7060925800801E-17
  0.2932070000000E+14   0.7057747143115E-17
  0.3005700000000E+14   0.7025113481879E-17
  0.3081180000000E+14   0.6849085845336E-17
  0.3158550000000E+14   0.6678936502692E-17
  0.3237870000000E+14   0.5983866466339E-17
  0.3319170000000E+14   0.5175886906644E-17
  0.3402530000000E+14   0.4433213819749E-17
  0.3487970000000E+14   0.3750366599566E-17
  0.3575560000000E+14   0.3114287943995E-17
  0.3665350000000E+14   0.2544581736928E-17
  0.3757390000000E+14   0.1996023172689E-17
  0.3851740000000E+14   0.1663478756741E-17
  0.3948470000000E+14   0.1393658754778E-17
  0.4047620000000E+14   0.1221318369306E-17
  0.4149260000000E+14   0.1162148602167E-17
  0.4253460000000E+14   0.1112395586488E-17
  0.4360270000000E+14   0.1099233332356E-17
  0.4469770000000E+14   0.1088137465205E-17
  0.4582010000000E+14   0.1079315132548E-17
  0.4697070000000E+14   0.1072187152221E-17
  0.4815020000000E+14   0.1065386761138E-17
  0.4935940000000E+14   0.1058772183382E-17
  0.5059890000000E+14   0.1053352797792E-17
  0.5186950000000E+14   0.1049567195135E-17
  0.5317200000000E+14   0.1046421726448E-17
  0.5450730000000E+14   0.1045319358978E-17
  0.6258450000000E+14   0.1052625446307E-17
  0.7185870000000E+14   0.1068010994072E-17
  0.8250720000000E+14   0.1071083996817E-17
  0.9473370000000E+14   0.1057323571374E-17
  0.1087720000000E+15   0.1032357132552E-17
  0.1248910000000E+15   0.1006253041170E-17
  0.1433980000000E+15   0.9885960814289E-18
  0.1646470000000E+15   0.9891114065010E-18
  0.1890460000000E+15   0.1017119665612E-17
  0.2170600000000E+15   0.1075078931270E-17
  0.2492250000000E+15   0.1164845680350E-17
  0.2861570000000E+15   0.1284557623517E-17
  0.3285620000000E+15   0.1427084734331E-17
  0.3772500000000E+15   0.1580181005747E-17
  0.4331540000000E+15   0.1725230152395E-17
  0.4973410000000E+15   0.1837780396009E-17
  0.5710410000000E+15   0.1890911105186E-17
  0.6556610000000E+15   0.1861283826548E-17
  0.7528220000000E+15   0.1735466379718E-17
  0.8643800000000E+15   0.1518068624622E-17
  0.9924690000000E+15   0.1232716338601E-17
  0.1139540000000E+16   0.9150927211649E-18
  0.1308400000000E+16   0.6148361796654E-18
  0.1502290000000E+16   0.3671030636583E-18
  0.1724910000000E+16   0.1911314386120E-18
  0.1980520000000E+16   0.8480460568050E-19
  0.2274010000000E+16   0.3138923161637E-19
  0.2610990000000E+16   0.9429808977705E-20
  0.2997900000000E+16   0.2229216576479E-20
