         130
  
  0.2997900000000E+11   0.1052356747052E-23
  0.3951060000000E+11   0.2386534737022E-23
  0.5207280000000E+11   0.5414863250376E-23
  0.6862910000000E+11   0.1228373538200E-22
  0.9044930000000E+11   0.2784162321013E-22
  0.1192070000000E+12   0.6300052175603E-22
  0.1571080000000E+12   0.1421968281136E-21
  0.2070600000000E+12   0.3197734081118E-21
  0.2728930000000E+12   0.7154477012278E-21
  0.3596580000000E+12   0.1733456073478E-20
  0.4740100000000E+12   0.5027937190635E-20
  0.6247180000000E+12   0.1441420296187E-19
  0.8233440000000E+12   0.4060772236402E-19
  0.1085120000000E+13   0.1119103519978E-18
  0.1430130000000E+13   0.2989390288173E-18
  0.1884830000000E+13   0.7664396358529E-18
  0.2484100000000E+13   0.1859200832055E-17
  0.3273910000000E+13   0.4167336641157E-17
  0.4314820000000E+13   0.8408846832021E-17
  0.5686700000000E+13   0.1460446373097E-16
  0.7494750000000E+13   0.2056464371289E-16
  0.7682960000000E+13   0.2094883451670E-16
  0.7875890000000E+13   0.2128420826310E-16
  0.8073670000000E+13   0.2156416551197E-16
  0.8276410000000E+13   0.2178836944323E-16
  0.8484250000000E+13   0.2196172114115E-16
  0.8697300000000E+13   0.2212695332118E-16
  0.8915700000000E+13   0.2222829754895E-16
  0.9139590000000E+13   0.2233183168970E-16
  0.9369100000000E+13   0.2238078628885E-16
  0.9604380000000E+13   0.2240016812879E-16
  0.9845560000000E+13   0.2238714293096E-16
  0.1009280000000E+14   0.2230964914705E-16
  0.1034620000000E+14   0.2219173672088E-16
  0.1060610000000E+14   0.2200676903778E-16
  0.1087240000000E+14   0.2181619638102E-16
  0.1114540000000E+14   0.2157028096738E-16
  0.1142530000000E+14   0.2129543068198E-16
  0.1171220000000E+14   0.2098710434600E-16
  0.1200630000000E+14   0.2062882972673E-16
  0.1230780000000E+14   0.2024048165099E-16
  0.1261690000000E+14   0.1980609130634E-16
  0.1293370000000E+14   0.1938940408859E-16
  0.1325850000000E+14   0.1893870656239E-16
  0.1359150000000E+14   0.1847855083100E-16
  0.1393280000000E+14   0.1800486268827E-16
  0.1428260000000E+14   0.1752152159396E-16
  0.1464130000000E+14   0.1706401467282E-16
  0.1500900000000E+14   0.1658480257941E-16
  0.1538590000000E+14   0.1602047356932E-16
  0.1577220000000E+14   0.1545075861349E-16
  0.1616830000000E+14   0.1466781171490E-16
  0.1657430000000E+14   0.1378686157417E-16
  0.1699050000000E+14   0.1286970772401E-16
  0.1741720000000E+14   0.1180382693669E-16
  0.1785460000000E+14   0.1080452472592E-16
  0.1830290000000E+14   0.9776804266406E-17
  0.1876260000000E+14   0.8813642707861E-17
  0.1923370000000E+14   0.7949410712273E-17
  0.1971670000000E+14   0.7162258905890E-17
  0.2021180000000E+14   0.6471498134641E-17
  0.2071940000000E+14   0.5916483018055E-17
  0.2123970000000E+14   0.5407788671272E-17
  0.2177310000000E+14   0.5282843477968E-17
  0.2231980000000E+14   0.5151461353230E-17
  0.2288030000000E+14   0.5127023574576E-17
  0.2345490000000E+14   0.5130563738834E-17
  0.2404390000000E+14   0.5149451403228E-17
  0.2464770000000E+14   0.5205086429511E-17
  0.2526660000000E+14   0.5244855779864E-17
  0.2590110000000E+14   0.5309848140427E-17
  0.2655150000000E+14   0.5357703123023E-17
  0.2721830000000E+14   0.5466947559463E-17
  0.2790180000000E+14   0.5582303533471E-17
  0.2860240000000E+14   0.5649538230996E-17
  0.2932070000000E+14   0.5662203701736E-17
  0.3005700000000E+14   0.5655648321902E-17
  0.3081180000000E+14   0.5538852687291E-17
  0.3158550000000E+14   0.5427678337011E-17
  0.3237870000000E+14   0.4899491246141E-17
  0.3319170000000E+14   0.4278675088481E-17
  0.3402530000000E+14   0.3706916467778E-17
  0.3487970000000E+14   0.3180105674275E-17
  0.3575560000000E+14   0.2687563984924E-17
  0.3665350000000E+14   0.2244349091182E-17
  0.3757390000000E+14   0.1813659489773E-17
  0.3851740000000E+14   0.1548868982160E-17
  0.3948470000000E+14   0.1323888798220E-17
  0.4047620000000E+14   0.1165776964490E-17
  0.4149260000000E+14   0.1107334630509E-17
  0.4253460000000E+14   0.1054939310519E-17
  0.4360270000000E+14   0.1042116854772E-17
  0.4469770000000E+14   0.1030884493096E-17
  0.4582010000000E+14   0.1021574088209E-17
  0.4697070000000E+14   0.1013576832740E-17
  0.4815020000000E+14   0.1005302427829E-17
  0.4935940000000E+14   0.9966090372876E-18
  0.5059890000000E+14   0.9888130420821E-18
  0.5186950000000E+14   0.9825942768043E-18
  0.5317200000000E+14   0.9767737039749E-18
  0.5450730000000E+14   0.9732902169265E-18
  0.6258450000000E+14   0.9691135790230E-18
  0.7185870000000E+14   0.9776156818465E-18
  0.8250720000000E+14   0.9778972089826E-18
  0.9473370000000E+14   0.9672672834998E-18
  0.1087720000000E+15   0.9525642800443E-18
  0.1248910000000E+15   0.9426682366148E-18
  0.1433980000000E+15   0.9443804298725E-18
  0.1646470000000E+15   0.9639912697683E-18
  0.1890460000000E+15   0.1007765948099E-17
  0.2170600000000E+15   0.1076662600371E-17
  0.2492250000000E+15   0.1172383655844E-17
  0.2861570000000E+15   0.1294061277482E-17
  0.3285620000000E+15   0.1435856817810E-17
  0.3772500000000E+15   0.1586842640712E-17
  0.4331540000000E+15   0.1729702286409E-17
  0.4973410000000E+15   0.1840841278338E-17
  0.5710410000000E+15   0.1893601116634E-17
  0.6556610000000E+15   0.1864507862196E-17
  0.7528220000000E+15   0.1740053112975E-17
  0.8643800000000E+15   0.1523621916202E-17
  0.9924690000000E+15   0.1237808420818E-17
  0.1139540000000E+16   0.9203167574295E-18
  0.1308400000000E+16   0.6181277692139E-18
  0.1502290000000E+16   0.3687263611752E-18
  0.1724910000000E+16   0.1917646307329E-18
  0.1980520000000E+16   0.8510113621996E-19
  0.2274010000000E+16   0.3149644948131E-19
  0.2610990000000E+16   0.9461423144315E-20
  0.2997900000000E+16   0.2236583775452E-20
