         130
  
  0.2997900000000E+11   0.6028621221020E-24
  0.3951060000000E+11   0.1361039642852E-23
  0.5207280000000E+11   0.3077795583772E-23
  0.6862910000000E+11   0.6965296944441E-23
  0.9044930000000E+11   0.1576155291453E-22
  0.1192070000000E+12   0.3563156670644E-22
  0.1571080000000E+12   0.8039536623488E-22
  0.2070600000000E+12   0.1808383376160E-21
  0.2728930000000E+12   0.4049505513877E-21
  0.3596580000000E+12   0.9825501920381E-21
  0.4740100000000E+12   0.2856135767519E-20
  0.6247180000000E+12   0.8216806199352E-20
  0.8233440000000E+12   0.2326723697032E-19
  0.1085120000000E+13   0.6458844225417E-19
  0.1430130000000E+13   0.1742981296263E-18
  0.1884830000000E+13   0.4533363393923E-18
  0.2484100000000E+13   0.1122230240272E-17
  0.3273910000000E+13   0.2588866023780E-17
  0.4314820000000E+13   0.5442060290779E-17
  0.5686700000000E+13   0.1001760910753E-16
  0.7494750000000E+13   0.1529387207500E-16
  0.7682960000000E+13   0.1571256146521E-16
  0.7875890000000E+13   0.1610275790406E-16
  0.8073670000000E+13   0.1645820531497E-16
  0.8276410000000E+13   0.1677767788924E-16
  0.8484250000000E+13   0.1706445876515E-16
  0.8697300000000E+13   0.1735566308477E-16
  0.8915700000000E+13   0.1760155499038E-16
  0.9139590000000E+13   0.1786118871601E-16
  0.9369100000000E+13   0.1808264113431E-16
  0.9604380000000E+13   0.1828813544376E-16
  0.9845560000000E+13   0.1847439653231E-16
  0.1009280000000E+14   0.1860915828851E-16
  0.1034620000000E+14   0.1871377461910E-16
  0.1060610000000E+14   0.1875976137483E-16
  0.1087240000000E+14   0.1880692861456E-16
  0.1114540000000E+14   0.1880293372439E-16
  0.1142530000000E+14   0.1877265648030E-16
  0.1171220000000E+14   0.1870898023759E-16
  0.1200630000000E+14   0.1859136480389E-16
  0.1230780000000E+14   0.1843823216036E-16
  0.1261690000000E+14   0.1822911373170E-16
  0.1293370000000E+14   0.1803180549860E-16
  0.1325850000000E+14   0.1778656552654E-16
  0.1359150000000E+14   0.1751818161552E-16
  0.1393280000000E+14   0.1721968025199E-16
  0.1428260000000E+14   0.1689337524740E-16
  0.1464130000000E+14   0.1657702669589E-16
  0.1500900000000E+14   0.1621627314571E-16
  0.1538590000000E+14   0.1574260287729E-16
  0.1577220000000E+14   0.1524489781522E-16
  0.1616830000000E+14   0.1450564758244E-16
  0.1657430000000E+14   0.1365392776113E-16
  0.1699050000000E+14   0.1275783381967E-16
  0.1741720000000E+14   0.1170120333140E-16
  0.1785460000000E+14   0.1070944815990E-16
  0.1830290000000E+14   0.9682308383988E-17
  0.1876260000000E+14   0.8717036395959E-17
  0.1923370000000E+14   0.7850632459709E-17
  0.1971670000000E+14   0.7060463052138E-17
  0.2021180000000E+14   0.6368413137149E-17
  0.2071940000000E+14   0.5819083178609E-17
  0.2123970000000E+14   0.5315338404473E-17
  0.2177310000000E+14   0.5227637936345E-17
  0.2231980000000E+14   0.5123089659143E-17
  0.2288030000000E+14   0.5119706823975E-17
  0.2345490000000E+14   0.5129626717757E-17
  0.2404390000000E+14   0.5139864893906E-17
  0.2464770000000E+14   0.5171981338799E-17
  0.2526660000000E+14   0.5179926589102E-17
  0.2590110000000E+14   0.5205243496454E-17
  0.2655150000000E+14   0.5213577027150E-17
  0.2721830000000E+14   0.5276724477140E-17
  0.2790180000000E+14   0.5348509385912E-17
  0.2860240000000E+14   0.5383295924957E-17
  0.2932070000000E+14   0.5375570193906E-17
  0.3005700000000E+14   0.5355854562315E-17
  0.3081180000000E+14   0.5242149840674E-17
  0.3158550000000E+14   0.5136368801255E-17
  0.3237870000000E+14   0.4657626115796E-17
  0.3319170000000E+14   0.4095613240414E-17
  0.3402530000000E+14   0.3577317100192E-17
  0.3487970000000E+14   0.3098614920695E-17
  0.3575560000000E+14   0.2649176496092E-17
  0.3665350000000E+14   0.2240750206424E-17
  0.3757390000000E+14   0.1833616998587E-17
  0.3851740000000E+14   0.1567497015109E-17
  0.3948470000000E+14   0.1318875890012E-17
  0.4047620000000E+14   0.1126961408157E-17
  0.4149260000000E+14   0.1056643777954E-17
  0.4253460000000E+14   0.9928652454837E-18
  0.4360270000000E+14   0.9802567883691E-18
  0.4469770000000E+14   0.9690287274902E-18
  0.4582010000000E+14   0.9597229506064E-18
  0.4697070000000E+14   0.9516195590773E-18
  0.4815020000000E+14   0.9427228676368E-18
  0.4935940000000E+14   0.9329361117529E-18
  0.5059890000000E+14   0.9240606472614E-18
  0.5186950000000E+14   0.9170633824628E-18
  0.5317200000000E+14   0.9104449785898E-18
  0.5450730000000E+14   0.9067891823322E-18
  0.6258450000000E+14   0.9059953633957E-18
  0.7185870000000E+14   0.9234269047061E-18
  0.8250720000000E+14   0.9336026301591E-18
  0.9473370000000E+14   0.9327511742063E-18
  0.1087720000000E+15   0.9273208519143E-18
  0.1248910000000E+15   0.9252228878848E-18
  0.1433980000000E+15   0.9327086265174E-18
  0.1646470000000E+15   0.9562992125310E-18
  0.1890460000000E+15   0.1002844990668E-17
  0.2170600000000E+15   0.1073720638901E-17
  0.2492250000000E+15   0.1170640524656E-17
  0.2861570000000E+15   0.1292897768744E-17
  0.3285620000000E+15   0.1435108459980E-17
  0.3772500000000E+15   0.1586566349627E-17
  0.4331540000000E+15   0.1729767678906E-17
  0.4973410000000E+15   0.1841068655977E-17
  0.5710410000000E+15   0.1893948761180E-17
  0.6556610000000E+15   0.1865012397250E-17
  0.7528220000000E+15   0.1740802655680E-17
  0.8643800000000E+15   0.1524535364515E-17
  0.9924690000000E+15   0.1238646738179E-17
  0.1139540000000E+16   0.9211776417076E-18
  0.1308400000000E+16   0.6186700915247E-18
  0.1502290000000E+16   0.3689936715662E-18
  0.1724910000000E+16   0.1918688322599E-18
  0.1980520000000E+16   0.8514994009321E-19
  0.2274010000000E+16   0.3151409488709E-19
  0.2610990000000E+16   0.9466625862747E-20
  0.2997900000000E+16   0.2237796156003E-20
