         130
  
  0.2997900000000E+11   0.1679759857633E-23
  0.3951060000000E+11   0.3817668454940E-23
  0.5207280000000E+11   0.8675618117899E-23
  0.6862910000000E+11   0.1970194366002E-22
  0.9044930000000E+11   0.4468425079977E-22
  0.1192070000000E+12   0.1011393635679E-21
  0.1571080000000E+12   0.2282568575240E-21
  0.2070600000000E+12   0.5130625119327E-21
  0.2728930000000E+12   0.1146878058632E-20
  0.3596580000000E+12   0.2775056894114E-20
  0.4740100000000E+12   0.8033288669002E-20
  0.6247180000000E+12   0.2296160832073E-19
  0.8233440000000E+12   0.6441106640917E-19
  0.1085120000000E+13   0.1764307454101E-18
  0.1430130000000E+13   0.4672032332112E-18
  0.1884830000000E+13   0.1182908637687E-17
  0.2484100000000E+13   0.2817367268217E-17
  0.3273910000000E+13   0.6146659430260E-17
  0.4314820000000E+13   0.1191176658235E-16
  0.5686700000000E+13   0.1948047843268E-16
  0.7494750000000E+13   0.2519957611299E-16
  0.7682960000000E+13   0.2544675711194E-16
  0.7875890000000E+13   0.2562679861492E-16
  0.8073670000000E+13   0.2573455999493E-16
  0.8276410000000E+13   0.2577178533994E-16
  0.8484250000000E+13   0.2574557198402E-16
  0.8697300000000E+13   0.2570051587436E-16
  0.8915700000000E+13   0.2558228795140E-16
  0.9139590000000E+13   0.2545772453330E-16
  0.9369100000000E+13   0.2527292400352E-16
  0.9604380000000E+13   0.2505421583472E-16
  0.9845560000000E+13   0.2480092511078E-16
  0.1009280000000E+14   0.2448559451116E-16
  0.1034620000000E+14   0.2413351799088E-16
  0.1060610000000E+14   0.2372281442656E-16
  0.1087240000000E+14   0.2331245977984E-16
  0.1114540000000E+14   0.2285945848594E-16
  0.1142530000000E+14   0.2239018984143E-16
  0.1171220000000E+14   0.2190285182618E-16
  0.1200630000000E+14   0.2138442141985E-16
  0.1230780000000E+14   0.2085447647956E-16
  0.1261690000000E+14   0.2029938950326E-16
  0.1293370000000E+14   0.1977904669758E-16
  0.1325850000000E+14   0.1924600294360E-16
  0.1359150000000E+14   0.1872325834201E-16
  0.1393280000000E+14   0.1820648437333E-16
  0.1428260000000E+14   0.1769833945765E-16
  0.1464130000000E+14   0.1723343545466E-16
  0.1500900000000E+14   0.1676202895763E-16
  0.1538590000000E+14   0.1621335895828E-16
  0.1577220000000E+14   0.1566639256283E-16
  0.1616830000000E+14   0.1489279338099E-16
  0.1657430000000E+14   0.1401072042273E-16
  0.1699050000000E+14   0.1308525104289E-16
  0.1741720000000E+14   0.1199317738688E-16
  0.1785460000000E+14   0.1096956697365E-16
  0.1830290000000E+14   0.9912120758793E-17
  0.1876260000000E+14   0.8922608328930E-17
  0.1923370000000E+14   0.8037858641478E-17
  0.1971670000000E+14   0.7234280068747E-17
  0.2021180000000E+14   0.6531617203679E-17
  0.2071940000000E+14   0.5969689914561E-17
  0.2123970000000E+14   0.5454920352939E-17
  0.2177310000000E+14   0.5338806799614E-17
  0.2231980000000E+14   0.5220369141386E-17
  0.2288030000000E+14   0.5221547553913E-17
  0.2345490000000E+14   0.5257982697703E-17
  0.2404390000000E+14   0.5313362220038E-17
  0.2464770000000E+14   0.5409143397341E-17
  0.2526660000000E+14   0.5483681940955E-17
  0.2590110000000E+14   0.5581497007366E-17
  0.2655150000000E+14   0.5654431932355E-17
  0.2721830000000E+14   0.5789618688701E-17
  0.2790180000000E+14   0.5925370220751E-17
  0.2860240000000E+14   0.6003151076637E-17
  0.2932070000000E+14   0.6017719818746E-17
  0.3005700000000E+14   0.6008805304197E-17
  0.3081180000000E+14   0.5878894782625E-17
  0.3158550000000E+14   0.5754051736164E-17
  0.3237870000000E+14   0.5180303649871E-17
  0.3319170000000E+14   0.4507715202131E-17
  0.3402530000000E+14   0.3888387649306E-17
  0.3487970000000E+14   0.3318075780476E-17
  0.3575560000000E+14   0.2785550147876E-17
  0.3665350000000E+14   0.2307195733411E-17
  0.3757390000000E+14   0.1843612106994E-17
  0.3851740000000E+14   0.1561736557421E-17
  0.3948470000000E+14   0.1329280223075E-17
  0.4047620000000E+14   0.1176151964082E-17
  0.4149260000000E+14   0.1122040316813E-17
  0.4253460000000E+14   0.1074992433916E-17
  0.4360270000000E+14   0.1062768823703E-17
  0.4469770000000E+14   0.1052254096095E-17
  0.4582010000000E+14   0.1043680980327E-17
  0.4697070000000E+14   0.1036491000742E-17
  0.4815020000000E+14   0.1029289210055E-17
  0.4935940000000E+14   0.1021919269473E-17
  0.5059890000000E+14   0.1015462746534E-17
  0.5186950000000E+14   0.1010450145085E-17
  0.5317200000000E+14   0.1005859137016E-17
  0.5450730000000E+14   0.1003287703277E-17
  0.6258450000000E+14   0.1001946829459E-17
  0.7185870000000E+14   0.1010411572183E-17
  0.8250720000000E+14   0.1009598290131E-17
  0.9473370000000E+14   0.9965131821748E-18
  0.1087720000000E+15   0.9776788646041E-18
  0.1248910000000E+15   0.9623523707434E-18
  0.1433980000000E+15   0.9580506811608E-18
  0.1646470000000E+15   0.9719801423674E-18
  0.1890460000000E+15   0.1011322679719E-17
  0.2170600000000E+15   0.1077486238765E-17
  0.2492250000000E+15   0.1171969368687E-17
  0.2861570000000E+15   0.1293202898787E-17
  0.3285620000000E+15   0.1434863362457E-17
  0.3772500000000E+15   0.1585977008323E-17
  0.4331540000000E+15   0.1729093667701E-17
  0.4973410000000E+15   0.1840388084158E-17
  0.5710410000000E+15   0.1893146164940E-17
  0.6556610000000E+15   0.1863924561164E-17
  0.7528220000000E+15   0.1739209866710E-17
  0.8643800000000E+15   0.1522598520752E-17
  0.9924690000000E+15   0.1236869678589E-17
  0.1139540000000E+16   0.9193530581732E-18
  0.1308400000000E+16   0.6175206433178E-18
  0.1502290000000E+16   0.3684270609184E-18
  0.1724910000000E+16   0.1916479366413E-18
  0.1980520000000E+16   0.8504648306699E-19
  0.2274010000000E+16   0.3147668894727E-19
  0.2610990000000E+16   0.9455596719964E-20
  0.2997900000000E+16   0.2235226042531E-20
