         130
  
  0.2997900000000E+11   0.2495483707665E-23
  0.3951060000000E+11   0.5678095514626E-23
  0.5207280000000E+11   0.1291366652204E-22
  0.6862910000000E+11   0.2934101002311E-22
  0.9044930000000E+11   0.6656175655726E-22
  0.1192070000000E+12   0.1506569447828E-21
  0.1571080000000E+12   0.3399260581170E-21
  0.2070600000000E+12   0.7636697933125E-21
  0.2728930000000E+12   0.1705652659266E-20
  0.3596580000000E+12   0.4122138718430E-20
  0.4740100000000E+12   0.1191179004029E-19
  0.6247180000000E+12   0.3395897288800E-19
  0.8233440000000E+12   0.9490335205654E-19
  0.1085120000000E+13   0.2585482264216E-18
  0.1430130000000E+13   0.6792717539339E-18
  0.1884830000000E+13   0.1699876994955E-17
  0.2484100000000E+13   0.3978109173713E-17
  0.3273910000000E+13   0.8449147719426E-17
  0.4314820000000E+13   0.1570861765849E-16
  0.5686700000000E+13   0.2413102140753E-16
  0.7494750000000E+13   0.2868277315432E-16
  0.7682960000000E+13   0.2872703738687E-16
  0.7875890000000E+13   0.2869508383409E-16
  0.8073670000000E+13   0.2858461702919E-16
  0.8276410000000E+13   0.2840013058476E-16
  0.8484250000000E+13   0.2815104672985E-16
  0.8697300000000E+13   0.2788142944832E-16
  0.8915700000000E+13   0.2754294421952E-16
  0.9139590000000E+13   0.2719977188083E-16
  0.9369100000000E+13   0.2680463652612E-16
  0.9604380000000E+13   0.2638418649441E-16
  0.9845560000000E+13   0.2594023993479E-16
  0.1009280000000E+14   0.2545004862209E-16
  0.1034620000000E+14   0.2493879977320E-16
  0.1060610000000E+14   0.2438789080156E-16
  0.1087240000000E+14   0.2385338086692E-16
  0.1114540000000E+14   0.2329640022917E-16
  0.1142530000000E+14   0.2274222654367E-16
  0.1171220000000E+14   0.2218947692887E-16
  0.1200630000000E+14   0.2162491701237E-16
  0.1230780000000E+14   0.2106648823953E-16
  0.1261690000000E+14   0.2049887610495E-16
  0.1293370000000E+14   0.1998146013699E-16
  0.1325850000000E+14   0.1946408539401E-16
  0.1359150000000E+14   0.1896834849617E-16
  0.1393280000000E+14   0.1848731260010E-16
  0.1428260000000E+14   0.1802131263880E-16
  0.1464130000000E+14   0.1760595971473E-16
  0.1500900000000E+14   0.1718444094269E-16
  0.1538590000000E+14   0.1667549119671E-16
  0.1577220000000E+14   0.1616458238974E-16
  0.1616830000000E+14   0.1539593564811E-16
  0.1657430000000E+14   0.1450059733098E-16
  0.1699050000000E+14   0.1355128175726E-16
  0.1741720000000E+14   0.1241096038300E-16
  0.1785460000000E+14   0.1134197672642E-16
  0.1830290000000E+14   0.1023097225954E-16
  0.1876260000000E+14   0.9191570128378E-17
  0.1923370000000E+14   0.8264901619326E-17
  0.1971670000000E+14   0.7425032216669E-17
  0.2021180000000E+14   0.6693770614908E-17
  0.2071940000000E+14   0.6114355998478E-17
  0.2123970000000E+14   0.5583897602680E-17
  0.2177310000000E+14   0.5487494595197E-17
  0.2231980000000E+14   0.5387082599913E-17
  0.2288030000000E+14   0.5416513321973E-17
  0.2345490000000E+14   0.5481768814385E-17
  0.2404390000000E+14   0.5563690306834E-17
  0.2464770000000E+14   0.5684951685746E-17
  0.2526660000000E+14   0.5777836200074E-17
  0.2590110000000E+14   0.5891441589016E-17
  0.2655150000000E+14   0.5974168114518E-17
  0.2721830000000E+14   0.6120471831952E-17
  0.2790180000000E+14   0.6264546326112E-17
  0.2860240000000E+14   0.6344858502393E-17
  0.2932070000000E+14   0.6356653343763E-17
  0.3005700000000E+14   0.6342665812741E-17
  0.3081180000000E+14   0.6199792419580E-17
  0.3158550000000E+14   0.6062106894798E-17
  0.3237870000000E+14   0.5448773226694E-17
  0.3319170000000E+14   0.4731084360467E-17
  0.3402530000000E+14   0.4070260749824E-17
  0.3487970000000E+14   0.3461373351429E-17
  0.3575560000000E+14   0.2892585884929E-17
  0.3665350000000E+14   0.2381921462147E-17
  0.3757390000000E+14   0.1888239517654E-17
  0.3851740000000E+14   0.1589055740970E-17
  0.3948470000000E+14   0.1344048745175E-17
  0.4047620000000E+14   0.1185356552665E-17
  0.4149260000000E+14   0.1130368944289E-17
  0.4253460000000E+14   0.1083336691630E-17
  0.4360270000000E+14   0.1071012154214E-17
  0.4469770000000E+14   0.1060521035406E-17
  0.4582010000000E+14   0.1052075503224E-17
  0.4697070000000E+14   0.1045116803312E-17
  0.4815020000000E+14   0.1038277295187E-17
  0.4935940000000E+14   0.1031400771132E-17
  0.5059890000000E+14   0.1025521625507E-17
  0.5186950000000E+14   0.1021126466599E-17
  0.5317200000000E+14   0.1017216802857E-17
  0.5450730000000E+14   0.1015297937114E-17
  0.6258450000000E+14   0.1017453958797E-17
  0.7185870000000E+14   0.1028587432066E-17
  0.8250720000000E+14   0.1029329870736E-17
  0.9473370000000E+14   0.1016146200689E-17
  0.1087720000000E+15   0.9952860387356E-18
  0.1248910000000E+15   0.9763150177816E-18
  0.1433980000000E+15   0.9675453262904E-18
  0.1646470000000E+15   0.9772260330081E-18
  0.1890460000000E+15   0.1013397451377E-17
  0.2170600000000E+15   0.1077656393609E-17
  0.2492250000000E+15   0.1171130305360E-17
  0.2861570000000E+15   0.1291878645846E-17
  0.3285620000000E+15   0.1433528934267E-17
  0.3772500000000E+15   0.1584961483091E-17
  0.4331540000000E+15   0.1728399474374E-17
  0.4973410000000E+15   0.1839860899427E-17
  0.5710410000000E+15   0.1892629369419E-17
  0.6556610000000E+15   0.1863280542075E-17
  0.7528220000000E+15   0.1738289556916E-17
  0.8643800000000E+15   0.1521484756891E-17
  0.9924690000000E+15   0.1235848499563E-17
  0.1139540000000E+16   0.9183050941779E-18
  0.1308400000000E+16   0.6168603888237E-18
  0.1502290000000E+16   0.3681015114623E-18
  0.1724910000000E+16   0.1915209813061E-18
  0.1980520000000E+16   0.8498702619987E-19
  0.2274010000000E+16   0.3145519123700E-19
  0.2610990000000E+16   0.9449258009779E-20
  0.2997900000000E+16   0.2233748918022E-20
