mstar = 2 Msun, Rstar = 2.5 Rsun, Tstar = 10000, mdisk = 0.0013918 Msun, Rc = 150 AU, Rin = 0.5 AU, Rout = 250 AU, inclination = 45 degree, powerlaw = -1 
         130
  
  0.2997900000000E+11   0.2080050556985E-23
  0.3951060000000E+11   0.4730646236549E-23
  0.5207280000000E+11   0.1075547557746E-22
  0.6862910000000E+11   0.2443268461673E-22
  0.9044930000000E+11   0.5542234315499E-22
  0.1192070000000E+12   0.1254465824903E-21
  0.1571080000000E+12   0.2830808890023E-21
  0.2070600000000E+12   0.6361214714035E-21
  0.2728930000000E+12   0.1421329402486E-20
  0.3596580000000E+12   0.3436928862711E-20
  0.4740100000000E+12   0.9939932109451E-20
  0.6247180000000E+12   0.2837186314049E-19
  0.8233440000000E+12   0.7942832171245E-19
  0.1085120000000E+13   0.2169384718587E-18
  0.1430130000000E+13   0.5720730721069E-18
  0.1884830000000E+13   0.1439542037882E-17
  0.2484100000000E+13   0.3397174180489E-17
  0.3273910000000E+13   0.7308699248431E-17
  0.4314820000000E+13   0.1386218900219E-16
  0.5686700000000E+13   0.2194360650414E-16
  0.7494750000000E+13   0.2714087717349E-16
  0.7682960000000E+13   0.2728554364765E-16
  0.7875890000000E+13   0.2735691658273E-16
  0.8073670000000E+13   0.2735125248988E-16
  0.8276410000000E+13   0.2727171738447E-16
  0.8484250000000E+13   0.2712666847616E-16
  0.8697300000000E+13   0.2696058772787E-16
  0.8915700000000E+13   0.2672205097482E-16
  0.9139590000000E+13   0.2647668167404E-16
  0.9369100000000E+13   0.2617395571293E-16
  0.9604380000000E+13   0.2584046429968E-16
  0.9845560000000E+13   0.2547692232124E-16
  0.1009280000000E+14   0.2505860636734E-16
  0.1034620000000E+14   0.2461089665277E-16
  0.1060610000000E+14   0.2411402986206E-16
  0.1087240000000E+14   0.2362529774963E-16
  0.1114540000000E+14   0.2310449491640E-16
  0.1142530000000E+14   0.2257748161397E-16
  0.1171220000000E+14   0.2204301435089E-16
  0.1200630000000E+14   0.2148845137050E-16
  0.1230780000000E+14   0.2093256183753E-16
  0.1261690000000E+14   0.2036127073298E-16
  0.1293370000000E+14   0.1983366914570E-16
  0.1325850000000E+14   0.1930165032188E-16
  0.1359150000000E+14   0.1878732532857E-16
  0.1393280000000E+14   0.1828510880992E-16
  0.1428260000000E+14   0.1779642013821E-16
  0.1464130000000E+14   0.1735611295280E-16
  0.1500900000000E+14   0.1691096565244E-16
  0.1538590000000E+14   0.1638471599485E-16
  0.1577220000000E+14   0.1585905331989E-16
  0.1616830000000E+14   0.1509137912386E-16
  0.1657430000000E+14   0.1420593897590E-16
  0.1699050000000E+14   0.1327158844562E-16
  0.1741720000000E+14   0.1215803658261E-16
  0.1785460000000E+14   0.1111438184075E-16
  0.1830290000000E+14   0.1003277392844E-16
  0.1876260000000E+14   0.9021052578359E-17
  0.1923370000000E+14   0.8118160682985E-17
  0.1971670000000E+14   0.7299199285095E-17
  0.2021180000000E+14   0.6584869653784E-17
  0.2071940000000E+14   0.6016448302035E-17
  0.2123970000000E+14   0.5495881692256E-17
  0.2177310000000E+14   0.5390667370392E-17
  0.2231980000000E+14   0.5282626253839E-17
  0.2288030000000E+14   0.5299564168064E-17
  0.2345490000000E+14   0.5352391580214E-17
  0.2404390000000E+14   0.5423162725783E-17
  0.2464770000000E+14   0.5533779280596E-17
  0.2526660000000E+14   0.5619390539606E-17
  0.2590110000000E+14   0.5726698676944E-17
  0.2655150000000E+14   0.5805733903131E-17
  0.2721830000000E+14   0.5947331280146E-17
  0.2790180000000E+14   0.6087794142020E-17
  0.2860240000000E+14   0.6167159925683E-17
  0.2932070000000E+14   0.6180620208079E-17
  0.3005700000000E+14   0.6169391532111E-17
  0.3081180000000E+14   0.6033245946028E-17
  0.3158550000000E+14   0.5902215338992E-17
  0.3237870000000E+14   0.5309025318284E-17
  0.3319170000000E+14   0.4614566586462E-17
  0.3402530000000E+14   0.3975087215896E-17
  0.3487970000000E+14   0.3385791303567E-17
  0.3575560000000E+14   0.2835273231042E-17
  0.3665350000000E+14   0.2340730104932E-17
  0.3757390000000E+14   0.1861420653926E-17
  0.3851740000000E+14   0.1570421476442E-17
  0.3948470000000E+14   0.1331127806745E-17
  0.4047620000000E+14   0.1175131299824E-17
  0.4149260000000E+14   0.1120825581450E-17
  0.4253460000000E+14   0.1074106437677E-17
  0.4360270000000E+14   0.1062028991126E-17
  0.4469770000000E+14   0.1051721402706E-17
  0.4582010000000E+14   0.1043402990743E-17
  0.4697070000000E+14   0.1036516683291E-17
  0.4815020000000E+14   0.1029686941435E-17
  0.4935940000000E+14   0.1022757969382E-17
  0.5059890000000E+14   0.1016781927108E-17
  0.5186950000000E+14   0.1012262655933E-17
  0.5317200000000E+14   0.1008194315914E-17
  0.5450730000000E+14   0.1006119270671E-17
  0.6258450000000E+14   0.1007375429967E-17
  0.7185870000000E+14   0.1017923807364E-17
  0.8250720000000E+14   0.1018566896484E-17
  0.9473370000000E+14   0.1005976870399E-17
  0.1087720000000E+15   0.9864825413972E-18
  0.1248910000000E+15   0.9694742726288E-18
  0.1433980000000E+15   0.9629096989746E-18
  0.1646470000000E+15   0.9746248756708E-18
  0.1890460000000E+15   0.1012349506862E-17
  0.2170600000000E+15   0.1077649518674E-17
  0.2492250000000E+15   0.1171779944235E-17
  0.2861570000000E+15   0.1292864643002E-17
  0.3285620000000E+15   0.1434506623056E-17
  0.3772500000000E+15   0.1585702738105E-17
  0.4331540000000E+15   0.1728888220504E-17
  0.4973410000000E+15   0.1840191045873E-17
  0.5710410000000E+15   0.1892910003153E-17
  0.6556610000000E+15   0.1863604842799E-17
  0.7528220000000E+15   0.1738743348098E-17
  0.8643800000000E+15   0.1522032125705E-17
  0.9924690000000E+15   0.1236350190729E-17
  0.1139540000000E+16   0.9188198841617E-18
  0.1308400000000E+16   0.6171847298095E-18
  0.1502290000000E+16   0.3682614407070E-18
  0.1724910000000E+16   0.1915833528237E-18
  0.1980520000000E+16   0.8501623631859E-19
  0.2274010000000E+16   0.3146575272937E-19
  0.2610990000000E+16   0.9452372129992E-20
  0.2997900000000E+16   0.2234474610523E-20
