         130
  
  0.2997900000000E+11   0.1171797473475E-22
  0.3951060000000E+11   0.2669913769237E-22
  0.5207280000000E+11   0.6076118870571E-22
  0.6862910000000E+11   0.1380507144700E-21
  0.9044930000000E+11   0.3129512920645E-21
  0.1192070000000E+12   0.7073006952420E-21
  0.1571080000000E+12   0.1592148129630E-20
  0.2070600000000E+12   0.3564712076184E-20
  0.2728930000000E+12   0.7923906877575E-20
  0.3596580000000E+12   0.1902085183045E-19
  0.4740100000000E+12   0.5439611674075E-19
  0.6247180000000E+12   0.1527129512986E-18
  0.8233440000000E+12   0.4171425704747E-18
  0.1085120000000E+13   0.1097924127731E-17
  0.1430130000000E+13   0.2736202299640E-17
  0.1884830000000E+13   0.6309177919124E-17
  0.2484100000000E+13   0.1299898890010E-16
  0.3273910000000E+13   0.2273446441591E-16
  0.4314820000000E+13   0.3198403164336E-16
  0.5686700000000E+13   0.3522503448509E-16
  0.7494750000000E+13   0.3252126604885E-16
  0.7682960000000E+13   0.3214261431857E-16
  0.7875890000000E+13   0.3174393287046E-16
  0.8073670000000E+13   0.3132261855064E-16
  0.8276410000000E+13   0.3088101275800E-16
  0.8484250000000E+13   0.3042554647273E-16
  0.8697300000000E+13   0.2999750409783E-16
  0.8915700000000E+13   0.2954721078651E-16
  0.9139590000000E+13   0.2913803195580E-16
  0.9369100000000E+13   0.2871777968119E-16
  0.9604380000000E+13   0.2831114877530E-16
  0.9845560000000E+13   0.2791626904776E-16
  0.1009280000000E+14   0.2750066303410E-16
  0.1034620000000E+14   0.2708779685739E-16
  0.1060610000000E+14   0.2664797947303E-16
  0.1087240000000E+14   0.2624595481162E-16
  0.1114540000000E+14   0.2582633951666E-16
  0.1142530000000E+14   0.2541623375567E-16
  0.1171220000000E+14   0.2500833328012E-16
  0.1200630000000E+14   0.2457938398287E-16
  0.1230780000000E+14   0.2414908165153E-16
  0.1261690000000E+14   0.2369254002439E-16
  0.1293370000000E+14   0.2328814361177E-16
  0.1325850000000E+14   0.2286457194751E-16
  0.1359150000000E+14   0.2244967165754E-16
  0.1393280000000E+14   0.2203275829899E-16
  0.1428260000000E+14   0.2161384961144E-16
  0.1464130000000E+14   0.2124065704128E-16
  0.1500900000000E+14   0.2083764898009E-16
  0.1538590000000E+14   0.2030035337653E-16
  0.1577220000000E+14   0.1974409957079E-16
  0.1616830000000E+14   0.1884051276691E-16
  0.1657430000000E+14   0.1776383136191E-16
  0.1699050000000E+14   0.1660967695431E-16
  0.1741720000000E+14   0.1520168869228E-16
  0.1785460000000E+14   0.1387884975285E-16
  0.1830290000000E+14   0.1249392688647E-16
  0.1876260000000E+14   0.1119481983878E-16
  0.1923370000000E+14   0.1003645235048E-16
  0.1971670000000E+14   0.8985767149494E-17
  0.2021180000000E+14   0.8072756476948E-17
  0.2071940000000E+14   0.7356326345059E-17
  0.2123970000000E+14   0.6700332465385E-17
  0.2177310000000E+14   0.6615659122531E-17
  0.2231980000000E+14   0.6516559367074E-17
  0.2288030000000E+14   0.6576600344517E-17
  0.2345490000000E+14   0.6671768702836E-17
  0.2404390000000E+14   0.6778153201386E-17
  0.2464770000000E+14   0.6925265076858E-17
  0.2526660000000E+14   0.7030489253713E-17
  0.2590110000000E+14   0.7155830511489E-17
  0.2655150000000E+14   0.7239202539488E-17
  0.2721830000000E+14   0.7396248643103E-17
  0.2790180000000E+14   0.7546993130391E-17
  0.2860240000000E+14   0.7618445966351E-17
  0.2932070000000E+14   0.7606279492708E-17
  0.3005700000000E+14   0.7562225081886E-17
  0.3081180000000E+14   0.7364742192879E-17
  0.3158550000000E+14   0.7173657918027E-17
  0.3237870000000E+14   0.6422187254118E-17
  0.3319170000000E+14   0.5549737576779E-17
  0.3402530000000E+14   0.4746553136269E-17
  0.3487970000000E+14   0.4007328295418E-17
  0.3575560000000E+14   0.3318273571987E-17
  0.3665350000000E+14   0.2700426850242E-17
  0.3757390000000E+14   0.2106451972364E-17
  0.3851740000000E+14   0.1746069120346E-17
  0.3948470000000E+14   0.1454301534620E-17
  0.4047620000000E+14   0.1268245345975E-17
  0.4149260000000E+14   0.1202926981723E-17
  0.4253460000000E+14   0.1148193465551E-17
  0.4360270000000E+14   0.1131889900105E-17
  0.4469770000000E+14   0.1118018139846E-17
  0.4582010000000E+14   0.1106780902228E-17
  0.4697070000000E+14   0.1097570971473E-17
  0.4815020000000E+14   0.1088991709578E-17
  0.4935940000000E+14   0.1080899483332E-17
  0.5059890000000E+14   0.1074302539130E-17
  0.5186950000000E+14   0.1069612018690E-17
  0.5317200000000E+14   0.1065811534228E-17
  0.5450730000000E+14   0.1064261814479E-17
  0.6258450000000E+14   0.1071876047422E-17
  0.7185870000000E+14   0.1089993103620E-17
  0.8250720000000E+14   0.1096071504984E-17
  0.9473370000000E+14   0.1083868466858E-17
  0.1087720000000E+15   0.1057797993425E-17
  0.1248910000000E+15   0.1027597482514E-17
  0.1433980000000E+15   0.1003402490302E-17
  0.1646470000000E+15   0.9962471834142E-18
  0.1890460000000E+15   0.1017142776801E-17
  0.2170600000000E+15   0.1069898580838E-17
  0.2492250000000E+15   0.1156964988991E-17
  0.2861570000000E+15   0.1276220171637E-17
  0.3285620000000E+15   0.1419983659678E-17
  0.3772500000000E+15   0.1575234744368E-17
  0.4331540000000E+15   0.1722339097743E-17
  0.4973410000000E+15   0.1836090072106E-17
  0.5710410000000E+15   0.1889494303473E-17
  0.6556610000000E+15   0.1859530515691E-17
  0.7528220000000E+15   0.1732924483914E-17
  0.8643800000000E+15   0.1514980323699E-17
  0.9924690000000E+15   0.1229884103648E-17
  0.1139540000000E+16   0.9121904648195E-18
  0.1308400000000E+16   0.6130069969708E-18
  0.1502290000000E+16   0.3662003219999E-18
  0.1724910000000E+16   0.1907790070805E-18
  0.1980520000000E+16   0.8463958183389E-19
  0.2274010000000E+16   0.3132955946318E-19
  0.2610990000000E+16   0.9412213235157E-20
  0.2997900000000E+16   0.2225116005228E-20
