         130
  
  0.2997900000000E+11   0.4779818680925E-23
  0.3951060000000E+11   0.1088662446198E-22
  0.5207280000000E+11   0.2477456397800E-22
  0.6862910000000E+11   0.5630518755457E-22
  0.9044930000000E+11   0.1277243855930E-21
  0.1192070000000E+12   0.2889811559473E-21
  0.1571080000000E+12   0.6515338604399E-21
  0.2070600000000E+12   0.1461985658664E-20
  0.2728930000000E+12   0.3259731251423E-20
  0.3596580000000E+12   0.7858850135675E-20
  0.4740100000000E+12   0.2262837456878E-19
  0.6247180000000E+12   0.6417397780750E-19
  0.8233440000000E+12   0.1779849497078E-18
  0.1085120000000E+13   0.4795011254037E-18
  0.1430130000000E+13   0.1238945289238E-17
  0.1884830000000E+13   0.3022984768280E-17
  0.2484100000000E+13   0.6803525758528E-17
  0.3273910000000E+13   0.1360075871118E-16
  0.4314820000000E+13   0.2304221696917E-16
  0.5686700000000E+13   0.3101754522323E-16
  0.7494750000000E+13   0.3179112282786E-16
  0.7682960000000E+13   0.3146880746035E-16
  0.7875890000000E+13   0.3108784146341E-16
  0.8073670000000E+13   0.3065051932256E-16
  0.8276410000000E+13   0.3016433620661E-16
  0.8484250000000E+13   0.2964035278901E-16
  0.8697300000000E+13   0.2911942030177E-16
  0.8915700000000E+13   0.2856220677624E-16
  0.9139590000000E+13   0.2802735513726E-16
  0.9369100000000E+13   0.2747464208178E-16
  0.9604380000000E+13   0.2692901691163E-16
  0.9845560000000E+13   0.2639274236741E-16
  0.1009280000000E+14   0.2584278570467E-16
  0.1034620000000E+14   0.2530153297765E-16
  0.1060610000000E+14   0.2474700019212E-16
  0.1087240000000E+14   0.2423444886156E-16
  0.1114540000000E+14   0.2371970899636E-16
  0.1142530000000E+14   0.2322601409255E-16
  0.1171220000000E+14   0.2274784808650E-16
  0.1200630000000E+14   0.2226554976803E-16
  0.1230780000000E+14   0.2179515610549E-16
  0.1261690000000E+14   0.2131462873562E-16
  0.1293370000000E+14   0.2089045155871E-16
  0.1325850000000E+14   0.2046047131172E-16
  0.1359150000000E+14   0.2004757858064E-16
  0.1393280000000E+14   0.1964142491390E-16
  0.1428260000000E+14   0.1924090351032E-16
  0.1464130000000E+14   0.1888712586646E-16
  0.1500900000000E+14   0.1851246696823E-16
  0.1538590000000E+14   0.1802285849610E-16
  0.1577220000000E+14   0.1751963453279E-16
  0.1616830000000E+14   0.1670917468466E-16
  0.1657430000000E+14   0.1574607467994E-16
  0.1699050000000E+14   0.1471548049913E-16
  0.1741720000000E+14   0.1346046734002E-16
  0.1785460000000E+14   0.1228294913088E-16
  0.1830290000000E+14   0.1105212709467E-16
  0.1876260000000E+14   0.9899311958235E-17
  0.1923370000000E+14   0.8872484966783E-17
  0.1971670000000E+14   0.7942146333175E-17
  0.2021180000000E+14   0.7134332206294E-17
  0.2071940000000E+14   0.6500335749919E-17
  0.2123970000000E+14   0.5920263613790E-17
  0.2177310000000E+14   0.5843191842995E-17
  0.2231980000000E+14   0.5755539279683E-17
  0.2288030000000E+14   0.5810865640204E-17
  0.2345490000000E+14   0.5899439372003E-17
  0.2404390000000E+14   0.5999644868564E-17
  0.2464770000000E+14   0.6137394387974E-17
  0.2526660000000E+14   0.6238578755245E-17
  0.2590110000000E+14   0.6358623480101E-17
  0.2655150000000E+14   0.6441694505948E-17
  0.2721830000000E+14   0.6591675263109E-17
  0.2790180000000E+14   0.6736905126807E-17
  0.2860240000000E+14   0.6811424238607E-17
  0.2932070000000E+14   0.6810906068760E-17
  0.3005700000000E+14   0.6781984719098E-17
  0.3081180000000E+14   0.6614375568305E-17
  0.3158550000000E+14   0.6452541559300E-17
  0.3237870000000E+14   0.5782372611202E-17
  0.3319170000000E+14   0.5002838962320E-17
  0.3402530000000E+14   0.4286375152760E-17
  0.3487970000000E+14   0.3627804666225E-17
  0.3575560000000E+14   0.3013926295598E-17
  0.3665350000000E+14   0.2463510851503E-17
  0.3757390000000E+14   0.1932840254104E-17
  0.3851740000000E+14   0.1611754972627E-17
  0.3948470000000E+14   0.1350968901286E-17
  0.4047620000000E+14   0.1183905927305E-17
  0.4149260000000E+14   0.1127235243656E-17
  0.4253460000000E+14   0.1079463649601E-17
  0.4360270000000E+14   0.1067794683793E-17
  0.4469770000000E+14   0.1058038522996E-17
  0.4582010000000E+14   0.1050409786197E-17
  0.4697070000000E+14   0.1044336093419E-17
  0.4815020000000E+14   0.1038449221036E-17
  0.4935940000000E+14   0.1032605698778E-17
  0.5059890000000E+14   0.1027835335359E-17
  0.5186950000000E+14   0.1024601503587E-17
  0.5317200000000E+14   0.1021906709925E-17
  0.5450730000000E+14   0.1021203230860E-17
  0.6258450000000E+14   0.1029999946393E-17
  0.7185870000000E+14   0.1046665788649E-17
  0.8250720000000E+14   0.1051339987446E-17
  0.9473370000000E+14   0.1039811114816E-17
  0.1087720000000E+15   0.1017825486734E-17
  0.1248910000000E+15   0.9952637288929E-18
  0.1433980000000E+15   0.9814065189244E-18
  0.1646470000000E+15   0.9856247482570E-18
  0.1890460000000E+15   0.1016826905443E-17
  0.2170600000000E+15   0.1077061421946E-17
  0.2492250000000E+15   0.1167924018601E-17
  0.2861570000000E+15   0.1287730296778E-17
  0.3285620000000E+15   0.1429756850061E-17
  0.3772500000000E+15   0.1582113367931E-17
  0.4331540000000E+15   0.1726450417262E-17
  0.4973410000000E+15   0.1838523593086E-17
  0.5710410000000E+15   0.1891495519740E-17
  0.6556610000000E+15   0.1861961741675E-17
  0.7528220000000E+15   0.1736430818183E-17
  0.8643800000000E+15   0.1519237599941E-17
  0.9924690000000E+15   0.1233788310889E-17
  0.1139540000000E+16   0.9161918329030E-18
  0.1308400000000E+16   0.6155288132695E-18
  0.1502290000000E+16   0.3674447716745E-18
  0.1724910000000E+16   0.1912647852348E-18
  0.1980520000000E+16   0.8486704879305E-19
  0.2274010000000E+16   0.3141181016862E-19
  0.2610990000000E+16   0.9436466635531E-20
  0.2997900000000E+16   0.2230768071161E-20
