         130
  
  0.2997900000000E+11   0.2706720920173E-23
  0.3951060000000E+11   0.6159784206531E-23
  0.5207280000000E+11   0.1401070707887E-22
  0.6862910000000E+11   0.3183539439104E-22
  0.9044930000000E+11   0.7222097447205E-22
  0.1192070000000E+12   0.1634593976848E-21
  0.1571080000000E+12   0.3687775899976E-21
  0.2070600000000E+12   0.8283591355380E-21
  0.2728930000000E+12   0.1849714050328E-20
  0.3596580000000E+12   0.4468863492575E-20
  0.4740100000000E+12   0.1290772125055E-19
  0.6247180000000E+12   0.3677356329598E-19
  0.8233440000000E+12   0.1026706232177E-18
  0.1085120000000E+13   0.2793240107961E-18
  0.1430130000000E+13   0.7323880812198E-18
  0.1884830000000E+13   0.1827384009620E-17
  0.2484100000000E+13   0.4257529458708E-17
  0.3273910000000E+13   0.8981824202419E-17
  0.4314820000000E+13   0.1652847583381E-16
  0.5686700000000E+13   0.2501229322587E-16
  0.7494750000000E+13   0.2917574597151E-16
  0.7682960000000E+13   0.2917131239913E-16
  0.7875890000000E+13   0.2909083343348E-16
  0.8073670000000E+13   0.2893274660331E-16
  0.8276410000000E+13   0.2870212244167E-16
  0.8484250000000E+13   0.2840879974010E-16
  0.8697300000000E+13   0.2809634893420E-16
  0.8915700000000E+13   0.2771816222985E-16
  0.9139590000000E+13   0.2733738488903E-16
  0.9369100000000E+13   0.2690841894603E-16
  0.9604380000000E+13   0.2645775112739E-16
  0.9845560000000E+13   0.2598760980875E-16
  0.1009280000000E+14   0.2547600478208E-16
  0.1034620000000E+14   0.2494780316529E-16
  0.1060610000000E+14   0.2438467068493E-16
  0.1087240000000E+14   0.2384198315098E-16
  0.1114540000000E+14   0.2328120153290E-16
  0.1142530000000E+14   0.2272717050692E-16
  0.1171220000000E+14   0.2217821940759E-16
  0.1200630000000E+14   0.2162058748505E-16
  0.1230780000000E+14   0.2107173211179E-16
  0.1261690000000E+14   0.2051556313376E-16
  0.1293370000000E+14   0.2001170760220E-16
  0.1325850000000E+14   0.1950878794693E-16
  0.1359150000000E+14   0.1902820367953E-16
  0.1393280000000E+14   0.1856238396054E-16
  0.1428260000000E+14   0.1811117305964E-16
  0.1464130000000E+14   0.1771061880020E-16
  0.1500900000000E+14   0.1730235048105E-16
  0.1538590000000E+14   0.1680312893680E-16
  0.1577220000000E+14   0.1630022089243E-16
  0.1616830000000E+14   0.1553254159595E-16
  0.1657430000000E+14   0.1463413263863E-16
  0.1699050000000E+14   0.1367935309734E-16
  0.1741720000000E+14   0.1252835885081E-16
  0.1785460000000E+14   0.1144891144790E-16
  0.1830290000000E+14   0.1032520810461E-16
  0.1876260000000E+14   0.9273490736737E-17
  0.1923370000000E+14   0.8335898804234E-17
  0.1971670000000E+14   0.7485899827994E-17
  0.2021180000000E+14   0.6745982978578E-17
  0.2071940000000E+14   0.6160771187475E-17
  0.2123970000000E+14   0.5624905454681E-17
  0.2177310000000E+14   0.5533222174908E-17
  0.2231980000000E+14   0.5436541767733E-17
  0.2288030000000E+14   0.5471732039150E-17
  0.2345490000000E+14   0.5542207371491E-17
  0.2404390000000E+14   0.5628179744830E-17
  0.2464770000000E+14   0.5752789640920E-17
  0.2526660000000E+14   0.5847501474397E-17
  0.2590110000000E+14   0.5962303703197E-17
  0.2655150000000E+14   0.6045060539789E-17
  0.2721830000000E+14   0.6191580230304E-17
  0.2790180000000E+14   0.6335207820980E-17
  0.2860240000000E+14   0.6413832979430E-17
  0.2932070000000E+14   0.6423131640396E-17
  0.3005700000000E+14   0.6406367099754E-17
  0.3081180000000E+14   0.6259553864934E-17
  0.3158550000000E+14   0.6118002883760E-17
  0.3237870000000E+14   0.5496989896582E-17
  0.3319170000000E+14   0.4771223760636E-17
  0.3402530000000E+14   0.4102561039047E-17
  0.3487970000000E+14   0.3486554466574E-17
  0.3575560000000E+14   0.2911172306777E-17
  0.3665350000000E+14   0.2394200909591E-17
  0.3757390000000E+14   0.1894572323796E-17
  0.3851740000000E+14   0.1591631204838E-17
  0.3948470000000E+14   0.1343820979818E-17
  0.4047620000000E+14   0.1183708094154E-17
  0.4149260000000E+14   0.1128431404815E-17
  0.4253460000000E+14   0.1081333877776E-17
  0.4360270000000E+14   0.1068963644647E-17
  0.4469770000000E+14   0.1058435030392E-17
  0.4582010000000E+14   0.1049956809938E-17
  0.4697070000000E+14   0.1042971130940E-17
  0.4815020000000E+14   0.1036122757195E-17
  0.4935940000000E+14   0.1029258832932E-17
  0.5059890000000E+14   0.1023401698918E-17
  0.5186950000000E+14   0.1019026020413E-17
  0.5317200000000E+14   0.1015144316290E-17
  0.5450730000000E+14   0.1013232524072E-17
  0.6258450000000E+14   0.1015269246544E-17
  0.7185870000000E+14   0.1026048494323E-17
  0.8250720000000E+14   0.1026499294110E-17
  0.9473370000000E+14   0.1013174590883E-17
  0.1087720000000E+15   0.9922839818650E-18
  0.1248910000000E+15   0.9733741079765E-18
  0.1433980000000E+15   0.9647774556789E-18
  0.1646470000000E+15   0.9747475208594E-18
  0.1890460000000E+15   0.1011268887517E-17
  0.2170600000000E+15   0.1075858163152E-17
  0.2492250000000E+15   0.1169613360592E-17
  0.2861570000000E+15   0.1290655020332E-17
  0.3285620000000E+15   0.1432655705592E-17
  0.3772500000000E+15   0.1584421074367E-17
  0.4331540000000E+15   0.1728094529035E-17
  0.4973410000000E+15   0.1839686646194E-17
  0.5710410000000E+15   0.1892504826026E-17
  0.6556610000000E+15   0.1863149894841E-17
  0.7528220000000E+15   0.1738111561623E-17
  0.8643800000000E+15   0.1521270951931E-17
  0.9924690000000E+15   0.1235652633137E-17
  0.1139540000000E+16   0.9181041471178E-18
  0.1308400000000E+16   0.6167337807489E-18
  0.1502290000000E+16   0.3680390783718E-18
  0.1724910000000E+16   0.1914966309073E-18
  0.1980520000000E+16   0.8497562245107E-19
  0.2274010000000E+16   0.3145106796481E-19
  0.2610990000000E+16   0.9448042232673E-20
  0.2997900000000E+16   0.2233465601021E-20
