mstar = 2 Msun, Rstar = 2.5 Rsun, Tstar = 10000, mdisk = 0.00041946 Msun, Rc = 150 AU, Rin = 0.5 AU, Rout = 250 AU, inclination = 45 degree, powerlaw = -1 
         130
  
  0.2997900000000E+11   0.7265505017567E-24
  0.3951060000000E+11   0.1643248222960E-23
  0.5207280000000E+11   0.3721002266608E-23
  0.6862910000000E+11   0.8429224997509E-23
  0.9044930000000E+11   0.1908722655649E-22
  0.1192070000000E+12   0.4316802065602E-22
  0.1571080000000E+12   0.9741846130437E-22
  0.2070600000000E+12   0.2191230719521E-21
  0.2728930000000E+12   0.4905563222805E-21
  0.3596580000000E+12   0.1189728493634E-20
  0.4740100000000E+12   0.3455946743343E-20
  0.6247180000000E+12   0.9930781281116E-20
  0.8233440000000E+12   0.2807225679403E-19
  0.1085120000000E+13   0.7773716014646E-19
  0.1430130000000E+13   0.2090667649420E-18
  0.1884830000000E+13   0.5411791939982E-18
  0.2484100000000E+13   0.1330770527999E-17
  0.3273910000000E+13   0.3041442180543E-17
  0.4314820000000E+13   0.6310719006990E-17
  0.5686700000000E+13   0.1140821201810E-16
  0.7494750000000E+13   0.1698946817433E-16
  0.7682960000000E+13   0.1740898166835E-16
  0.7875890000000E+13   0.1779378747070E-16
  0.8073670000000E+13   0.1813733540400E-16
  0.8276410000000E+13   0.1843854933164E-16
  0.8484250000000E+13   0.1870115800779E-16
  0.8697300000000E+13   0.1896451313298E-16
  0.8915700000000E+13   0.1917610622142E-16
  0.9139590000000E+13   0.1939802708228E-16
  0.9369100000000E+13   0.1957586384143E-16
  0.9604380000000E+13   0.1973293665416E-16
  0.9845560000000E+13   0.1986589547990E-16
  0.1009280000000E+14   0.1994184893163E-16
  0.1034620000000E+14   0.1998319022061E-16
  0.1060610000000E+14   0.1996142477901E-16
  0.1087240000000E+14   0.1993764630986E-16
  0.1114540000000E+14   0.1985939809475E-16
  0.1142530000000E+14   0.1975227801380E-16
  0.1171220000000E+14   0.1960976965913E-16
  0.1200630000000E+14   0.1941233417572E-16
  0.1230780000000E+14   0.1917905470345E-16
  0.1261690000000E+14   0.1889077777074E-16
  0.1293370000000E+14   0.1861445538746E-16
  0.1325850000000E+14   0.1829260554015E-16
  0.1359150000000E+14   0.1795018139647E-16
  0.1393280000000E+14   0.1758131401427E-16
  0.1428260000000E+14   0.1718909072032E-16
  0.1464130000000E+14   0.1681052222773E-16
  0.1500900000000E+14   0.1639415676946E-16
  0.1538590000000E+14   0.1587461877803E-16
  0.1577220000000E+14   0.1533750107153E-16
  0.1616830000000E+14   0.1457239228132E-16
  0.1657430000000E+14   0.1370272294763E-16
  0.1699050000000E+14   0.1279368584198E-16
  0.1741720000000E+14   0.1173238209055E-16
  0.1785460000000E+14   0.1073698941360E-16
  0.1830290000000E+14   0.9710511167348E-17
  0.1876260000000E+14   0.8747038953372E-17
  0.1923370000000E+14   0.7882126490332E-17
  0.1971670000000E+14   0.7093690776964E-17
  0.2021180000000E+14   0.6402373131843E-17
  0.2071940000000E+14   0.5850458468332E-17
  0.2123970000000E+14   0.5344636379906E-17
  0.2177310000000E+14   0.5238951023402E-17
  0.2231980000000E+14   0.5120051195711E-17
  0.2288030000000E+14   0.5102360254659E-17
  0.2345490000000E+14   0.5102684794463E-17
  0.2404390000000E+14   0.5108958429661E-17
  0.2464770000000E+14   0.5142813085024E-17
  0.2526660000000E+14   0.5157258997624E-17
  0.2590110000000E+14   0.5193007007329E-17
  0.2655150000000E+14   0.5213522132667E-17
  0.2721830000000E+14   0.5291906940882E-17
  0.2790180000000E+14   0.5379202830149E-17
  0.2860240000000E+14   0.5426703056009E-17
  0.2932070000000E+14   0.5428143341302E-17
  0.3005700000000E+14   0.5415284683877E-17
  0.3081180000000E+14   0.5303386750660E-17
  0.3158550000000E+14   0.5198467200027E-17
  0.3237870000000E+14   0.4707491313382E-17
  0.3319170000000E+14   0.4130299241259E-17
  0.3402530000000E+14   0.3598126804229E-17
  0.3487970000000E+14   0.3107084940908E-17
  0.3575560000000E+14   0.2646963549561E-17
  0.3665350000000E+14   0.2230765308058E-17
  0.3757390000000E+14   0.1821011776274E-17
  0.3851740000000E+14   0.1560404105070E-17
  0.3948470000000E+14   0.1325593709171E-17
  0.4047620000000E+14   0.1148376294516E-17
  0.4149260000000E+14   0.1082759777464E-17
  0.4253460000000E+14   0.1023194279356E-17
  0.4360270000000E+14   0.1010747478077E-17
  0.4469770000000E+14   0.9997350004778E-18
  0.4582010000000E+14   0.9906277588852E-18
  0.4697070000000E+14   0.9827421098702E-18
  0.4815020000000E+14   0.9742149532824E-18
  0.4935940000000E+14   0.9649308204642E-18
  0.5059890000000E+14   0.9565303625370E-18
  0.5186950000000E+14   0.9498877459410E-18
  0.5317200000000E+14   0.9436074250642E-18
  0.5450730000000E+14   0.9400679306215E-18
  0.6258450000000E+14   0.9381348319973E-18
  0.7185870000000E+14   0.9518870085232E-18
  0.8250720000000E+14   0.9573613123938E-18
  0.9473370000000E+14   0.9514074889438E-18
  0.1087720000000E+15   0.9409118436536E-18
  0.1248910000000E+15   0.9344426452669E-18
  0.1433980000000E+15   0.9386958984247E-18
  0.1646470000000E+15   0.9601803853773E-18
  0.1890460000000E+15   0.1005388395412E-17
  0.2170600000000E+15   0.1075304437961E-17
  0.2492250000000E+15   0.1171552804081E-17
  0.2861570000000E+15   0.1293438613563E-17
  0.3285620000000E+15   0.1435449931516E-17
  0.3772500000000E+15   0.1586729825384E-17
  0.4331540000000E+15   0.1729782957640E-17
  0.4973410000000E+15   0.1841007625543E-17
  0.5710410000000E+15   0.1893843103231E-17
  0.6556610000000E+15   0.1864856237116E-17
  0.7528220000000E+15   0.1740569782689E-17
  0.8643800000000E+15   0.1524251386725E-17
  0.9924690000000E+15   0.1238386091065E-17
  0.1139540000000E+16   0.9209099511898E-18
  0.1308400000000E+16   0.6185014604124E-18
  0.1502290000000E+16   0.3689105577260E-18
  0.1724910000000E+16   0.1918364352860E-18
  0.1980520000000E+16   0.8513476647484E-19
  0.2274010000000E+16   0.3150860877679E-19
  0.2610990000000E+16   0.9465008298050E-20
  0.2997900000000E+16   0.2237419218692E-20
