mstar = 2 Msun, Rstar = 2.5 Rsun, Tstar = 10000, mdisk = 0.0020041 Msun, Rc = 150 AU, Rin = 0.5 AU, Rout = 250 AU, inclination = 45 degree, powerlaw = -1 
         130
  
  0.2997900000000E+11   0.2882751177034E-23
  0.3951060000000E+11   0.6561209341151E-23
  0.5207280000000E+11   0.1492500726579E-22
  0.6862910000000E+11   0.3391445256154E-22
  0.9044930000000E+11   0.7693844019637E-22
  0.1192070000000E+12   0.1741329838710E-21
  0.1571080000000E+12   0.3928362707769E-21
  0.2070600000000E+12   0.8823163097344E-21
  0.2728930000000E+12   0.1969916815469E-20
  0.3596580000000E+12   0.4758295873496E-20
  0.4740100000000E+12   0.1373955877757E-19
  0.6247180000000E+12   0.3912613410637E-19
  0.8233440000000E+12   0.1091687890939E-18
  0.1085120000000E+13   0.2967230766824E-18
  0.1430130000000E+13   0.7769186698563E-18
  0.1884830000000E+13   0.1934381604147E-17
  0.2484100000000E+13   0.4492108152178E-17
  0.3273910000000E+13   0.9428620252393E-17
  0.4314820000000E+13   0.1721367353611E-16
  0.5686700000000E+13   0.2574588392216E-16
  0.7494750000000E+13   0.2959906964149E-16
  0.7682960000000E+13   0.2955677580935E-16
  0.7875890000000E+13   0.2943877781327E-16
  0.8073670000000E+13   0.2924406591576E-16
  0.8276410000000E+13   0.2897815077313E-16
  0.8484250000000E+13   0.2865116901863E-16
  0.8697300000000E+13   0.2830635036604E-16
  0.8915700000000E+13   0.2789831714010E-16
  0.9139590000000E+13   0.2748948326914E-16
  0.9369100000000E+13   0.2703542305763E-16
  0.9604380000000E+13   0.2656248232245E-16
  0.9845560000000E+13   0.2607314276954E-16
  0.1009280000000E+14   0.2554587147510E-16
  0.1034620000000E+14   0.2500526437128E-16
  0.1060610000000E+14   0.2443309563101E-16
  0.1087240000000E+14   0.2388426213480E-16
  0.1114540000000E+14   0.2332030973666E-16
  0.1142530000000E+14   0.2276574478855E-16
  0.1171220000000E+14   0.2221862859179E-16
  0.1200630000000E+14   0.2166474340647E-16
  0.1230780000000E+14   0.2112119492748E-16
  0.1261690000000E+14   0.2057133235815E-16
  0.1293370000000E+14   0.2007498805007E-16
  0.1325850000000E+14   0.1957989727631E-16
  0.1359150000000E+14   0.1910731991863E-16
  0.1393280000000E+14   0.1864927389071E-16
  0.1428260000000E+14   0.1820535668421E-16
  0.1464130000000E+14   0.1781191266905E-16
  0.1500900000000E+14   0.1740957078632E-16
  0.1538590000000E+14   0.1691389293177E-16
  0.1577220000000E+14   0.1641340918307E-16
  0.1616830000000E+14   0.1564388436328E-16
  0.1657430000000E+14   0.1474134672382E-16
  0.1699050000000E+14   0.1378123037460E-16
  0.1741720000000E+14   0.1262215448089E-16
  0.1785460000000E+14   0.1153520684895E-16
  0.1830290000000E+14   0.1040322677075E-16
  0.1876260000000E+14   0.9343898341515E-17
  0.1923370000000E+14   0.8399717528436E-17
  0.1971670000000E+14   0.7543973732870E-17
  0.2021180000000E+14   0.6799385170623E-17
  0.2071940000000E+14   0.6210935315024E-17
  0.2123970000000E+14   0.5672154611773E-17
  0.2177310000000E+14   0.5581611429943E-17
  0.2231980000000E+14   0.5485593998348E-17
  0.2288030000000E+14   0.5522138977873E-17
  0.2345490000000E+14   0.5593687856975E-17
  0.2404390000000E+14   0.5680419338431E-17
  0.2464770000000E+14   0.5805617304479E-17
  0.2526660000000E+14   0.5900412258375E-17
  0.2590110000000E+14   0.6015266296965E-17
  0.2655150000000E+14   0.6097799843446E-17
  0.2721830000000E+14   0.6244513466899E-17
  0.2790180000000E+14   0.6388460968358E-17
  0.2860240000000E+14   0.6467228782332E-17
  0.2932070000000E+14   0.6476185662800E-17
  0.3005700000000E+14   0.6458878458356E-17
  0.3081180000000E+14   0.6310476108032E-17
  0.3158550000000E+14   0.6167347085994E-17
  0.3237870000000E+14   0.5540865187170E-17
  0.3319170000000E+14   0.4808634308514E-17
  0.3402530000000E+14   0.4134495135945E-17
  0.3487970000000E+14   0.3513530181198E-17
  0.3575560000000E+14   0.2933692022474E-17
  0.3665350000000E+14   0.2412877969448E-17
  0.3757390000000E+14   0.1910407140940E-17
  0.3851740000000E+14   0.1605798845201E-17
  0.3948470000000E+14   0.1356473457241E-17
  0.4047620000000E+14   0.1194891824051E-17
  0.4149260000000E+14   0.1138358374557E-17
  0.4253460000000E+14   0.1090027548552E-17
  0.4360270000000E+14   0.1076682771362E-17
  0.4469770000000E+14   0.1065243008913E-17
  0.4582010000000E+14   0.1055923155507E-17
  0.4697070000000E+14   0.1048165417694E-17
  0.4815020000000E+14   0.1040607644614E-17
  0.4935940000000E+14   0.1033097986252E-17
  0.5059890000000E+14   0.1026667897241E-17
  0.5186950000000E+14   0.1021796372283E-17
  0.5317200000000E+14   0.1017486763885E-17
  0.5450730000000E+14   0.1015225407346E-17
  0.6258450000000E+14   0.1016409682261E-17
  0.7185870000000E+14   0.1027512489374E-17
  0.8250720000000E+14   0.1028566704671E-17
  0.9473370000000E+14   0.1015582800574E-17
  0.1087720000000E+15   0.9945435640680E-18
  0.1248910000000E+15   0.9750742697932E-18
  0.1433980000000E+15   0.9657815833313E-18
  0.1646470000000E+15   0.9751856092973E-18
  0.1890460000000E+15   0.1011381784888E-17
  0.2170600000000E+15   0.1075815529719E-17
  0.2492250000000E+15   0.1169480328434E-17
  0.2861570000000E+15   0.1290468463802E-17
  0.3285620000000E+15   0.1432466510398E-17
  0.3772500000000E+15   0.1584263532202E-17
  0.4331540000000E+15   0.1727976236053E-17
  0.4973410000000E+15   0.1839597420218E-17
  0.5710410000000E+15   0.1892423002899E-17
  0.6556610000000E+15   0.1863051189602E-17
  0.7528220000000E+15   0.1737970946568E-17
  0.8643800000000E+15   0.1521100501382E-17
  0.9924690000000E+15   0.1235496291510E-17
  0.1139540000000E+16   0.9179437315709E-18
  0.1308400000000E+16   0.6166327068388E-18
  0.1502290000000E+16   0.3679892350479E-18
  0.1724910000000E+16   0.1914771900729E-18
  0.1980520000000E+16   0.8496651800092E-19
  0.2274010000000E+16   0.3144777604463E-19
  0.2610990000000E+16   0.9447071583706E-20
  0.2997900000000E+16   0.2233239406757E-20
