         130
  
  0.2997900000000E+11   0.2781555319396E-23
  0.3951060000000E+11   0.6330437728517E-23
  0.5207280000000E+11   0.1439938975775E-22
  0.6862910000000E+11   0.3271922137284E-22
  0.9044930000000E+11   0.7422637739608E-22
  0.1192070000000E+12   0.1679966498400E-21
  0.1571080000000E+12   0.3790044074614E-21
  0.2070600000000E+12   0.8512941553859E-21
  0.2728930000000E+12   0.1900804440647E-20
  0.3596580000000E+12   0.4591873343679E-20
  0.4740100000000E+12   0.1326122278166E-19
  0.6247180000000E+12   0.3777319812302E-19
  0.8233440000000E+12   0.1054313825921E-18
  0.1085120000000E+13   0.2867148703651E-18
  0.1430130000000E+13   0.7513002291646E-18
  0.1884830000000E+13   0.1872820552340E-17
  0.2484100000000E+13   0.4357133742281E-17
  0.3273910000000E+13   0.9171519770347E-17
  0.4314820000000E+13   0.1681905204150E-16
  0.5686700000000E+13   0.2532136459974E-16
  0.7494750000000E+13   0.2934655498094E-16
  0.7682960000000E+13   0.2932522771266E-16
  0.7875890000000E+13   0.2922798557333E-16
  0.8073670000000E+13   0.2905351516697E-16
  0.8276410000000E+13   0.2880708661942E-16
  0.8484250000000E+13   0.2849867796719E-16
  0.8697300000000E+13   0.2817170739282E-16
  0.8915700000000E+13   0.2778012247644E-16
  0.9139590000000E+13   0.2738674678099E-16
  0.9369100000000E+13   0.2694652194958E-16
  0.9604380000000E+13   0.2648588218456E-16
  0.9845560000000E+13   0.2600717214308E-16
  0.1009280000000E+14   0.2548861755935E-16
  0.1034620000000E+14   0.2495498828787E-16
  0.1060610000000E+14   0.2438801560315E-16
  0.1087240000000E+14   0.2384287589908E-16
  0.1114540000000E+14   0.2328107520091E-16
  0.1142530000000E+14   0.2272730990712E-16
  0.1171220000000E+14   0.2217980150652E-16
  0.1200630000000E+14   0.2162461127899E-16
  0.1230780000000E+14   0.2107905103235E-16
  0.1261690000000E+14   0.2052675754761E-16
  0.1293370000000E+14   0.2002747572766E-16
  0.1325850000000E+14   0.1952940037317E-16
  0.1359150000000E+14   0.1905388108040E-16
  0.1393280000000E+14   0.1859315443232E-16
  0.1428260000000E+14   0.1814695237238E-16
  0.1464130000000E+14   0.1775149163146E-16
  0.1500900000000E+14   0.1734786031857E-16
  0.1538590000000E+14   0.1685211438444E-16
  0.1577220000000E+14   0.1635219206492E-16
  0.1616830000000E+14   0.1558513847138E-16
  0.1657430000000E+14   0.1468600938320E-16
  0.1699050000000E+14   0.1372971152495E-16
  0.1741720000000E+14   0.1257536540521E-16
  0.1785460000000E+14   0.1149277236936E-16
  0.1830290000000E+14   0.1036519462098E-16
  0.1876260000000E+14   0.9309793602399E-17
  0.1923370000000E+14   0.8369041114288E-17
  0.1971670000000E+14   0.7516205779245E-17
  0.2021180000000E+14   0.6774002181917E-17
  0.2071940000000E+14   0.6187371628017E-17
  0.2123970000000E+14   0.5650184803854E-17
  0.2177310000000E+14   0.5560406949698E-17
  0.2231980000000E+14   0.5465345463870E-17
  0.2288030000000E+14   0.5502885654390E-17
  0.2345490000000E+14   0.5575677423485E-17
  0.2404390000000E+14   0.5663831723024E-17
  0.2464770000000E+14   0.5790616274436E-17
  0.2526660000000E+14   0.5887073756219E-17
  0.2590110000000E+14   0.6003524438703E-17
  0.2655150000000E+14   0.6087565468516E-17
  0.2721830000000E+14   0.6235558316729E-17
  0.2790180000000E+14   0.6380637593560E-17
  0.2860240000000E+14   0.6460216364416E-17
  0.2932070000000E+14   0.6469849380269E-17
  0.3005700000000E+14   0.6453067111334E-17
  0.3081180000000E+14   0.6305215981331E-17
  0.3158550000000E+14   0.6162536986461E-17
  0.3237870000000E+14   0.5537027847180E-17
  0.3319170000000E+14   0.4805888398714E-17
  0.3402530000000E+14   0.4132594027531E-17
  0.3487970000000E+14   0.3512196010158E-17
  0.3575560000000E+14   0.2932538383692E-17
  0.3665350000000E+14   0.2411613834903E-17
  0.3757390000000E+14   0.1908282261245E-17
  0.3851740000000E+14   0.1603107328454E-17
  0.3948470000000E+14   0.1353251544782E-17
  0.4047620000000E+14   0.1191586231453E-17
  0.4149260000000E+14   0.1135520045498E-17
  0.4253460000000E+14   0.1087660767190E-17
  0.4360270000000E+14   0.1074864965293E-17
  0.4469770000000E+14   0.1063933440127E-17
  0.4582010000000E+14   0.1055082628485E-17
  0.4697070000000E+14   0.1047752346743E-17
  0.4815020000000E+14   0.1040576305338E-17
  0.4935940000000E+14   0.1033402666787E-17
  0.5059890000000E+14   0.1027266309464E-17
  0.5186950000000E+14   0.1022649558118E-17
  0.5317200000000E+14   0.1018553339834E-17
  0.5450730000000E+14   0.1016472561364E-17
  0.6258450000000E+14   0.1018113635894E-17
  0.7185870000000E+14   0.1029094347490E-17
  0.8250720000000E+14   0.1029821284349E-17
  0.9473370000000E+14   0.1016565838581E-17
  0.1087720000000E+15   0.9954433342853E-18
  0.1248910000000E+15   0.9760302025607E-18
  0.1433980000000E+15   0.9667744514025E-18
  0.1646470000000E+15   0.9760784566394E-18
  0.1890460000000E+15   0.1012043594087E-17
  0.2170600000000E+15   0.1076222867679E-17
  0.2492250000000E+15   0.1169710359594E-17
  0.2861570000000E+15   0.1290608550510E-17
  0.3285620000000E+15   0.1432564085506E-17
  0.3772500000000E+15   0.1584339111063E-17
  0.4331540000000E+15   0.1728038556797E-17
  0.4973410000000E+15   0.1839650795633E-17
  0.5710410000000E+15   0.1892475499270E-17
  0.6556610000000E+15   0.1863115205186E-17
  0.7528220000000E+15   0.1738061776448E-17
  0.8643800000000E+15   0.1521210375956E-17
  0.9924690000000E+15   0.1235597036338E-17
  0.1139540000000E+16   0.9180470956857E-18
  0.1308400000000E+16   0.6166978338467E-18
  0.1502290000000E+16   0.3680213517611E-18
  0.1724910000000E+16   0.1914897169148E-18
  0.1980520000000E+16   0.8497238451318E-19
  0.2274010000000E+16   0.3144989721595E-19
  0.2610990000000E+16   0.9447697028233E-20
  0.2997900000000E+16   0.2233385156669E-20
