mstar = 2 Msun, Rstar = 2.5 Rsun, Tstar = 10000, mdisk = 0.0049519 Msun, Rc = 150 AU, Rin = 0.5 AU, Rout = 250 AU, inclination = 45 degree, powerlaw = -1 
         130
  
  0.2997900000000E+11   0.6495517603984E-23
  0.3951060000000E+11   0.1479765309397E-22
  0.5207280000000E+11   0.3367792932519E-22
  0.6862910000000E+11   0.7653722891854E-22
  0.9044930000000E+11   0.1735908237322E-21
  0.1192070000000E+12   0.3926347209862E-21
  0.1571080000000E+12   0.8848076820743E-21
  0.2070600000000E+12   0.1984069260607E-20
  0.2728930000000E+12   0.4419581507230E-20
  0.3596580000000E+12   0.1064076890916E-19
  0.4740100000000E+12   0.3057581354067E-19
  0.6247180000000E+12   0.8645306395497E-19
  0.8233440000000E+12   0.2387142366714E-18
  0.1085120000000E+13   0.6388367750824E-18
  0.1430130000000E+13   0.1633923782900E-17
  0.1884830000000E+13   0.3924260821128E-17
  0.2484100000000E+13   0.8616375711407E-17
  0.3273910000000E+13   0.1657843044794E-16
  0.4314820000000E+13   0.2653914178987E-16
  0.5686700000000E+13   0.3324429924332E-16
  0.7494750000000E+13   0.3215786406053E-16
  0.7682960000000E+13   0.3174304043468E-16
  0.7875890000000E+13   0.3128814372849E-16
  0.8073670000000E+13   0.3079513906697E-16
  0.8276410000000E+13   0.3027049021977E-16
  0.8484250000000E+13   0.2972392011354E-16
  0.8697300000000E+13   0.2919512915509E-16
  0.8915700000000E+13   0.2864367424442E-16
  0.9139590000000E+13   0.2812768978048E-16
  0.9369100000000E+13   0.2760449689577E-16
  0.9604380000000E+13   0.2709789400979E-16
  0.9845560000000E+13   0.2660830804722E-16
  0.1009280000000E+14   0.2610897906752E-16
  0.1034620000000E+14   0.2562136871037E-16
  0.1060610000000E+14   0.2511985437506E-16
  0.1087240000000E+14   0.2466195361745E-16
  0.1114540000000E+14   0.2419862519748E-16
  0.1142530000000E+14   0.2375360279319E-16
  0.1171220000000E+14   0.2331988571339E-16
  0.1200630000000E+14   0.2287571250541E-16
  0.1230780000000E+14   0.2243801548211E-16
  0.1261690000000E+14   0.2198323285688E-16
  0.1293370000000E+14   0.2158217467288E-16
  0.1325850000000E+14   0.2116895029462E-16
  0.1359150000000E+14   0.2076830255099E-16
  0.1393280000000E+14   0.2036975027186E-16
  0.1428260000000E+14   0.1997275021860E-16
  0.1464130000000E+14   0.1962092525066E-16
  0.1500900000000E+14   0.1924393480240E-16
  0.1538590000000E+14   0.1874431260295E-16
  0.1577220000000E+14   0.1822860460650E-16
  0.1616830000000E+14   0.1739131270395E-16
  0.1657430000000E+14   0.1639406110874E-16
  0.1699050000000E+14   0.1532566676970E-16
  0.1741720000000E+14   0.1402244105455E-16
  0.1785460000000E+14   0.1279917166065E-16
  0.1830290000000E+14   0.1151932180454E-16
  0.1876260000000E+14   0.1031991800625E-16
  0.1923370000000E+14   0.9251413739298E-17
  0.1971670000000E+14   0.8283100455690E-17
  0.2021180000000E+14   0.7442406153527E-17
  0.2071940000000E+14   0.6783390426161E-17
  0.2123970000000E+14   0.6180445101079E-17
  0.2177310000000E+14   0.6104077750283E-17
  0.2231980000000E+14   0.6015371368425E-17
  0.2288030000000E+14   0.6074815064030E-17
  0.2345490000000E+14   0.6167785469588E-17
  0.2404390000000E+14   0.6272130387284E-17
  0.2464770000000E+14   0.6415090779798E-17
  0.2526660000000E+14   0.6519712978722E-17
  0.2590110000000E+14   0.6643679168107E-17
  0.2655150000000E+14   0.6729106140493E-17
  0.2721830000000E+14   0.6883901164863E-17
  0.2790180000000E+14   0.7033720186539E-17
  0.2860240000000E+14   0.7109962999514E-17
  0.2932070000000E+14   0.7107887562472E-17
  0.3005700000000E+14   0.7076078563996E-17
  0.3081180000000E+14   0.6899546956125E-17
  0.3158550000000E+14   0.6728834455565E-17
  0.3237870000000E+14   0.6028114809691E-17
  0.3319170000000E+14   0.5213036374811E-17
  0.3402530000000E+14   0.4463817509506E-17
  0.3487970000000E+14   0.3774774278617E-17
  0.3575560000000E+14   0.3132985024788E-17
  0.3665350000000E+14   0.2558260354418E-17
  0.3757390000000E+14   0.2004720548309E-17
  0.3851740000000E+14   0.1668830206879E-17
  0.3948470000000E+14   0.1396534247631E-17
  0.4047620000000E+14   0.1222905237299E-17
  0.4149260000000E+14   0.1162904362750E-17
  0.4253460000000E+14   0.1112439740032E-17
  0.4360270000000E+14   0.1098605353676E-17
  0.4469770000000E+14   0.1086878027097E-17
  0.4582010000000E+14   0.1077464672473E-17
  0.4697070000000E+14   0.1069789576546E-17
  0.4815020000000E+14   0.1062492159770E-17
  0.4935940000000E+14   0.1055431553727E-17
  0.5059890000000E+14   0.1049612851204E-17
  0.5186950000000E+14   0.1045468941917E-17
  0.5317200000000E+14   0.1042009293035E-17
  0.5450730000000E+14   0.1040624149598E-17
  0.6258450000000E+14   0.1046960755559E-17
  0.7185870000000E+14   0.1062190824566E-17
  0.8250720000000E+14   0.1065687051339E-17
  0.9473370000000E+14   0.1052638933506E-17
  0.1087720000000E+15   0.1028426729341E-17
  0.1248910000000E+15   0.1002989493560E-17
  0.1433980000000E+15   0.9858978665372E-18
  0.1646470000000E+15   0.9869060714216E-18
  0.1890460000000E+15   0.1015349693063E-17
  0.2170600000000E+15   0.1073698519492E-17
  0.2492250000000E+15   0.1163795578173E-17
  0.2861570000000E+15   0.1283774235915E-17
  0.3285620000000E+15   0.1426524338495E-17
  0.3772500000000E+15   0.1579817667133E-17
  0.4331540000000E+15   0.1725026868098E-17
  0.4973410000000E+15   0.1837675956982E-17
  0.5710410000000E+15   0.1890843413496E-17
  0.6556610000000E+15   0.1861212570995E-17
  0.7528220000000E+15   0.1735367013352E-17
  0.8643800000000E+15   0.1517948386488E-17
  0.9924690000000E+15   0.1232606084817E-17
  0.1139540000000E+16   0.9149796958717E-18
  0.1308400000000E+16   0.6147649507419E-18
  0.1502290000000E+16   0.3670679193578E-18
  0.1724910000000E+16   0.1911177222934E-18
  0.1980520000000E+16   0.8479818278527E-19
  0.2274010000000E+16   0.3138690916593E-19
  0.2610990000000E+16   0.9429124159943E-20
  0.2997900000000E+16   0.2229056986271E-20
