         130
  
  0.2997900000000E+11   0.2235422218933E-23
  0.3951060000000E+11   0.5084985590251E-23
  0.5207280000000E+11   0.1156260617630E-22
  0.6862910000000E+11   0.2626827086635E-22
  0.9044930000000E+11   0.5958803781658E-22
  0.1192070000000E+12   0.1348737867894E-21
  0.1571080000000E+12   0.3043363141567E-21
  0.2070600000000E+12   0.6838101575388E-21
  0.2728930000000E+12   0.1527623132225E-20
  0.3596580000000E+12   0.3693061139549E-20
  0.4740100000000E+12   0.1067691798129E-19
  0.6247180000000E+12   0.3045979582443E-19
  0.8233440000000E+12   0.8521099549315E-19
  0.1085120000000E+13   0.2324886794741E-18
  0.1430130000000E+13   0.6121549058400E-18
  0.1884830000000E+13   0.1537013042534E-17
  0.2484100000000E+13   0.3615407898373E-17
  0.3273910000000E+13   0.7740515462033E-17
  0.4314820000000E+13   0.1457390496000E-16
  0.5686700000000E+13   0.2282195228531E-16
  0.7494750000000E+13   0.2782749497345E-16
  0.7682960000000E+13   0.2793774087412E-16
  0.7875890000000E+13   0.2797313973050E-16
  0.8073670000000E+13   0.2793044828487E-16
  0.8276410000000E+13   0.2781331082937E-16
  0.8484250000000E+13   0.2763046625332E-16
  0.8697300000000E+13   0.2742623515943E-16
  0.8915700000000E+13   0.2715030100775E-16
  0.9139590000000E+13   0.2686773508278E-16
  0.9369100000000E+13   0.2652922552141E-16
  0.9604380000000E+13   0.2616137689513E-16
  0.9845560000000E+13   0.2576533384058E-16
  0.1009280000000E+14   0.2531718946849E-16
  0.1034620000000E+14   0.2484226449452E-16
  0.1060610000000E+14   0.2432133665275E-16
  0.1087240000000E+14   0.2381115550073E-16
  0.1114540000000E+14   0.2327221728403E-16
  0.1142530000000E+14   0.2273017666234E-16
  0.1171220000000E+14   0.2218383021070E-16
  0.1200630000000E+14   0.2162044762665E-16
  0.1230780000000E+14   0.2105850222195E-16
  0.1261690000000E+14   0.2048357104624E-16
  0.1293370000000E+14   0.1995474848887E-16
  0.1325850000000E+14   0.1942334818026E-16
  0.1359150000000E+14   0.1891126771650E-16
  0.1393280000000E+14   0.1841247516023E-16
  0.1428260000000E+14   0.1792796902407E-16
  0.1464130000000E+14   0.1749284556552E-16
  0.1500900000000E+14   0.1705262800246E-16
  0.1538590000000E+14   0.1652920568581E-16
  0.1577220000000E+14   0.1600558681513E-16
  0.1616830000000E+14   0.1523440779965E-16
  0.1657430000000E+14   0.1434235967361E-16
  0.1699050000000E+14   0.1339972593275E-16
  0.1741720000000E+14   0.1227382918884E-16
  0.1785460000000E+14   0.1121855466335E-16
  0.1830290000000E+14   0.1012414298369E-16
  0.1876260000000E+14   0.9100604068086E-17
  0.1923370000000E+14   0.8187604736234E-17
  0.1971670000000E+14   0.7359821975999E-17
  0.2021180000000E+14   0.6638255450513E-17
  0.2071940000000E+14   0.6064742442883E-17
  0.2123970000000E+14   0.5539698291180E-17
  0.2177310000000E+14   0.5435777025724E-17
  0.2231980000000E+14   0.5328820384334E-17
  0.2288030000000E+14   0.5348439463677E-17
  0.2345490000000E+14   0.5403927733306E-17
  0.2404390000000E+14   0.5476878290149E-17
  0.2464770000000E+14   0.5589461877620E-17
  0.2526660000000E+14   0.5675932271558E-17
  0.2590110000000E+14   0.5783674412841E-17
  0.2655150000000E+14   0.5862243532468E-17
  0.2721830000000E+14   0.6003446925759E-17
  0.2790180000000E+14   0.6143159821460E-17
  0.2860240000000E+14   0.6221067492197E-17
  0.2932070000000E+14   0.6232401192388E-17
  0.3005700000000E+14   0.6218843840167E-17
  0.3081180000000E+14   0.6079566237690E-17
  0.3158550000000E+14   0.5945540913610E-17
  0.3237870000000E+14   0.5346568049520E-17
  0.3319170000000E+14   0.4645765615228E-17
  0.3402530000000E+14   0.4000581645454E-17
  0.3487970000000E+14   0.3406026082029E-17
  0.3575560000000E+14   0.2850831107998E-17
  0.3665350000000E+14   0.2352318104273E-17
  0.3757390000000E+14   0.1870020817256E-17
  0.3851740000000E+14   0.1576960109631E-17
  0.3948470000000E+14   0.1336161172847E-17
  0.4047620000000E+14   0.1179511068569E-17
  0.4149260000000E+14   0.1124805831638E-17
  0.4253460000000E+14   0.1077826203980E-17
  0.4360270000000E+14   0.1065289157198E-17
  0.4469770000000E+14   0.1054568797359E-17
  0.4582010000000E+14   0.1045879224147E-17
  0.4697070000000E+14   0.1038665172862E-17
  0.4815020000000E+14   0.1031562753060E-17
  0.4935940000000E+14   0.1024414283289E-17
  0.5059890000000E+14   0.1018256726018E-17
  0.5186950000000E+14   0.1013583447282E-17
  0.5317200000000E+14   0.1009395630392E-17
  0.5450730000000E+14   0.1007213433298E-17
  0.6258450000000E+14   0.1008241290303E-17
  0.7185870000000E+14   0.1019068237483E-17
  0.8250720000000E+14   0.1020344363994E-17
  0.9473370000000E+14   0.1008450662517E-17
  0.1087720000000E+15   0.9894502080653E-18
  0.1248910000000E+15   0.9725734347129E-18
  0.1433980000000E+15   0.9657462503365E-18
  0.1646470000000E+15   0.9768967722018E-18
  0.1890460000000E+15   0.1013918835229E-17
  0.2170600000000E+15   0.1078506759296E-17
  0.2492250000000E+15   0.1172020633761E-17
  0.2861570000000E+15   0.1292673656026E-17
  0.3285620000000E+15   0.1434133415535E-17
  0.3772500000000E+15   0.1585354818435E-17
  0.4331540000000E+15   0.1728645387978E-17
  0.4973410000000E+15   0.1840039561385E-17
  0.5710410000000E+15   0.1892802425634E-17
  0.6556610000000E+15   0.1863496061881E-17
  0.7528220000000E+15   0.1738597539708E-17
  0.8643800000000E+15   0.1521857428366E-17
  0.9924690000000E+15   0.1236190174361E-17
  0.1139540000000E+16   0.9186556932123E-18
  0.1308400000000E+16   0.6170812838125E-18
  0.1502290000000E+16   0.3682104341404E-18
  0.1724910000000E+16   0.1915634612835E-18
  0.1980520000000E+16   0.8500692056299E-19
  0.2274010000000E+16   0.3146238444399E-19
  0.2610990000000E+16   0.9451378972673E-20
  0.2997900000000E+16   0.2234243172550E-20
