mstar = 2 Msun, Rstar = 2.5 Rsun, Tstar = 10000, mdisk = 0.0017438 Msun, Rc = 150 AU, Rin = 0.5 AU, Rout = 250 AU, inclination = 45 degree, powerlaw = -1 
         130
  
  0.2997900000000E+11   0.2546402014550E-23
  0.3951060000000E+11   0.5794208532369E-23
  0.5207280000000E+11   0.1317812133762E-22
  0.6862910000000E+11   0.2994233720490E-22
  0.9044930000000E+11   0.6792611457391E-22
  0.1192070000000E+12   0.1537436621105E-21
  0.1571080000000E+12   0.3468829243157E-21
  0.2070600000000E+12   0.7792699788221E-21
  0.2728930000000E+12   0.1740399053231E-20
  0.3596580000000E+12   0.4205781636172E-20
  0.4740100000000E+12   0.1215210326126E-19
  0.6247180000000E+12   0.3463828859006E-19
  0.8233440000000E+12   0.9677845671161E-19
  0.1085120000000E+13   0.2635650517984E-18
  0.1430130000000E+13   0.6920984999696E-18
  0.1884830000000E+13   0.1730638233677E-17
  0.2484100000000E+13   0.4045308551655E-17
  0.3273910000000E+13   0.8576171670525E-17
  0.4314820000000E+13   0.1589975427037E-16
  0.5686700000000E+13   0.2432332384761E-16
  0.7494750000000E+13   0.2876172108303E-16
  0.7682960000000E+13   0.2879277918282E-16
  0.7875890000000E+13   0.2874781106667E-16
  0.8073670000000E+13   0.2862472980235E-16
  0.8276410000000E+13   0.2842817929393E-16
  0.8484250000000E+13   0.2816769853134E-16
  0.8697300000000E+13   0.2788722375026E-16
  0.8915700000000E+13   0.2753887691699E-16
  0.9139590000000E+13   0.2718656515319E-16
  0.9369100000000E+13   0.2678345865115E-16
  0.9604380000000E+13   0.2635616643210E-16
  0.9845560000000E+13   0.2590661856532E-16
  0.1009280000000E+14   0.2541226501616E-16
  0.1034620000000E+14   0.2489819710661E-16
  0.1060610000000E+14   0.2434586632963E-16
  0.1087240000000E+14   0.2381114584817E-16
  0.1114540000000E+14   0.2325523985354E-16
  0.1142530000000E+14   0.2270330250584E-16
  0.1171220000000E+14   0.2215386220342E-16
  0.1200630000000E+14   0.2159353126553E-16
  0.1230780000000E+14   0.2104010889088E-16
  0.1261690000000E+14   0.2047803629816E-16
  0.1293370000000E+14   0.1996679003190E-16
  0.1325850000000E+14   0.1945582482369E-16
  0.1359150000000E+14   0.1896666298572E-16
  0.1393280000000E+14   0.1849219418905E-16
  0.1428260000000E+14   0.1803257904411E-16
  0.1464130000000E+14   0.1762358494163E-16
  0.1500900000000E+14   0.1720789135010E-16
  0.1538590000000E+14   0.1670359251454E-16
  0.1577220000000E+14   0.1619672997587E-16
  0.1616830000000E+14   0.1542980448889E-16
  0.1657430000000E+14   0.1453479225152E-16
  0.1699050000000E+14   0.1358491774461E-16
  0.1741720000000E+14   0.1244215622766E-16
  0.1785460000000E+14   0.1137068271063E-16
  0.1830290000000E+14   0.1025620285285E-16
  0.1876260000000E+14   0.9213388150000E-17
  0.1923370000000E+14   0.8283605334056E-17
  0.1971670000000E+14   0.7440705641311E-17
  0.2021180000000E+14   0.6706833088375E-17
  0.2071940000000E+14   0.6125735638537E-17
  0.2123970000000E+14   0.5593620768769E-17
  0.2177310000000E+14   0.5499313319433E-17
  0.2231980000000E+14   0.5400585894785E-17
  0.2288030000000E+14   0.5432442239517E-17
  0.2345490000000E+14   0.5499983524076E-17
  0.2404390000000E+14   0.5583775565833E-17
  0.2464770000000E+14   0.5706664038698E-17
  0.2526660000000E+14   0.5800627108254E-17
  0.2590110000000E+14   0.5915103265383E-17
  0.2655150000000E+14   0.5998215428749E-17
  0.2721830000000E+14   0.6144934212461E-17
  0.2790180000000E+14   0.6289123842762E-17
  0.2860240000000E+14   0.6369126183933E-17
  0.2932070000000E+14   0.6380223970628E-17
  0.3005700000000E+14   0.6365385184420E-17
  0.3081180000000E+14   0.6221173469158E-17
  0.3158550000000E+14   0.6082150372455E-17
  0.3237870000000E+14   0.5465584553235E-17
  0.3319170000000E+14   0.4744166516655E-17
  0.3402530000000E+14   0.4079733497126E-17
  0.3487970000000E+14   0.3467467582773E-17
  0.3575560000000E+14   0.2895608048340E-17
  0.3665350000000E+14   0.2382352000089E-17
  0.3757390000000E+14   0.1886532972504E-17
  0.3851740000000E+14   0.1586264469337E-17
  0.3948470000000E+14   0.1340724653887E-17
  0.4047620000000E+14   0.1182119010462E-17
  0.4149260000000E+14   0.1127280240385E-17
  0.4253460000000E+14   0.1080444396956E-17
  0.4360270000000E+14   0.1068186989360E-17
  0.4469770000000E+14   0.1057753026014E-17
  0.4582010000000E+14   0.1049351386124E-17
  0.4697070000000E+14   0.1042425329542E-17
  0.4815020000000E+14   0.1035616998433E-17
  0.4935940000000E+14   0.1028770330275E-17
  0.5059890000000E+14   0.1022910465888E-17
  0.5186950000000E+14   0.1018519180519E-17
  0.5317200000000E+14   0.1014606014997E-17
  0.5450730000000E+14   0.1012661726673E-17
  0.6258450000000E+14   0.1014491212491E-17
  0.7185870000000E+14   0.1025192146044E-17
  0.8250720000000E+14   0.1025726365263E-17
  0.9473370000000E+14   0.1012696487516E-17
  0.1087720000000E+15   0.9923144738614E-18
  0.1248910000000E+15   0.9740118620966E-18
  0.1433980000000E+15   0.9659498323648E-18
  0.1646470000000E+15   0.9762560172318E-18
  0.1890460000000E+15   0.1012893563437E-17
  0.2170600000000E+15   0.1077434655195E-17
  0.2492250000000E+15   0.1171026223024E-17
  0.2861570000000E+15   0.1291798622963E-17
  0.3285620000000E+15   0.1433453321042E-17
  0.3772500000000E+15   0.1584898439392E-17
  0.4331540000000E+15   0.1728353144734E-17
  0.4973410000000E+15   0.1839828920934E-17
  0.5710410000000E+15   0.1892604422467E-17
  0.6556610000000E+15   0.1863253937456E-17
  0.7528220000000E+15   0.1738253304517E-17
  0.8643800000000E+15   0.1521441206775E-17
  0.9924690000000E+15   0.1235808601994E-17
  0.1139540000000E+16   0.9182641607162E-18
  0.1308400000000E+16   0.6168345985495E-18
  0.1502290000000E+16   0.3680887939194E-18
  0.1724910000000E+16   0.1915160212441E-18
  0.1980520000000E+16   0.8498470330323E-19
  0.2274010000000E+16   0.3145435134449E-19
  0.2610990000000E+16   0.9449010361537E-20
  0.2997900000000E+16   0.2233691207686E-20
