mstar = 2 Msun, Rstar = 2.5 Rsun, Tstar = 10000, mdisk = 0.00031072 Msun, Rc = 150 AU, Rin = 0.5 AU, Rout = 250 AU, inclination = 45 degree, powerlaw = -1 
         130
  
  0.2997900000000E+11   0.5634092883313E-24
  0.3951060000000E+11   0.1271015375737E-23
  0.5207280000000E+11   0.2872588212967E-23
  0.6862910000000E+11   0.6498173242735E-23
  0.9044930000000E+11   0.1470013988533E-22
  0.1192070000000E+12   0.3322557213138E-22
  0.1571080000000E+12   0.7495874341255E-22
  0.2070600000000E+12   0.1686053193587E-21
  0.2728930000000E+12   0.3775788783308E-21
  0.3596580000000E+12   0.9162470586809E-21
  0.4740100000000E+12   0.2663941592100E-20
  0.6247180000000E+12   0.7666675673411E-20
  0.8233440000000E+12   0.2172135510044E-19
  0.1085120000000E+13   0.6034423939955E-19
  0.1430130000000E+13   0.1630225111992E-18
  0.1884830000000E+13   0.4246530852187E-18
  0.2484100000000E+13   0.1053439122013E-17
  0.3273910000000E+13   0.2437243109146E-17
  0.4314820000000E+13   0.5143812423973E-17
  0.5686700000000E+13   0.9520407255777E-17
  0.7494750000000E+13   0.1464287855208E-16
  0.7682960000000E+13   0.1505548235011E-16
  0.7875890000000E+13   0.1544163875401E-16
  0.8073670000000E+13   0.1579525962492E-16
  0.8276410000000E+13   0.1611510479510E-16
  0.8484250000000E+13   0.1640430983966E-16
  0.8697300000000E+13   0.1669895170942E-16
  0.8915700000000E+13   0.1695066446777E-16
  0.9139590000000E+13   0.1721699691507E-16
  0.9369100000000E+13   0.1744734314928E-16
  0.9604380000000E+13   0.1766339024869E-16
  0.9845560000000E+13   0.1786195065386E-16
  0.1009280000000E+14   0.1801131192263E-16
  0.1034620000000E+14   0.1813232607031E-16
  0.1060610000000E+14   0.1819683631781E-16
  0.1087240000000E+14   0.1826369613248E-16
  0.1114540000000E+14   0.1828116060184E-16
  0.1142530000000E+14   0.1827368351683E-16
  0.1171220000000E+14   0.1823406811955E-16
  0.1200630000000E+14   0.1814168849863E-16
  0.1230780000000E+14   0.1801461904129E-16
  0.1261690000000E+14   0.1783215971341E-16
  0.1293370000000E+14   0.1766179926948E-16
  0.1325850000000E+14   0.1744361574027E-16
  0.1359150000000E+14   0.1720213151911E-16
  0.1393280000000E+14   0.1693006724080E-16
  0.1428260000000E+14   0.1662944103004E-16
  0.1464130000000E+14   0.1633799432854E-16
  0.1500900000000E+14   0.1600073491511E-16
  0.1538590000000E+14   0.1554830234592E-16
  0.1577220000000E+14   0.1507005953003E-16
  0.1616830000000E+14   0.1434686353375E-16
  0.1657430000000E+14   0.1350893654286E-16
  0.1699050000000E+14   0.1262502105585E-16
  0.1741720000000E+14   0.1157836690269E-16
  0.1785460000000E+14   0.1059591092510E-16
  0.1830290000000E+14   0.9576748482663E-17
  0.1876260000000E+14   0.8618781301740E-17
  0.1923370000000E+14   0.7759383764117E-17
  0.1971670000000E+14   0.6975780416526E-17
  0.2021180000000E+14   0.6289989354560E-17
  0.2071940000000E+14   0.5747067364018E-17
  0.2123970000000E+14   0.5249219485227E-17
  0.2177310000000E+14   0.5170072838722E-17
  0.2231980000000E+14   0.5073150997465E-17
  0.2288030000000E+14   0.5077063079682E-17
  0.2345490000000E+14   0.5092746455789E-17
  0.2404390000000E+14   0.5106884581002E-17
  0.2464770000000E+14   0.5140875580222E-17
  0.2526660000000E+14   0.5148905763388E-17
  0.2590110000000E+14   0.5172464682568E-17
  0.2655150000000E+14   0.5178070699931E-17
  0.2721830000000E+14   0.5236750725797E-17
  0.2790180000000E+14   0.5303514295603E-17
  0.2860240000000E+14   0.5334125500365E-17
  0.2932070000000E+14   0.5323545242109E-17
  0.3005700000000E+14   0.5301765518347E-17
  0.3081180000000E+14   0.5188572734976E-17
  0.3158550000000E+14   0.5083609687483E-17
  0.3237870000000E+14   0.4613493093743E-17
  0.3319170000000E+14   0.4061797650547E-17
  0.3402530000000E+14   0.3552850287434E-17
  0.3487970000000E+14   0.3082521642537E-17
  0.3575560000000E+14   0.2640410432029E-17
  0.3665350000000E+14   0.2237418584076E-17
  0.3757390000000E+14   0.1832692649795E-17
  0.3851740000000E+14   0.1564780742503E-17
  0.3948470000000E+14   0.1311259192729E-17
  0.4047620000000E+14   0.1114756530385E-17
  0.4149260000000E+14   0.1043422139868E-17
  0.4253460000000E+14   0.9787953695340E-18
  0.4360270000000E+14   0.9665393693254E-18
  0.4469770000000E+14   0.9556269734663E-18
  0.4582010000000E+14   0.9466242763943E-18
  0.4697070000000E+14   0.9388021979108E-18
  0.4815020000000E+14   0.9301244384175E-18
  0.4935940000000E+14   0.9204994846824E-18
  0.5059890000000E+14   0.9117799399863E-18
  0.5186950000000E+14   0.9049642487277E-18
  0.5317200000000E+14   0.8985204098201E-18
  0.5450730000000E+14   0.8951013629137E-18
  0.6258450000000E+14   0.8960562105386E-18
  0.7185870000000E+14   0.9158554994825E-18
  0.8250720000000E+14   0.9284527791720E-18
  0.9473370000000E+14   0.9297984472467E-18
  0.1087720000000E+15   0.9261871827804E-18
  0.1248910000000E+15   0.9253378546353E-18
  0.1433980000000E+15   0.9334096171544E-18
  0.1646470000000E+15   0.9570369396125E-18
  0.1890460000000E+15   0.1003352549099E-17
  0.2170600000000E+15   0.1074008416451E-17
  0.2492250000000E+15   0.1170812023215E-17
  0.2861570000000E+15   0.1292991361738E-17
  0.3285620000000E+15   0.1435135643236E-17
  0.3772500000000E+15   0.1586566649879E-17
  0.4331540000000E+15   0.1729777448798E-17
  0.4973410000000E+15   0.1841092249415E-17
  0.5710410000000E+15   0.1893983663152E-17
  0.6556610000000E+15   0.1865062202519E-17
  0.7528220000000E+15   0.1740876188994E-17
  0.8643800000000E+15   0.1524624804705E-17
  0.9924690000000E+15   0.1238728793048E-17
  0.1139540000000E+16   0.9212619118778E-18
  0.1308400000000E+16   0.6187231762352E-18
  0.1502290000000E+16   0.3690198347898E-18
  0.1724910000000E+16   0.1918790300532E-18
  0.1980520000000E+16   0.8515471641494E-19
  0.2274010000000E+16   0.3151582178944E-19
  0.2610990000000E+16   0.9467135034133E-20
  0.2997900000000E+16   0.2237914806829E-20
