mstar = 2 Msun, Rstar = 2.5 Rsun, Tstar = 10000, mdisk = 0.0047109 Msun, Rc = 150 AU, Rin = 0.5 AU, Rout = 250 AU, inclination = 45 degree, powerlaw = -1 
         130
  
  0.2997900000000E+11   0.6207635338589E-23
  0.3951060000000E+11   0.1414142446658E-22
  0.5207280000000E+11   0.3218408371383E-22
  0.6862910000000E+11   0.7314273959832E-22
  0.9044930000000E+11   0.1658958399824E-21
  0.1192070000000E+12   0.3752459944807E-21
  0.1571080000000E+12   0.8456776446986E-21
  0.2070600000000E+12   0.1896504150125E-20
  0.2728930000000E+12   0.4225081568760E-20
  0.3596580000000E+12   0.1017438940239E-19
  0.4740100000000E+12   0.2924425750738E-19
  0.6247180000000E+12   0.8272394516141E-19
  0.8233440000000E+12   0.2285664989842E-18
  0.1085120000000E+13   0.6122934639343E-18
  0.1430130000000E+13   0.1568483862137E-17
  0.1884830000000E+13   0.3776397760671E-17
  0.2484100000000E+13   0.8324339116863E-17
  0.3273910000000E+13   0.1611531836279E-16
  0.4314820000000E+13   0.2603433077283E-16
  0.5686700000000E+13   0.3298381589022E-16
  0.7494750000000E+13   0.3217529377425E-16
  0.7682960000000E+13   0.3177136410198E-16
  0.7875890000000E+13   0.3132444120376E-16
  0.8073670000000E+13   0.3083665329855E-16
  0.8276410000000E+13   0.3031469291046E-16
  0.8484250000000E+13   0.2976855518540E-16
  0.8697300000000E+13   0.2923813600734E-16
  0.8915700000000E+13   0.2868326330689E-16
  0.9139590000000E+13   0.2816216943221E-16
  0.9369100000000E+13   0.2763260244612E-16
  0.9604380000000E+13   0.2711855744527E-16
  0.9845560000000E+13   0.2662075510379E-16
  0.1009280000000E+14   0.2611292334858E-16
  0.1034620000000E+14   0.2561666234463E-16
  0.1060610000000E+14   0.2510675450036E-16
  0.1087240000000E+14   0.2464047792116E-16
  0.1114540000000E+14   0.2416931235715E-16
  0.1142530000000E+14   0.2371692139753E-16
  0.1171220000000E+14   0.2327645777269E-16
  0.1200630000000E+14   0.2282631712580E-16
  0.1230780000000E+14   0.2238328878002E-16
  0.1261690000000E+14   0.2192389053571E-16
  0.1293370000000E+14   0.2151856632777E-16
  0.1325850000000E+14   0.2110170210223E-16
  0.1359150000000E+14   0.2069786089428E-16
  0.1393280000000E+14   0.2029653272688E-16
  0.1428260000000E+14   0.1989709695104E-16
  0.1464130000000E+14   0.1954292535110E-16
  0.1500900000000E+14   0.1916389819995E-16
  0.1538590000000E+14   0.1866298549586E-16
  0.1577220000000E+14   0.1814624660610E-16
  0.1616830000000E+14   0.1730958717385E-16
  0.1657430000000E+14   0.1631397839728E-16
  0.1699050000000E+14   0.1524789872564E-16
  0.1741720000000E+14   0.1394849492205E-16
  0.1785460000000E+14   0.1272896412130E-16
  0.1830290000000E+14   0.1145363333478E-16
  0.1876260000000E+14   0.1025863934000E-16
  0.1923370000000E+14   0.9194150849677E-17
  0.1971670000000E+14   0.8229669312503E-17
  0.2021180000000E+14   0.7392290136485E-17
  0.2071940000000E+14   0.6735732801748E-17
  0.2123970000000E+14   0.6135076690154E-17
  0.2177310000000E+14   0.6057953544652E-17
  0.2231980000000E+14   0.5968636959923E-17
  0.2288030000000E+14   0.6026583387330E-17
  0.2345490000000E+14   0.6117812242127E-17
  0.2404390000000E+14   0.6220230296794E-17
  0.2464770000000E+14   0.6360998702219E-17
  0.2526660000000E+14   0.6463468893480E-17
  0.2590110000000E+14   0.6585183729247E-17
  0.2655150000000E+14   0.6668515828043E-17
  0.2721830000000E+14   0.6820603169466E-17
  0.2790180000000E+14   0.6967720491839E-17
  0.2860240000000E+14   0.7041699991419E-17
  0.2932070000000E+14   0.7038213487032E-17
  0.3005700000000E+14   0.7005356058293E-17
  0.3081180000000E+14   0.6829318899080E-17
  0.3158550000000E+14   0.6659180180459E-17
  0.3237870000000E+14   0.5965043169486E-17
  0.3319170000000E+14   0.5158205392057E-17
  0.3402530000000E+14   0.4416710806192E-17
  0.3487970000000E+14   0.3735020231907E-17
  0.3575560000000E+14   0.3100139110891E-17
  0.3665350000000E+14   0.2531342319646E-17
  0.3757390000000E+14   0.1983729267160E-17
  0.3851740000000E+14   0.1651870827681E-17
  0.3948470000000E+14   0.1382652393623E-17
  0.4047620000000E+14   0.1210550388039E-17
  0.4149260000000E+14   0.1151413972641E-17
  0.4253460000000E+14   0.1101679692972E-17
  0.4360270000000E+14   0.1088523367489E-17
  0.4469770000000E+14   0.1077441738805E-17
  0.4582010000000E+14   0.1068641611465E-17
  0.4697070000000E+14   0.1061544547666E-17
  0.4815020000000E+14   0.1054785889197E-17
  0.4935940000000E+14   0.1048223359994E-17
  0.5059890000000E+14   0.1042866866322E-17
  0.5186950000000E+14   0.1039154301760E-17
  0.5317200000000E+14   0.1036092559247E-17
  0.5450730000000E+14   0.1035084464741E-17
  0.6258450000000E+14   0.1043130323323E-17
  0.7185870000000E+14   0.1059638329205E-17
  0.8250720000000E+14   0.1064186284580E-17
  0.9473370000000E+14   0.1052133804003E-17
  0.1087720000000E+15   0.1028923094517E-17
  0.1248910000000E+15   0.1004416230616E-17
  0.1433980000000E+15   0.9880478259607E-18
  0.1646470000000E+15   0.9894767368638E-18
  0.1890460000000E+15   0.1018028427199E-17
  0.2170600000000E+15   0.1076196829433E-17
  0.2492250000000E+15   0.1165899021886E-17
  0.2861570000000E+15   0.1285375975389E-17
  0.3285620000000E+15   0.1427616731916E-17
  0.3772500000000E+15   0.1580470530731E-17
  0.4331540000000E+15   0.1725362799731E-17
  0.4973410000000E+15   0.1837837514982E-17
  0.5710410000000E+15   0.1890946669231E-17
  0.6556610000000E+15   0.1861324354864E-17
  0.7528220000000E+15   0.1735525436945E-17
  0.8643800000000E+15   0.1518140767534E-17
  0.9924690000000E+15   0.1232782568127E-17
  0.1139540000000E+16   0.9151606276579E-18
  0.1308400000000E+16   0.6148789748265E-18
  0.1502290000000E+16   0.3671241784408E-18
  0.1724910000000E+16   0.1911396792531E-18
  0.1980520000000E+16   0.8480846451059E-19
  0.2274010000000E+16   0.3139062692625E-19
  0.2610990000000E+16   0.9430220410355E-20
  0.2997900000000E+16   0.2229312456831E-20
