mstar = 2 Msun, Rstar = 2.5 Rsun, Tstar = 10000, mdisk = 0.0033925 Msun, Rc = 150 AU, Rin = 0.5 AU, Rout = 250 AU, inclination = 45 degree, powerlaw = -1 
         130
  
  0.2997900000000E+11   0.4627286521154E-23
  0.3951060000000E+11   0.1053889341804E-22
  0.5207280000000E+11   0.2398288503256E-22
  0.6862910000000E+11   0.5450594121169E-22
  0.9044930000000E+11   0.1236447624791E-21
  0.1192070000000E+12   0.2797595272555E-21
  0.1571080000000E+12   0.6307741933466E-21
  0.2070600000000E+12   0.1415505309959E-20
  0.2728930000000E+12   0.3156415365808E-20
  0.3596580000000E+12   0.7610845726482E-20
  0.4740100000000E+12   0.2191887429830E-19
  0.6247180000000E+12   0.6218069003699E-19
  0.8233440000000E+12   0.1725330948728E-18
  0.1085120000000E+13   0.4651178337167E-18
  0.1430130000000E+13   0.1202963108703E-17
  0.1884830000000E+13   0.2939575069991E-17
  0.2484100000000E+13   0.6631021135763E-17
  0.3273910000000E+13   0.1330246699990E-16
  0.4314820000000E+13   0.2265445009557E-16
  0.5686700000000E+13   0.3070496259099E-16
  0.7494750000000E+13   0.3166568313106E-16
  0.7682960000000E+13   0.3135585536968E-16
  0.7875890000000E+13   0.3098574088587E-16
  0.8073670000000E+13   0.3055755230847E-16
  0.8276410000000E+13   0.3007879325997E-16
  0.8484250000000E+13   0.2956059654945E-16
  0.8697300000000E+13   0.2904392730388E-16
  0.8915700000000E+13   0.2848940040463E-16
  0.9139590000000E+13   0.2795573016982E-16
  0.9369100000000E+13   0.2740280125590E-16
  0.9604380000000E+13   0.2685564959256E-16
  0.9845560000000E+13   0.2631669292974E-16
  0.1009280000000E+14   0.2576326040741E-16
  0.1034620000000E+14   0.2521784300223E-16
  0.1060610000000E+14   0.2465889750580E-16
  0.1087240000000E+14   0.2414140575186E-16
  0.1114540000000E+14   0.2362182310332E-16
  0.1142530000000E+14   0.2312334251315E-16
  0.1171220000000E+14   0.2264066026407E-16
  0.1200630000000E+14   0.2215448054433E-16
  0.1230780000000E+14   0.2168078448783E-16
  0.1261690000000E+14   0.2119784075940E-16
  0.1293370000000E+14   0.2077144611929E-16
  0.1325850000000E+14   0.2034011107535E-16
  0.1359150000000E+14   0.1992649975859E-16
  0.1393280000000E+14   0.1952030759965E-16
  0.1428260000000E+14   0.1912041101052E-16
  0.1464130000000E+14   0.1876748732177E-16
  0.1500900000000E+14   0.1839443662618E-16
  0.1538590000000E+14   0.1790779313955E-16
  0.1577220000000E+14   0.1740798676941E-16
  0.1616830000000E+14   0.1660339286911E-16
  0.1657430000000E+14   0.1564735254310E-16
  0.1699050000000E+14   0.1462434146347E-16
  0.1741720000000E+14   0.1337856351571E-16
  0.1785460000000E+14   0.1220980261167E-16
  0.1830290000000E+14   0.1098828952659E-16
  0.1876260000000E+14   0.9844483542268E-17
  0.1923370000000E+14   0.8825927432170E-17
  0.1971670000000E+14   0.7903362809499E-17
  0.2021180000000E+14   0.7102456125109E-17
  0.2071940000000E+14   0.6473819617725E-17
  0.2123970000000E+14   0.5898740609232E-17
  0.2177310000000E+14   0.5821119207799E-17
  0.2231980000000E+14   0.5733251319324E-17
  0.2288030000000E+14   0.5787165407227E-17
  0.2345490000000E+14   0.5874291517987E-17
  0.2404390000000E+14   0.5973369204769E-17
  0.2464770000000E+14   0.6110069806300E-17
  0.2526660000000E+14   0.6210827475927E-17
  0.2590110000000E+14   0.6330585541460E-17
  0.2655150000000E+14   0.6413827677849E-17
  0.2721830000000E+14   0.6563868611929E-17
  0.2790180000000E+14   0.6709474469779E-17
  0.2860240000000E+14   0.6784753834219E-17
  0.2932070000000E+14   0.6785402008783E-17
  0.3005700000000E+14   0.6757923140574E-17
  0.3081180000000E+14   0.6592219605839E-17
  0.3158550000000E+14   0.6432281496885E-17
  0.3237870000000E+14   0.5765502093621E-17
  0.3319170000000E+14   0.4989576051636E-17
  0.3402530000000E+14   0.4276512711059E-17
  0.3487970000000E+14   0.3621262249037E-17
  0.3575560000000E+14   0.3010930491860E-17
  0.3665350000000E+14   0.2464017977945E-17
  0.3757390000000E+14   0.1936660170380E-17
  0.3851740000000E+14   0.1618020777826E-17
  0.3948470000000E+14   0.1359361096365E-17
  0.4047620000000E+14   0.1193674731152E-17
  0.4149260000000E+14   0.1136862025465E-17
  0.4253460000000E+14   0.1088804530680E-17
  0.4360270000000E+14   0.1076378875928E-17
  0.4469770000000E+14   0.1065905870252E-17
  0.4582010000000E+14   0.1057596840006E-17
  0.4697070000000E+14   0.1050885901133E-17
  0.4815020000000E+14   0.1044413218669E-17
  0.4935940000000E+14   0.1038032699324E-17
  0.5059890000000E+14   0.1032764537744E-17
  0.5186950000000E+14   0.1029069710735E-17
  0.5317200000000E+14   0.1025955589893E-17
  0.5450730000000E+14   0.1024870710654E-17
  0.6258450000000E+14   0.1032243123501E-17
  0.7185870000000E+14   0.1048376249490E-17
  0.8250720000000E+14   0.1052942093651E-17
  0.9473370000000E+14   0.1041461499343E-17
  0.1087720000000E+15   0.1019595318979E-17
  0.1248910000000E+15   0.9971954301480E-18
  0.1433980000000E+15   0.9834950386883E-18
  0.1646470000000E+15   0.9878048818550E-18
  0.1890460000000E+15   0.1018972799052E-17
  0.2170600000000E+15   0.1079010245258E-17
  0.2492250000000E+15   0.1169533949683E-17
  0.2861570000000E+15   0.1288939330919E-17
  0.3285620000000E+15   0.1430584010492E-17
  0.3772500000000E+15   0.1582627460398E-17
  0.4331540000000E+15   0.1726736917914E-17
  0.4973410000000E+15   0.1838670362412E-17
  0.5710410000000E+15   0.1891578507124E-17
  0.6556610000000E+15   0.1862032400760E-17
  0.7528220000000E+15   0.1736520110946E-17
  0.8643800000000E+15   0.1519343494834E-17
  0.9924690000000E+15   0.1233885183133E-17
  0.1139540000000E+16   0.9162911456991E-18
  0.1308400000000E+16   0.6155913937355E-18
  0.1502290000000E+16   0.3674756421520E-18
  0.1724910000000E+16   0.1912768304609E-18
  0.1980520000000E+16   0.8487268941002E-19
  0.2274010000000E+16   0.3141384971757E-19
  0.2610990000000E+16   0.9437068025764E-20
  0.2997900000000E+16   0.2230908217841E-20
