mstar = 2 Msun, Rstar = 2.5 Rsun, Tstar = 10000, mdisk = 0.00032601 Msun, Rc = 150 AU, Rin = 0.5 AU, Rout = 250 AU, inclination = 45 degree, powerlaw = -1 
         130
  
  0.2997900000000E+11   0.5874366291768E-24
  0.3951060000000E+11   0.1325845829031E-23
  0.5207280000000E+11   0.2997585771700E-23
  0.6862910000000E+11   0.6782751409741E-23
  0.9044930000000E+11   0.1534688766780E-22
  0.1192070000000E+12   0.3469197117363E-22
  0.1571080000000E+12   0.7827332407566E-22
  0.2070600000000E+12   0.1760667388159E-21
  0.2728930000000E+12   0.3942836286696E-21
  0.3596580000000E+12   0.9567426471320E-21
  0.4740100000000E+12   0.2781448570161E-20
  0.6247180000000E+12   0.8003493102406E-20
  0.8233440000000E+12   0.2266960643883E-19
  0.1085120000000E+13   0.6295434493848E-19
  0.1430130000000E+13   0.1699812231877E-18
  0.1884830000000E+13   0.4424404201823E-18
  0.2484100000000E+13   0.1096381221439E-17
  0.3273910000000E+13   0.2532739195492E-17
  0.4314820000000E+13   0.5333897268709E-17
  0.5686700000000E+13   0.9842380358286E-17
  0.7494750000000E+13   0.1507409140062E-16
  0.7682960000000E+13   0.1549185940859E-16
  0.7875890000000E+13   0.1588189409032E-16
  0.8073670000000E+13   0.1623798843981E-16
  0.8276410000000E+13   0.1655890582871E-16
  0.8484250000000E+13   0.1684787818087E-16
  0.8697300000000E+13   0.1714171497601E-16
  0.8915700000000E+13   0.1739108165917E-16
  0.9139590000000E+13   0.1765460517618E-16
  0.9369100000000E+13   0.1788073754014E-16
  0.9604380000000E+13   0.1809155216640E-16
  0.9845560000000E+13   0.1828379715745E-16
  0.1009280000000E+14   0.1842533015360E-16
  0.1034620000000E+14   0.1853736516464E-16
  0.1060610000000E+14   0.1859146436063E-16
  0.1087240000000E+14   0.1864723768615E-16
  0.1114540000000E+14   0.1865242264611E-16
  0.1142530000000E+14   0.1863180217216E-16
  0.1171220000000E+14   0.1857819579046E-16
  0.1200630000000E+14   0.1847096011042E-16
  0.1230780000000E+14   0.1832842520996E-16
  0.1261690000000E+14   0.1812996404176E-16
  0.1293370000000E+14   0.1794345325518E-16
  0.1325850000000E+14   0.1770889294422E-16
  0.1359150000000E+14   0.1745103272866E-16
  0.1393280000000E+14   0.1716274550256E-16
  0.1428260000000E+14   0.1684624162858E-16
  0.1464130000000E+14   0.1653937257437E-16
  0.1500900000000E+14   0.1618736005338E-16
  0.1538590000000E+14   0.1572114897576E-16
  0.1577220000000E+14   0.1523007243386E-16
  0.1616830000000E+14   0.1449533978874E-16
  0.1657430000000E+14   0.1364686187172E-16
  0.1699050000000E+14   0.1275317529306E-16
  0.1741720000000E+14   0.1169752203974E-16
  0.1785460000000E+14   0.1070659095807E-16
  0.1830290000000E+14   0.9679535449600E-17
  0.1876260000000E+14   0.8714139570925E-17
  0.1923370000000E+14   0.7847688866224E-17
  0.1971670000000E+14   0.7057446939541E-17
  0.2021180000000E+14   0.6365466747702E-17
  0.2071940000000E+14   0.5816709088230E-17
  0.2123970000000E+14   0.5313415807680E-17
  0.2177310000000E+14   0.5228963843982E-17
  0.2231980000000E+14   0.5127159941777E-17
  0.2288030000000E+14   0.5126739402869E-17
  0.2345490000000E+14   0.5138978243993E-17
  0.2404390000000E+14   0.5150740031373E-17
  0.2464770000000E+14   0.5183570529491E-17
  0.2526660000000E+14   0.5191335299289E-17
  0.2590110000000E+14   0.5215748927004E-17
  0.2655150000000E+14   0.5222721712379E-17
  0.2721830000000E+14   0.5283966394371E-17
  0.2790180000000E+14   0.5353609887961E-17
  0.2860240000000E+14   0.5386423475636E-17
  0.2932070000000E+14   0.5377083265566E-17
  0.3005700000000E+14   0.5356020328523E-17
  0.3081180000000E+14   0.5241721343125E-17
  0.3158550000000E+14   0.5135463955022E-17
  0.3237870000000E+14   0.4658325701317E-17
  0.3319170000000E+14   0.4098421953191E-17
  0.3402530000000E+14   0.3581959615448E-17
  0.3487970000000E+14   0.3104928230231E-17
  0.3575560000000E+14   0.2656858337544E-17
  0.3665350000000E+14   0.2249204492186E-17
  0.3757390000000E+14   0.1841634378776E-17
  0.3851740000000E+14   0.1573845040275E-17
  0.3948470000000E+14   0.1322271803995E-17
  0.4047620000000E+14   0.1127657560322E-17
  0.4149260000000E+14   0.1056552946488E-17
  0.4253460000000E+14   0.9920785991023E-18
  0.4360270000000E+14   0.9794763914744E-18
  0.4469770000000E+14   0.9682404563248E-18
  0.4582010000000E+14   0.9589245433532E-18
  0.4697070000000E+14   0.9508017092318E-18
  0.4815020000000E+14   0.9418525513213E-18
  0.4935940000000E+14   0.9319822232440E-18
  0.5059890000000E+14   0.9230207969495E-18
  0.5186950000000E+14   0.9159522257281E-18
  0.5317200000000E+14   0.9092582259363E-18
  0.5450730000000E+14   0.9055604509458E-18
  0.6258450000000E+14   0.9047516334867E-18
  0.7185870000000E+14   0.9224953405060E-18
  0.8250720000000E+14   0.9331038416466E-18
  0.9473370000000E+14   0.9327438786617E-18
  0.1087720000000E+15   0.9278043079376E-18
  0.1248910000000E+15   0.9260795582895E-18
  0.1433980000000E+15   0.9337356570114E-18
  0.1646470000000E+15   0.9573048221058E-18
  0.1890460000000E+15   0.1003732769290E-17
  0.2170600000000E+15   0.1074487051798E-17
  0.2492250000000E+15   0.1171307298204E-17
  0.2861570000000E+15   0.1293449892603E-17
  0.3285620000000E+15   0.1435520018920E-17
  0.3772500000000E+15   0.1586837744661E-17
  0.4331540000000E+15   0.1729925420093E-17
  0.4973410000000E+15   0.1841149023100E-17
  0.5710410000000E+15   0.1893988903962E-17
  0.6556610000000E+15   0.1865039720758E-17
  0.7528220000000E+15   0.1740832778766E-17
  0.8643800000000E+15   0.1524569972165E-17
  0.9924690000000E+15   0.1238678278017E-17
  0.1139540000000E+16   0.9212100062781E-18
  0.1308400000000E+16   0.6186904777292E-18
  0.1502290000000E+16   0.3690037190642E-18
  0.1724910000000E+16   0.1918727485510E-18
  0.1980520000000E+16   0.8515177435748E-19
  0.2274010000000E+16   0.3151475807453E-19
  0.2610990000000E+16   0.9466821401409E-20
  0.2997900000000E+16   0.2237841721858E-20
