         130
  
  0.2997900000000E+11   0.5721521708244E-23
  0.3951060000000E+11   0.1303327239047E-22
  0.5207280000000E+11   0.2966131218470E-22
  0.6862910000000E+11   0.6740971526023E-22
  0.9044930000000E+11   0.1528981553905E-21
  0.1192070000000E+12   0.3458700928388E-21
  0.1571080000000E+12   0.7795593077275E-21
  0.2070600000000E+12   0.1748503680358E-20
  0.2728930000000E+12   0.3896216630275E-20
  0.3596580000000E+12   0.9385382935563E-20
  0.4740100000000E+12   0.2698947804292E-19
  0.6247180000000E+12   0.7640057594997E-19
  0.8233440000000E+12   0.2113214442367E-18
  0.1085120000000E+13   0.5670187469450E-18
  0.1430130000000E+13   0.1456151802971E-17
  0.1884830000000E+13   0.3519711056646E-17
  0.2484100000000E+13   0.7806512243444E-17
  0.3273910000000E+13   0.1525765823877E-16
  0.4314820000000E+13   0.2499666909736E-16
  0.5686700000000E+13   0.3222145576912E-16
  0.7494750000000E+13   0.3183232797195E-16
  0.7682960000000E+13   0.3144854572135E-16
  0.7875890000000E+13   0.3101773153049E-16
  0.8073670000000E+13   0.3054221817605E-16
  0.8276410000000E+13   0.3002903113915E-16
  0.8484250000000E+13   0.2948851745054E-16
  0.8697300000000E+13   0.2896062476240E-16
  0.8915700000000E+13   0.2840586663657E-16
  0.9139590000000E+13   0.2788218815069E-16
  0.9369100000000E+13   0.2734833385010E-16
  0.9604380000000E+13   0.2682839474485E-16
  0.9845560000000E+13   0.2632355665699E-16
  0.1009280000000E+14   0.2580863768274E-16
  0.1034620000000E+14   0.2530523392533E-16
  0.1060610000000E+14   0.2478910722467E-16
  0.1087240000000E+14   0.2431655565783E-16
  0.1114540000000E+14   0.2384043722019E-16
  0.1142530000000E+14   0.2338405138445E-16
  0.1171220000000E+14   0.2294083863881E-16
  0.1200630000000E+14   0.2248970964042E-16
  0.1230780000000E+14   0.2204705737325E-16
  0.1261690000000E+14   0.2158980468520E-16
  0.1293370000000E+14   0.2118688124910E-16
  0.1325850000000E+14   0.2077381048315E-16
  0.1359150000000E+14   0.2037453985524E-16
  0.1393280000000E+14   0.1997861929207E-16
  0.1428260000000E+14   0.1958526133981E-16
  0.1464130000000E+14   0.1923701174017E-16
  0.1500900000000E+14   0.1886475130455E-16
  0.1538590000000E+14   0.1837272177215E-16
  0.1577220000000E+14   0.1786521807264E-16
  0.1616830000000E+14   0.1704257163348E-16
  0.1657430000000E+14   0.1606325111731E-16
  0.1699050000000E+14   0.1501438033801E-16
  0.1741720000000E+14   0.1373558787154E-16
  0.1785460000000E+14   0.1253551851027E-16
  0.1830290000000E+14   0.1128041429150E-16
  0.1876260000000E+14   0.1010457837014E-16
  0.1923370000000E+14   0.9057304456875E-17
  0.1971670000000E+14   0.8108454350985E-17
  0.2021180000000E+14   0.7284790988249E-17
  0.2071940000000E+14   0.6638935978984E-17
  0.2123970000000E+14   0.6048098721420E-17
  0.2177310000000E+14   0.5971666138568E-17
  0.2231980000000E+14   0.5883506351113E-17
  0.2288030000000E+14   0.5940456360623E-17
  0.2345490000000E+14   0.6030450801392E-17
  0.2404390000000E+14   0.6131890435400E-17
  0.2464770000000E+14   0.6271248738410E-17
  0.2526660000000E+14   0.6373322987334E-17
  0.2590110000000E+14   0.6494584089833E-17
  0.2655150000000E+14   0.6578306911853E-17
  0.2721830000000E+14   0.6730221695732E-17
  0.2790180000000E+14   0.6877471873711E-17
  0.2860240000000E+14   0.6952585927581E-17
  0.2932070000000E+14   0.6951282860014E-17
  0.3005700000000E+14   0.6921083916453E-17
  0.3081180000000E+14   0.6749405043732E-17
  0.3158550000000E+14   0.6583604201945E-17
  0.3237870000000E+14   0.5899102116685E-17
  0.3319170000000E+14   0.5102815242584E-17
  0.3402530000000E+14   0.4370826931077E-17
  0.3487970000000E+14   0.3698253691606E-17
  0.3575560000000E+14   0.3072225957294E-17
  0.3665350000000E+14   0.2511632496105E-17
  0.3757390000000E+14   0.1971944927922E-17
  0.3851740000000E+14   0.1645326338718E-17
  0.3948470000000E+14   0.1381343507991E-17
  0.4047620000000E+14   0.1213144931875E-17
  0.4149260000000E+14   0.1155566730825E-17
  0.4253460000000E+14   0.1107147910700E-17
  0.4360270000000E+14   0.1094521499209E-17
  0.4469770000000E+14   0.1083915508607E-17
  0.4582010000000E+14   0.1075530962570E-17
  0.4697070000000E+14   0.1068797968377E-17
  0.4815020000000E+14   0.1062368672625E-17
  0.4935940000000E+14   0.1056097819983E-17
  0.5059890000000E+14   0.1050979412679E-17
  0.5186950000000E+14   0.1047449097128E-17
  0.5317200000000E+14   0.1044526245351E-17
  0.5450730000000E+14   0.1043606543199E-17
  0.6258450000000E+14   0.1051547883276E-17
  0.7185870000000E+14   0.1067259160176E-17
  0.8250720000000E+14   0.1070541371925E-17
  0.9473370000000E+14   0.1056955033490E-17
  0.1087720000000E+15   0.1032232876169E-17
  0.1248910000000E+15   0.1006543953419E-17
  0.1433980000000E+15   0.9895183685220E-18
  0.1646470000000E+15   0.9908141540306E-18
  0.1890460000000E+15   0.1019558020299E-17
  0.2170600000000E+15   0.1077939116810E-17
  0.2492250000000E+15   0.1167656473184E-17
  0.2861570000000E+15   0.1286926749001E-17
  0.3285620000000E+15   0.1428824747511E-17
  0.3772500000000E+15   0.1581296197191E-17
  0.4331540000000E+15   0.1725851676815E-17
  0.4973410000000E+15   0.1838103202892E-17
  0.5710410000000E+15   0.1891118147442E-17
  0.6556610000000E+15   0.1861494640016E-17
  0.7528220000000E+15   0.1735755082024E-17
  0.8643800000000E+15   0.1518416295395E-17
  0.9924690000000E+15   0.1233034909040E-17
  0.1139540000000E+16   0.9154192874191E-18
  0.1308400000000E+16   0.6150419774158E-18
  0.1502290000000E+16   0.3672046000634E-18
  0.1724910000000E+16   0.1911710649697E-18
  0.1980520000000E+16   0.8482316152736E-19
  0.2274010000000E+16   0.3139594118999E-19
  0.2610990000000E+16   0.9431787415171E-20
  0.2997900000000E+16   0.2229677631419E-20
