         130
  
  0.2997900000000E+11   0.6445694807085E-23
  0.3951060000000E+11   0.1468409045931E-22
  0.5207280000000E+11   0.3341944011374E-22
  0.6862910000000E+11   0.7594993757407E-22
  0.9044930000000E+11   0.1722597230572E-21
  0.1192070000000E+12   0.3896274506469E-21
  0.1571080000000E+12   0.8780422981004E-21
  0.2070600000000E+12   0.1968934904630E-20
  0.2728930000000E+12   0.4385979765901E-20
  0.3596580000000E+12   0.1056024539376E-19
  0.4740100000000E+12   0.3034611260361E-19
  0.6247180000000E+12   0.8581042901168E-19
  0.8233440000000E+12   0.2369675737565E-18
  0.1085120000000E+13   0.6342754216948E-18
  0.1430130000000E+13   0.1622695285833E-17
  0.1884830000000E+13   0.3898917642728E-17
  0.2484100000000E+13   0.8566225465348E-17
  0.3273910000000E+13   0.1649801217825E-16
  0.4314820000000E+13   0.2644756481534E-16
  0.5686700000000E+13   0.3318626410285E-16
  0.7494750000000E+13   0.3214238024016E-16
  0.7682960000000E+13   0.3172948089589E-16
  0.7875890000000E+13   0.3127607425468E-16
  0.8073670000000E+13   0.3078415103379E-16
  0.8276410000000E+13   0.3026020518903E-16
  0.8484250000000E+13   0.2971401119147E-16
  0.8697300000000E+13   0.2918533616820E-16
  0.8915700000000E+13   0.2863370985173E-16
  0.9139590000000E+13   0.2811734398214E-16
  0.9369100000000E+13   0.2759356032432E-16
  0.9604380000000E+13   0.2708619856914E-16
  0.9845560000000E+13   0.2659570987006E-16
  0.1009280000000E+14   0.2609537467195E-16
  0.1034620000000E+14   0.2560668289512E-16
  0.1060610000000E+14   0.2510405921386E-16
  0.1087240000000E+14   0.2464499683643E-16
  0.1114540000000E+14   0.2418049920698E-16
  0.1142530000000E+14   0.2373428983433E-16
  0.1171220000000E+14   0.2329940232072E-16
  0.1200630000000E+14   0.2285409134167E-16
  0.1230780000000E+14   0.2241525272645E-16
  0.1261690000000E+14   0.2195934169301E-16
  0.1293370000000E+14   0.2155710640939E-16
  0.1325850000000E+14   0.2114272636095E-16
  0.1359150000000E+14   0.2074089709803E-16
  0.1393280000000E+14   0.2034116836275E-16
  0.1428260000000E+14   0.1994296749451E-16
  0.1464130000000E+14   0.1958982411056E-16
  0.1500900000000E+14   0.1921153398321E-16
  0.1538590000000E+14   0.1871094750065E-16
  0.1577220000000E+14   0.1819437437961E-16
  0.1616830000000E+14   0.1735725286015E-16
  0.1657430000000E+14   0.1636085112659E-16
  0.1699050000000E+14   0.1529378315932E-16
  0.1741720000000E+14   0.1399296696552E-16
  0.1785460000000E+14   0.1277206496335E-16
  0.1830290000000E+14   0.1149509014561E-16
  0.1876260000000E+14   0.1029833451227E-16
  0.1923370000000E+14   0.9232096424914E-17
  0.1971670000000E+14   0.8265736408257E-17
  0.2021180000000E+14   0.7426686895306E-17
  0.2071940000000E+14   0.6768840536730E-17
  0.2123970000000E+14   0.6166969111965E-17
  0.2177310000000E+14   0.6089965060213E-17
  0.2231980000000E+14   0.6000671746489E-17
  0.2288030000000E+14   0.6059029233709E-17
  0.2345490000000E+14   0.6150777108614E-17
  0.2404390000000E+14   0.6253701780236E-17
  0.2464770000000E+14   0.6394823661215E-17
  0.2526660000000E+14   0.6497474564171E-17
  0.2590110000000E+14   0.6619147556871E-17
  0.2655150000000E+14   0.6702333147202E-17
  0.2721830000000E+14   0.6854379189708E-17
  0.2790180000000E+14   0.7001350154074E-17
  0.2860240000000E+14   0.7075007100743E-17
  0.2932070000000E+14   0.7070963929941E-17
  0.3005700000000E+14   0.7037439693164E-17
  0.3081180000000E+14   0.6860616682425E-17
  0.3158550000000E+14   0.6689708888209E-17
  0.3237870000000E+14   0.5994021183063E-17
  0.3319170000000E+14   0.5185400592211E-17
  0.3402530000000E+14   0.4442031676392E-17
  0.3487970000000E+14   0.3758419324882E-17
  0.3575560000000E+14   0.3120990929837E-17
  0.3665350000000E+14   0.2549779018006E-17
  0.3757390000000E+14   0.1999686236062E-17
  0.3851740000000E+14   0.1665585697911E-17
  0.3948470000000E+14   0.1394608189850E-17
  0.4047620000000E+14   0.1221369122404E-17
  0.4149260000000E+14   0.1161527858887E-17
  0.4253460000000E+14   0.1111141800615E-17
  0.4360270000000E+14   0.1097515833162E-17
  0.4469770000000E+14   0.1085995613859E-17
  0.4582010000000E+14   0.1076790152671E-17
  0.4697070000000E+14   0.1069318304718E-17
  0.4815020000000E+14   0.1062210752493E-17
  0.4935940000000E+14   0.1055325829372E-17
  0.5059890000000E+14   0.1049676362790E-17
  0.5186950000000E+14   0.1045701113444E-17
  0.5317200000000E+14   0.1042403051279E-17
  0.5450730000000E+14   0.1041187064200E-17
  0.6258450000000E+14   0.1048413358653E-17
  0.7185870000000E+14   0.1064312160581E-17
  0.8250720000000E+14   0.1068109498295E-17
  0.9473370000000E+14   0.1055040086453E-17
  0.1087720000000E+15   0.1030611749800E-17
  0.1248910000000E+15   0.1004902796355E-17
  0.1433980000000E+15   0.9875859913989E-18
  0.1646470000000E+15   0.9884512735456E-18
  0.1890460000000E+15   0.1016805344376E-17
  0.2170600000000E+15   0.1075046757783E-17
  0.2492250000000E+15   0.1164975406076E-17
  0.2861570000000E+15   0.1284722435046E-17
  0.3285620000000E+15   0.1427201403578E-17
  0.3772500000000E+15   0.1580229934235E-17
  0.4331540000000E+15   0.1725232801429E-17
  0.4973410000000E+15   0.1837759240982E-17
  0.5710410000000E+15   0.1890872417102E-17
  0.6556610000000E+15   0.1861224256091E-17
  0.7528220000000E+15   0.1735376051527E-17
  0.8643800000000E+15   0.1517958079591E-17
  0.9924690000000E+15   0.1232614860951E-17
  0.1139540000000E+16   0.9149886793891E-18
  0.1308400000000E+16   0.6147706115707E-18
  0.1502290000000E+16   0.3670707124098E-18
  0.1724910000000E+16   0.1911188123926E-18
  0.1980520000000E+16   0.8479869324145E-19
  0.2274010000000E+16   0.3138709374159E-19
  0.2610990000000E+16   0.9429178585548E-20
  0.2997900000000E+16   0.2229069669642E-20
