mstar = 2 Msun, Rstar = 2.5 Rsun, Tstar = 10000, mdisk = 0.0091479 Msun, Rc = 150 AU, Rin = 0.5 AU, Rout = 250 AU, inclination = 45 degree, powerlaw = -1 
         130
  
  0.2997900000000E+11   0.1127842020037E-22
  0.3951060000000E+11   0.2569760071465E-22
  0.5207280000000E+11   0.5848257246023E-22
  0.6862910000000E+11   0.1328768626677E-21
  0.9044930000000E+11   0.3012343058000E-21
  0.1192070000000E+12   0.6808580128069E-21
  0.1571080000000E+12   0.1532747124299E-20
  0.2070600000000E+12   0.3432089557307E-20
  0.2728930000000E+12   0.7630222912185E-20
  0.3596580000000E+12   0.1831976481752E-19
  0.4740100000000E+12   0.5240939329653E-19
  0.6247180000000E+12   0.1472140851724E-18
  0.8233440000000E+12   0.4024519754062E-18
  0.1085120000000E+13   0.1060609670542E-17
  0.1430130000000E+13   0.2648528550695E-17
  0.1884830000000E+13   0.6126324624248E-17
  0.2484100000000E+13   0.1268381067670E-16
  0.3273910000000E+13   0.2234044205775E-16
  0.4314820000000E+13   0.3170970670313E-16
  0.5686700000000E+13   0.3517676894221E-16
  0.7494750000000E+13   0.3250724276123E-16
  0.7682960000000E+13   0.3212350676962E-16
  0.7875890000000E+13   0.3171945636902E-16
  0.8073670000000E+13   0.3129274712228E-16
  0.8276410000000E+13   0.3084588235526E-16
  0.8484250000000E+13   0.3038540277478E-16
  0.8697300000000E+13   0.2995244825867E-16
  0.8915700000000E+13   0.2949775445461E-16
  0.9139590000000E+13   0.2908435988957E-16
  0.9369100000000E+13   0.2866044451594E-16
  0.9604380000000E+13   0.2825057072704E-16
  0.9845560000000E+13   0.2785290486248E-16
  0.1009280000000E+14   0.2743508397411E-16
  0.1034620000000E+14   0.2702042395740E-16
  0.1060610000000E+14   0.2657931737493E-16
  0.1087240000000E+14   0.2617620828263E-16
  0.1114540000000E+14   0.2575589769272E-16
  0.1142530000000E+14   0.2534531717398E-16
  0.1171220000000E+14   0.2493713746051E-16
  0.1200630000000E+14   0.2450817567539E-16
  0.1230780000000E+14   0.2407801609469E-16
  0.1261690000000E+14   0.2362186073247E-16
  0.1293370000000E+14   0.2321783337146E-16
  0.1325850000000E+14   0.2279486624871E-16
  0.1359150000000E+14   0.2238063672812E-16
  0.1393280000000E+14   0.2196452433320E-16
  0.1428260000000E+14   0.2154656740159E-16
  0.1464130000000E+14   0.2117428444918E-16
  0.1500900000000E+14   0.2077236612619E-16
  0.1538590000000E+14   0.2023661459678E-16
  0.1577220000000E+14   0.1968203515784E-16
  0.1616830000000E+14   0.1878106013559E-16
  0.1657430000000E+14   0.1770749686318E-16
  0.1699050000000E+14   0.1655676124238E-16
  0.1741720000000E+14   0.1515301784255E-16
  0.1785460000000E+14   0.1383435735038E-16
  0.1830290000000E+14   0.1245407432767E-16
  0.1876260000000E+14   0.1115956181117E-16
  0.1923370000000E+14   0.1000517288248E-16
  0.1971670000000E+14   0.8958152593038E-17
  0.2021180000000E+14   0.8048196612815E-17
  0.2071940000000E+14   0.7333939145057E-17
  0.2123970000000E+14   0.6679801145331E-17
  0.2177310000000E+14   0.6594612648225E-17
  0.2231980000000E+14   0.6495075549400E-17
  0.2288030000000E+14   0.6554103241141E-17
  0.2345490000000E+14   0.6648068112817E-17
  0.2404390000000E+14   0.6753362586019E-17
  0.2464770000000E+14   0.6899179535632E-17
  0.2526660000000E+14   0.7003249510449E-17
  0.2590110000000E+14   0.7127571806829E-17
  0.2655150000000E+14   0.7210245734241E-17
  0.2721830000000E+14   0.7366410345686E-17
  0.2790180000000E+14   0.7516271151457E-17
  0.2860240000000E+14   0.7586956834694E-17
  0.2932070000000E+14   0.7573985220894E-17
  0.3005700000000E+14   0.7529236225631E-17
  0.3081180000000E+14   0.7331584309296E-17
  0.3158550000000E+14   0.7140281532597E-17
  0.3237870000000E+14   0.6390466421431E-17
  0.3319170000000E+14   0.5519769760665E-17
  0.3402530000000E+14   0.4717992133130E-17
  0.3487970000000E+14   0.3980758139300E-17
  0.3575560000000E+14   0.3294243362465E-17
  0.3665350000000E+14   0.2679112460292E-17
  0.3757390000000E+14   0.2087865272518E-17
  0.3851740000000E+14   0.1729373345420E-17
  0.3948470000000E+14   0.1439376595130E-17
  0.4047620000000E+14   0.1254400553361E-17
  0.4149260000000E+14   0.1189701730152E-17
  0.4253460000000E+14   0.1135599502227E-17
  0.4360270000000E+14   0.1119787024618E-17
  0.4469770000000E+14   0.1106405090864E-17
  0.4582010000000E+14   0.1095650116175E-17
  0.4697070000000E+14   0.1086913847230E-17
  0.4815020000000E+14   0.1078808795749E-17
  0.4935940000000E+14   0.1071190572651E-17
  0.5059890000000E+14   0.1065054776161E-17
  0.5186950000000E+14   0.1060804239460E-17
  0.5317200000000E+14   0.1057429456605E-17
  0.5450730000000E+14   0.1056273338969E-17
  0.6258450000000E+14   0.1065681435797E-17
  0.7185870000000E+14   0.1085088960160E-17
  0.8250720000000E+14   0.1092304483197E-17
  0.9473370000000E+14   0.1081194959694E-17
  0.1087720000000E+15   0.1056147816056E-17
  0.1248910000000E+15   0.1026835648094E-17
  0.1433980000000E+15   0.1003335099044E-17
  0.1646470000000E+15   0.9966545107023E-18
  0.1890460000000E+15   0.1017826302175E-17
  0.2170600000000E+15   0.1070701421239E-17
  0.2492250000000E+15   0.1157768328616E-17
  0.2861570000000E+15   0.1276925480448E-17
  0.3285620000000E+15   0.1420509568079E-17
  0.3772500000000E+15   0.1575553522280E-17
  0.4331540000000E+15   0.1722495902423E-17
  0.4973410000000E+15   0.1836165802453E-17
  0.5710410000000E+15   0.1889551770281E-17
  0.6556610000000E+15   0.1859601723641E-17
  0.7528220000000E+15   0.1733028639954E-17
  0.8643800000000E+15   0.1515107147393E-17
  0.9924690000000E+15   0.1230000434923E-17
  0.1139540000000E+16   0.9123096267064E-18
  0.1308400000000E+16   0.6130821075629E-18
  0.1502290000000E+16   0.3662373999283E-18
  0.1724910000000E+16   0.1907934866337E-18
  0.1980520000000E+16   0.8464636146124E-19
  0.2274010000000E+16   0.3133201101002E-19
  0.2610990000000E+16   0.9412936143775E-20
  0.2997900000000E+16   0.2225284476439E-20
