mstar = 2 Msun, Rstar = 2.5 Rsun, Tstar = 10000, mdisk = 0.0056614 Msun, Rc = 150 AU, Rin = 0.5 AU, Rout = 250 AU, inclination = 45 degree, powerlaw = -1 
         130
  
  0.2997900000000E+11   0.7326534970477E-23
  0.3951060000000E+11   0.1669178791086E-22
  0.5207280000000E+11   0.3798923836193E-22
  0.6862910000000E+11   0.8633232682772E-22
  0.9044930000000E+11   0.1957906870389E-21
  0.1192070000000E+12   0.4427867712455E-21
  0.1571080000000E+12   0.9976235250014E-21
  0.2070600000000E+12   0.2236404251900E-20
  0.2728930000000E+12   0.4979704774157E-20
  0.3596580000000E+12   0.1198264652607E-19
  0.4740100000000E+12   0.3440191325101E-19
  0.6247180000000E+12   0.9714683795156E-19
  0.8233440000000E+12   0.2677287543198E-18
  0.1085120000000E+13   0.7144010865131E-18
  0.1430130000000E+13   0.1818993087643E-17
  0.1884830000000E+13   0.4338129134969E-17
  0.2484100000000E+13   0.9420490478951E-17
  0.3273910000000E+13   0.1782095476988E-16
  0.4314820000000E+13   0.2784235828323E-16
  0.5686700000000E+13   0.3390626789219E-16
  0.7494750000000E+13   0.3225278979010E-16
  0.7682960000000E+13   0.3182679714665E-16
  0.7875890000000E+13   0.3136747940884E-16
  0.8073670000000E+13   0.3087608596670E-16
  0.8276410000000E+13   0.3035827684515E-16
  0.8484250000000E+13   0.2982303208665E-16
  0.8697300000000E+13   0.2931020321235E-16
  0.8915700000000E+13   0.2877749995813E-16
  0.9139590000000E+13   0.2828393987254E-16
  0.9369100000000E+13   0.2778464972971E-16
  0.9604380000000E+13   0.2730336714083E-16
  0.9845560000000E+13   0.2683972665226E-16
  0.1009280000000E+14   0.2636520762540E-16
  0.1034620000000E+14   0.2590142219736E-16
  0.1060610000000E+14   0.2542131473693E-16
  0.1087240000000E+14   0.2498405682559E-16
  0.1114540000000E+14   0.2453854843551E-16
  0.1142530000000E+14   0.2410916785816E-16
  0.1171220000000E+14   0.2368861679304E-16
  0.1200630000000E+14   0.2325449615573E-16
  0.1230780000000E+14   0.2282435497823E-16
  0.1261690000000E+14   0.2237415479161E-16
  0.1293370000000E+14   0.2197674893498E-16
  0.1325850000000E+14   0.2156467962268E-16
  0.1359150000000E+14   0.2116349792408E-16
  0.1393280000000E+14   0.2076271496953E-16
  0.1428260000000E+14   0.2036192416027E-16
  0.1464130000000E+14   0.2000576009172E-16
  0.1500900000000E+14   0.1962265814632E-16
  0.1538590000000E+14   0.1911367522148E-16
  0.1577220000000E+14   0.1858754933528E-16
  0.1616830000000E+14   0.1773377108828E-16
  0.1657430000000E+14   0.1671704509870E-16
  0.1699050000000E+14   0.1562783414552E-16
  0.1741720000000E+14   0.1429973200537E-16
  0.1785460000000E+14   0.1305268518560E-16
  0.1830290000000E+14   0.1174792318125E-16
  0.1876260000000E+14   0.1052476748625E-16
  0.1923370000000E+14   0.9434613492636E-17
  0.1971670000000E+14   0.8446330213817E-17
  0.2021180000000E+14   0.7587955502546E-17
  0.2071940000000E+14   0.6914750296543E-17
  0.2123970000000E+14   0.6298705364261E-17
  0.2177310000000E+14   0.6219688296546E-17
  0.2231980000000E+14   0.6127576104478E-17
  0.2288030000000E+14   0.6185661564196E-17
  0.2345490000000E+14   0.6277124807068E-17
  0.2404390000000E+14   0.6379469980583E-17
  0.2464770000000E+14   0.6520445106852E-17
  0.2526660000000E+14   0.6622106427023E-17
  0.2590110000000E+14   0.6743014654496E-17
  0.2655150000000E+14   0.6824585036552E-17
  0.2721830000000E+14   0.6975948520118E-17
  0.2790180000000E+14   0.7122139891300E-17
  0.2860240000000E+14   0.7193758454570E-17
  0.2932070000000E+14   0.7186581552948E-17
  0.3005700000000E+14   0.7149563900616E-17
  0.3081180000000E+14   0.6967262631164E-17
  0.3158550000000E+14   0.6791082553655E-17
  0.3237870000000E+14   0.6083258341475E-17
  0.3319170000000E+14   0.5260826912527E-17
  0.3402530000000E+14   0.4504586613328E-17
  0.3487970000000E+14   0.3808878466359E-17
  0.3575560000000E+14   0.3160820403640E-17
  0.3665350000000E+14   0.2580035620163E-17
  0.3757390000000E+14   0.2020469612219E-17
  0.3851740000000E+14   0.1680970330612E-17
  0.3948470000000E+14   0.1405635367698E-17
  0.4047620000000E+14   0.1229505348873E-17
  0.4149260000000E+14   0.1168381447616E-17
  0.4253460000000E+14   0.1117002269014E-17
  0.4360270000000E+14   0.1102646519020E-17
  0.4469770000000E+14   0.1090477509338E-17
  0.4582010000000E+14   0.1080704679385E-17
  0.4697070000000E+14   0.1072744300981E-17
  0.4815020000000E+14   0.1065229105433E-17
  0.4935940000000E+14   0.1058018771277E-17
  0.5059890000000E+14   0.1052118879342E-17
  0.5186950000000E+14   0.1047957757271E-17
  0.5317200000000E+14   0.1044538364859E-17
  0.5450730000000E+14   0.1043244066367E-17
  0.6258450000000E+14   0.1050721831278E-17
  0.7185870000000E+14   0.1067537276878E-17
  0.8250720000000E+14   0.1072489509645E-17
  0.9473370000000E+14   0.1060413241172E-17
  0.1087720000000E+15   0.1036520252755E-17
  0.1248910000000E+15   0.1010735364044E-17
  0.1433980000000E+15   0.9926805655984E-18
  0.1646470000000E+15   0.9922440716282E-18
  0.1890460000000E+15   0.1019031779027E-17
  0.2170600000000E+15   0.1075814566893E-17
  0.2492250000000E+15   0.1164701077898E-17
  0.2861570000000E+15   0.1283894177437E-17
  0.3285620000000E+15   0.1426238516410E-17
  0.3772500000000E+15   0.1579422693941E-17
  0.4331540000000E+15   0.1724685188146E-17
  0.4973410000000E+15   0.1837400955928E-17
  0.5710410000000E+15   0.1890561738556E-17
  0.6556610000000E+15   0.1860843971163E-17
  0.7528220000000E+15   0.1734828643509E-17
  0.8643800000000E+15   0.1517294007521E-17
  0.9924690000000E+15   0.1232005934237E-17
  0.1139540000000E+16   0.9143645218255E-18
  0.1308400000000E+16   0.6143772574094E-18
  0.1502290000000E+16   0.3668766193836E-18
  0.1724910000000E+16   0.1910430548796E-18
  0.1980520000000E+16   0.8476321896990E-19
  0.2274010000000E+16   0.3137426655172E-19
  0.2610990000000E+16   0.9425396233308E-20
  0.2997900000000E+16   0.2228188225853E-20
