         130
  
  0.2997900000000E+11   0.1428489549462E-23
  0.3951060000000E+11   0.3244544749569E-23
  0.5207280000000E+11   0.7369894215597E-23
  0.6862910000000E+11   0.1673174108735E-22
  0.9044930000000E+11   0.3794151942041E-22
  0.1192070000000E+12   0.8587380515882E-22
  0.1571080000000E+12   0.1938187286020E-21
  0.2070600000000E+12   0.4357405006556E-21
  0.2728930000000E+12   0.9743669293280E-21
  0.3596580000000E+12   0.2358810613122E-20
  0.4740100000000E+12   0.6833291395263E-20
  0.6247180000000E+12   0.1955272773816E-19
  0.8233440000000E+12   0.5493348317691E-19
  0.1085120000000E+13   0.1508020263479E-18
  0.1430130000000E+13   0.4005965830200E-18
  0.1884830000000E+13   0.1018903287239E-17
  0.2484100000000E+13   0.2443035546889E-17
  0.3273910000000E+13   0.5383076845014E-17
  0.4314820000000E+13   0.1058853377764E-16
  0.5686700000000E+13   0.1770548991644E-16
  0.7494750000000E+13   0.2362315882704E-16
  0.7682960000000E+13   0.2392980556078E-16
  0.7875890000000E+13   0.2417514704946E-16
  0.8073670000000E+13   0.2435329577408E-16
  0.8276410000000E+13   0.2446512304957E-16
  0.8484250000000E+13   0.2451688450271E-16
  0.8697300000000E+13   0.2455292498008E-16
  0.8915700000000E+13   0.2451757549864E-16
  0.9139590000000E+13   0.2447806207812E-16
  0.9369100000000E+13   0.2437865860623E-16
  0.9604380000000E+13   0.2424539238976E-16
  0.9845560000000E+13   0.2407666983096E-16
  0.1009280000000E+14   0.2384306539595E-16
  0.1034620000000E+14   0.2356963148046E-16
  0.1060610000000E+14   0.2323267539120E-16
  0.1087240000000E+14   0.2289239299640E-16
  0.1114540000000E+14   0.2250328309586E-16
  0.1142530000000E+14   0.2209192639174E-16
  0.1171220000000E+14   0.2165571138144E-16
  0.1200630000000E+14   0.2118071049134E-16
  0.1230780000000E+14   0.2068683794896E-16
  0.1261690000000E+14   0.2016008396524E-16
  0.1293370000000E+14   0.1966148837384E-16
  0.1325850000000E+14   0.1914286701501E-16
  0.1359150000000E+14   0.1862788681435E-16
  0.1393280000000E+14   0.1811270433630E-16
  0.1428260000000E+14   0.1760068167280E-16
  0.1464130000000E+14   0.1712653039767E-16
  0.1500900000000E+14   0.1664226107381E-16
  0.1538590000000E+14   0.1608077885529E-16
  0.1577220000000E+14   0.1552022309078E-16
  0.1616830000000E+14   0.1474198386515E-16
  0.1657430000000E+14   0.1386133251193E-16
  0.1699050000000E+14   0.1294123294426E-16
  0.1741720000000E+14   0.1186341946670E-16
  0.1785460000000E+14   0.1085329842206E-16
  0.1830290000000E+14   0.9812260616603E-17
  0.1876260000000E+14   0.8837826528792E-17
  0.1923370000000E+14   0.7965490972686E-17
  0.1971670000000E+14   0.7172481835542E-17
  0.2021180000000E+14   0.6478049815056E-17
  0.2071940000000E+14   0.5921311966072E-17
  0.2123970000000E+14   0.5411252375197E-17
  0.2177310000000E+14   0.5290314440653E-17
  0.2231980000000E+14   0.5166417100533E-17
  0.2288030000000E+14   0.5157503508096E-17
  0.2345490000000E+14   0.5182164081657E-17
  0.2404390000000E+14   0.5225495869531E-17
  0.2464770000000E+14   0.5308713149744E-17
  0.2526660000000E+14   0.5373197292961E-17
  0.2590110000000E+14   0.5461902858080E-17
  0.2655150000000E+14   0.5528412434076E-17
  0.2721830000000E+14   0.5656806048542E-17
  0.2790180000000E+14   0.5787517242150E-17
  0.2860240000000E+14   0.5863472112404E-17
  0.2932070000000E+14   0.5879061043434E-17
  0.3005700000000E+14   0.5872456121401E-17
  0.3081180000000E+14   0.5748540861419E-17
  0.3158550000000E+14   0.5629761897018E-17
  0.3237870000000E+14   0.5073359500214E-17
  0.3319170000000E+14   0.4420086404397E-17
  0.3402530000000E+14   0.3818206287158E-17
  0.3487970000000E+14   0.3263411222051E-17
  0.3575560000000E+14   0.2744643171182E-17
  0.3665350000000E+14   0.2278214215088E-17
  0.3757390000000E+14   0.1826152906092E-17
  0.3851740000000E+14   0.1551336918378E-17
  0.3948470000000E+14   0.1323868177725E-17
  0.4047620000000E+14   0.1171882343661E-17
  0.4149260000000E+14   0.1117514639491E-17
  0.4253460000000E+14   0.1069802228708E-17
  0.4360270000000E+14   0.1057674763237E-17
  0.4469770000000E+14   0.1047207556604E-17
  0.4582010000000E+14   0.1038653197883E-17
  0.4697070000000E+14   0.1031444598044E-17
  0.4815020000000E+14   0.1024151330745E-17
  0.4935940000000E+14   0.1016620163846E-17
  0.5059890000000E+14   0.1009979608116E-17
  0.5186950000000E+14   0.1004790688788E-17
  0.5317200000000E+14   0.1000001880779E-17
  0.5450730000000E+14   0.9972818503891E-18
  0.6258450000000E+14   0.9953427136162E-18
  0.7185870000000E+14   0.1003482981231E-17
  0.8250720000000E+14   0.1002436677875E-17
  0.9473370000000E+14   0.9894664828241E-18
  0.1087720000000E+15   0.9712481627246E-18
  0.1248910000000E+15   0.9569860956151E-18
  0.1433980000000E+15   0.9540243906199E-18
  0.1646470000000E+15   0.9693112900096E-18
  0.1890460000000E+15   0.1009771090224E-17
  0.2170600000000E+15   0.1076699479168E-17
  0.2492250000000E+15   0.1171653003030E-17
  0.2861570000000E+15   0.1293198318303E-17
  0.3285620000000E+15   0.1435039343409E-17
  0.3772500000000E+15   0.1586177479823E-17
  0.4331540000000E+15   0.1729253493300E-17
  0.4973410000000E+15   0.1840531962620E-17
  0.5710410000000E+15   0.1893313164910E-17
  0.6556610000000E+15   0.1864150104818E-17
  0.7528220000000E+15   0.1739539823617E-17
  0.8643800000000E+15   0.1522999669256E-17
  0.9924690000000E+15   0.1237237706473E-17
  0.1139540000000E+16   0.9197308458202E-18
  0.1308400000000E+16   0.6177586529089E-18
  0.1502290000000E+16   0.3685444007292E-18
  0.1724910000000E+16   0.1916936890552E-18
  0.1980520000000E+16   0.8506791078472E-19
  0.2274010000000E+16   0.3148443644274E-19
  0.2610990000000E+16   0.9457881089160E-20
  0.2997900000000E+16   0.2235758370994E-20
