mstar = 2 Msun, Rstar = 2.5 Rsun, Tstar = 10000, mdisk = 0.0016408 Msun, Rc = 150 AU, Rin = 0.5 AU, Rout = 250 AU, inclination = 45 degree, powerlaw = -0.5 
         130
  
  0.2997900000000E+11   0.2410290600822E-23
  0.3951060000000E+11   0.5483796414990E-23
  0.5207280000000E+11   0.1247105790916E-22
  0.6862910000000E+11   0.2833434885241E-22
  0.9044930000000E+11   0.6427700658056E-22
  0.1192070000000E+12   0.1454857588683E-21
  0.1571080000000E+12   0.3282646696184E-21
  0.2070600000000E+12   0.7375005216980E-21
  0.2728930000000E+12   0.1647306985605E-20
  0.3596580000000E+12   0.3981494658552E-20
  0.4740100000000E+12   0.1150693671203E-19
  0.6247180000000E+12   0.3281145753384E-19
  0.8233440000000E+12   0.9172386737451E-19
  0.1085120000000E+13   0.2499966368047E-18
  0.1430130000000E+13   0.6572367650534E-18
  0.1884830000000E+13   0.1646376895269E-17
  0.2484100000000E+13   0.3858887868995E-17
  0.3273910000000E+13   0.8216129451260E-17
  0.4314820000000E+13   0.1533552754695E-16
  0.5686700000000E+13   0.2370066027711E-16
  0.7494750000000E+13   0.2840056647208E-16
  0.7682960000000E+13   0.2846635935253E-16
  0.7875890000000E+13   0.2845639617875E-16
  0.8073670000000E+13   0.2836808994061E-16
  0.8276410000000E+13   0.2820565978507E-16
  0.8484250000000E+13   0.2797830491123E-16
  0.8697300000000E+13   0.2773008823738E-16
  0.8915700000000E+13   0.2741213596372E-16
  0.9139590000000E+13   0.2708877558296E-16
  0.9369100000000E+13   0.2671219725744E-16
  0.9604380000000E+13   0.2630898476474E-16
  0.9845560000000E+13   0.2588073195661E-16
  0.1009280000000E+14   0.2540440528647E-16
  0.1034620000000E+14   0.2490518546059E-16
  0.1060610000000E+14   0.2436434628761E-16
  0.1087240000000E+14   0.2383801102591E-16
  0.1114540000000E+14   0.2328726466718E-16
  0.1142530000000E+14   0.2273742730717E-16
  0.1171220000000E+14   0.2218720406373E-16
  0.1200630000000E+14   0.2162358934060E-16
  0.1230780000000E+14   0.2106465790100E-16
  0.1261690000000E+14   0.2049541890219E-16
  0.1293370000000E+14   0.1997500803911E-16
  0.1325850000000E+14   0.1945387733963E-16
  0.1359150000000E+14   0.1895364586125E-16
  0.1393280000000E+14   0.1846770207315E-16
  0.1428260000000E+14   0.1799658508740E-16
  0.1464130000000E+14   0.1757568717876E-16
  0.1500900000000E+14   0.1714905059118E-16
  0.1538590000000E+14   0.1663646623828E-16
  0.1577220000000E+14   0.1612246425504E-16
  0.1616830000000E+14   0.1535419486960E-16
  0.1657430000000E+14   0.1446110478508E-16
  0.1699050000000E+14   0.1351504561059E-16
  0.1741720000000E+14   0.1238052285057E-16
  0.1785460000000E+14   0.1131694396974E-16
  0.1830290000000E+14   0.1021209039533E-16
  0.1876260000000E+14   0.9178440442974E-17
  0.1923370000000E+14   0.8256562286224E-17
  0.1971670000000E+14   0.7420608423938E-17
  0.2021180000000E+14   0.6692203733630E-17
  0.2071940000000E+14   0.6114285042214E-17
  0.2123970000000E+14   0.5585017300176E-17
  0.2177310000000E+14   0.5486106678362E-17
  0.2231980000000E+14   0.5383567449549E-17
  0.2288030000000E+14   0.5410095258408E-17
  0.2345490000000E+14   0.5472599290915E-17
  0.2404390000000E+14   0.5551990244424E-17
  0.2464770000000E+14   0.5670771731739E-17
  0.2526660000000E+14   0.5761978091781E-17
  0.2590110000000E+14   0.5874095489647E-17
  0.2655150000000E+14   0.5955901855771E-17
  0.2721830000000E+14   0.6101181466324E-17
  0.2790180000000E+14   0.6244591575489E-17
  0.2860240000000E+14   0.6324758415085E-17
  0.2932070000000E+14   0.6336909343505E-17
  0.3005700000000E+14   0.6323525994994E-17
  0.3081180000000E+14   0.6181887562621E-17
  0.3158550000000E+14   0.6045410707972E-17
  0.3237870000000E+14   0.5435133726149E-17
  0.3319170000000E+14   0.4720952770523E-17
  0.3402530000000E+14   0.4063402902193E-17
  0.3487970000000E+14   0.3457674035444E-17
  0.3575560000000E+14   0.2891536485865E-17
  0.3665350000000E+14   0.2382324571036E-17
  0.3757390000000E+14   0.1889644372123E-17
  0.3851740000000E+14   0.1590503624563E-17
  0.3948470000000E+14   0.1344911696970E-17
  0.4047620000000E+14   0.1185362711609E-17
  0.4149260000000E+14   0.1129983409061E-17
  0.4253460000000E+14   0.1082566227677E-17
  0.4360270000000E+14   0.1070159174551E-17
  0.4469770000000E+14   0.1059585750676E-17
  0.4582010000000E+14   0.1051060942128E-17
  0.4697070000000E+14   0.1044022355388E-17
  0.4815020000000E+14   0.1037092744234E-17
  0.4935940000000E+14   0.1030115662683E-17
  0.5059890000000E+14   0.1024135742512E-17
  0.5186950000000E+14   0.1019647796969E-17
  0.5317200000000E+14   0.1015645743694E-17
  0.5450730000000E+14   0.1013650142313E-17
  0.6258450000000E+14   0.1015514373356E-17
  0.7185870000000E+14   0.1026603308272E-17
  0.8250720000000E+14   0.1027533541662E-17
  0.9473370000000E+14   0.1014757672910E-17
  0.1087720000000E+15   0.9944544431816E-18
  0.1248910000000E+15   0.9760826090351E-18
  0.1433980000000E+15   0.9678534542734E-18
  0.1646470000000E+15   0.9779414789613E-18
  0.1890460000000E+15   0.1014355101492E-17
  0.2170600000000E+15   0.1078699389738E-17
  0.2492250000000E+15   0.1172134823494E-17
  0.2861570000000E+15   0.1292742178184E-17
  0.3285620000000E+15   0.1434171708270E-17
  0.3772500000000E+15   0.1585369825542E-17
  0.4331540000000E+15   0.1728627091716E-17
  0.4973410000000E+15   0.1839983400342E-17
  0.5710410000000E+15   0.1892708474957E-17
  0.6556610000000E+15   0.1863356497752E-17
  0.7528220000000E+15   0.1738389270352E-17
  0.8643800000000E+15   0.1521603523275E-17
  0.9924690000000E+15   0.1235957182102E-17
  0.1139540000000E+16   0.9184165855170E-18
  0.1308400000000E+16   0.6169306331187E-18
  0.1502290000000E+16   0.3681361494037E-18
  0.1724910000000E+16   0.1915344904843E-18
  0.1980520000000E+16   0.8499335283619E-19
  0.2274010000000E+16   0.3145747876379E-19
  0.2610990000000E+16   0.9449932502591E-20
  0.2997900000000E+16   0.2233906097335E-20
