mstar = 2 Msun, Rstar = 2.5 Rsun, Tstar = 10000, mdisk = 0.0075918 Msun, Rc = 150 AU, Rin = 0.5 AU, Rout = 250 AU, inclination = 45 degree, powerlaw = -0.5 
         130
  
  0.2997900000000E+11   0.9546868818866E-23
  0.3951060000000E+11   0.2175204084434E-22
  0.5207280000000E+11   0.4950542295054E-22
  0.6862910000000E+11   0.1124916467385E-21
  0.9044930000000E+11   0.2550640798214E-21
  0.1192070000000E+12   0.5766480478733E-21
  0.1571080000000E+12   0.1298609666145E-20
  0.2070600000000E+12   0.2909228616862E-20
  0.2728930000000E+12   0.6472061184517E-20
  0.3596580000000E+12   0.1555377810858E-19
  0.4740100000000E+12   0.4456402116984E-19
  0.6247180000000E+12   0.1254621914830E-18
  0.8233440000000E+12   0.3441789094701E-18
  0.1085120000000E+13   0.9119239802681E-18
  0.1430130000000E+13   0.2296450868877E-17
  0.1884830000000E+13   0.5382517299408E-17
  0.2484100000000E+13   0.1137441287624E-16
  0.3273910000000E+13   0.2064848227155E-16
  0.4314820000000E+13   0.3047775214669E-16
  0.5686700000000E+13   0.3498879075028E-16
  0.7494750000000E+13   0.3250471348522E-16
  0.7682960000000E+13   0.3209054016141E-16
  0.7875890000000E+13   0.3165329075398E-16
  0.8073670000000E+13   0.3119203116849E-16
  0.8276410000000E+13   0.3071038591939E-16
  0.8484250000000E+13   0.3021566066164E-16
  0.8697300000000E+13   0.2974823086836E-16
  0.8915700000000E+13   0.2926148546575E-16
  0.9139590000000E+13   0.2881666224743E-16
  0.9369100000000E+13   0.2836439122134E-16
  0.9604380000000E+13   0.2792868268614E-16
  0.9845560000000E+13   0.2750799802040E-16
  0.1009280000000E+14   0.2707107309459E-16
  0.1034620000000E+14   0.2664039456550E-16
  0.1060610000000E+14   0.2618699979374E-16
  0.1087240000000E+14   0.2577338779283E-16
  0.1114540000000E+14   0.2534557745411E-16
  0.1142530000000E+14   0.2492956422726E-16
  0.1171220000000E+14   0.2451795414427E-16
  0.1200630000000E+14   0.2408776246280E-16
  0.1230780000000E+14   0.2365789009758E-16
  0.1261690000000E+14   0.2320379595575E-16
  0.1293370000000E+14   0.2280178928524E-16
  0.1325850000000E+14   0.2238207641948E-16
  0.1359150000000E+14   0.2197163291682E-16
  0.1393280000000E+14   0.2155993998561E-16
  0.1428260000000E+14   0.2114694972683E-16
  0.1464130000000E+14   0.2077914873194E-16
  0.1500900000000E+14   0.2038258762761E-16
  0.1538590000000E+14   0.1985501670862E-16
  0.1577220000000E+14   0.1930919617316E-16
  0.1616830000000E+14   0.1842382867087E-16
  0.1657430000000E+14   0.1736944026640E-16
  0.1699050000000E+14   0.1623964714379E-16
  0.1741720000000E+14   0.1486208337419E-16
  0.1785460000000E+14   0.1356832330230E-16
  0.1830290000000E+14   0.1221450969367E-16
  0.1876260000000E+14   0.1094484353540E-16
  0.1923370000000E+14   0.9812793650151E-17
  0.1971670000000E+14   0.8785963536281E-17
  0.2021180000000E+14   0.7893614536730E-17
  0.2071940000000E+14   0.7193268473157E-17
  0.2123970000000E+14   0.6552049335138E-17
  0.2177310000000E+14   0.6468820422656E-17
  0.2231980000000E+14   0.6371590838152E-17
  0.2288030000000E+14   0.6429843970719E-17
  0.2345490000000E+14   0.6522254782657E-17
  0.2404390000000E+14   0.6625617923256E-17
  0.2464770000000E+14   0.6768613548163E-17
  0.2526660000000E+14   0.6870742486602E-17
  0.2590110000000E+14   0.6992674227002E-17
  0.2655150000000E+14   0.7074174167633E-17
  0.2721830000000E+14   0.7227924940414E-17
  0.2790180000000E+14   0.7376171951776E-17
  0.2860240000000E+14   0.7447258858459E-17
  0.2932070000000E+14   0.7436780145539E-17
  0.3005700000000E+14   0.7395271398693E-17
  0.3081180000000E+14   0.7203749170034E-17
  0.3158550000000E+14   0.7018626352102E-17
  0.3237870000000E+14   0.6284722619932E-17
  0.3319170000000E+14   0.5431908100479E-17
  0.3402530000000E+14   0.4647417169181E-17
  0.3487970000000E+14   0.3926373120792E-17
  0.3575560000000E+14   0.3254671282638E-17
  0.3665350000000E+14   0.2652494586008E-17
  0.3757390000000E+14   0.2072161519955E-17
  0.3851740000000E+14   0.1719320741164E-17
  0.3948470000000E+14   0.1433049365835E-17
  0.4047620000000E+14   0.1250342928696E-17
  0.4149260000000E+14   0.1186621481291E-17
  0.4253460000000E+14   0.1133222793959E-17
  0.4360270000000E+14   0.1117784431623E-17
  0.4469770000000E+14   0.1104684039170E-17
  0.4582010000000E+14   0.1094127000368E-17
  0.4697070000000E+14   0.1085516082470E-17
  0.4815020000000E+14   0.1077465208917E-17
  0.4935940000000E+14   0.1069829959651E-17
  0.5059890000000E+14   0.1063616531245E-17
  0.5186950000000E+14   0.1059244910172E-17
  0.5317200000000E+14   0.1055707210484E-17
  0.5450730000000E+14   0.1054375860867E-17
  0.6258450000000E+14   0.1062671647670E-17
  0.7185870000000E+14   0.1081202267995E-17
  0.8250720000000E+14   0.1087887315928E-17
  0.9473370000000E+14   0.1076743441236E-17
  0.1087720000000E+15   0.1052354705528E-17
  0.1248910000000E+15   0.1024406772081E-17
  0.1433980000000E+15   0.1002736002532E-17
  0.1646470000000E+15   0.9979232286353E-18
  0.1890460000000E+15   0.1020558374744E-17
  0.2170600000000E+15   0.1074228192732E-17
  0.2492250000000E+15   0.1161414806472E-17
  0.2861570000000E+15   0.1280169664601E-17
  0.3285620000000E+15   0.1422988970213E-17
  0.3772500000000E+15   0.1577131914512E-17
  0.4331540000000E+15   0.1723338118873E-17
  0.4973410000000E+15   0.1836619441376E-17
  0.5710410000000E+15   0.1889920743553E-17
  0.6556610000000E+15   0.1860060720623E-17
  0.7528220000000E+15   0.1733696675634E-17
  0.8643800000000E+15   0.1515919373056E-17
  0.9924690000000E+15   0.1230745339615E-17
  0.1139540000000E+16   0.9130727402088E-18
  0.1308400000000E+16   0.6135631009577E-18
  0.1502290000000E+16   0.3664748209358E-18
  0.1724910000000E+16   0.1908861948215E-18
  0.1980520000000E+16   0.8468977003419E-19
  0.2274010000000E+16   0.3134770765759E-19
  0.2610990000000E+16   0.9417564723978E-20
  0.2997900000000E+16   0.2226363145774E-20
