mstar = 2 Msun, Rstar = 2.5 Rsun, Tstar = 10000, mdisk = 0.0036405 Msun, Rc = 150 AU, Rin = 0.5 AU, Rout = 250 AU, inclination = 45 degree, powerlaw = -0.5 
         130
  
  0.2997900000000E+11   0.4927558107465E-23
  0.3951060000000E+11   0.1122342263528E-22
  0.5207280000000E+11   0.2554133162483E-22
  0.6862910000000E+11   0.5804775694520E-22
  0.9044930000000E+11   0.1316753161912E-21
  0.1192070000000E+12   0.2979113256576E-21
  0.1571080000000E+12   0.6716356416539E-21
  0.2070600000000E+12   0.1506987561623E-20
  0.2728930000000E+12   0.3359743404918E-20
  0.3596580000000E+12   0.8098859152146E-20
  0.4740100000000E+12   0.2331466497381E-19
  0.6247180000000E+12   0.6610052485326E-19
  0.8233440000000E+12   0.1832476247514E-18
  0.1085120000000E+13   0.4933571317691E-18
  0.1430130000000E+13   0.1273487567951E-17
  0.1884830000000E+13   0.3102517269494E-17
  0.2484100000000E+13   0.6965885302523E-17
  0.3273910000000E+13   0.1387365995264E-16
  0.4314820000000E+13   0.2337294646081E-16
  0.5686700000000E+13   0.3122703440112E-16
  0.7494750000000E+13   0.3177971712295E-16
  0.7682960000000E+13   0.3144346146822E-16
  0.7875890000000E+13   0.3105052119818E-16
  0.8073670000000E+13   0.3060327118270E-16
  0.8276410000000E+13   0.3010918318625E-16
  0.8484250000000E+13   0.2957923957372E-16
  0.8697300000000E+13   0.2905399868496E-16
  0.8915700000000E+13   0.2849439462845E-16
  0.9139590000000E+13   0.2795869833408E-16
  0.9369100000000E+13   0.2740679215342E-16
  0.9604380000000E+13   0.2686340110191E-16
  0.9845560000000E+13   0.2633064437263E-16
  0.1009280000000E+14   0.2578528414430E-16
  0.1034620000000E+14   0.2524948414206E-16
  0.1060610000000E+14   0.2470100775671E-16
  0.1087240000000E+14   0.2419504456336E-16
  0.1114540000000E+14   0.2368710637474E-16
  0.1142530000000E+14   0.2320032199507E-16
  0.1171220000000E+14   0.2272900954190E-16
  0.1200630000000E+14   0.2225330003989E-16
  0.1230780000000E+14   0.2178922615333E-16
  0.1261690000000E+14   0.2131459395070E-16
  0.1293370000000E+14   0.2089605004792E-16
  0.1325850000000E+14   0.2047120636235E-16
  0.1359150000000E+14   0.2006307541952E-16
  0.1393280000000E+14   0.1966127376892E-16
  0.1428260000000E+14   0.1926471702617E-16
  0.1464130000000E+14   0.1891467419971E-16
  0.1500900000000E+14   0.1854330610265E-16
  0.1538590000000E+14   0.1805635769837E-16
  0.1577220000000E+14   0.1755549888713E-16
  0.1616830000000E+14   0.1674629535766E-16
  0.1657430000000E+14   0.1578377708738E-16
  0.1699050000000E+14   0.1475331908338E-16
  0.1741720000000E+14   0.1349743311587E-16
  0.1785460000000E+14   0.1231901853340E-16
  0.1830290000000E+14   0.1108694688590E-16
  0.1876260000000E+14   0.9932834256985E-17
  0.1923370000000E+14   0.8904937201771E-17
  0.1971670000000E+14   0.7973574556117E-17
  0.2021180000000E+14   0.7164882457514E-17
  0.2071940000000E+14   0.6530335820919E-17
  0.2123970000000E+14   0.5949628493198E-17
  0.2177310000000E+14   0.5873371582052E-17
  0.2231980000000E+14   0.5786301600439E-17
  0.2288030000000E+14   0.5842488766163E-17
  0.2345490000000E+14   0.5931890353861E-17
  0.2404390000000E+14   0.6032915726269E-17
  0.2464770000000E+14   0.6171624144930E-17
  0.2526660000000E+14   0.6273677591142E-17
  0.2590110000000E+14   0.6394691418125E-17
  0.2655150000000E+14   0.6478629018132E-17
  0.2721830000000E+14   0.6629624816988E-17
  0.2790180000000E+14   0.6775751573371E-17
  0.2860240000000E+14   0.6850837357627E-17
  0.2932070000000E+14   0.6850577990936E-17
  0.3005700000000E+14   0.6821788252509E-17
  0.3081180000000E+14   0.6653479779660E-17
  0.3158550000000E+14   0.6490906394049E-17
  0.3237870000000E+14   0.5817158606835E-17
  0.3319170000000E+14   0.5033440022364E-17
  0.3402530000000E+14   0.4312880440391E-17
  0.3487970000000E+14   0.3650329453090E-17
  0.3575560000000E+14   0.3033056110407E-17
  0.3665350000000E+14   0.2479530598221E-17
  0.3757390000000E+14   0.1945907911827E-17
  0.3851740000000E+14   0.1623052496419E-17
  0.3948470000000E+14   0.1360851060886E-17
  0.4047620000000E+14   0.1193154377612E-17
  0.4149260000000E+14   0.1136021720545E-17
  0.4253460000000E+14   0.1087894161536E-17
  0.4360270000000E+14   0.1075759724853E-17
  0.4469770000000E+14   0.1065568267132E-17
  0.4582010000000E+14   0.1057530218783E-17
  0.4697070000000E+14   0.1051074357190E-17
  0.4815020000000E+14   0.1044842804387E-17
  0.4935940000000E+14   0.1038694720413E-17
  0.5059890000000E+14   0.1033645426573E-17
  0.5186950000000E+14   0.1030146728411E-17
  0.5317200000000E+14   0.1027211572083E-17
  0.5450730000000E+14   0.1026264490921E-17
  0.6258450000000E+14   0.1033806766864E-17
  0.7185870000000E+14   0.1049290877086E-17
  0.8250720000000E+14   0.1052994544944E-17
  0.9473370000000E+14   0.1040759906888E-17
  0.1087720000000E+15   0.1018341573621E-17
  0.1248910000000E+15   0.9956510607141E-18
  0.1433980000000E+15   0.9819439285872E-18
  0.1646470000000E+15   0.9864664998851E-18
  0.1890460000000E+15   0.1017956405453E-17
  0.2170600000000E+15   0.1078307958375E-17
  0.2492250000000E+15   0.1169073227146E-17
  0.2861570000000E+15   0.1288623286139E-17
  0.3285620000000E+15   0.1430332468499E-17
  0.3772500000000E+15   0.1582409297404E-17
  0.4331540000000E+15   0.1726558232877E-17
  0.4973410000000E+15   0.1838531420316E-17
  0.5710410000000E+15   0.1891452619319E-17
  0.6556610000000E+15   0.1861882747249E-17
  0.7528220000000E+15   0.1736308507622E-17
  0.8643800000000E+15   0.1519087773503E-17
  0.9924690000000E+15   0.1233650781986E-17
  0.1139540000000E+16   0.9160507872668E-18
  0.1308400000000E+16   0.6154399320357E-18
  0.1502290000000E+16   0.3674009261889E-18
  0.1724910000000E+16   0.1912476769026E-18
  0.1980520000000E+16   0.8485903722531E-19
  0.2274010000000E+16   0.3140891331973E-19
  0.2610990000000E+16   0.9435612456891E-20
  0.2997900000000E+16   0.2230569014998E-20
