mstar = 2 Msun, Rstar = 2.5 Rsun, Tstar = 10000, mdisk = 0.0078518 Msun, Rc = 150 AU, Rin = 0.5 AU, Rout = 250 AU, inclination = 45 degree, powerlaw = -0.5 
         130
  
  0.2997900000000E+11   0.9841669033275E-23
  0.3951060000000E+11   0.2242384695419E-22
  0.5207280000000E+11   0.5103415278123E-22
  0.6862910000000E+11   0.1159636721052E-21
  0.9044930000000E+11   0.2629296451323E-21
  0.1192070000000E+12   0.5944067310051E-21
  0.1571080000000E+12   0.1338526096915E-20
  0.2070600000000E+12   0.2998417206572E-20
  0.2728930000000E+12   0.6669768238061E-20
  0.3596580000000E+12   0.1602647798048E-19
  0.4740100000000E+12   0.4590709931360E-19
  0.6247180000000E+12   0.1291956656715E-18
  0.8233440000000E+12   0.3542226195084E-18
  0.1085120000000E+13   0.9377260169207E-18
  0.1430130000000E+13   0.2358227838513E-17
  0.1884830000000E+13   0.5515581040396E-17
  0.2484100000000E+13   0.1161716094690E-16
  0.3273910000000E+13   0.2098513943069E-16
  0.4314820000000E+13   0.3076851324677E-16
  0.5686700000000E+13   0.3508965484267E-16
  0.7494750000000E+13   0.3251320094872E-16
  0.7682960000000E+13   0.3209892924908E-16
  0.7875890000000E+13   0.3166236556571E-16
  0.8073670000000E+13   0.3120237315011E-16
  0.8276410000000E+13   0.3072238584471E-16
  0.8484250000000E+13   0.3022954957375E-16
  0.8697300000000E+13   0.2976416420301E-16
  0.8915700000000E+13   0.2927943067626E-16
  0.9139590000000E+13   0.2883659798836E-16
  0.9369100000000E+13   0.2838614823005E-16
  0.9604380000000E+13   0.2795207236202E-16
  0.9845560000000E+13   0.2753277595922E-16
  0.1009280000000E+14   0.2709691435898E-16
  0.1034620000000E+14   0.2666701032003E-16
  0.1060610000000E+14   0.2621407973299E-16
  0.1087240000000E+14   0.2580074594573E-16
  0.1114540000000E+14   0.2537301216582E-16
  0.1142530000000E+14   0.2495690367636E-16
  0.1171220000000E+14   0.2454505114990E-16
  0.1200630000000E+14   0.2411451260681E-16
  0.1230780000000E+14   0.2368423722980E-16
  0.1261690000000E+14   0.2322968069934E-16
  0.1293370000000E+14   0.2282725742564E-16
  0.1325850000000E+14   0.2240712108594E-16
  0.1359150000000E+14   0.2199629363431E-16
  0.1393280000000E+14   0.2158424105925E-16
  0.1428260000000E+14   0.2117090238371E-16
  0.1464130000000E+14   0.2080279472621E-16
  0.1500900000000E+14   0.2040592787845E-16
  0.1538590000000E+14   0.1987799194323E-16
  0.1577220000000E+14   0.1933182168170E-16
  0.1616830000000E+14   0.1844577014657E-16
  0.1657430000000E+14   0.1739051884844E-16
  0.1699050000000E+14   0.1625982256544E-16
  0.1741720000000E+14   0.1488112285470E-16
  0.1785460000000E+14   0.1358613124659E-16
  0.1830290000000E+14   0.1223092888054E-16
  0.1876260000000E+14   0.1095995444654E-16
  0.1923370000000E+14   0.9826566991529E-17
  0.1971670000000E+14   0.8798491577845E-17
  0.2021180000000E+14   0.7905052650241E-17
  0.2071940000000E+14   0.7203874756375E-17
  0.2123970000000E+14   0.6561961359268E-17
  0.2177310000000E+14   0.6478672237743E-17
  0.2231980000000E+14   0.6381421752201E-17
  0.2288030000000E+14   0.6439915723168E-17
  0.2345490000000E+14   0.6532710834241E-17
  0.2404390000000E+14   0.6636506740486E-17
  0.2464770000000E+14   0.6779911453434E-17
  0.2526660000000E+14   0.6882217886880E-17
  0.2590110000000E+14   0.7004310091916E-17
  0.2655150000000E+14   0.7085556862580E-17
  0.2721830000000E+14   0.7239023388752E-17
  0.2790180000000E+14   0.7387076161191E-17
  0.2860240000000E+14   0.7457868574343E-17
  0.2932070000000E+14   0.7446874518232E-17
  0.3005700000000E+14   0.7404913606319E-17
  0.3081180000000E+14   0.7212693020677E-17
  0.3158550000000E+14   0.7026865157787E-17
  0.3237870000000E+14   0.6291337568699E-17
  0.3319170000000E+14   0.5437326778282E-17
  0.3402530000000E+14   0.4652104557862E-17
  0.3487970000000E+14   0.3930038419667E-17
  0.3575560000000E+14   0.3256924188900E-17
  0.3665350000000E+14   0.2653788646051E-17
  0.3757390000000E+14   0.2073750544670E-17
  0.3851740000000E+14   0.1721546381918E-17
  0.3948470000000E+14   0.1435791435681E-17
  0.4047620000000E+14   0.1253543809428E-17
  0.4149260000000E+14   0.1189833405626E-17
  0.4253460000000E+14   0.1136443109065E-17
  0.4360270000000E+14   0.1120850517815E-17
  0.4469770000000E+14   0.1107614050690E-17
  0.4582010000000E+14   0.1096936613239E-17
  0.4697070000000E+14   0.1088220902152E-17
  0.4815020000000E+14   0.1080088650461E-17
  0.4935940000000E+14   0.1072396831202E-17
  0.5059890000000E+14   0.1066141487929E-17
  0.5186950000000E+14   0.1061738054358E-17
  0.5317200000000E+14   0.1058181831887E-17
  0.5450730000000E+14   0.1056828824146E-17
  0.6258450000000E+14   0.1065025235310E-17
  0.7185870000000E+14   0.1083322468940E-17
  0.8250720000000E+14   0.1089626388439E-17
  0.9473370000000E+14   0.1077972716727E-17
  0.1087720000000E+15   0.1052989661882E-17
  0.1248910000000E+15   0.1024470424074E-17
  0.1433980000000E+15   0.1002380119901E-17
  0.1646470000000E+15   0.9973811389998E-18
  0.1890460000000E+15   0.1020055507500E-17
  0.2170600000000E+15   0.1073897025565E-17
  0.2492250000000E+15   0.1161254740857E-17
  0.2861570000000E+15   0.1280101723523E-17
  0.3285620000000E+15   0.1422945166548E-17
  0.3772500000000E+15   0.1577092928502E-17
  0.4331540000000E+15   0.1723308386048E-17
  0.4973410000000E+15   0.1836595062290E-17
  0.5710410000000E+15   0.1889890089680E-17
  0.6556610000000E+15   0.1860014398767E-17
  0.7528220000000E+15   0.1733625603050E-17
  0.8643800000000E+15   0.1515832045658E-17
  0.9924690000000E+15   0.1230665138231E-17
  0.1139540000000E+16   0.9129905553888E-18
  0.1308400000000E+16   0.6135112998348E-18
  0.1502290000000E+16   0.3664492531340E-18
  0.1724910000000E+16   0.1908762118238E-18
  0.1980520000000E+16   0.8468509565859E-19
  0.2274010000000E+16   0.3134601740072E-19
  0.2610990000000E+16   0.9417066308173E-20
  0.2997900000000E+16   0.2226246992624E-20
