mstar = 2 Msun, Rstar = 2.5 Rsun, Tstar = 10000, mdisk = 0.00026379 Msun, Rc = 150 AU, Rin = 0.5 AU, Rout = 250 AU, inclination = 45 degree, powerlaw = -0.5 
         130
  
  0.2997900000000E+11   0.4911385010489E-24
  0.3951060000000E+11   0.1106103589324E-23
  0.5207280000000E+11   0.2496668975108E-23
  0.6862910000000E+11   0.5642424215601E-23
  0.9044930000000E+11   0.1275560455053E-22
  0.1192070000000E+12   0.2881750286698E-22
  0.1571080000000E+12   0.6499752784785E-22
  0.2070600000000E+12   0.1461894565121E-21
  0.2728930000000E+12   0.3274169469943E-21
  0.3596580000000E+12   0.7947194026609E-21
  0.4740100000000E+12   0.2311590640522E-20
  0.6247180000000E+12   0.6657821657159E-20
  0.8233440000000E+12   0.1888532257859E-19
  0.1085120000000E+13   0.5255373598945E-19
  0.1430130000000E+13   0.1423100379193E-18
  0.1884830000000E+13   0.3719103051747E-18
  0.2484100000000E+13   0.9267737665581E-18
  0.3273910000000E+13   0.2157552347072E-17
  0.4314820000000E+13   0.4592316453820E-17
  0.5686700000000E+13   0.8597702858503E-17
  0.7494750000000E+13   0.1342807173919E-16
  0.7682960000000E+13   0.1382857261746E-16
  0.7875890000000E+13   0.1420643389365E-16
  0.8073670000000E+13   0.1455590249798E-16
  0.8276410000000E+13   0.1487572342302E-16
  0.8484250000000E+13   0.1516875919528E-16
  0.8697300000000E+13   0.1546906141334E-16
  0.8915700000000E+13   0.1573095773687E-16
  0.9139590000000E+13   0.1600903876540E-16
  0.9369100000000E+13   0.1625530973085E-16
  0.9604380000000E+13   0.1649042212060E-16
  0.9845560000000E+13   0.1671138411040E-16
  0.1009280000000E+14   0.1688764274807E-16
  0.1034620000000E+14   0.1703908081931E-16
  0.1060610000000E+14   0.1713825884853E-16
  0.1087240000000E+14   0.1724212306042E-16
  0.1114540000000E+14   0.1730020740133E-16
  0.1142530000000E+14   0.1733614402640E-16
  0.1171220000000E+14   0.1734264318264E-16
  0.1200630000000E+14   0.1729896516189E-16
  0.1230780000000E+14   0.1722250702262E-16
  0.1261690000000E+14   0.1709218792838E-16
  0.1293370000000E+14   0.1697495087427E-16
  0.1325850000000E+14   0.1681052086688E-16
  0.1359150000000E+14   0.1662296313454E-16
  0.1393280000000E+14   0.1640439210736E-16
  0.1428260000000E+14   0.1615626757329E-16
  0.1464130000000E+14   0.1591643069811E-16
  0.1500900000000E+14   0.1562839280037E-16
  0.1538590000000E+14   0.1522062802934E-16
  0.1577220000000E+14   0.1478368032751E-16
  0.1616830000000E+14   0.1409340001102E-16
  0.1657430000000E+14   0.1328269968430E-16
  0.1699050000000E+14   0.1242193741307E-16
  0.1741720000000E+14   0.1139199436661E-16
  0.1785460000000E+14   0.1042478761692E-16
  0.1830290000000E+14   0.9417255604329E-17
  0.1876260000000E+14   0.8469545284169E-17
  0.1923370000000E+14   0.7619986403914E-17
  0.1971670000000E+14   0.6845543056169E-17
  0.2021180000000E+14   0.6168900480456E-17
  0.2071940000000E+14   0.5636320865434E-17
  0.2123970000000E+14   0.5147860808310E-17
  0.2177310000000E+14   0.5086914585680E-17
  0.2231980000000E+14   0.5006420781051E-17
  0.2288030000000E+14   0.5027592308893E-17
  0.2345490000000E+14   0.5058215581455E-17
  0.2404390000000E+14   0.5083905508197E-17
  0.2464770000000E+14   0.5125593967925E-17
  0.2526660000000E+14   0.5136988011915E-17
  0.2590110000000E+14   0.5159979760775E-17
  0.2655150000000E+14   0.5162132534896E-17
  0.2721830000000E+14   0.5213739301435E-17
  0.2790180000000E+14   0.5271465110078E-17
  0.2860240000000E+14   0.5293664005323E-17
  0.2932070000000E+14   0.5276438545552E-17
  0.3005700000000E+14   0.5249197764403E-17
  0.3081180000000E+14   0.5134676126680E-17
  0.3158550000000E+14   0.5028984358470E-17
  0.3237870000000E+14   0.4570761546996E-17
  0.3319170000000E+14   0.4033731503783E-17
  0.3402530000000E+14   0.3537888473318E-17
  0.3487970000000E+14   0.3078741277301E-17
  0.3575560000000E+14   0.2645522901249E-17
  0.3665350000000E+14   0.2248029690488E-17
  0.3757390000000E+14   0.1841966829634E-17
  0.3851740000000E+14   0.1566254200344E-17
  0.3948470000000E+14   0.1299695324893E-17
  0.4047620000000E+14   0.1092633896820E-17
  0.4149260000000E+14   0.1018787661133E-17
  0.4253460000000E+14   0.9520977465212E-18
  0.4360270000000E+14   0.9401777813812E-18
  0.4469770000000E+14   0.9295385031027E-18
  0.4582010000000E+14   0.9207914338695E-18
  0.4697070000000E+14   0.9131897439064E-18
  0.4815020000000E+14   0.9046218754619E-18
  0.4935940000000E+14   0.8950096085710E-18
  0.5059890000000E+14   0.8863037596354E-18
  0.5186950000000E+14   0.8795596654613E-18
  0.5317200000000E+14   0.8731848430432E-18
  0.5450730000000E+14   0.8699547404774E-18
  0.6258450000000E+14   0.8728845032146E-18
  0.7185870000000E+14   0.8960614186912E-18
  0.8250720000000E+14   0.9125203499329E-18
  0.9473370000000E+14   0.9177604130403E-18
  0.1087720000000E+15   0.9178250785329E-18
  0.1248910000000E+15   0.9200462942877E-18
  0.1433980000000E+15   0.9302640006691E-18
  0.1646470000000E+15   0.9550606834086E-18
  0.1890460000000E+15   0.1001836844828E-17
  0.2170600000000E+15   0.1072712306110E-17
  0.2492250000000E+15   0.1169775344357E-17
  0.2861570000000E+15   0.1292216092602E-17
  0.3285620000000E+15   0.1434571271151E-17
  0.3772500000000E+15   0.1586203221554E-17
  0.4331540000000E+15   0.1729608189503E-17
  0.4973410000000E+15   0.1841059008864E-17
  0.5710410000000E+15   0.1894026450789E-17
  0.6556610000000E+15   0.1865155808346E-17
  0.7528220000000E+15   0.1741024915677E-17
  0.8643800000000E+15   0.1524807688657E-17
  0.9924690000000E+15   0.1238896782989E-17
  0.1139540000000E+16   0.9214344713019E-18
  0.1308400000000E+16   0.6188318780578E-18
  0.1502290000000E+16   0.3690734081971E-18
  0.1724910000000E+16   0.1918999111131E-18
  0.1980520000000E+16   0.8516449648278E-19
  0.2274010000000E+16   0.3151935781353E-19
  0.2610990000000E+16   0.9468177617405E-20
  0.2997900000000E+16   0.2238157756895E-20
