mstar = 2 Msun, Rstar = 2.5 Rsun, Tstar = 10000, mdisk = 0.0023054 Msun, Rc = 150 AU, Rin = 0.5 AU, Rout = 250 AU, inclination = 45 degree, powerlaw = -0.5 
         130
  
  0.2997900000000E+11   0.3268471506540E-23
  0.3951060000000E+11   0.7440758544368E-23
  0.5207280000000E+11   0.1692812000889E-22
  0.6862910000000E+11   0.3846885720882E-22
  0.9044930000000E+11   0.8727094318789E-22
  0.1192070000000E+12   0.1975061280864E-21
  0.1571080000000E+12   0.4455058297923E-21
  0.2070600000000E+12   0.1000397309752E-20
  0.2728930000000E+12   0.2232845478618E-20
  0.3596580000000E+12   0.5390982634382E-20
  0.4740100000000E+12   0.1555620236283E-19
  0.6247180000000E+12   0.4425705030945E-19
  0.8233440000000E+12   0.1233146371810E-18
  0.1085120000000E+13   0.3344983431778E-18
  0.1430130000000E+13   0.8732303603511E-18
  0.1884830000000E+13   0.2164519052792E-17
  0.2484100000000E+13   0.4992493460068E-17
  0.3273910000000E+13   0.1036974384936E-16
  0.4314820000000E+13   0.1862967096664E-16
  0.5686700000000E+13   0.2722074308448E-16
  0.7494750000000E+13   0.3043483226690E-16
  0.7682960000000E+13   0.3031972291643E-16
  0.7875890000000E+13   0.3013046188491E-16
  0.8073670000000E+13   0.2986707037900E-16
  0.8276410000000E+13   0.2953583283393E-16
  0.8484250000000E+13   0.2914742158300E-16
  0.8697300000000E+13   0.2874459129109E-16
  0.8915700000000E+13   0.2828397450678E-16
  0.9139590000000E+13   0.2782699617789E-16
  0.9369100000000E+13   0.2733096994397E-16
  0.9604380000000E+13   0.2682210647770E-16
  0.9845560000000E+13   0.2630323369624E-16
  0.1009280000000E+14   0.2575314459849E-16
  0.1034620000000E+14   0.2519606303717E-16
  0.1060610000000E+14   0.2461337206185E-16
  0.1087240000000E+14   0.2405983947446E-16
  0.1114540000000E+14   0.2349622257258E-16
  0.1142530000000E+14   0.2294668858028E-16
  0.1171220000000E+14   0.2240853767324E-16
  0.1200630000000E+14   0.2186625733534E-16
  0.1230780000000E+14   0.2133652364508E-16
  0.1261690000000E+14   0.2080117624147E-16
  0.1293370000000E+14   0.2032162578527E-16
  0.1325850000000E+14   0.1984284980197E-16
  0.1359150000000E+14   0.1938634682319E-16
  0.1393280000000E+14   0.1894323588629E-16
  0.1428260000000E+14   0.1851270070662E-16
  0.1464130000000E+14   0.1813236937842E-16
  0.1500900000000E+14   0.1774007631111E-16
  0.1538590000000E+14   0.1724796325505E-16
  0.1577220000000E+14   0.1674845167070E-16
  0.1616830000000E+14   0.1596734104714E-16
  0.1657430000000E+14   0.1504663404955E-16
  0.1699050000000E+14   0.1406496343168E-16
  0.1741720000000E+14   0.1287575250682E-16
  0.1785460000000E+14   0.1176045020568E-16
  0.1830290000000E+14   0.1059741636290E-16
  0.1876260000000E+14   0.9508843177843E-17
  0.1923370000000E+14   0.8539102053085E-17
  0.1971670000000E+14   0.7660356404547E-17
  0.2021180000000E+14   0.6896327718400E-17
  0.2071940000000E+14   0.6293982210576E-17
  0.2123970000000E+14   0.5742608411432E-17
  0.2177310000000E+14   0.5657021288970E-17
  0.2231980000000E+14   0.5564646968761E-17
  0.2288030000000E+14   0.5608604028269E-17
  0.2345490000000E+14   0.5687236056514E-17
  0.2404390000000E+14   0.5779914990943E-17
  0.2464770000000E+14   0.5910867933234E-17
  0.2526660000000E+14   0.6009407093036E-17
  0.2590110000000E+14   0.6127660066950E-17
  0.2655150000000E+14   0.6211998482154E-17
  0.2721830000000E+14   0.6361547833538E-17
  0.2790180000000E+14   0.6507546891704E-17
  0.2860240000000E+14   0.6586265421905E-17
  0.2932070000000E+14   0.6593207205976E-17
  0.3005700000000E+14   0.6573108422897E-17
  0.3081180000000E+14   0.6419135951272E-17
  0.3158550000000E+14   0.6270563803716E-17
  0.3237870000000E+14   0.5629281985512E-17
  0.3319170000000E+14   0.4880647601701E-17
  0.3402530000000E+14   0.4191376025017E-17
  0.3487970000000E+14   0.3556792054031E-17
  0.3575560000000E+14   0.2964492910943E-17
  0.3665350000000E+14   0.2431881829920E-17
  0.3757390000000E+14   0.1917710153890E-17
  0.3851740000000E+14   0.1606245053979E-17
  0.3948470000000E+14   0.1351466926605E-17
  0.4047620000000E+14   0.1186840651697E-17
  0.4149260000000E+14   0.1129984379455E-17
  0.4253460000000E+14   0.1081580132959E-17
  0.4360270000000E+14   0.1068840210236E-17
  0.4469770000000E+14   0.1057994821276E-17
  0.4582010000000E+14   0.1049263794073E-17
  0.4697070000000E+14   0.1042079029427E-17
  0.4815020000000E+14   0.1035061862003E-17
  0.4935940000000E+14   0.1028062237419E-17
  0.5059890000000E+14   0.1022126774630E-17
  0.5186950000000E+14   0.1017740579256E-17
  0.5317200000000E+14   0.1013896344026E-17
  0.5450730000000E+14   0.1012096982754E-17
  0.6258450000000E+14   0.1015614341568E-17
  0.7185870000000E+14   0.1028778956416E-17
  0.8250720000000E+14   0.1031674429369E-17
  0.9473370000000E+14   0.1020216448309E-17
  0.1087720000000E+15   0.1000205081511E-17
  0.1248910000000E+15   0.9810964612887E-18
  0.1433980000000E+15   0.9714476426760E-18
  0.1646470000000E+15   0.9799182742233E-18
  0.1890460000000E+15   0.1014876384645E-17
  0.2170600000000E+15   0.1078027221395E-17
  0.2492250000000E+15   0.1170617944858E-17
  0.2861570000000E+15   0.1290907138135E-17
  0.3285620000000E+15   0.1432556050022E-17
  0.3772500000000E+15   0.1584203282467E-17
  0.4331540000000E+15   0.1727850890585E-17
  0.4973410000000E+15   0.1839442678619E-17
  0.5710410000000E+15   0.1892235246170E-17
  0.6556610000000E+15   0.1862798960017E-17
  0.7528220000000E+15   0.1737602599909E-17
  0.8643800000000E+15   0.1520652673610E-17
  0.9924690000000E+15   0.1235085456191E-17
  0.1139540000000E+16   0.9175222202773E-18
  0.1308400000000E+16   0.6163671176889E-18
  0.1502290000000E+16   0.3678582563489E-18
  0.1724910000000E+16   0.1914261001443E-18
  0.1980520000000E+16   0.8494259202355E-19
  0.2274010000000E+16   0.3143912502673E-19
  0.2610990000000E+16   0.9444520753011E-20
  0.2997900000000E+16   0.2232644974764E-20
