mstar = 2 Msun, Rstar = 2.5 Rsun, Tstar = 10000, mdisk = 0.00026635 Msun, Rc = 150 AU, Rin = 0.5 AU, Rout = 250 AU, inclination = 45 degree, powerlaw = -0.5 
         130
  
  0.2997900000000E+11   0.4950358695314E-24
  0.3951060000000E+11   0.1114996524950E-23
  0.5207280000000E+11   0.2516939630182E-23
  0.6862910000000E+11   0.5688565909097E-23
  0.9044930000000E+11   0.1286044483759E-22
  0.1192070000000E+12   0.2905514058325E-22
  0.1571080000000E+12   0.6553445971859E-22
  0.2070600000000E+12   0.1473975004490E-21
  0.2728930000000E+12   0.3301196410961E-21
  0.3596580000000E+12   0.8012651677544E-21
  0.4740100000000E+12   0.2330561287098E-20
  0.6247180000000E+12   0.6712109493966E-20
  0.8233440000000E+12   0.1903782934148E-19
  0.1085120000000E+13   0.5297231504170E-19
  0.1430130000000E+13   0.1434218064666E-18
  0.1884830000000E+13   0.3747385178128E-18
  0.2484100000000E+13   0.9335618025502E-18
  0.3273910000000E+13   0.2172553313346E-17
  0.4314820000000E+13   0.4622043256545E-17
  0.5686700000000E+13   0.8648226173296E-17
  0.7494750000000E+13   0.1349726837638E-16
  0.7682960000000E+13   0.1389884557779E-16
  0.7875890000000E+13   0.1427760454877E-16
  0.8073670000000E+13   0.1462777285345E-16
  0.8276410000000E+13   0.1494809523434E-16
  0.8484250000000E+13   0.1524144695017E-16
  0.8697300000000E+13   0.1554200101077E-16
  0.8915700000000E+13   0.1580391764366E-16
  0.9139590000000E+13   0.1608197196734E-16
  0.9369100000000E+13   0.1632800396273E-16
  0.9604380000000E+13   0.1656272674179E-16
  0.9845560000000E+13   0.1678313451725E-16
  0.1009280000000E+14   0.1695858908878E-16
  0.1034620000000E+14   0.1710903480048E-16
  0.1060610000000E+14   0.1720697164375E-16
  0.1087240000000E+14   0.1730948017104E-16
  0.1114540000000E+14   0.1736598849233E-16
  0.1142530000000E+14   0.1740017900438E-16
  0.1171220000000E+14   0.1740475591173E-16
  0.1200630000000E+14   0.1735896886443E-16
  0.1230780000000E+14   0.1728025356086E-16
  0.1261690000000E+14   0.1714753153712E-16
  0.1293370000000E+14   0.1702782055224E-16
  0.1325850000000E+14   0.1686081789609E-16
  0.1359150000000E+14   0.1667061998179E-16
  0.1393280000000E+14   0.1644936657774E-16
  0.1428260000000E+14   0.1619854224764E-16
  0.1464130000000E+14   0.1595600691370E-16
  0.1500900000000E+14   0.1566530612979E-16
  0.1538590000000E+14   0.1525498584479E-16
  0.1577220000000E+14   0.1481559396901E-16
  0.1616830000000E+14   0.1412310593686E-16
  0.1657430000000E+14   0.1331038648269E-16
  0.1699050000000E+14   0.1244775721664E-16
  0.1741720000000E+14   0.1141614616309E-16
  0.1785460000000E+14   0.1044735966798E-16
  0.1830290000000E+14   0.9438398172328E-17
  0.1876260000000E+14   0.8489349894028E-17
  0.1923370000000E+14   0.7638507066328E-17
  0.1971670000000E+14   0.6862827650697E-17
  0.2021180000000E+14   0.6184986270269E-17
  0.2071940000000E+14   0.5651246578469E-17
  0.2123970000000E+14   0.5161695811026E-17
  0.2177310000000E+14   0.5099625448726E-17
  0.2231980000000E+14   0.5018040369317E-17
  0.2288030000000E+14   0.5038108145401E-17
  0.2345490000000E+14   0.5067689135716E-17
  0.2404390000000E+14   0.5092451215339E-17
  0.2464770000000E+14   0.5133373312727E-17
  0.2526660000000E+14   0.5144221863799E-17
  0.2590110000000E+14   0.5166899604024E-17
  0.2655150000000E+14   0.5168912256286E-17
  0.2721830000000E+14   0.5220592944896E-17
  0.2790180000000E+14   0.5278535316194E-17
  0.2860240000000E+14   0.5300934441814E-17
  0.2932070000000E+14   0.5283772955744E-17
  0.3005700000000E+14   0.5256541431359E-17
  0.3081180000000E+14   0.5141794816519E-17
  0.3158550000000E+14   0.5035859128424E-17
  0.3237870000000E+14   0.4576742380496E-17
  0.3319170000000E+14   0.4038563899707E-17
  0.3402530000000E+14   0.3541671875457E-17
  0.3487970000000E+14   0.3081568974578E-17
  0.3575560000000E+14   0.2647582154454E-17
  0.3665350000000E+14   0.2249533570349E-17
  0.3757390000000E+14   0.1843515293663E-17
  0.3851740000000E+14   0.1568179044563E-17
  0.3948470000000E+14   0.1302175062166E-17
  0.4047620000000E+14   0.1095431608842E-17
  0.4149260000000E+14   0.1021555636773E-17
  0.4253460000000E+14   0.9548206710785E-18
  0.4360270000000E+14   0.9427915326624E-18
  0.4469770000000E+14   0.9320490239995E-18
  0.4582010000000E+14   0.9232029394087E-18
  0.4697070000000E+14   0.9155063878793E-18
  0.4815020000000E+14   0.9068501708369E-18
  0.4935940000000E+14   0.8971555848140E-18
  0.5059890000000E+14   0.8883705090723E-18
  0.5186950000000E+14   0.8815475925537E-18
  0.5317200000000E+14   0.8750966592150E-18
  0.5450730000000E+14   0.8717882554507E-18
  0.6258450000000E+14   0.8742903241372E-18
  0.7185870000000E+14   0.8970744895391E-18
  0.8250720000000E+14   0.9132518851576E-18
  0.9473370000000E+14   0.9183537991078E-18
  0.1087720000000E+15   0.9184034431868E-18
  0.1248910000000E+15   0.9206845204232E-18
  0.1433980000000E+15   0.9309670095754E-18
  0.1646470000000E+15   0.9557633309599E-18
  0.1890460000000E+15   0.1002438275157E-17
  0.2170600000000E+15   0.1073123901635E-17
  0.2492250000000E+15   0.1169975959978E-17
  0.2861570000000E+15   0.1292258300457E-17
  0.3285620000000E+15   0.1434534767640E-17
  0.3772500000000E+15   0.1586149167732E-17
  0.4331540000000E+15   0.1729565295598E-17
  0.4973410000000E+15   0.1841033527535E-17
  0.5710410000000E+15   0.1894012862030E-17
  0.6556610000000E+15   0.1865146400026E-17
  0.7528220000000E+15   0.1741014435179E-17
  0.8643800000000E+15   0.1524795570782E-17
  0.9924690000000E+15   0.1238885722040E-17
  0.1139540000000E+16   0.9214231169560E-18
  0.1308400000000E+16   0.6188247258901E-18
  0.1502290000000E+16   0.3690698833308E-18
  0.1724910000000E+16   0.1918985372660E-18
  0.1980520000000E+16   0.8516385301184E-19
  0.2274010000000E+16   0.3151912516423E-19
  0.2610990000000E+16   0.9468109021709E-20
  0.2997900000000E+16   0.2238141772257E-20
