mstar = 2 Msun, Rstar = 2.5 Rsun, Tstar = 10000, mdisk = 0.0046558 Msun, Rc = 150 AU, Rin = 0.5 AU, Rout = 250 AU, inclination = 45 degree, powerlaw = -0.5 
         130
  
  0.2997900000000E+11   0.6138319120292E-23
  0.3951060000000E+11   0.1398338454331E-22
  0.5207280000000E+11   0.3182422021248E-22
  0.6862910000000E+11   0.7232471725385E-22
  0.9044930000000E+11   0.1640405706528E-21
  0.1192070000000E+12   0.3710508865517E-21
  0.1571080000000E+12   0.8362292977376E-21
  0.2070600000000E+12   0.1875336525047E-20
  0.2728930000000E+12   0.4177991444584E-20
  0.3596580000000E+12   0.1006123852799E-19
  0.4740100000000E+12   0.2892024569041E-19
  0.6247180000000E+12   0.8181285435230E-19
  0.8233440000000E+12   0.2260721989828E-18
  0.1085120000000E+13   0.6057116008074E-18
  0.1430130000000E+13   0.1552037520901E-17
  0.1884830000000E+13   0.3738446356740E-17
  0.2484100000000E+13   0.8246645191406E-17
  0.3273910000000E+13   0.1598357687302E-16
  0.4314820000000E+13   0.2586765001993E-16
  0.5686700000000E+13   0.3284870997821E-16
  0.7494750000000E+13   0.3210791143499E-16
  0.7682960000000E+13   0.3170869753860E-16
  0.7875890000000E+13   0.3126608626567E-16
  0.8073670000000E+13   0.3078220779990E-16
  0.8276410000000E+13   0.3026377853409E-16
  0.8484250000000E+13   0.2972083390626E-16
  0.8697300000000E+13   0.2919327975904E-16
  0.8915700000000E+13   0.2864100106427E-16
  0.9139590000000E+13   0.2812220435009E-16
  0.9369100000000E+13   0.2759472807600E-16
  0.9604380000000E+13   0.2708258507426E-16
  0.9845560000000E+13   0.2658652897344E-16
  0.1009280000000E+14   0.2608038685752E-16
  0.1034620000000E+14   0.2558575040103E-16
  0.1060610000000E+14   0.2507750396366E-16
  0.1087240000000E+14   0.2461283428754E-16
  0.1114540000000E+14   0.2414332707714E-16
  0.1142530000000E+14   0.2369261997073E-16
  0.1171220000000E+14   0.2325388427626E-16
  0.1200630000000E+14   0.2280553031811E-16
  0.1230780000000E+14   0.2236431871630E-16
  0.1261690000000E+14   0.2190679795466E-16
  0.1293370000000E+14   0.2150327956994E-16
  0.1325850000000E+14   0.2108822621472E-16
  0.1359150000000E+14   0.2068614746531E-16
  0.1393280000000E+14   0.2028655422377E-16
  0.1428260000000E+14   0.1988877728842E-16
  0.1464130000000E+14   0.1953612093291E-16
  0.1500900000000E+14   0.1915855257927E-16
  0.1538590000000E+14   0.1865906970845E-16
  0.1577220000000E+14   0.1814364864403E-16
  0.1616830000000E+14   0.1730841874975E-16
  0.1657430000000E+14   0.1631424332611E-16
  0.1699050000000E+14   0.1524956850342E-16
  0.1741720000000E+14   0.1395171439919E-16
  0.1785460000000E+14   0.1273360620203E-16
  0.1830290000000E+14   0.1145978278190E-16
  0.1876260000000E+14   0.1026627017713E-16
  0.1923370000000E+14   0.9203001274719E-17
  0.1971670000000E+14   0.8239598934640E-17
  0.2021180000000E+14   0.7403164001400E-17
  0.2071940000000E+14   0.6747300112864E-17
  0.2123970000000E+14   0.6147276239166E-17
  0.2177310000000E+14   0.6069468120444E-17
  0.2231980000000E+14   0.5979548506643E-17
  0.2288030000000E+14   0.6036733268914E-17
  0.2345490000000E+14   0.6127232008999E-17
  0.2404390000000E+14   0.6229022357226E-17
  0.2464770000000E+14   0.6368975238839E-17
  0.2526660000000E+14   0.6470700275034E-17
  0.2590110000000E+14   0.6591652369636E-17
  0.2655150000000E+14   0.6674294242910E-17
  0.2721830000000E+14   0.6825530469010E-17
  0.2790180000000E+14   0.6971780967328E-17
  0.2860240000000E+14   0.7044993464993E-17
  0.2932070000000E+14   0.7040733261148E-17
  0.3005700000000E+14   0.7007079959806E-17
  0.3081180000000E+14   0.6830528417413E-17
  0.3158550000000E+14   0.6659863577956E-17
  0.3237870000000E+14   0.5966195991096E-17
  0.3319170000000E+14   0.5159762358472E-17
  0.3402530000000E+14   0.4418553213842E-17
  0.3487970000000E+14   0.3737151553489E-17
  0.3575560000000E+14   0.3102443424062E-17
  0.3665350000000E+14   0.2533637780476E-17
  0.3757390000000E+14   0.1985960164505E-17
  0.3851740000000E+14   0.1654392054012E-17
  0.3948470000000E+14   0.1386065588683E-17
  0.4047620000000E+14   0.1215169786821E-17
  0.4149260000000E+14   0.1156102821748E-17
  0.4253460000000E+14   0.1106459259086E-17
  0.4360270000000E+14   0.1092845389892E-17
  0.4469770000000E+14   0.1081337070439E-17
  0.4582010000000E+14   0.1072130174954E-17
  0.4697070000000E+14   0.1064652349475E-17
  0.4815020000000E+14   0.1057560757816E-17
  0.4935940000000E+14   0.1050712025985E-17
  0.5059890000000E+14   0.1045088021438E-17
  0.5186950000000E+14   0.1041109050130E-17
  0.5317200000000E+14   0.1037799373013E-17
  0.5450730000000E+14   0.1036520236884E-17
  0.6258450000000E+14   0.1042991613105E-17
  0.7185870000000E+14   0.1057806967302E-17
  0.8250720000000E+14   0.1060855140983E-17
  0.9473370000000E+14   0.1047678944277E-17
  0.1087720000000E+15   0.1023851645748E-17
  0.1248910000000E+15   0.9993131200825E-18
  0.1433980000000E+15   0.9834480894340E-18
  0.1646470000000E+15   0.9857224177528E-18
  0.1890460000000E+15   0.1015206700642E-17
  0.2170600000000E+15   0.1074228436017E-17
  0.2492250000000E+15   0.1164612231345E-17
  0.2861570000000E+15   0.1284593431431E-17
  0.3285620000000E+15   0.1427186586543E-17
  0.3772500000000E+15   0.1580263618677E-17
  0.4331540000000E+15   0.1725277146713E-17
  0.4973410000000E+15   0.1837805341542E-17
  0.5710410000000E+15   0.1890933032298E-17
  0.6556610000000E+15   0.1861314623112E-17
  0.7528220000000E+15   0.1735513697079E-17
  0.8643800000000E+15   0.1518126912671E-17
  0.9924690000000E+15   0.1232769897724E-17
  0.1139540000000E+16   0.9151476423701E-18
  0.1308400000000E+16   0.6148707917189E-18
  0.1502290000000E+16   0.3671201409932E-18
  0.1724910000000E+16   0.1911381035347E-18
  0.1980520000000E+16   0.8480772665109E-19
  0.2274010000000E+16   0.3139036012461E-19
  0.2610990000000E+16   0.9430141739035E-20
  0.2997900000000E+16   0.2229294123254E-20
