mstar = 2 Msun, Rstar = 2.5 Rsun, Tstar = 10000, mdisk = 0.0087307 Msun, Rc = 150 AU, Rin = 0.5 AU, Rout = 250 AU, inclination = 45 degree, powerlaw = -0.5 
         130
  
  0.2997900000000E+11   0.1081643754321E-22
  0.3951060000000E+11   0.2464494967468E-22
  0.5207280000000E+11   0.5608762999521E-22
  0.6862910000000E+11   0.1274387685713E-21
  0.9044930000000E+11   0.2889185870164E-21
  0.1192070000000E+12   0.6530632797920E-21
  0.1571080000000E+12   0.1470306939855E-20
  0.2070600000000E+12   0.3292678366827E-20
  0.2728930000000E+12   0.7321499593457E-20
  0.3596580000000E+12   0.1758275306545E-19
  0.4740100000000E+12   0.5032056206309E-19
  0.6247180000000E+12   0.1414294880524E-18
  0.8233440000000E+12   0.3869862724504E-18
  0.1085120000000E+13   0.1021276337389E-17
  0.1430130000000E+13   0.2555889785810E-17
  0.1884830000000E+13   0.5932549790847E-17
  0.2484100000000E+13   0.1234886050943E-16
  0.3273910000000E+13   0.2192290993632E-16
  0.4314820000000E+13   0.3143114361548E-16
  0.5686700000000E+13   0.3515610647104E-16
  0.7494750000000E+13   0.3249892555812E-16
  0.7682960000000E+13   0.3210507958990E-16
  0.7875890000000E+13   0.3169045621594E-16
  0.8073670000000E+13   0.3125304470828E-16
  0.8276410000000E+13   0.3079561695788E-16
  0.8484250000000E+13   0.3032488926225E-16
  0.8697300000000E+13   0.2988183105713E-16
  0.8915700000000E+13   0.2941776959729E-16
  0.9139590000000E+13   0.2899535067558E-16
  0.9369100000000E+13   0.2856328123654E-16
  0.9604380000000E+13   0.2814600772735E-16
  0.9845560000000E+13   0.2774172697383E-16
  0.1009280000000E+14   0.2731829869943E-16
  0.1034620000000E+14   0.2689883874173E-16
  0.1060610000000E+14   0.2645386583762E-16
  0.1087240000000E+14   0.2604742819370E-16
  0.1114540000000E+14   0.2562456379310E-16
  0.1142530000000E+14   0.2521198962405E-16
  0.1171220000000E+14   0.2480238564352E-16
  0.1200630000000E+14   0.2437260528525E-16
  0.1230780000000E+14   0.2394210530944E-16
  0.1261690000000E+14   0.2348612853064E-16
  0.1293370000000E+14   0.2308236883410E-16
  0.1325850000000E+14   0.2266003143932E-16
  0.1359150000000E+14   0.2224668959721E-16
  0.1393280000000E+14   0.2183170204924E-16
  0.1428260000000E+14   0.2141511282627E-16
  0.1464130000000E+14   0.2104419335777E-16
  0.1500900000000E+14   0.2064398087927E-16
  0.1538590000000E+14   0.2011077184455E-16
  0.1577220000000E+14   0.1955898511573E-16
  0.1616830000000E+14   0.1866255015691E-16
  0.1657430000000E+14   0.1759447169742E-16
  0.1699050000000E+14   0.1644975801807E-16
  0.1741720000000E+14   0.1505350547064E-16
  0.1785460000000E+14   0.1374206579731E-16
  0.1830290000000E+14   0.1236945683805E-16
  0.1876260000000E+14   0.1108227761544E-16
  0.1923370000000E+14   0.9934710398125E-17
  0.1971670000000E+14   0.8894045921073E-17
  0.2021180000000E+14   0.7989772873590E-17
  0.2071940000000E+14   0.7280167756797E-17
  0.2123970000000E+14   0.6630533881650E-17
  0.2177310000000E+14   0.6546696383680E-17
  0.2231980000000E+14   0.6448604394420E-17
  0.2288030000000E+14   0.6508182557353E-17
  0.2345490000000E+14   0.6602413524920E-17
  0.2404390000000E+14   0.6707801847341E-17
  0.2464770000000E+14   0.6853683886329E-17
  0.2526660000000E+14   0.6958052217610E-17
  0.2590110000000E+14   0.7082594984618E-17
  0.2655150000000E+14   0.7165855463741E-17
  0.2721830000000E+14   0.7322602340240E-17
  0.2790180000000E+14   0.7473722910903E-17
  0.2860240000000E+14   0.7546058563152E-17
  0.2932070000000E+14   0.7535233480137E-17
  0.3005700000000E+14   0.7492781625466E-17
  0.3081180000000E+14   0.7297505753359E-17
  0.3158550000000E+14   0.7108510380397E-17
  0.3237870000000E+14   0.6361331636758E-17
  0.3319170000000E+14   0.5493876262990E-17
  0.3402530000000E+14   0.4696112358361E-17
  0.3487970000000E+14   0.3963286426178E-17
  0.3575560000000E+14   0.3281273129478E-17
  0.3665350000000E+14   0.2670568827558E-17
  0.3757390000000E+14   0.2083642864358E-17
  0.3851740000000E+14   0.1727575789694E-17
  0.3948470000000E+14   0.1439589553015E-17
  0.4047620000000E+14   0.1256028085826E-17
  0.4149260000000E+14   0.1191890363856E-17
  0.4253460000000E+14   0.1138182383942E-17
  0.4360270000000E+14   0.1122516489060E-17
  0.4469770000000E+14   0.1109239346856E-17
  0.4582010000000E+14   0.1098548785746E-17
  0.4697070000000E+14   0.1089842354382E-17
  0.4815020000000E+14   0.1081735148780E-17
  0.4935940000000E+14   0.1074081320165E-17
  0.5059890000000E+14   0.1067882044557E-17
  0.5186950000000E+14   0.1063547164007E-17
  0.5317200000000E+14   0.1060067486722E-17
  0.5450730000000E+14   0.1058799884378E-17
  0.6258450000000E+14   0.1067486706859E-17
  0.7185870000000E+14   0.1086181179789E-17
  0.8250720000000E+14   0.1092712505783E-17
  0.9473370000000E+14   0.1081055889780E-17
  0.1087720000000E+15   0.1055735041940E-17
  0.1248910000000E+15   0.1026491120397E-17
  0.1433980000000E+15   0.1003364585480E-17
  0.1646470000000E+15   0.9972246175618E-18
  0.1890460000000E+15   0.1018910032318E-17
  0.2170600000000E+15   0.1072100721240E-17
  0.2492250000000E+15   0.1159212337892E-17
  0.2861570000000E+15   0.1278180232900E-17
  0.3285620000000E+15   0.1421430288652E-17
  0.3772500000000E+15   0.1576112072193E-17
  0.4331540000000E+15   0.1722774736164E-17
  0.4973410000000E+15   0.1836295388757E-17
  0.5710410000000E+15   0.1889634220276E-17
  0.6556610000000E+15   0.1859690331741E-17
  0.7528220000000E+15   0.1733152525628E-17
  0.8643800000000E+15   0.1515256646606E-17
  0.9924690000000E+15   0.1230137409379E-17
  0.1139540000000E+16   0.9124499197561E-18
  0.1308400000000E+16   0.6131705356852E-18
  0.1502290000000E+16   0.3662810509308E-18
  0.1724910000000E+16   0.1908105326103E-18
  0.1980520000000E+16   0.8465434277778E-19
  0.2274010000000E+16   0.3133489708780E-19
  0.2610990000000E+16   0.9413787184920E-20
  0.2997900000000E+16   0.2225482808230E-20
