mstar = 2 Msun, Rstar = 2.5 Rsun, Tstar = 10000, mdisk = 0.0071089 Msun, Rc = 150 AU, Rin = 0.5 AU, Rout = 250 AU, inclination = 45 degree, powerlaw = -0.5 
         130
  
  0.2997900000000E+11   0.9006493990512E-23
  0.3951060000000E+11   0.2052066758469E-22
  0.5207280000000E+11   0.4670355607155E-22
  0.6862910000000E+11   0.1061286571106E-21
  0.9044930000000E+11   0.2406510024549E-21
  0.1192070000000E+12   0.5441116266930E-21
  0.1571080000000E+12   0.1225492496761E-20
  0.2070600000000E+12   0.2745903729508E-20
  0.2728930000000E+12   0.6110157082976E-20
  0.3596580000000E+12   0.1468896974187E-19
  0.4740100000000E+12   0.4210836164317E-19
  0.6247180000000E+12   0.1186413183361E-18
  0.8233440000000E+12   0.3258497589031E-18
  0.1085120000000E+13   0.8649154287454E-18
  0.1430130000000E+13   0.2184138085920E-17
  0.1884830000000E+13   0.5141530386947E-17
  0.2484100000000E+13   0.1093825651850E-16
  0.3273910000000E+13   0.2005459653695E-16
  0.4314820000000E+13   0.2999111003547E-16
  0.5686700000000E+13   0.3485086949738E-16
  0.7494750000000E+13   0.3245240216981E-16
  0.7682960000000E+13   0.3202733273688E-16
  0.7875890000000E+13   0.3157779416290E-16
  0.8073670000000E+13   0.3110345685615E-16
  0.8276410000000E+13   0.3060842457518E-16
  0.8484250000000E+13   0.3010034018044E-16
  0.8697300000000E+13   0.2961914395740E-16
  0.8915700000000E+13   0.2911958060177E-16
  0.9139590000000E+13   0.2866191058644E-16
  0.9369100000000E+13   0.2819810313799E-16
  0.9604380000000E+13   0.2775187119143E-16
  0.9845560000000E+13   0.2732187966775E-16
  0.1009280000000E+14   0.2687755746030E-16
  0.1034620000000E+14   0.2644096965905E-16
  0.1060610000000E+14   0.2598362212146E-16
  0.1087240000000E+14   0.2556691139019E-16
  0.1114540000000E+14   0.2513766792987E-16
  0.1142530000000E+14   0.2472130359663E-16
  0.1171220000000E+14   0.2431041474253E-16
  0.1200630000000E+14   0.2388217833780E-16
  0.1230780000000E+14   0.2345511114288E-16
  0.1261690000000E+14   0.2300483378343E-16
  0.1293370000000E+14   0.2260654580405E-16
  0.1325850000000E+14   0.2219121976509E-16
  0.1359150000000E+14   0.2178543185952E-16
  0.1393280000000E+14   0.2137867080051E-16
  0.1428260000000E+14   0.2097079060801E-16
  0.1464130000000E+14   0.2060772711431E-16
  0.1500900000000E+14   0.2021634336663E-16
  0.1538590000000E+14   0.1969548541237E-16
  0.1577220000000E+14   0.1915660043572E-16
  0.1616830000000E+14   0.1828179628364E-16
  0.1657430000000E+14   0.1723965059860E-16
  0.1699050000000E+14   0.1612275642636E-16
  0.1741720000000E+14   0.1476055479328E-16
  0.1785460000000E+14   0.1348085981044E-16
  0.1830290000000E+14   0.1214133366068E-16
  0.1876260000000E+14   0.1088490762623E-16
  0.1923370000000E+14   0.9764216821141E-17
  0.1971670000000E+14   0.8747443507155E-17
  0.2021180000000E+14   0.7863557878733E-17
  0.2071940000000E+14   0.7169526604524E-17
  0.2123970000000E+14   0.6533859051315E-17
  0.2177310000000E+14   0.6450298141059E-17
  0.2231980000000E+14   0.6353004457844E-17
  0.2288030000000E+14   0.6409855851056E-17
  0.2345490000000E+14   0.6500822919814E-17
  0.2404390000000E+14   0.6602960596288E-17
  0.2464770000000E+14   0.6744575207366E-17
  0.2526660000000E+14   0.6845835398287E-17
  0.2590110000000E+14   0.6967066905062E-17
  0.2655150000000E+14   0.7048076072742E-17
  0.2721830000000E+14   0.7201100134091E-17
  0.2790180000000E+14   0.7348575687106E-17
  0.2860240000000E+14   0.7419540396959E-17
  0.2932070000000E+14   0.7409587234625E-17
  0.3005700000000E+14   0.7368851010741E-17
  0.3081180000000E+14   0.7178658769210E-17
  0.3158550000000E+14   0.6994717242570E-17
  0.3237870000000E+14   0.6263762656748E-17
  0.3319170000000E+14   0.5414722240159E-17
  0.3402530000000E+14   0.4633445122384E-17
  0.3487970000000E+14   0.3915225638267E-17
  0.3575560000000E+14   0.3246449192106E-17
  0.3665350000000E+14   0.2647272442775E-17
  0.3757390000000E+14   0.2070861356466E-17
  0.3851740000000E+14   0.1719795334189E-17
  0.3948470000000E+14   0.1434483258246E-17
  0.4047620000000E+14   0.1251892077811E-17
  0.4149260000000E+14   0.1187658435667E-17
  0.4253460000000E+14   0.1133667375169E-17
  0.4360270000000E+14   0.1117606271484E-17
  0.4469770000000E+14   0.1103901180262E-17
  0.4582010000000E+14   0.1092759435248E-17
  0.4697070000000E+14   0.1083583744737E-17
  0.4815020000000E+14   0.1074984585566E-17
  0.4935940000000E+14   0.1066817727580E-17
  0.5059890000000E+14   0.1060095315195E-17
  0.5186950000000E+14   0.1055241765304E-17
  0.5317200000000E+14   0.1051242428725E-17
  0.5450730000000E+14   0.1049481728047E-17
  0.6258450000000E+14   0.1055875457253E-17
  0.7185870000000E+14   0.1073267998194E-17
  0.8250720000000E+14   0.1079436239912E-17
  0.9473370000000E+14   0.1068432236388E-17
  0.1087720000000E+15   0.1044905963502E-17
  0.1248910000000E+15   0.1018437468119E-17
  0.1433980000000E+15   0.9985981248093E-18
  0.1646470000000E+15   0.9956450755561E-18
  0.1890460000000E+15   0.1019881690631E-17
  0.2170600000000E+15   0.1074733513582E-17
  0.2492250000000E+15   0.1162607955920E-17
  0.2861570000000E+15   0.1281580648485E-17
  0.3285620000000E+15   0.1424238745037E-17
  0.3772500000000E+15   0.1578010365691E-17
  0.4331540000000E+15   0.1723846434596E-17
  0.4973410000000E+15   0.1836898811080E-17
  0.5710410000000E+15   0.1890124536956E-17
  0.6556610000000E+15   0.1860289175545E-17
  0.7528220000000E+15   0.1734017722665E-17
  0.8643800000000E+15   0.1516307199421E-17
  0.9924690000000E+15   0.1231100762355E-17
  0.1139540000000E+16   0.9134368783630E-18
  0.1308400000000E+16   0.6137926079698E-18
  0.1502290000000E+16   0.3665880954117E-18
  0.1724910000000E+16   0.1909304209518E-18
  0.1980520000000E+16   0.8471047835964E-19
  0.2274010000000E+16   0.3135519577394E-19
  0.2610990000000E+16   0.9419772782116E-20
  0.2997900000000E+16   0.2226877720915E-20
