mstar = 2 Msun, Rstar = 2.5 Rsun, Tstar = 10000, mdisk = 0.0015025 Msun, Rc = 150 AU, Rin = 0.5 AU, Rout = 250 AU, inclination = 45 degree, powerlaw = -0.5 
         130
  
  0.2997900000000E+11   0.2225130765029E-23
  0.3951060000000E+11   0.5061503920796E-23
  0.5207280000000E+11   0.1150908523521E-22
  0.6862910000000E+11   0.2614645274233E-22
  0.9044930000000E+11   0.5931128177878E-22
  0.1192070000000E+12   0.1342465684337E-21
  0.1571080000000E+12   0.3029194232715E-21
  0.2070600000000E+12   0.6806231252157E-21
  0.2728930000000E+12   0.1520495374215E-20
  0.3596580000000E+12   0.3675807380402E-20
  0.4740100000000E+12   0.1062696597377E-19
  0.6247180000000E+12   0.3031708880737E-19
  0.8233440000000E+12   0.8481135080042E-19
  0.1085120000000E+13   0.2313973695104E-18
  0.1430130000000E+13   0.6092817850507E-18
  0.1884830000000E+13   0.1529817391131E-17
  0.2484100000000E+13   0.3598619537946E-17
  0.3273910000000E+13   0.7705304130156E-17
  0.4314820000000E+13   0.1451054970568E-16
  0.5686700000000E+13   0.2273161235354E-16
  0.7494750000000E+13   0.2773420283692E-16
  0.7682960000000E+13   0.2784579424937E-16
  0.7875890000000E+13   0.2788278639074E-16
  0.8073670000000E+13   0.2784191722285E-16
  0.8276410000000E+13   0.2772680220472E-16
  0.8484250000000E+13   0.2754614431024E-16
  0.8697300000000E+13   0.2734418224017E-16
  0.8915700000000E+13   0.2707065616843E-16
  0.9139590000000E+13   0.2679051952602E-16
  0.9369100000000E+13   0.2645451661770E-16
  0.9604380000000E+13   0.2608919772020E-16
  0.9845560000000E+13   0.2569567790626E-16
  0.1009280000000E+14   0.2525006452075E-16
  0.1034620000000E+14   0.2477763785918E-16
  0.1060610000000E+14   0.2425919276022E-16
  0.1087240000000E+14   0.2375139478832E-16
  0.1114540000000E+14   0.2321478982437E-16
  0.1142530000000E+14   0.2267499518204E-16
  0.1171220000000E+14   0.2213080580294E-16
  0.1200630000000E+14   0.2156953408817E-16
  0.1230780000000E+14   0.2100963257181E-16
  0.1261690000000E+14   0.2043672200547E-16
  0.1293370000000E+14   0.1990978362904E-16
  0.1325850000000E+14   0.1938027415230E-16
  0.1359150000000E+14   0.1887006357658E-16
  0.1393280000000E+14   0.1837314316217E-16
  0.1428260000000E+14   0.1789052662592E-16
  0.1464130000000E+14   0.1745726890413E-16
  0.1500900000000E+14   0.1701901601727E-16
  0.1538590000000E+14   0.1649780603759E-16
  0.1577220000000E+14   0.1597645388920E-16
  0.1616830000000E+14   0.1520796864791E-16
  0.1657430000000E+14   0.1431872744902E-16
  0.1699050000000E+14   0.1337883713975E-16
  0.1741720000000E+14   0.1225571483964E-16
  0.1785460000000E+14   0.1120291020754E-16
  0.1830290000000E+14   0.1011075308769E-16
  0.1876260000000E+14   0.9089092552729E-17
  0.1923370000000E+14   0.8177588795778E-17
  0.1971670000000E+14   0.7351010193827E-17
  0.2021180000000E+14   0.6630405943361E-17
  0.2071940000000E+14   0.6057730684748E-17
  0.2123970000000E+14   0.5533393703341E-17
  0.2177310000000E+14   0.5430698722815E-17
  0.2231980000000E+14   0.5324944141595E-17
  0.2288030000000E+14   0.5345989991565E-17
  0.2345490000000E+14   0.5402966339618E-17
  0.2404390000000E+14   0.5477427420073E-17
  0.2464770000000E+14   0.5591538050138E-17
  0.2526660000000E+14   0.5679427976213E-17
  0.2590110000000E+14   0.5788585671840E-17
  0.2655150000000E+14   0.5868495903555E-17
  0.2721830000000E+14   0.6011129369372E-17
  0.2790180000000E+14   0.6152187519090E-17
  0.2860240000000E+14   0.6231230126196E-17
  0.2932070000000E+14   0.6243353397155E-17
  0.3005700000000E+14   0.6230450325515E-17
  0.3081180000000E+14   0.6091453414130E-17
  0.3158550000000E+14   0.5957617699221E-17
  0.3237870000000E+14   0.5357717870202E-17
  0.3319170000000E+14   0.4655445630481E-17
  0.3402530000000E+14   0.4008805907286E-17
  0.3487970000000E+14   0.3412980590105E-17
  0.3575560000000E+14   0.2856478323022E-17
  0.3665350000000E+14   0.2356654249395E-17
  0.3757390000000E+14   0.1872916543905E-17
  0.3851740000000E+14   0.1579169077289E-17
  0.3948470000000E+14   0.1337896628374E-17
  0.4047620000000E+14   0.1180924375606E-17
  0.4149260000000E+14   0.1126213731528E-17
  0.4253460000000E+14   0.1079215070420E-17
  0.4360270000000E+14   0.1066787436104E-17
  0.4469770000000E+14   0.1056157739829E-17
  0.4582010000000E+14   0.1047542982165E-17
  0.4697070000000E+14   0.1040388050328E-17
  0.4815020000000E+14   0.1033324669798E-17
  0.4935940000000E+14   0.1026196398035E-17
  0.5059890000000E+14   0.1020047687111E-17
  0.5186950000000E+14   0.1015375918649E-17
  0.5317200000000E+14   0.1011180516804E-17
  0.5450730000000E+14   0.1008991319986E-17
  0.6258450000000E+14   0.1009947482845E-17
  0.7185870000000E+14   0.1020708087405E-17
  0.8250720000000E+14   0.1021907942599E-17
  0.9473370000000E+14   0.1009908870961E-17
  0.1087720000000E+15   0.9907568695687E-18
  0.1248910000000E+15   0.9736715808081E-18
  0.1433980000000E+15   0.9665873902009E-18
  0.1646470000000E+15   0.9774746056387E-18
  0.1890460000000E+15   0.1014287036847E-17
  0.2170600000000E+15   0.1078749660923E-17
  0.2492250000000E+15   0.1172212316451E-17
  0.2861570000000E+15   0.1292844812895E-17
  0.3285620000000E+15   0.1434277671873E-17
  0.3772500000000E+15   0.1585457392357E-17
  0.4331540000000E+15   0.1728705562642E-17
  0.4973410000000E+15   0.1840069955696E-17
  0.5710410000000E+15   0.1892818164522E-17
  0.6556610000000E+15   0.1863507829301E-17
  0.7528220000000E+15   0.1738611469276E-17
  0.8643800000000E+15   0.1521873748517E-17
  0.9924690000000E+15   0.1236205086373E-17
  0.1139540000000E+16   0.9186709894791E-18
  0.1308400000000E+16   0.6170909208200E-18
  0.1502290000000E+16   0.3682151859564E-18
  0.1724910000000E+16   0.1915653144254E-18
  0.1980520000000E+16   0.8500778843806E-19
  0.2274010000000E+16   0.3146269824079E-19
  0.2610990000000E+16   0.9451471497453E-20
  0.2997900000000E+16   0.2234264733849E-20
