mstar = 2 Msun, Rstar = 2.5 Rsun, Tstar = 10000, mdisk = 0.0031796 Msun, Rc = 150 AU, Rin = 0.5 AU, Rout = 250 AU, inclination = 45 degree, powerlaw = -1 
         130
  
  0.2997900000000E+11   0.4363875127915E-23
  0.3951060000000E+11   0.9938338578645E-23
  0.5207280000000E+11   0.2261545222350E-22
  0.6862910000000E+11   0.5139772884895E-22
  0.9044930000000E+11   0.1165958225386E-21
  0.1192070000000E+12   0.2638219586672E-21
  0.1571080000000E+12   0.5948835705412E-21
  0.2070600000000E+12   0.1335111383516E-20
  0.2728930000000E+12   0.2977612205870E-20
  0.3596580000000E+12   0.7181303367153E-20
  0.4740100000000E+12   0.2068876185357E-19
  0.6247180000000E+12   0.5871989212370E-19
  0.8233440000000E+12   0.1630481416437E-18
  0.1085120000000E+13   0.4400252793283E-18
  0.1430130000000E+13   0.1139943929651E-17
  0.1884830000000E+13   0.2792699527130E-17
  0.2484100000000E+13   0.6325077365016E-17
  0.3273910000000E+13   0.1276935573321E-16
  0.4314820000000E+13   0.2195965967134E-16
  0.5686700000000E+13   0.3016704171138E-16
  0.7494750000000E+13   0.3153607946309E-16
  0.7682960000000E+13   0.3125645281203E-16
  0.7875890000000E+13   0.3091342712773E-16
  0.8073670000000E+13   0.3050897636971E-16
  0.8276410000000E+13   0.3005051528122E-16
  0.8484250000000E+13   0.2954918503477E-16
  0.8697300000000E+13   0.2904610045917E-16
  0.8915700000000E+13   0.2850165181396E-16
  0.9139590000000E+13   0.2797470055602E-16
  0.9369100000000E+13   0.2742518126191E-16
  0.9604380000000E+13   0.2687827759270E-16
  0.9845560000000E+13   0.2633662460623E-16
  0.1009280000000E+14   0.2577814861736E-16
  0.1034620000000E+14   0.2522557286410E-16
  0.1060610000000E+14   0.2465809053112E-16
  0.1087240000000E+14   0.2413031576311E-16
  0.1114540000000E+14   0.2359978933541E-16
  0.1142530000000E+14   0.2308973404739E-16
  0.1171220000000E+14   0.2259531692093E-16
  0.1200630000000E+14   0.2209793482508E-16
  0.1230780000000E+14   0.2161355173146E-16
  0.1261690000000E+14   0.2112103238068E-16
  0.1293370000000E+14   0.2068516492330E-16
  0.1325850000000E+14   0.2024567178772E-16
  0.1359150000000E+14   0.1982489638298E-16
  0.1393280000000E+14   0.1941273858380E-16
  0.1428260000000E+14   0.1900805468857E-16
  0.1464130000000E+14   0.1865090320332E-16
  0.1500900000000E+14   0.1827500253509E-16
  0.1538590000000E+14   0.1778792516421E-16
  0.1577220000000E+14   0.1728865169148E-16
  0.1616830000000E+14   0.1648877994660E-16
  0.1657430000000E+14   0.1553958670639E-16
  0.1699050000000E+14   0.1452446376376E-16
  0.1741720000000E+14   0.1328914101137E-16
  0.1785460000000E+14   0.1213016157533E-16
  0.1830290000000E+14   0.1091925861587E-16
  0.1876260000000E+14   0.9785337477429E-17
  0.1923370000000E+14   0.8775400766905E-17
  0.1971670000000E+14   0.7860352823046E-17
  0.2021180000000E+14   0.7065731164515E-17
  0.2071940000000E+14   0.6441549461418E-17
  0.2123970000000E+14   0.5870352497286E-17
  0.2177310000000E+14   0.5791900151823E-17
  0.2231980000000E+14   0.5703823038867E-17
  0.2288030000000E+14   0.5756764922236E-17
  0.2345490000000E+14   0.5843283514490E-17
  0.2404390000000E+14   0.5942080055794E-17
  0.2464770000000E+14   0.6078457078551E-17
  0.2526660000000E+14   0.6179392372953E-17
  0.2590110000000E+14   0.6299440632488E-17
  0.2655150000000E+14   0.6383335178218E-17
  0.2721830000000E+14   0.6533466360692E-17
  0.2790180000000E+14   0.6679115774871E-17
  0.2860240000000E+14   0.6754755888534E-17
  0.2932070000000E+14   0.6756200383371E-17
  0.3005700000000E+14   0.6729607352404E-17
  0.3081180000000E+14   0.6565628122277E-17
  0.3158550000000E+14   0.6407297587427E-17
  0.3237870000000E+14   0.5745014673529E-17
  0.3319170000000E+14   0.4973836767897E-17
  0.3402530000000E+14   0.4264460647163E-17
  0.3487970000000E+14   0.3611964627946E-17
  0.3575560000000E+14   0.3003836225062E-17
  0.3665350000000E+14   0.2458431548346E-17
  0.3757390000000E+14   0.1932484878080E-17
  0.3851740000000E+14   0.1614723467553E-17
  0.3948470000000E+14   0.1356548663466E-17
  0.4047620000000E+14   0.1190815098023E-17
  0.4149260000000E+14   0.1134147837064E-17
  0.4253460000000E+14   0.1086227107314E-17
  0.4360270000000E+14   0.1074118298556E-17
  0.4469770000000E+14   0.1063938338848E-17
  0.4582010000000E+14   0.1055898970855E-17
  0.4697070000000E+14   0.1049430800677E-17
  0.4815020000000E+14   0.1043167191600E-17
  0.4935940000000E+14   0.1036962435251E-17
  0.5059890000000E+14   0.1031842165541E-17
  0.5186950000000E+14   0.1028269032385E-17
  0.5317200000000E+14   0.1025247533067E-17
  0.5450730000000E+14   0.1024231238996E-17
  0.6258450000000E+14   0.1031488140063E-17
  0.7185870000000E+14   0.1046794450156E-17
  0.8250720000000E+14   0.1050184325076E-17
  0.9473370000000E+14   0.1037569759179E-17
  0.1087720000000E+15   0.1014892158183E-17
  0.1248910000000E+15   0.9921469604823E-18
  0.1433980000000E+15   0.9785823714161E-18
  0.1646470000000E+15   0.9834126088883E-18
  0.1890460000000E+15   0.1015318159375E-17
  0.2170600000000E+15   0.1076173109665E-17
  0.2492250000000E+15   0.1167449017520E-17
  0.2861570000000E+15   0.1287481382316E-17
  0.3285620000000E+15   0.1429652303053E-17
  0.3772500000000E+15   0.1582123594373E-17
  0.4331540000000E+15   0.1726531586800E-17
  0.4973410000000E+15   0.1838631825410E-17
  0.5710410000000E+15   0.1891624339464E-17
  0.6556610000000E+15   0.1862132957903E-17
  0.7528220000000E+15   0.1736680584673E-17
  0.8643800000000E+15   0.1519541282544E-17
  0.9924690000000E+15   0.1234066896379E-17
  0.1139540000000E+16   0.9164775418932E-18
  0.1308400000000E+16   0.6157088523651E-18
  0.1502290000000E+16   0.3675335823309E-18
  0.1724910000000E+16   0.1912994372287E-18
  0.1980520000000E+16   0.8488327590810E-19
  0.2274010000000E+16   0.3141767760264E-19
  0.2610990000000E+16   0.9438196730576E-20
  0.2997900000000E+16   0.2231171248430E-20
