         130
  
  0.2997900000000E+11   0.8061816186724E-23
  0.3951060000000E+11   0.1836770587765E-22
  0.5207280000000E+11   0.4180383930402E-22
  0.6862910000000E+11   0.9499887762858E-22
  0.9044930000000E+11   0.2154326408039E-21
  0.1192070000000E+12   0.4871597658759E-21
  0.1571080000000E+12   0.1097438098829E-20
  0.2070600000000E+12   0.2459654932807E-20
  0.2728930000000E+12   0.5475256078042E-20
  0.3596580000000E+12   0.1316973240524E-19
  0.4740100000000E+12   0.3778556205541E-19
  0.6247180000000E+12   0.1065985110087E-18
  0.8233440000000E+12   0.2933432346326E-18
  0.1085120000000E+13   0.7809658261004E-18
  0.1430130000000E+13   0.1981378930036E-17
  0.1884830000000E+13   0.4698678155636E-17
  0.2484100000000E+13   0.1011214479385E-16
  0.3273910000000E+13   0.1886610135123E-16
  0.4314820000000E+13   0.2889800733109E-16
  0.5686700000000E+13   0.3441590518946E-16
  0.7494750000000E+13   0.3233194084456E-16
  0.7682960000000E+13   0.3189746904066E-16
  0.7875890000000E+13   0.3143416319393E-16
  0.8073670000000E+13   0.3094262597722E-16
  0.8276410000000E+13   0.3042785812097E-16
  0.8484250000000E+13   0.2989824995062E-16
  0.8697300000000E+13   0.2939368212333E-16
  0.8915700000000E+13   0.2887056902272E-16
  0.9139590000000E+13   0.2838847148232E-16
  0.9369100000000E+13   0.2790106583957E-16
  0.9604380000000E+13   0.2743204551566E-16
  0.9845560000000E+13   0.2698056617572E-16
  0.1009280000000E+14   0.2651709782849E-16
  0.1034620000000E+14   0.2606341730600E-16
  0.1060610000000E+14   0.2559172112187E-16
  0.1087240000000E+14   0.2516220675869E-16
  0.1114540000000E+14   0.2472272622550E-16
  0.1142530000000E+14   0.2429814317634E-16
  0.1171220000000E+14   0.2388107611200E-16
  0.1200630000000E+14   0.2344889819847E-16
  0.1230780000000E+14   0.2301960338684E-16
  0.1261690000000E+14   0.2256897134654E-16
  0.1293370000000E+14   0.2217099285778E-16
  0.1325850000000E+14   0.2175744600531E-16
  0.1359150000000E+14   0.2135437174557E-16
  0.1393280000000E+14   0.2095128972609E-16
  0.1428260000000E+14   0.2054795149077E-16
  0.1464130000000E+14   0.2018958349662E-16
  0.1500900000000E+14   0.1980392195891E-16
  0.1538590000000E+14   0.1929101409429E-16
  0.1577220000000E+14   0.1876083469307E-16
  0.1616830000000E+14   0.1789954905169E-16
  0.1657430000000E+14   0.1687366168124E-16
  0.1699050000000E+14   0.1577461986341E-16
  0.1741720000000E+14   0.1443428223804E-16
  0.1785460000000E+14   0.1317610002543E-16
  0.1830290000000E+14   0.1185965951327E-16
  0.1876260000000E+14   0.1062572246038E-16
  0.1923370000000E+14   0.9526254497832E-17
  0.1971670000000E+14   0.8529647624688E-17
  0.2021180000000E+14   0.7664152143945E-17
  0.2071940000000E+14   0.6985653025414E-17
  0.2123970000000E+14   0.6364719712256E-17
  0.2177310000000E+14   0.6286276986194E-17
  0.2231980000000E+14   0.6194512606922E-17
  0.2288030000000E+14   0.6254596646930E-17
  0.2345490000000E+14   0.6348484479161E-17
  0.2404390000000E+14   0.6453520573275E-17
  0.2464770000000E+14   0.6597765423960E-17
  0.2526660000000E+14   0.6702436798412E-17
  0.2590110000000E+14   0.6826719855714E-17
  0.2655150000000E+14   0.6911444034465E-17
  0.2721830000000E+14   0.7067141211680E-17
  0.2790180000000E+14   0.7217544016718E-17
  0.2860240000000E+14   0.7292532074343E-17
  0.2932070000000E+14   0.7287493912447E-17
  0.3005700000000E+14   0.7251975170165E-17
  0.3081180000000E+14   0.7068901342510E-17
  0.3158550000000E+14   0.6891892654589E-17
  0.3237870000000E+14   0.6174357278933E-17
  0.3319170000000E+14   0.5339469332908E-17
  0.3402530000000E+14   0.4571231243589E-17
  0.3487970000000E+14   0.3864346038852E-17
  0.3575560000000E+14   0.3205577390280E-17
  0.3665350000000E+14   0.2614870506680E-17
  0.3757390000000E+14   0.2045310609944E-17
  0.3851740000000E+14   0.1699117042023E-17
  0.3948470000000E+14   0.1417959164694E-17
  0.4047620000000E+14   0.1238579430871E-17
  0.4149260000000E+14   0.1176302602914E-17
  0.4253460000000E+14   0.1123964765185E-17
  0.4360270000000E+14   0.1109293305783E-17
  0.4469770000000E+14   0.1096864752278E-17
  0.4582010000000E+14   0.1086889822948E-17
  0.4697070000000E+14   0.1078773410494E-17
  0.4815020000000E+14   0.1071126410112E-17
  0.4935940000000E+14   0.1063805200509E-17
  0.5059890000000E+14   0.1057825666696E-17
  0.5186950000000E+14   0.1053623510291E-17
  0.5317200000000E+14   0.1050185608280E-17
  0.5450730000000E+14   0.1048914184652E-17
  0.6258450000000E+14   0.1056865589141E-17
  0.7185870000000E+14   0.1074428304088E-17
  0.8250720000000E+14   0.1080037732803E-17
  0.9473370000000E+14   0.1068292221784E-17
  0.1087720000000E+15   0.1044208686398E-17
  0.1248910000000E+15   0.1017598067667E-17
  0.1433980000000E+15   0.9981243623907E-18
  0.1646470000000E+15   0.9959262154242E-18
  0.1890460000000E+15   0.1021000884209E-17
  0.2170600000000E+15   0.1076437992646E-17
  0.2492250000000E+15   0.1164490468345E-17
  0.2861570000000E+15   0.1283293451051E-17
  0.3285620000000E+15   0.1425567400930E-17
  0.3772500000000E+15   0.1578883192998E-17
  0.4331540000000E+15   0.1724339345235E-17
  0.4973410000000E+15   0.1837185104119E-17
  0.5710410000000E+15   0.1890370362403E-17
  0.6556610000000E+15   0.1860599255458E-17
  0.7528220000000E+15   0.1734469644650E-17
  0.8643800000000E+15   0.1516856589347E-17
  0.9924690000000E+15   0.1231604614690E-17
  0.1139540000000E+16   0.9139531961194E-18
  0.1308400000000E+16   0.6141180222425E-18
  0.1502290000000E+16   0.3667486929212E-18
  0.1724910000000E+16   0.1909931177107E-18
  0.1980520000000E+16   0.8473983577832E-19
  0.2274010000000E+16   0.3136581132407E-19
  0.2610990000000E+16   0.9422903025533E-20
  0.2997900000000E+16   0.2227607203048E-20
