mstar = 2 Msun, Rstar = 2.5 Rsun, Tstar = 10000, mdisk = 0.00044134 Msun, Rc = 150 AU, Rin = 0.5 AU, Rout = 250 AU, inclination = 45 degree, powerlaw = -1 
         130
  
  0.2997900000000E+11   0.7594006179460E-24
  0.3951060000000E+11   0.1718201130221E-23
  0.5207280000000E+11   0.3891839407963E-23
  0.6862910000000E+11   0.8818063422273E-23
  0.9044930000000E+11   0.1997061704376E-22
  0.1192070000000E+12   0.4517005498263E-22
  0.1571080000000E+12   0.1019410248305E-21
  0.2070600000000E+12   0.2292955687572E-21
  0.2728930000000E+12   0.5133062289578E-21
  0.3596580000000E+12   0.1244799100986E-20
  0.4740100000000E+12   0.3615431137495E-20
  0.6247180000000E+12   0.1038668990076E-19
  0.8233440000000E+12   0.2935102497263E-19
  0.1085120000000E+13   0.8123879298108E-19
  0.1430130000000E+13   0.2183340092731E-18
  0.1884830000000E+13   0.5646198409671E-18
  0.2484100000000E+13   0.1386500735163E-17
  0.3273910000000E+13   0.3162590013028E-17
  0.4314820000000E+13   0.6543595665474E-17
  0.5686700000000E+13   0.1178113200622E-16
  0.7494750000000E+13   0.1744333521310E-16
  0.7682960000000E+13   0.1786297815412E-16
  0.7875890000000E+13   0.1824626771698E-16
  0.8073670000000E+13   0.1858658511455E-16
  0.8276410000000E+13   0.1888290090446E-16
  0.8484250000000E+13   0.1913906348726E-16
  0.8697300000000E+13   0.1939501800922E-16
  0.8915700000000E+13   0.1959753988373E-16
  0.9139590000000E+13   0.1980952536030E-16
  0.9369100000000E+13   0.1997592636732E-16
  0.9604380000000E+13   0.2012036435390E-16
  0.9845560000000E+13   0.2023949586735E-16
  0.1009280000000E+14   0.2030026967269E-16
  0.1034620000000E+14   0.2032536937597E-16
  0.1060610000000E+14   0.2028629970079E-16
  0.1087240000000E+14   0.2024453799678E-16
  0.1114540000000E+14   0.2014758599562E-16
  0.1142530000000E+14   0.2002126296436E-16
  0.1171220000000E+14   0.1985921232019E-16
  0.1200630000000E+14   0.1964213406409E-16
  0.1230780000000E+14   0.1938929951049E-16
  0.1261690000000E+14   0.1908184462509E-16
  0.1293370000000E+14   0.1878664988308E-16
  0.1325850000000E+14   0.1844666392059E-16
  0.1359150000000E+14   0.1808693787464E-16
  0.1393280000000E+14   0.1770182841452E-16
  0.1428260000000E+14   0.1729457499667E-16
  0.1464130000000E+14   0.1690211897971E-16
  0.1500900000000E+14   0.1647347637504E-16
  0.1538590000000E+14   0.1594364724073E-16
  0.1577220000000E+14   0.1539770222319E-16
  0.1616830000000E+14   0.1462587177009E-16
  0.1657430000000E+14   0.1375070509307E-16
  0.1699050000000E+14   0.1283695995416E-16
  0.1741720000000E+14   0.1177193550725E-16
  0.1785460000000E+14   0.1077316861374E-16
  0.1830290000000E+14   0.9743993663602E-17
  0.1876260000000E+14   0.8778216248288E-17
  0.1923370000000E+14   0.7911220534487E-17
  0.1971670000000E+14   0.7120930950678E-17
  0.2021180000000E+14   0.6427857895278E-17
  0.2071940000000E+14   0.5873917325533E-17
  0.2123970000000E+14   0.5366266535781E-17
  0.2177310000000E+14   0.5256717735513E-17
  0.2231980000000E+14   0.5134747230499E-17
  0.2288030000000E+14   0.5114529271170E-17
  0.2345490000000E+14   0.5113538849809E-17
  0.2404390000000E+14   0.5119752306669E-17
  0.2464770000000E+14   0.5154827572988E-17
  0.2526660000000E+14   0.5171228697671E-17
  0.2590110000000E+14   0.5209665030444E-17
  0.2655150000000E+14   0.5232911512779E-17
  0.2721830000000E+14   0.5314567738436E-17
  0.2790180000000E+14   0.5404964880223E-17
  0.2860240000000E+14   0.5454767684549E-17
  0.2932070000000E+14   0.5457683672661E-17
  0.3005700000000E+14   0.5445800058390E-17
  0.3081180000000E+14   0.5333519170706E-17
  0.3158550000000E+14   0.5228075664535E-17
  0.3237870000000E+14   0.4732643902336E-17
  0.3319170000000E+14   0.4150379028796E-17
  0.3402530000000E+14   0.3613520683383E-17
  0.3487970000000E+14   0.3117951349549E-17
  0.3575560000000E+14   0.2653561590992E-17
  0.3665350000000E+14   0.2233940319631E-17
  0.3757390000000E+14   0.1821724457356E-17
  0.3851740000000E+14   0.1561061232901E-17
  0.3948470000000E+14   0.1328056839595E-17
  0.4047620000000E+14   0.1153477460833E-17
  0.4149260000000E+14   0.1088669734366E-17
  0.4253460000000E+14   0.1029860944743E-17
  0.4360270000000E+14   0.1017272424282E-17
  0.4469770000000E+14   0.1006133824627E-17
  0.4582010000000E+14   0.9968993463493E-18
  0.4697070000000E+14   0.9888940231933E-18
  0.4815020000000E+14   0.9802870243523E-18
  0.4935940000000E+14   0.9709601300790E-18
  0.5059890000000E+14   0.9625159400108E-18
  0.5186950000000E+14   0.9558066746971E-18
  0.5317200000000E+14   0.9494628987604E-18
  0.5450730000000E+14   0.9458127516583E-18
  0.6258450000000E+14   0.9429741491554E-18
  0.7185870000000E+14   0.9555136500587E-18
  0.8250720000000E+14   0.9598948278734E-18
  0.9473370000000E+14   0.9530627639320E-18
  0.1087720000000E+15   0.9418902487716E-18
  0.1248910000000E+15   0.9349661352318E-18
  0.1433980000000E+15   0.9389772079475E-18
  0.1646470000000E+15   0.9603600978270E-18
  0.1890460000000E+15   0.1005520920944E-17
  0.2170600000000E+15   0.1075398204038E-17
  0.2492250000000E+15   0.1171622050346E-17
  0.2861570000000E+15   0.1293499490200E-17
  0.3285620000000E+15   0.1435497762725E-17
  0.3772500000000E+15   0.1586749552984E-17
  0.4331540000000E+15   0.1729778000067E-17
  0.4973410000000E+15   0.1840991139567E-17
  0.5710410000000E+15   0.1893818116066E-17
  0.6556610000000E+15   0.1864819641589E-17
  0.7528220000000E+15   0.1740515028485E-17
  0.8643800000000E+15   0.1524184498353E-17
  0.9924690000000E+15   0.1238324676945E-17
  0.1139540000000E+16   0.9208468768986E-18
  0.1308400000000E+16   0.6184617261714E-18
  0.1502290000000E+16   0.3688909731795E-18
  0.1724910000000E+16   0.1918288011517E-18
  0.1980520000000E+16   0.8513119093194E-19
  0.2274010000000E+16   0.3150731601509E-19
  0.2610990000000E+16   0.9464627130022E-20
  0.2997900000000E+16   0.2237330395866E-20
