         130
  
  0.2997900000000E+11   0.3808224839366E-23
  0.3951060000000E+11   0.8671436493666E-23
  0.5207280000000E+11   0.1973057538663E-22
  0.6862910000000E+11   0.4483970780266E-22
  0.9044930000000E+11   0.1017214078708E-21
  0.1192070000000E+12   0.2301855488258E-21
  0.1571080000000E+12   0.5191194314070E-21
  0.2070600000000E+12   0.1165352345163E-20
  0.2728930000000E+12   0.2599905487325E-20
  0.3596580000000E+12   0.6273428314788E-20
  0.4740100000000E+12   0.1808651961787E-19
  0.6247180000000E+12   0.5138940967750E-19
  0.8233440000000E+12   0.1429194648775E-18
  0.1085120000000E+13   0.3866111351976E-18
  0.1430130000000E+13   0.1005138769677E-17
  0.1884830000000E+13   0.2475993740247E-17
  0.2484100000000E+13   0.5656125808354E-17
  0.3273910000000E+13   0.1157343410033E-16
  0.4314820000000E+13   0.2031845818166E-16
  0.5686700000000E+13   0.2872784070188E-16
  0.7494750000000E+13   0.3094535173721E-16
  0.7682960000000E+13   0.3073677528267E-16
  0.7875890000000E+13   0.3045918901158E-16
  0.8073670000000E+13   0.3011380967117E-16
  0.8276410000000E+13   0.2970767349118E-16
  0.8484250000000E+13   0.2925183268197E-16
  0.8697300000000E+13   0.2878803650319E-16
  0.8915700000000E+13   0.2827541378501E-16
  0.9139590000000E+13   0.2777370505090E-16
  0.9369100000000E+13   0.2724218311904E-16
  0.9604380000000E+13   0.2670648682501E-16
  0.9845560000000E+13   0.2616951714506E-16
  0.1009280000000E+14   0.2560999764502E-16
  0.1034620000000E+14   0.2505126984513E-16
  0.1060610000000E+14   0.2447384482356E-16
  0.1087240000000E+14   0.2393202422852E-16
  0.1114540000000E+14   0.2338525935115E-16
  0.1142530000000E+14   0.2285702676206E-16
  0.1171220000000E+14   0.2234350067845E-16
  0.1200630000000E+14   0.2182752003330E-16
  0.1230780000000E+14   0.2132516486394E-16
  0.1261690000000E+14   0.2081666548859E-16
  0.1293370000000E+14   0.2036483720701E-16
  0.1325850000000E+14   0.1991194017149E-16
  0.1359150000000E+14   0.1947968203430E-16
  0.1393280000000E+14   0.1905842449285E-16
  0.1428260000000E+14   0.1864703834639E-16
  0.1464130000000E+14   0.1828424068731E-16
  0.1500900000000E+14   0.1790573505006E-16
  0.1538590000000E+14   0.1742137280328E-16
  0.1577220000000E+14   0.1692682408760E-16
  0.1616830000000E+14   0.1614116580429E-16
  0.1657430000000E+14   0.1521106339853E-16
  0.1699050000000E+14   0.1421751268860E-16
  0.1741720000000E+14   0.1301046899813E-16
  0.1785460000000E+14   0.1187848993953E-16
  0.1830290000000E+14   0.1069676946397E-16
  0.1876260000000E+14   0.9590694397142E-17
  0.1923370000000E+14   0.8605788903035E-17
  0.1971670000000E+14   0.7713773112170E-17
  0.2021180000000E+14   0.6939091639725E-17
  0.2071940000000E+14   0.6329968962928E-17
  0.2123970000000E+14   0.5772664453172E-17
  0.2177310000000E+14   0.5692431352627E-17
  0.2231980000000E+14   0.5603766552756E-17
  0.2288030000000E+14   0.5652860400998E-17
  0.2345490000000E+14   0.5735551301354E-17
  0.2404390000000E+14   0.5831140846919E-17
  0.2464770000000E+14   0.5964222096985E-17
  0.2526660000000E+14   0.6063316779063E-17
  0.2590110000000E+14   0.6181550403967E-17
  0.2655150000000E+14   0.6264948368109E-17
  0.2721830000000E+14   0.6413687629566E-17
  0.2790180000000E+14   0.6558527671585E-17
  0.2860240000000E+14   0.6635399669116E-17
  0.2932070000000E+14   0.6639842127496E-17
  0.3005700000000E+14   0.6617040650966E-17
  0.3081180000000E+14   0.6459388695667E-17
  0.3158550000000E+14   0.6307312331979E-17
  0.3237870000000E+14   0.5659474104810E-17
  0.3319170000000E+14   0.4904337696996E-17
  0.3402530000000E+14   0.4209833411837E-17
  0.3487970000000E+14   0.3570892906222E-17
  0.3575560000000E+14   0.2974963398675E-17
  0.3665350000000E+14   0.2440058604713E-17
  0.3757390000000E+14   0.1923842318504E-17
  0.3851740000000E+14   0.1611480815567E-17
  0.3948470000000E+14   0.1356981387872E-17
  0.4047620000000E+14   0.1193046811309E-17
  0.4149260000000E+14   0.1136638273458E-17
  0.4253460000000E+14   0.1088792899990E-17
  0.4360270000000E+14   0.1076353677715E-17
  0.4469770000000E+14   0.1065818109252E-17
  0.4582010000000E+14   0.1057399925492E-17
  0.4697070000000E+14   0.1050537871722E-17
  0.4815020000000E+14   0.1043874168507E-17
  0.4935940000000E+14   0.1037262284912E-17
  0.5059890000000E+14   0.1031726691799E-17
  0.5186950000000E+14   0.1027733330764E-17
  0.5317200000000E+14   0.1024292910599E-17
  0.5450730000000E+14   0.1022862506754E-17
  0.6258450000000E+14   0.1028066414842E-17
  0.7185870000000E+14   0.1042029863426E-17
  0.8250720000000E+14   0.1044837877729E-17
  0.9473370000000E+14   0.1032330701883E-17
  0.1087720000000E+15   0.1010343875769E-17
  0.1248910000000E+15   0.9886612884740E-18
  0.1433980000000E+15   0.9762939394132E-18
  0.1646470000000E+15   0.9822922302657E-18
  0.1890460000000E+15   0.1015251943635E-17
  0.2170600000000E+15   0.1076969898046E-17
  0.2492250000000E+15   0.1168776985478E-17
  0.2861570000000E+15   0.1288929460603E-17
  0.3285620000000E+15   0.1430903052029E-17
  0.3772500000000E+15   0.1583036303676E-17
  0.4331540000000E+15   0.1727118049327E-17
  0.4973410000000E+15   0.1839001525045E-17
  0.5710410000000E+15   0.1891921708276E-17
  0.6556610000000E+15   0.1862477334513E-17
  0.7528220000000E+15   0.1737168645608E-17
  0.8643800000000E+15   0.1520132478068E-17
  0.9924690000000E+15   0.1234609036772E-17
  0.1139540000000E+16   0.9170335863118E-18
  0.1308400000000E+16   0.6160592313891E-18
  0.1502290000000E+16   0.3677064061988E-18
  0.1724910000000E+16   0.1913668633450E-18
  0.1980520000000E+16   0.8491485121981E-19
  0.2274010000000E+16   0.3142909459531E-19
  0.2610990000000E+16   0.9441563173569E-20
  0.2997900000000E+16   0.2231955753354E-20
