         130
  
  0.2997900000000E+11   0.1097027619217E-22
  0.3951060000000E+11   0.2499543409956E-22
  0.5207280000000E+11   0.5688490015178E-22
  0.6862910000000E+11   0.1292486838973E-21
  0.9044930000000E+11   0.2930162750543E-21
  0.1192070000000E+12   0.6623073740519E-21
  0.1571080000000E+12   0.1491062180375E-20
  0.2070600000000E+12   0.3338984516557E-20
  0.2728930000000E+12   0.7423939760650E-20
  0.3596580000000E+12   0.1782697798713E-19
  0.4740100000000E+12   0.5101144175943E-19
  0.6247180000000E+12   0.1433374367111E-18
  0.8233440000000E+12   0.3920660140570E-18
  0.1085120000000E+13   0.1034112107303E-17
  0.1430130000000E+13   0.2585803802258E-17
  0.1884830000000E+13   0.5993927864386E-17
  0.2484100000000E+13   0.1245078614010E-16
  0.3273910000000E+13   0.2203668671591E-16
  0.4314820000000E+13   0.3147025879628E-16
  0.5686700000000E+13   0.3507957287745E-16
  0.7494750000000E+13   0.3241336515277E-16
  0.7682960000000E+13   0.3202400066189E-16
  0.7875890000000E+13   0.3161423640632E-16
  0.8073670000000E+13   0.3118192260346E-16
  0.8276410000000E+13   0.3072971889453E-16
  0.8484250000000E+13   0.3026424938002E-16
  0.8697300000000E+13   0.2982643324827E-16
  0.8915700000000E+13   0.2936748108762E-16
  0.9139590000000E+13   0.2895001511666E-16
  0.9369100000000E+13   0.2852265526688E-16
  0.9604380000000E+13   0.2810979547431E-16
  0.9845560000000E+13   0.2770963163113E-16
  0.1009280000000E+14   0.2729001495995E-16
  0.1034620000000E+14   0.2687406564472E-16
  0.1060610000000E+14   0.2643231460687E-16
  0.1087240000000E+14   0.2602878416832E-16
  0.1114540000000E+14   0.2560853968890E-16
  0.1142530000000E+14   0.2519832704282E-16
  0.1171220000000E+14   0.2479084476132E-16
  0.1200630000000E+14   0.2436296765711E-16
  0.1230780000000E+14   0.2393418578763E-16
  0.1261690000000E+14   0.2347976285955E-16
  0.1293370000000E+14   0.2307738049128E-16
  0.1325850000000E+14   0.2265630891059E-16
  0.1359150000000E+14   0.2224409948658E-16
  0.1393280000000E+14   0.2183017745773E-16
  0.1428260000000E+14   0.2141458611042E-16
  0.1464130000000E+14   0.2104458781434E-16
  0.1500900000000E+14   0.2064525470113E-16
  0.1538590000000E+14   0.2011292505620E-16
  0.1577220000000E+14   0.1956199969291E-16
  0.1616830000000E+14   0.1866636736550E-16
  0.1657430000000E+14   0.1759894248706E-16
  0.1699050000000E+14   0.1645469640541E-16
  0.1741720000000E+14   0.1505852197196E-16
  0.1785460000000E+14   0.1374697469511E-16
  0.1830290000000E+14   0.1237387815359E-16
  0.1876260000000E+14   0.1108601030726E-16
  0.1923370000000E+14   0.9937781168461E-17
  0.1971670000000E+14   0.8896412457735E-17
  0.2021180000000E+14   0.7991462440637E-17
  0.2071940000000E+14   0.7281457221822E-17
  0.2123970000000E+14   0.6631336184949E-17
  0.2177310000000E+14   0.6548253299721E-17
  0.2231980000000E+14   0.6450863011879E-17
  0.2288030000000E+14   0.6511470023869E-17
  0.2345490000000E+14   0.6606911190055E-17
  0.2404390000000E+14   0.6713676767010E-17
  0.2464770000000E+14   0.6861151594474E-17
  0.2526660000000E+14   0.6967230834563E-17
  0.2590110000000E+14   0.7093530639347E-17
  0.2655150000000E+14   0.7178468944274E-17
  0.2721830000000E+14   0.7337136488015E-17
  0.2790180000000E+14   0.7489987185018E-17
  0.2860240000000E+14   0.7563786578404E-17
  0.2932070000000E+14   0.7554042256923E-17
  0.3005700000000E+14   0.7512575983842E-17
  0.3081180000000E+14   0.7317739459105E-17
  0.3158550000000E+14   0.7129122131208E-17
  0.3237870000000E+14   0.6380213104211E-17
  0.3319170000000E+14   0.5510354205799E-17
  0.3402530000000E+14   0.4709875070479E-17
  0.3487970000000E+14   0.3974169558893E-17
  0.3575560000000E+14   0.3289428947937E-17
  0.3665350000000E+14   0.2676634331932E-17
  0.3757390000000E+14   0.2087349370431E-17
  0.3851740000000E+14   0.1729811744851E-17
  0.3948470000000E+14   0.1440325313418E-17
  0.4047620000000E+14   0.1255417200495E-17
  0.4149260000000E+14   0.1190855305070E-17
  0.4253460000000E+14   0.1136787865106E-17
  0.4360270000000E+14   0.1121140372437E-17
  0.4469770000000E+14   0.1107872525706E-17
  0.4582010000000E+14   0.1097190276103E-17
  0.4697070000000E+14   0.1088489115865E-17
  0.4815020000000E+14   0.1080373650494E-17
  0.4935940000000E+14   0.1072702351563E-17
  0.5059890000000E+14   0.1066487893195E-17
  0.5186950000000E+14   0.1062146088849E-17
  0.5317200000000E+14   0.1058660912676E-17
  0.5450730000000E+14   0.1057401449706E-17
  0.6258450000000E+14   0.1066268019765E-17
  0.7185870000000E+14   0.1085291239911E-17
  0.8250720000000E+14   0.1092151006441E-17
  0.9473370000000E+14   0.1080745427691E-17
  0.1087720000000E+15   0.1055574301180E-17
  0.1248910000000E+15   0.1026365517463E-17
  0.1433980000000E+15   0.1003147889384E-17
  0.1646470000000E+15   0.9968005439439E-18
  0.1890460000000E+15   0.1018217808387E-17
  0.2170600000000E+15   0.1071186127251E-17
  0.2492250000000E+15   0.1158217784911E-17
  0.2861570000000E+15   0.1277274721550E-17
  0.3285620000000E+15   0.1420739669355E-17
  0.3772500000000E+15   0.1575676402299E-17
  0.4331540000000E+15   0.1722550917599E-17
  0.4973410000000E+15   0.1836200699125E-17
  0.5710410000000E+15   0.1889598522171E-17
  0.6556610000000E+15   0.1859674881582E-17
  0.7528220000000E+15   0.1733141045904E-17
  0.8643800000000E+15   0.1515244971276E-17
  0.9924690000000E+15   0.1230126951402E-17
  0.1139540000000E+16   0.9124392386439E-18
  0.1308400000000E+16   0.6131638050244E-18
  0.1502290000000E+16   0.3662777285574E-18
  0.1724910000000E+16   0.1908092352245E-18
  0.1980520000000E+16   0.8465373531075E-19
  0.2274010000000E+16   0.3133467742538E-19
  0.2610990000000E+16   0.9413722411332E-20
  0.2997900000000E+16   0.2225467713010E-20
