         130
  
  0.2997900000000E+11   0.7448643790855E-23
  0.3951060000000E+11   0.1696996656908E-22
  0.5207280000000E+11   0.3862197968343E-22
  0.6862910000000E+11   0.8776859330309E-22
  0.9044930000000E+11   0.1990420043861E-21
  0.1192070000000E+12   0.4501202664923E-21
  0.1571080000000E+12   0.1014085472622E-20
  0.2070600000000E+12   0.2273122157432E-20
  0.2728930000000E+12   0.5060908490415E-20
  0.3596580000000E+12   0.1217621216603E-19
  0.4740100000000E+12   0.3494996493603E-19
  0.6247180000000E+12   0.9866371666951E-19
  0.8233440000000E+12   0.2717864981287E-18
  0.1085120000000E+13   0.7247522660863E-18
  0.1430130000000E+13   0.1843575952762E-17
  0.1884830000000E+13   0.4390500090265E-17
  0.2484100000000E+13   0.9514080510811E-17
  0.3273910000000E+13   0.1794321271059E-16
  0.4314820000000E+13   0.2791916368573E-16
  0.5686700000000E+13   0.3385654486823E-16
  0.7494750000000E+13   0.3215396172979E-16
  0.7682960000000E+13   0.3173140695918E-16
  0.7875890000000E+13   0.3127653671636E-16
  0.8073670000000E+13   0.3079041577301E-16
  0.8276410000000E+13   0.3027849785335E-16
  0.8484250000000E+13   0.2974958123804E-16
  0.8697300000000E+13   0.2924333966980E-16
  0.8915700000000E+13   0.2871732594081E-16
  0.9139590000000E+13   0.2823046133583E-16
  0.9369100000000E+13   0.2773770091645E-16
  0.9604380000000E+13   0.2726266897288E-16
  0.9845560000000E+13   0.2680487143879E-16
  0.1009280000000E+14   0.2633564952714E-16
  0.1034620000000E+14   0.2587659806214E-16
  0.1060610000000E+14   0.2540057551995E-16
  0.1087240000000E+14   0.2496681565627E-16
  0.1114540000000E+14   0.2452416266891E-16
  0.1142530000000E+14   0.2409703463975E-16
  0.1171220000000E+14   0.2367816637386E-16
  0.1200630000000E+14   0.2324521253292E-16
  0.1230780000000E+14   0.2281579808294E-16
  0.1261690000000E+14   0.2236594302843E-16
  0.1293370000000E+14   0.2196855654455E-16
  0.1325850000000E+14   0.2155628092977E-16
  0.1359150000000E+14   0.2115474321274E-16
  0.1393280000000E+14   0.2075349644192E-16
  0.1428260000000E+14   0.2035223631537E-16
  0.1464130000000E+14   0.1999563765571E-16
  0.1500900000000E+14   0.1961220576232E-16
  0.1538590000000E+14   0.1910306166720E-16
  0.1577220000000E+14   0.1857689675854E-16
  0.1616830000000E+14   0.1772340394560E-16
  0.1657430000000E+14   0.1670713388877E-16
  0.1699050000000E+14   0.1561842628968E-16
  0.1741720000000E+14   0.1429088336166E-16
  0.1785460000000E+14   0.1304444350431E-16
  0.1830290000000E+14   0.1174024391187E-16
  0.1876260000000E+14   0.1051751804275E-16
  0.1923370000000E+14   0.9427673753659E-17
  0.1971670000000E+14   0.8439562417770E-17
  0.2021180000000E+14   0.7581267567312E-17
  0.2071940000000E+14   0.6908200294775E-17
  0.2123970000000E+14   0.6292320771464E-17
  0.2177310000000E+14   0.6214150269592E-17
  0.2231980000000E+14   0.6122942734261E-17
  0.2288030000000E+14   0.6182282973765E-17
  0.2345490000000E+14   0.6275129121939E-17
  0.2404390000000E+14   0.6378986568712E-17
  0.2464770000000E+14   0.6521602134374E-17
  0.2526660000000E+14   0.6624956795657E-17
  0.2590110000000E+14   0.6747748298864E-17
  0.2655150000000E+14   0.6831335799209E-17
  0.2721830000000E+14   0.6984963320323E-17
  0.2790180000000E+14   0.7133509827556E-17
  0.2860240000000E+14   0.7207599827312E-17
  0.2932070000000E+14   0.7202686400996E-17
  0.3005700000000E+14   0.7167832571275E-17
  0.3081180000000E+14   0.6986896129086E-17
  0.3158550000000E+14   0.6812053435675E-17
  0.3237870000000E+14   0.6102143244964E-17
  0.3319170000000E+14   0.5277036884342E-17
  0.3402530000000E+14   0.4518558313522E-17
  0.3487970000000E+14   0.3820737752004E-17
  0.3575560000000E+14   0.3170456337098E-17
  0.3665350000000E+14   0.2587415039387E-17
  0.3757390000000E+14   0.2025993069096E-17
  0.3851740000000E+14   0.1685413897431E-17
  0.3948470000000E+14   0.1408295389573E-17
  0.4047620000000E+14   0.1231024181901E-17
  0.4149260000000E+14   0.1169840498986E-17
  0.4253460000000E+14   0.1118422197298E-17
  0.4360270000000E+14   0.1104412310261E-17
  0.4469770000000E+14   0.1092578882860E-17
  0.4582010000000E+14   0.1083132461269E-17
  0.4697070000000E+14   0.1075482900302E-17
  0.4815020000000E+14   0.1068248869250E-17
  0.4935940000000E+14   0.1061289392076E-17
  0.5059890000000E+14   0.1055626686174E-17
  0.5186950000000E+14   0.1051699615374E-17
  0.5317200000000E+14   0.1048498448955E-17
  0.5450730000000E+14   0.1047431162249E-17
  0.6258450000000E+14   0.1056086294453E-17
  0.7185870000000E+14   0.1073932283598E-17
  0.8250720000000E+14   0.1079617349477E-17
  0.9473370000000E+14   0.1067894860136E-17
  0.1087720000000E+15   0.1043933544071E-17
  0.1248910000000E+15   0.1017655846223E-17
  0.1433980000000E+15   0.9987433548474E-18
  0.1646470000000E+15   0.9972267696079E-18
  0.1890460000000E+15   0.1022903029732E-17
  0.2170600000000E+15   0.1078658637930E-17
  0.2492250000000E+15   0.1166677641903E-17
  0.2861570000000E+15   0.1285178153122E-17
  0.3285620000000E+15   0.1426996721381E-17
  0.3772500000000E+15   0.1579817865556E-17
  0.4331540000000E+15   0.1724859691761E-17
  0.4973410000000E+15   0.1837456989185E-17
  0.5710410000000E+15   0.1890556465955E-17
  0.6556610000000E+15   0.1860802704038E-17
  0.7528220000000E+15   0.1734755389048E-17
  0.8643800000000E+15   0.1517202197337E-17
  0.9924690000000E+15   0.1231921430506E-17
  0.1139540000000E+16   0.9142778730746E-18
  0.1308400000000E+16   0.6143226463398E-18
  0.1502290000000E+16   0.3668496708143E-18
  0.1724910000000E+16   0.1910325356384E-18
  0.1980520000000E+16   0.8475829328330E-19
  0.2274010000000E+16   0.3137248545625E-19
  0.2610990000000E+16   0.9424871039597E-20
  0.2997900000000E+16   0.2228065833699E-20
