mstar = 2 Msun, Rstar = 2.5 Rsun, Tstar = 10000, mdisk = 0.0021908 Msun, Rc = 150 AU, Rin = 0.5 AU, Rout = 250 AU, inclination = 45 degree, powerlaw = -1 
         130
  
  0.2997900000000E+11   0.3121747083485E-23
  0.3951060000000E+11   0.7106186612285E-23
  0.5207280000000E+11   0.1616615657385E-22
  0.6862910000000E+11   0.3673641165781E-22
  0.9044930000000E+11   0.8334057999170E-22
  0.1192070000000E+12   0.1886152752980E-21
  0.1571080000000E+12   0.4254710168965E-21
  0.2070600000000E+12   0.9554808487803E-21
  0.2728930000000E+12   0.2132830566075E-20
  0.3596580000000E+12   0.5150315595793E-20
  0.4740100000000E+12   0.1486518361173E-19
  0.6247180000000E+12   0.4230537696846E-19
  0.8233440000000E+12   0.1179340226723E-18
  0.1085120000000E+13   0.3201305339170E-18
  0.1430130000000E+13   0.8366006094771E-18
  0.1884830000000E+13   0.2077006015422E-17
  0.2484100000000E+13   0.4802195775862E-17
  0.3273910000000E+13   0.1001148441331E-16
  0.4314820000000E+13   0.1808826132180E-16
  0.5686700000000E+13   0.2664506271602E-16
  0.7494750000000E+13   0.3007011235099E-16
  0.7682960000000E+13   0.2997894416739E-16
  0.7875890000000E+13   0.2981301818269E-16
  0.8073670000000E+13   0.2957201260883E-16
  0.8276410000000E+13   0.2926196904062E-16
  0.8484250000000E+13   0.2889337573912E-16
  0.8697300000000E+13   0.2850909087460E-16
  0.8915700000000E+13   0.2806518308060E-16
  0.9139590000000E+13   0.2762329213653E-16
  0.9369100000000E+13   0.2714028825249E-16
  0.9604380000000E+13   0.2664239237537E-16
  0.9845560000000E+13   0.2613234551291E-16
  0.1009280000000E+14   0.2558895640299E-16
  0.1034620000000E+14   0.2503655992323E-16
  0.1060610000000E+14   0.2445680604859E-16
  0.1087240000000E+14   0.2390433814805E-16
  0.1114540000000E+14   0.2334037686281E-16
  0.1142530000000E+14   0.2278913856939E-16
  0.1171220000000E+14   0.2224823804422E-16
  0.1200630000000E+14   0.2170269534934E-16
  0.1230780000000E+14   0.2116926784738E-16
  0.1261690000000E+14   0.2063037385922E-16
  0.1293370000000E+14   0.2014663003314E-16
  0.1325850000000E+14   0.1966414610139E-16
  0.1359150000000E+14   0.1920425161889E-16
  0.1393280000000E+14   0.1875838469773E-16
  0.1428260000000E+14   0.1832581775364E-16
  0.1464130000000E+14   0.1794358091111E-16
  0.1500900000000E+14   0.1755061899968E-16
  0.1538590000000E+14   0.1706043355308E-16
  0.1577220000000E+14   0.1656378881121E-16
  0.1616830000000E+14   0.1579063076446E-16
  0.1657430000000E+14   0.1488044792501E-16
  0.1699050000000E+14   0.1391050093966E-16
  0.1741720000000E+14   0.1273624873021E-16
  0.1785460000000E+14   0.1163489950729E-16
  0.1830290000000E+14   0.1048653371360E-16
  0.1876260000000E+14   0.9411455835915E-17
  0.1923370000000E+14   0.8453453391327E-17
  0.1971670000000E+14   0.7585210235154E-17
  0.2021180000000E+14   0.6830192568994E-17
  0.2071940000000E+14   0.6234671340324E-17
  0.2123970000000E+14   0.5689491247915E-17
  0.2177310000000E+14   0.5603767572620E-17
  0.2231980000000E+14   0.5511647166290E-17
  0.2288030000000E+14   0.5554470330958E-17
  0.2345490000000E+14   0.5631994064727E-17
  0.2404390000000E+14   0.5723891429910E-17
  0.2464770000000E+14   0.5853885511342E-17
  0.2526660000000E+14   0.5951910820891E-17
  0.2590110000000E+14   0.6069451314475E-17
  0.2655150000000E+14   0.6153554432738E-17
  0.2721830000000E+14   0.6302076152622E-17
  0.2790180000000E+14   0.6447233968038E-17
  0.2860240000000E+14   0.6525847082246E-17
  0.2932070000000E+14   0.6533454290634E-17
  0.3005700000000E+14   0.6514279589763E-17
  0.3081180000000E+14   0.6362653230933E-17
  0.3158550000000E+14   0.6216353049113E-17
  0.3237870000000E+14   0.5582483131643E-17
  0.3319170000000E+14   0.4841878676946E-17
  0.3402530000000E+14   0.4159887734076E-17
  0.3487970000000E+14   0.3531787288316E-17
  0.3575560000000E+14   0.2945118836992E-17
  0.3665350000000E+14   0.2418078568967E-17
  0.3757390000000E+14   0.1909105627120E-17
  0.3851740000000E+14   0.1600955623058E-17
  0.3948470000000E+14   0.1349435248563E-17
  0.4047620000000E+14   0.1187257762649E-17
  0.4149260000000E+14   0.1131374560990E-17
  0.4253460000000E+14   0.1083806113449E-17
  0.4360270000000E+14   0.1071424897541E-17
  0.4469770000000E+14   0.1060909696911E-17
  0.4582010000000E+14   0.1052475483893E-17
  0.4697070000000E+14   0.1045561810738E-17
  0.4815020000000E+14   0.1038804511580E-17
  0.4935940000000E+14   0.1032054539050E-17
  0.5059890000000E+14   0.1026345224524E-17
  0.5186950000000E+14   0.1022154053992E-17
  0.5317200000000E+14   0.1018486014657E-17
  0.5450730000000E+14   0.1016822847190E-17
  0.6258450000000E+14   0.1020626340132E-17
  0.7185870000000E+14   0.1033342922686E-17
  0.8250720000000E+14   0.1035292020791E-17
  0.9473370000000E+14   0.1022609717954E-17
  0.1087720000000E+15   0.1001333298254E-17
  0.1248910000000E+15   0.9811909060178E-18
  0.1433980000000E+15   0.9709225640921E-18
  0.1646470000000E+15   0.9791944767819E-18
  0.1890460000000E+15   0.1014242728075E-17
  0.2170600000000E+15   0.1077604896396E-17
  0.2492250000000E+15   0.1170397960023E-17
  0.2861570000000E+15   0.1290813006340E-17
  0.3285620000000E+15   0.1432523407109E-17
  0.3772500000000E+15   0.1584206715748E-17
  0.4331540000000E+15   0.1727881819035E-17
  0.4973410000000E+15   0.1839493667744E-17
  0.5710410000000E+15   0.1892305880486E-17
  0.6556610000000E+15   0.1862898362852E-17
  0.7528220000000E+15   0.1737749413208E-17
  0.8643800000000E+15   0.1520831505336E-17
  0.9924690000000E+15   0.1235249549072E-17
  0.1139540000000E+16   0.9176905745473E-18
  0.1308400000000E+16   0.6164731967611E-18
  0.1502290000000E+16   0.3679105717848E-18
  0.1724910000000E+16   0.1914465070003E-18
  0.1980520000000E+16   0.8495214873699E-19
  0.2274010000000E+16   0.3144258049520E-19
  0.2610990000000E+16   0.9445539630627E-20
  0.2997900000000E+16   0.2232882408848E-20
