mstar = 2 Msun, Rstar = 2.5 Rsun, Tstar = 10000, mdisk = 0.0098276 Msun, Rc = 150 AU, Rin = 0.5 AU, Rout = 250 AU, inclination = 45 degree, powerlaw = -1 
         130
  
  0.2997900000000E+11   0.1202507629500E-22
  0.3951060000000E+11   0.2739881173889E-22
  0.5207280000000E+11   0.6235283722920E-22
  0.6862910000000E+11   0.1416641476484E-21
  0.9044930000000E+11   0.3211327186857E-21
  0.1192070000000E+12   0.7257590230292E-21
  0.1571080000000E+12   0.1633596355318E-20
  0.2070600000000E+12   0.3657200495874E-20
  0.2728930000000E+12   0.8128559265183E-20
  0.3596580000000E+12   0.1950886958334E-19
  0.4740100000000E+12   0.5577703916944E-19
  0.6247180000000E+12   0.1565280318137E-18
  0.8233440000000E+12   0.4273050387837E-18
  0.1085120000000E+13   0.1123609974367E-17
  0.1430130000000E+13   0.2796083946917E-17
  0.1884830000000E+13   0.6432431005682E-17
  0.2484100000000E+13   0.1320622175048E-16
  0.3273910000000E+13   0.2297961082074E-16
  0.4314820000000E+13   0.3212648098946E-16
  0.5686700000000E+13   0.3521009240368E-16
  0.7494750000000E+13   0.3249788610549E-16
  0.7682960000000E+13   0.3212359835843E-16
  0.7875890000000E+13   0.3172925480482E-16
  0.8073670000000E+13   0.3131207763731E-16
  0.8276410000000E+13   0.3087428781080E-16
  0.8484250000000E+13   0.3042228125040E-16
  0.8697300000000E+13   0.2999759176167E-16
  0.8915700000000E+13   0.2955008493714E-16
  0.9139590000000E+13   0.2914357231662E-16
  0.9369100000000E+13   0.2872547200633E-16
  0.9604380000000E+13   0.2832066210677E-16
  0.9845560000000E+13   0.2792729750606E-16
  0.1009280000000E+14   0.2751271337583E-16
  0.1034620000000E+14   0.2710058047095E-16
  0.1060610000000E+14   0.2666111087625E-16
  0.1087240000000E+14   0.2625948402460E-16
  0.1114540000000E+14   0.2584005105454E-16
  0.1142530000000E+14   0.2543010052007E-16
  0.1171220000000E+14   0.2502236467533E-16
  0.1200630000000E+14   0.2459351728340E-16
  0.1230780000000E+14   0.2416340421957E-16
  0.1261690000000E+14   0.2370701765243E-16
  0.1293370000000E+14   0.2330315133942E-16
  0.1325850000000E+14   0.2288016867791E-16
  0.1359150000000E+14   0.2246602137359E-16
  0.1393280000000E+14   0.2204994270492E-16
  0.1428260000000E+14   0.2163199991699E-16
  0.1464130000000E+14   0.2126008467739E-16
  0.1500900000000E+14   0.2085821730124E-16
  0.1538590000000E+14   0.2032143128098E-16
  0.1577220000000E+14   0.1976562229418E-16
  0.1616830000000E+14   0.1886065853451E-16
  0.1657430000000E+14   0.1778172854101E-16
  0.1699050000000E+14   0.1662505580337E-16
  0.1741720000000E+14   0.1521334115200E-16
  0.1785460000000E+14   0.1388727135695E-16
  0.1830290000000E+14   0.1249894479113E-16
  0.1876260000000E+14   0.1119700024209E-16
  0.1923370000000E+14   0.1003646136091E-16
  0.1971670000000E+14   0.8984312994691E-17
  0.2021180000000E+14   0.8070523723626E-17
  0.2071940000000E+14   0.7354213156451E-17
  0.2123970000000E+14   0.6698731594591E-17
  0.2177310000000E+14   0.6616001433272E-17
  0.2231980000000E+14   0.6518772052239E-17
  0.2288030000000E+14   0.6581193884372E-17
  0.2345490000000E+14   0.6678657400606E-17
  0.2404390000000E+14   0.6787305919830E-17
  0.2464770000000E+14   0.6936620884420E-17
  0.2526660000000E+14   0.7043559539953E-17
  0.2590110000000E+14   0.7170396138893E-17
  0.2655150000000E+14   0.7254871574442E-17
  0.2721830000000E+14   0.7412746137100E-17
  0.2790180000000E+14   0.7563849767298E-17
  0.2860240000000E+14   0.7635044796838E-17
  0.2932070000000E+14   0.7622165320005E-17
  0.3005700000000E+14   0.7577384674273E-17
  0.3081180000000E+14   0.7379364939233E-17
  0.3158550000000E+14   0.7187749336870E-17
  0.3237870000000E+14   0.6436484451281E-17
  0.3319170000000E+14   0.5563917065203E-17
  0.3402530000000E+14   0.4759402578341E-17
  0.3487970000000E+14   0.4018269123989E-17
  0.3575560000000E+14   0.3327288626896E-17
  0.3665350000000E+14   0.2708103212488E-17
  0.3757390000000E+14   0.2112654250424E-17
  0.3851740000000E+14   0.1751154756588E-17
  0.3948470000000E+14   0.1458162299961E-17
  0.4047620000000E+14   0.1270988243476E-17
  0.4149260000000E+14   0.1205183177790E-17
  0.4253460000000E+14   0.1150067473829E-17
  0.4360270000000E+14   0.1133466308018E-17
  0.4469770000000E+14   0.1119313149812E-17
  0.4582010000000E+14   0.1107811395744E-17
  0.4697070000000E+14   0.1098354920582E-17
  0.4815020000000E+14   0.1089548121028E-17
  0.4935940000000E+14   0.1081250821229E-17
  0.5059890000000E+14   0.1074468637347E-17
  0.5186950000000E+14   0.1069609538874E-17
  0.5317200000000E+14   0.1065657447188E-17
  0.5450730000000E+14   0.1063966271757E-17
  0.6258450000000E+14   0.1070970527167E-17
  0.7185870000000E+14   0.1088675322449E-17
  0.8250720000000E+14   0.1094534265319E-17
  0.9473370000000E+14   0.1082299965368E-17
  0.1087720000000E+15   0.1056385960861E-17
  0.1248910000000E+15   0.1026494924459E-17
  0.1433980000000E+15   0.1002671412726E-17
  0.1646470000000E+15   0.9958448715649E-18
  0.1890460000000E+15   0.1016960581014E-17
  0.2170600000000E+15   0.1069824027743E-17
  0.2492250000000E+15   0.1156919919237E-17
  0.2861570000000E+15   0.1276171953653E-17
  0.3285620000000E+15   0.1419931922356E-17
  0.3772500000000E+15   0.1575187320482E-17
  0.4331540000000E+15   0.1722291021606E-17
  0.4973410000000E+15   0.1836025003549E-17
  0.5710410000000E+15   0.1889394840028E-17
  0.6556610000000E+15   0.1859380781019E-17
  0.7528220000000E+15   0.1732698986545E-17
  0.8643800000000E+15   0.1514705071581E-17
  0.9924690000000E+15   0.1229631591025E-17
  0.1139540000000E+16   0.9119318198600E-18
  0.1308400000000E+16   0.6128439647035E-18
  0.1502290000000E+16   0.3661198393059E-18
  0.1724910000000E+16   0.1907475759747E-18
  0.1980520000000E+16   0.8462486523580E-19
  0.2274010000000E+16   0.3132423785281E-19
  0.2610990000000E+16   0.9410644002718E-20
  0.2997900000000E+16   0.2224750300713E-20
