mstar = 2 Msun, Rstar = 2.5 Rsun, Tstar = 10000, mdisk = 0.00044484 Msun, Rc = 150 AU, Rin = 0.5 AU, Rout = 250 AU, inclination = 45 degree, powerlaw = -1 
         130
  
  0.2997900000000E+11   0.7645392606524E-24
  0.3951060000000E+11   0.1729924913448E-23
  0.5207280000000E+11   0.3918558289265E-23
  0.6862910000000E+11   0.8878869980112E-23
  0.9044930000000E+11   0.2010873818171E-22
  0.1192070000000E+12   0.4548300971865E-22
  0.1571080000000E+12   0.1026477749846E-21
  0.2070600000000E+12   0.2308846231618E-21
  0.2728930000000E+12   0.5168581679042E-21
  0.3596580000000E+12   0.1253391339794E-20
  0.4740100000000E+12   0.3640291315816E-20
  0.6247180000000E+12   0.1045766916192E-19
  0.8233440000000E+12   0.2954979037165E-19
  0.1085120000000E+13   0.8178188970705E-19
  0.1430130000000E+13   0.2197673587618E-18
  0.1884830000000E+13   0.5682324676292E-18
  0.2484100000000E+13   0.1395053829098E-17
  0.3273910000000E+13   0.3181102554259E-17
  0.4314820000000E+13   0.6579077962276E-17
  0.5686700000000E+13   0.1183817970492E-16
  0.7494750000000E+13   0.1751411232433E-16
  0.7682960000000E+13   0.1793398305758E-16
  0.7875890000000E+13   0.1831726304037E-16
  0.8073670000000E+13   0.1865732052719E-16
  0.8276410000000E+13   0.1895312987343E-16
  0.8484250000000E+13   0.1920856039777E-16
  0.8697300000000E+13   0.1946364006330E-16
  0.8915700000000E+13   0.1966503616990E-16
  0.9139590000000E+13   0.1987576148804E-16
  0.9369100000000E+13   0.2004066999003E-16
  0.9604380000000E+13   0.2018342677741E-16
  0.9845560000000E+13   0.2030068032795E-16
  0.1009280000000E+14   0.2035935317918E-16
  0.1034620000000E+14   0.2038216848165E-16
  0.1060610000000E+14   0.2034062766769E-16
  0.1087240000000E+14   0.2029625784649E-16
  0.1114540000000E+14   0.2019655461546E-16
  0.1142530000000E+14   0.2006736056275E-16
  0.1171220000000E+14   0.1990233877025E-16
  0.1200630000000E+14   0.1968221886891E-16
  0.1230780000000E+14   0.1942630202085E-16
  0.1261690000000E+14   0.1911575772276E-16
  0.1293370000000E+14   0.1881744295896E-16
  0.1325850000000E+14   0.1847439283990E-16
  0.1359150000000E+14   0.1811164490830E-16
  0.1393280000000E+14   0.1772360215203E-16
  0.1428260000000E+14   0.1731353973674E-16
  0.1464130000000E+14   0.1691836988431E-16
  0.1500900000000E+14   0.1648719973381E-16
  0.1538590000000E+14   0.1595515243538E-16
  0.1577220000000E+14   0.1540718351905E-16
  0.1616830000000E+14   0.1463381032570E-16
  0.1657430000000E+14   0.1375737915899E-16
  0.1699050000000E+14   0.1284254753692E-16
  0.1741720000000E+14   0.1177674718943E-16
  0.1785460000000E+14   0.1077726140836E-16
  0.1830290000000E+14   0.9747513332892E-17
  0.1876260000000E+14   0.8781163354019E-17
  0.1923370000000E+14   0.7913544425833E-17
  0.1971670000000E+14   0.7122674191036E-17
  0.2021180000000E+14   0.6429010890891E-17
  0.2071940000000E+14   0.5874402799644E-17
  0.2123970000000E+14   0.5366145545306E-17
  0.2177310000000E+14   0.5255478123427E-17
  0.2231980000000E+14   0.5132519437068E-17
  0.2288030000000E+14   0.5111280407468E-17
  0.2345490000000E+14   0.5109384014386E-17
  0.2404390000000E+14   0.5114848913785E-17
  0.2464770000000E+14   0.5149275498254E-17
  0.2526660000000E+14   0.5165079126972E-17
  0.2590110000000E+14   0.5202937478214E-17
  0.2655150000000E+14   0.5225695399216E-17
  0.2721830000000E+14   0.5306854376729E-17
  0.2790180000000E+14   0.5396750550872E-17
  0.2860240000000E+14   0.5446072387547E-17
  0.2932070000000E+14   0.5448510372627E-17
  0.3005700000000E+14   0.5436171413606E-17
  0.3081180000000E+14   0.5323529591062E-17
  0.3158550000000E+14   0.5217725271262E-17
  0.3237870000000E+14   0.4722483879592E-17
  0.3319170000000E+14   0.4140838083971E-17
  0.3402530000000E+14   0.3604832481820E-17
  0.3487970000000E+14   0.3110322290698E-17
  0.3575560000000E+14   0.2646913358721E-17
  0.3665350000000E+14   0.2228321391433E-17
  0.3757390000000E+14   0.1817299761001E-17
  0.3851740000000E+14   0.1557620538054E-17
  0.3948470000000E+14   0.1325807761957E-17
  0.4047620000000E+14   0.1152307773615E-17
  0.4149260000000E+14   0.1087940051036E-17
  0.4253460000000E+14   0.1029530852211E-17
  0.4360270000000E+14   0.1017082413412E-17
  0.4469770000000E+14   0.1006082418364E-17
  0.4582010000000E+14   0.9969807086684E-18
  0.4697070000000E+14   0.9891046045466E-18
  0.4815020000000E+14   0.9806310854626E-18
  0.4935940000000E+14   0.9714403939397E-18
  0.5059890000000E+14   0.9631267300381E-18
  0.5186950000000E+14   0.9565373540844E-18
  0.5317200000000E+14   0.9503081057735E-18
  0.5450730000000E+14   0.9467567097770E-18
  0.6258450000000E+14   0.9443261318612E-18
  0.7185870000000E+14   0.9571015586089E-18
  0.8250720000000E+14   0.9616175346103E-18
  0.9473370000000E+14   0.9548138397970E-18
  0.1087720000000E+15   0.9435624775566E-18
  0.1248910000000E+15   0.9364805953861E-18
  0.1433980000000E+15   0.9402807994976E-18
  0.1646470000000E+15   0.9614132001084E-18
  0.1890460000000E+15   0.1006298075271E-17
  0.2170600000000E+15   0.1075899080107E-17
  0.2492250000000E+15   0.1171895112409E-17
  0.2861570000000E+15   0.1293623042134E-17
  0.3285620000000E+15   0.1435542344124E-17
  0.3772500000000E+15   0.1586759622513E-17
  0.4331540000000E+15   0.1729776484539E-17
  0.4973410000000E+15   0.1840987010698E-17
  0.5710410000000E+15   0.1893812673686E-17
  0.6556610000000E+15   0.1864811966561E-17
  0.7528220000000E+15   0.1740503556870E-17
  0.8643800000000E+15   0.1524170440311E-17
  0.9924690000000E+15   0.1238311760248E-17
  0.1139540000000E+16   0.9208336098555E-18
  0.1308400000000E+16   0.6184533683528E-18
  0.1502290000000E+16   0.3688868536764E-18
  0.1724910000000E+16   0.1918271953400E-18
  0.1980520000000E+16   0.8513043883078E-19
  0.2274010000000E+16   0.3150704408768E-19
  0.2610990000000E+16   0.9464546952768E-20
  0.2997900000000E+16   0.2237311712314E-20
