mstar = 2 Msun, Rstar = 2.5 Rsun, Tstar = 10000, mdisk = 0.0057676 Msun, Rc = 150 AU, Rin = 0.5 AU, Rout = 250 AU, inclination = 45 degree, powerlaw = -1 
         130
  
  0.2997900000000E+11   0.7443703435569E-23
  0.3951060000000E+11   0.1695877581722E-22
  0.5207280000000E+11   0.3859671716317E-22
  0.6862910000000E+11   0.8771182489638E-22
  0.9044930000000E+11   0.1989152216325E-21
  0.1192070000000E+12   0.4498394665744E-21
  0.1571080000000E+12   0.1013470402129E-20
  0.2070600000000E+12   0.2271795109420E-20
  0.2728930000000E+12   0.5058104921506E-20
  0.3596580000000E+12   0.1216994715751E-19
  0.4740100000000E+12   0.3493383126471E-19
  0.6247180000000E+12   0.9862514449818E-19
  0.8233440000000E+12   0.2717060253886E-18
  0.1085120000000E+13   0.7246266245560E-18
  0.1430130000000E+13   0.1843539445747E-17
  0.1884830000000E+13   0.4391223066406E-17
  0.2484100000000E+13   0.9517635434191E-17
  0.3273910000000E+13   0.1795342088341E-16
  0.4314820000000E+13   0.2793792030438E-16
  0.5686700000000E+13   0.3387416727400E-16
  0.7494750000000E+13   0.3215370354455E-16
  0.7682960000000E+13   0.3172947030269E-16
  0.7875890000000E+13   0.3127304965460E-16
  0.8073670000000E+13   0.3078553567439E-16
  0.8276410000000E+13   0.3027241070498E-16
  0.8484250000000E+13   0.2974249385697E-16
  0.8697300000000E+13   0.2923550722080E-16
  0.8915700000000E+13   0.2870898001630E-16
  0.9139590000000E+13   0.2822185933651E-16
  0.9369100000000E+13   0.2772908199048E-16
  0.9604380000000E+13   0.2725427150159E-16
  0.9845560000000E+13   0.2679694672730E-16
  0.1009280000000E+14   0.2632842361610E-16
  0.1034620000000E+14   0.2587026216381E-16
  0.1060610000000E+14   0.2539528768740E-16
  0.1087240000000E+14   0.2496271886771E-16
  0.1114540000000E+14   0.2452132178676E-16
  0.1142530000000E+14   0.2409553785798E-16
  0.1171220000000E+14   0.2367804012853E-16
  0.1200630000000E+14   0.2324643107749E-16
  0.1230780000000E+14   0.2281830957085E-16
  0.1261690000000E+14   0.2236965285037E-16
  0.1293370000000E+14   0.2197338699952E-16
  0.1325850000000E+14   0.2156208567209E-16
  0.1359150000000E+14   0.2116137190953E-16
  0.1393280000000E+14   0.2076079434147E-16
  0.1428260000000E+14   0.2036001321547E-16
  0.1464130000000E+14   0.2000368662993E-16
  0.1500900000000E+14   0.1962031793889E-16
  0.1538590000000E+14   0.1911108751919E-16
  0.1577220000000E+14   0.1858469438080E-16
  0.1616830000000E+14   0.1773101954338E-16
  0.1657430000000E+14   0.1671467054704E-16
  0.1699050000000E+14   0.1562605218113E-16
  0.1741720000000E+14   0.1429899376087E-16
  0.1785460000000E+14   0.1305317178784E-16
  0.1830290000000E+14   0.1174997599817E-16
  0.1876260000000E+14   0.1052835155933E-16
  0.1923370000000E+14   0.9439615559374E-17
  0.1971670000000E+14   0.8452545839872E-17
  0.2021180000000E+14   0.7595147721445E-17
  0.2071940000000E+14   0.6922696572623E-17
  0.2123970000000E+14   0.6307357573981E-17
  0.2177310000000E+14   0.6228352078695E-17
  0.2231980000000E+14   0.6136318796096E-17
  0.2288030000000E+14   0.6194430876367E-17
  0.2345490000000E+14   0.6285906213520E-17
  0.2404390000000E+14   0.6388240944315E-17
  0.2464770000000E+14   0.6529142199805E-17
  0.2526660000000E+14   0.6630901664666E-17
  0.2590110000000E+14   0.6752123475088E-17
  0.2655150000000E+14   0.6834382883359E-17
  0.2721830000000E+14   0.6986601297279E-17
  0.2790180000000E+14   0.7134032553756E-17
  0.2860240000000E+14   0.7207255407665E-17
  0.2932070000000E+14   0.7201731604270E-17
  0.3005700000000E+14   0.7166510819585E-17
  0.3081180000000E+14   0.6985646492767E-17
  0.3158550000000E+14   0.6810914623455E-17
  0.3237870000000E+14   0.6102363003971E-17
  0.3319170000000E+14   0.5278724149686E-17
  0.3402530000000E+14   0.4521516688056E-17
  0.3487970000000E+14   0.3824898222658E-17
  0.3575560000000E+14   0.3175488610028E-17
  0.3665350000000E+14   0.2592555688385E-17
  0.3757390000000E+14   0.2031363847212E-17
  0.3851740000000E+14   0.1690902270018E-17
  0.3948470000000E+14   0.1414317023951E-17
  0.4047620000000E+14   0.1237510796717E-17
  0.4149260000000E+14   0.1176046627775E-17
  0.4253460000000E+14   0.1124371582205E-17
  0.4360270000000E+14   0.1109873213288E-17
  0.4469770000000E+14   0.1097598060131E-17
  0.4582010000000E+14   0.1087755435151E-17
  0.4697070000000E+14   0.1079757474475E-17
  0.4815020000000E+14   0.1072227085077E-17
  0.4935940000000E+14   0.1065019519892E-17
  0.5059890000000E+14   0.1059143949583E-17
  0.5186950000000E+14   0.1055028746137E-17
  0.5317200000000E+14   0.1051670650070E-17
  0.5450730000000E+14   0.1050458641521E-17
  0.6258450000000E+14   0.1058570048491E-17
  0.7185870000000E+14   0.1076030283301E-17
  0.8250720000000E+14   0.1081286776006E-17
  0.9473370000000E+14   0.1068996623049E-17
  0.1087720000000E+15   0.1044343367260E-17
  0.1248910000000E+15   0.1017361213528E-17
  0.1433980000000E+15   0.9978816593265E-18
  0.1646470000000E+15   0.9960531142465E-18
  0.1890460000000E+15   0.1021699950025E-17
  0.2170600000000E+15   0.1077646991621E-17
  0.2492250000000E+15   0.1165949791366E-17
  0.2861570000000E+15   0.1284716464053E-17
  0.3285620000000E+15   0.1426735833065E-17
  0.3772500000000E+15   0.1579686705875E-17
  0.4331540000000E+15   0.1724801286190E-17
  0.4973410000000E+15   0.1837433345493E-17
  0.5710410000000E+15   0.1890546370735E-17
  0.6556610000000E+15   0.1860796080933E-17
  0.7528220000000E+15   0.1734747827124E-17
  0.8643800000000E+15   0.1517193368611E-17
  0.9924690000000E+15   0.1231913365847E-17
  0.1139540000000E+16   0.9142696110711E-18
  0.1308400000000E+16   0.6143174395102E-18
  0.1502290000000E+16   0.3668471014258E-18
  0.1724910000000E+16   0.1910315326808E-18
  0.1980520000000E+16   0.8475782364427E-19
  0.2274010000000E+16   0.3137231563777E-19
  0.2610990000000E+16   0.9424820964997E-20
  0.2997900000000E+16   0.2228054164213E-20
