         130
  
  0.2997900000000E+11   0.5445985250389E-23
  0.3951060000000E+11   0.1240525575603E-22
  0.5207280000000E+11   0.2823189815210E-22
  0.6862910000000E+11   0.6416226313515E-22
  0.9044930000000E+11   0.1455383766775E-21
  0.1192070000000E+12   0.3292445010088E-21
  0.1571080000000E+12   0.7421634203746E-21
  0.2070600000000E+12   0.1664869365325E-20
  0.2728930000000E+12   0.3710594995687E-20
  0.3596580000000E+12   0.8940742489233E-20
  0.4740100000000E+12   0.2572147853827E-19
  0.6247180000000E+12   0.7285459750555E-19
  0.8233440000000E+12   0.2016872749382E-18
  0.1085120000000E+13   0.5418554859716E-18
  0.1430130000000E+13   0.1394182985784E-17
  0.1884830000000E+13   0.3379682255101E-17
  0.2484100000000E+13   0.7529112877787E-17
  0.3273910000000E+13   0.1481391181541E-16
  0.4314820000000E+13   0.2450402539401E-16
  0.5686700000000E+13   0.3195958700415E-16
  0.7494750000000E+13   0.3184173115470E-16
  0.7682960000000E+13   0.3146720130198E-16
  0.7875890000000E+13   0.3104231787399E-16
  0.8073670000000E+13   0.3056952994365E-16
  0.8276410000000E+13   0.3005612971739E-16
  0.8484250000000E+13   0.2951278378966E-16
  0.8697300000000E+13   0.2897965897204E-16
  0.8915700000000E+13   0.2841757932073E-16
  0.9139590000000E+13   0.2788455655565E-16
  0.9369100000000E+13   0.2733988668280E-16
  0.9604380000000E+13   0.2680789717130E-16
  0.9845560000000E+13   0.2629014059862E-16
  0.1009280000000E+14   0.2576217156493E-16
  0.1034620000000E+14   0.2524573967471E-16
  0.1060610000000E+14   0.2471730970154E-16
  0.1087240000000E+14   0.2423269614566E-16
  0.1114540000000E+14   0.2374570760704E-16
  0.1142530000000E+14   0.2327950584935E-16
  0.1171220000000E+14   0.2282776788516E-16
  0.1200630000000E+14   0.2236975624494E-16
  0.1230780000000E+14   0.2192165294824E-16
  0.1261690000000E+14   0.2146063382686E-16
  0.1293370000000E+14   0.2105475725891E-16
  0.1325850000000E+14   0.2064023990700E-16
  0.1359150000000E+14   0.2024061743011E-16
  0.1393280000000E+14   0.1984541291159E-16
  0.1428260000000E+14   0.1945368964698E-16
  0.1464130000000E+14   0.1910745690244E-16
  0.1500900000000E+14   0.1873807415364E-16
  0.1538590000000E+14   0.1825030615738E-16
  0.1577220000000E+14   0.1774748668550E-16
  0.1616830000000E+14   0.1693195350615E-16
  0.1657430000000E+14   0.1596093205883E-16
  0.1699050000000E+14   0.1492087325196E-16
  0.1741720000000E+14   0.1365257767702E-16
  0.1785460000000E+14   0.1246233293480E-16
  0.1830290000000E+14   0.1121742714384E-16
  0.1876260000000E+14   0.1005097375883E-16
  0.1923370000000E+14   0.9011868667255E-17
  0.1971670000000E+14   0.8070241952322E-17
  0.2021180000000E+14   0.7252591906639E-17
  0.2071940000000E+14   0.6611252298592E-17
  0.2123970000000E+14   0.6024304983850E-17
  0.2177310000000E+14   0.5948163292857E-17
  0.2231980000000E+14   0.5860488839049E-17
  0.2288030000000E+14   0.5917213582452E-17
  0.2345490000000E+14   0.6006956978300E-17
  0.2404390000000E+14   0.6108048131714E-17
  0.2464770000000E+14   0.6246760844408E-17
  0.2526660000000E+14   0.6348226028416E-17
  0.2590110000000E+14   0.6468567176449E-17
  0.2655150000000E+14   0.6551459612087E-17
  0.2721830000000E+14   0.6702052926215E-17
  0.2790180000000E+14   0.6848191529469E-17
  0.2860240000000E+14   0.6922784110869E-17
  0.2932070000000E+14   0.6921436614290E-17
  0.3005700000000E+14   0.6891394386325E-17
  0.3081180000000E+14   0.6720609473770E-17
  0.3158550000000E+14   0.6555660033341E-17
  0.3237870000000E+14   0.5874352990416E-17
  0.3319170000000E+14   0.5081748291621E-17
  0.3402530000000E+14   0.4353403112362E-17
  0.3487970000000E+14   0.3683597334431E-17
  0.3575560000000E+14   0.3058970069662E-17
  0.3665350000000E+14   0.2498948327355E-17
  0.3757390000000E+14   0.1959537450930E-17
  0.3851740000000E+14   0.1633072272861E-17
  0.3948470000000E+14   0.1368237568197E-17
  0.4047620000000E+14   0.1198689966653E-17
  0.4149260000000E+14   0.1140417971577E-17
  0.4253460000000E+14   0.1091301128834E-17
  0.4360270000000E+14   0.1078483636687E-17
  0.4469770000000E+14   0.1067704699509E-17
  0.4582010000000E+14   0.1059172709323E-17
  0.4697070000000E+14   0.1052311769253E-17
  0.4815020000000E+14   0.1045755580318E-17
  0.4935940000000E+14   0.1039357869335E-17
  0.5059890000000E+14   0.1034135317051E-17
  0.5186950000000E+14   0.1030536851768E-17
  0.5317200000000E+14   0.1027566606812E-17
  0.5450730000000E+14   0.1026645901156E-17
  0.6258450000000E+14   0.1035108145498E-17
  0.7185870000000E+14   0.1052097514652E-17
  0.8250720000000E+14   0.1057153508659E-17
  0.9473370000000E+14   0.1045657740641E-17
  0.1087720000000E+15   0.1023158207963E-17
  0.1248910000000E+15   0.9996292688648E-18
  0.1433980000000E+15   0.9845884733520E-18
  0.1646470000000E+15   0.9876346896329E-18
  0.1890460000000E+15   0.1017826060992E-17
  0.2170600000000E+15   0.1077290434834E-17
  0.2492250000000E+15   0.1167677547839E-17
  0.2861570000000E+15   0.1287258535766E-17
  0.3285620000000E+15   0.1429223665244E-17
  0.3772500000000E+15   0.1581629964246E-17
  0.4331540000000E+15   0.1726079728437E-17
  0.4973410000000E+15   0.1838251504043E-17
  0.5710410000000E+15   0.1891243180331E-17
  0.6556610000000E+15   0.1861645479730E-17
  0.7528220000000E+15   0.1735971977570E-17
  0.8643800000000E+15   0.1518679612190E-17
  0.9924690000000E+15   0.1233276414248E-17
  0.1139540000000E+16   0.9156669045628E-18
  0.1308400000000E+16   0.6151980210418E-18
  0.1502290000000E+16   0.3672815849280E-18
  0.1724910000000E+16   0.1912011078338E-18
  0.1980520000000E+16   0.8483722985074E-19
  0.2274010000000E+16   0.3140102810587E-19
  0.2610990000000E+16   0.9433287377859E-20
  0.2997900000000E+16   0.2230027181711E-20
