mstar = 2 Msun, Rstar = 2.5 Rsun, Tstar = 10000, mdisk = 0.0021337 Msun, Rc = 150 AU, Rin = 0.5 AU, Rout = 250 AU, inclination = 45 degree, powerlaw = -1 
         130
  
  0.2997900000000E+11   0.3045353781635E-23
  0.3951060000000E+11   0.6931959776766E-23
  0.5207280000000E+11   0.1576927985849E-22
  0.6862910000000E+11   0.3583378588845E-22
  0.9044930000000E+11   0.8129202346390E-22
  0.1192070000000E+12   0.1839788897198E-21
  0.1571080000000E+12   0.4150162715083E-21
  0.2070600000000E+12   0.9320212416238E-21
  0.2728930000000E+12   0.2080531599541E-20
  0.3596580000000E+12   0.5024269232178E-20
  0.4740100000000E+12   0.1450248879943E-19
  0.6247180000000E+12   0.4127800442603E-19
  0.8233440000000E+12   0.1150904012462E-18
  0.1085120000000E+13   0.3124956500723E-18
  0.1430130000000E+13   0.8169911226109E-18
  0.1884830000000E+13   0.2029674032782E-17
  0.2484100000000E+13   0.4697827245588E-17
  0.3273910000000E+13   0.9811140855317E-17
  0.4314820000000E+13   0.1777686804328E-16
  0.5686700000000E+13   0.2630006010217E-16
  0.7494750000000E+13   0.2984153835866E-16
  0.7682960000000E+13   0.2976510455677E-16
  0.7875890000000E+13   0.2961385971197E-16
  0.8073670000000E+13   0.2938729026934E-16
  0.8276410000000E+13   0.2909126224344E-16
  0.8484250000000E+13   0.2873613337936E-16
  0.8697300000000E+13   0.2836472966489E-16
  0.8915700000000E+13   0.2793284438300E-16
  0.9139590000000E+13   0.2750214941534E-16
  0.9369100000000E+13   0.2702928421694E-16
  0.9604380000000E+13   0.2654042847525E-16
  0.9845560000000E+13   0.2603825245193E-16
  0.1009280000000E+14   0.2550154540340E-16
  0.1034620000000E+14   0.2495465240567E-16
  0.1060610000000E+14   0.2437932089921E-16
  0.1087240000000E+14   0.2383011212167E-16
  0.1114540000000E+14   0.2326847632420E-16
  0.1142530000000E+14   0.2271866854605E-16
  0.1171220000000E+14   0.2217842358979E-16
  0.1200630000000E+14   0.2163302946623E-16
  0.1230780000000E+14   0.2109930860854E-16
  0.1261690000000E+14   0.2055998457874E-16
  0.1293370000000E+14   0.2007533018831E-16
  0.1325850000000E+14   0.1959203572177E-16
  0.1359150000000E+14   0.1913136403011E-16
  0.1393280000000E+14   0.1868492900645E-16
  0.1428260000000E+14   0.1825210309261E-16
  0.1464130000000E+14   0.1786969283997E-16
  0.1500900000000E+14   0.1747714009124E-16
  0.1538590000000E+14   0.1698854265217E-16
  0.1577220000000E+14   0.1649394498532E-16
  0.1616830000000E+14   0.1572488580649E-16
  0.1657430000000E+14   0.1481975083168E-16
  0.1699050000000E+14   0.1385522897965E-16
  0.1741720000000E+14   0.1268756905379E-16
  0.1785460000000E+14   0.1159233671848E-16
  0.1830290000000E+14   0.1045034166709E-16
  0.1876260000000E+14   0.9381211520203E-17
  0.1923370000000E+14   0.8428433783888E-17
  0.1971670000000E+14   0.7564840091721E-17
  0.2021180000000E+14   0.6813692194447E-17
  0.2071940000000E+14   0.6221033908296E-17
  0.2123970000000E+14   0.5678383938366E-17
  0.2177310000000E+14   0.5592602198815E-17
  0.2231980000000E+14   0.5500689617170E-17
  0.2288030000000E+14   0.5543367333573E-17
  0.2345490000000E+14   0.5621004243578E-17
  0.2404390000000E+14   0.5713291223384E-17
  0.2464770000000E+14   0.5844008083250E-17
  0.2526660000000E+14   0.5943164405095E-17
  0.2590110000000E+14   0.6062163396253E-17
  0.2655150000000E+14   0.6147962477092E-17
  0.2721830000000E+14   0.6298405813680E-17
  0.2790180000000E+14   0.6445559875100E-17
  0.2860240000000E+14   0.6526112046939E-17
  0.2932070000000E+14   0.6535595191842E-17
  0.3005700000000E+14   0.6518225368915E-17
  0.3081180000000E+14   0.6368098342998E-17
  0.3158550000000E+14   0.6223209153020E-17
  0.3237870000000E+14   0.5589388470691E-17
  0.3319170000000E+14   0.4848192734707E-17
  0.3402530000000E+14   0.4165278212854E-17
  0.3487970000000E+14   0.3536169242620E-17
  0.3575560000000E+14   0.2948635704452E-17
  0.3665350000000E+14   0.2420562468064E-17
  0.3757390000000E+14   0.1910545988636E-17
  0.3851740000000E+14   0.1601617074816E-17
  0.3948470000000E+14   0.1349407009379E-17
  0.4047620000000E+14   0.1186903950963E-17
  0.4149260000000E+14   0.1130989142431E-17
  0.4253460000000E+14   0.1083460711895E-17
  0.4360270000000E+14   0.1071034036731E-17
  0.4469770000000E+14   0.1060481858684E-17
  0.4582010000000E+14   0.1052015210390E-17
  0.4697070000000E+14   0.1045073970076E-17
  0.4815020000000E+14   0.1038300060774E-17
  0.4935940000000E+14   0.1031544303096E-17
  0.5059890000000E+14   0.1025831482885E-17
  0.5186950000000E+14   0.1021634230708E-17
  0.5317200000000E+14   0.1017961287826E-17
  0.5450730000000E+14   0.1016283558921E-17
  0.6258450000000E+14   0.1019924483383E-17
  0.7185870000000E+14   0.1032390939458E-17
  0.8250720000000E+14   0.1034128891295E-17
  0.9473370000000E+14   0.1021324258658E-17
  0.1087720000000E+15   0.1000045845561E-17
  0.1248910000000E+15   0.9799995183946E-18
  0.1433980000000E+15   0.9698685537927E-18
  0.1646470000000E+15   0.9782804861563E-18
  0.1890460000000E+15   0.1013474966278E-17
  0.2170600000000E+15   0.1077015764373E-17
  0.2492250000000E+15   0.1170004998912E-17
  0.2861570000000E+15   0.1290586065445E-17
  0.3285620000000E+15   0.1432406555558E-17
  0.3772500000000E+15   0.1584157906758E-17
  0.4331540000000E+15   0.1727875847188E-17
  0.4973410000000E+15   0.1839512452758E-17
  0.5710410000000E+15   0.1892340596223E-17
  0.6556610000000E+15   0.1862949807931E-17
  0.7528220000000E+15   0.1737825966156E-17
  0.8643800000000E+15   0.1520924762921E-17
  0.9924690000000E+15   0.1235335114896E-17
  0.1139540000000E+16   0.9177783655976E-18
  0.1308400000000E+16   0.6165285128974E-18
  0.1502290000000E+16   0.3679378516449E-18
  0.1724910000000E+16   0.1914571478580E-18
  0.1980520000000E+16   0.8495713196838E-19
  0.2274010000000E+16   0.3144438230343E-19
  0.2610990000000E+16   0.9446070910034E-20
  0.2997900000000E+16   0.2233006215369E-20
