mstar = 2 Msun, Rstar = 2.5 Rsun, Tstar = 10000, mdisk = 0.0017986 Msun, Rc = 150 AU, Rin = 0.5 AU, Rout = 250 AU, inclination = 45 degree, powerlaw = -1 
         130
  
  0.2997900000000E+11   0.2615159657442E-23
  0.3951060000000E+11   0.5950984034537E-23
  0.5207280000000E+11   0.1353513367167E-22
  0.6862910000000E+11   0.3075396389807E-22
  0.9044930000000E+11   0.6976714101630E-22
  0.1192070000000E+12   0.1579073545327E-21
  0.1571080000000E+12   0.3562628200899E-21
  0.2070600000000E+12   0.8002910523230E-21
  0.2728930000000E+12   0.1787182862242E-20
  0.3596580000000E+12   0.4318285922363E-20
  0.4740100000000E+12   0.1247490124181E-19
  0.6247180000000E+12   0.3554919567789E-19
  0.8233440000000E+12   0.9928734308444E-19
  0.1085120000000E+13   0.2702579757601E-18
  0.1430130000000E+13   0.7091495406736E-18
  0.1884830000000E+13   0.1771390211780E-17
  0.2484100000000E+13   0.4134131623290E-17
  0.3273910000000E+13   0.8744471492676E-17
  0.4314820000000E+13   0.1615752049049E-16
  0.5686700000000E+13   0.2460083457817E-16
  0.7494750000000E+13   0.2892324871829E-16
  0.7682960000000E+13   0.2893988126938E-16
  0.7875890000000E+13   0.2888059853034E-16
  0.8073670000000E+13   0.2874353292978E-16
  0.8276410000000E+13   0.2853350885071E-16
  0.8484250000000E+13   0.2826017299502E-16
  0.8697300000000E+13   0.2796723072198E-16
  0.8915700000000E+13   0.2760742229090E-16
  0.9139590000000E+13   0.2724423298832E-16
  0.9369100000000E+13   0.2683142377220E-16
  0.9604380000000E+13   0.2639551431109E-16
  0.9845560000000E+13   0.2593854691402E-16
  0.1009280000000E+14   0.2543824114538E-16
  0.1034620000000E+14   0.2491956343676E-16
  0.1060610000000E+14   0.2436406483564E-16
  0.1087240000000E+14   0.2382734884733E-16
  0.1114540000000E+14   0.2327077078297E-16
  0.1142530000000E+14   0.2271933639300E-16
  0.1171220000000E+14   0.2217147684996E-16
  0.1200630000000E+14   0.2161362113562E-16
  0.1230780000000E+14   0.2106340381488E-16
  0.1261690000000E+14   0.2050503234510E-16
  0.1293370000000E+14   0.1999805375249E-16
  0.1325850000000E+14   0.1949154584355E-16
  0.1359150000000E+14   0.1900700262271E-16
  0.1393280000000E+14   0.1853707602498E-16
  0.1428260000000E+14   0.1808180242836E-16
  0.1464130000000E+14   0.1767710096944E-16
  0.1500900000000E+14   0.1726513061245E-16
  0.1538590000000E+14   0.1676325986861E-16
  0.1577220000000E+14   0.1625817530200E-16
  0.1616830000000E+14   0.1549043799627E-16
  0.1657430000000E+14   0.1459311436623E-16
  0.1699050000000E+14   0.1364003253109E-16
  0.1741720000000E+14   0.1249223038862E-16
  0.1785460000000E+14   0.1141583338781E-16
  0.1830290000000E+14   0.1029581975360E-16
  0.1876260000000E+14   0.9247628212709E-17
  0.1923370000000E+14   0.8313054796044E-17
  0.1971670000000E+14   0.7465812541923E-17
  0.2021180000000E+14   0.6728140696625E-17
  0.2071940000000E+14   0.6144237264114E-17
  0.2123970000000E+14   0.5609497807316E-17
  0.2177310000000E+14   0.5516019352622E-17
  0.2231980000000E+14   0.5417843322971E-17
  0.2288030000000E+14   0.5450969216874E-17
  0.2345490000000E+14   0.5519590010787E-17
  0.2404390000000E+14   0.5604076325373E-17
  0.2464770000000E+14   0.5727472107085E-17
  0.2526660000000E+14   0.5821361308005E-17
  0.2590110000000E+14   0.5935544787622E-17
  0.2655150000000E+14   0.6017926683269E-17
  0.2721830000000E+14   0.6163925090509E-17
  0.2790180000000E+14   0.6307316102200E-17
  0.2860240000000E+14   0.6386177363776E-17
  0.2932070000000E+14   0.6395856256279E-17
  0.3005700000000E+14   0.6379462705670E-17
  0.3081180000000E+14   0.6233390248827E-17
  0.3158550000000E+14   0.6092560224078E-17
  0.3237870000000E+14   0.5473600361485E-17
  0.3319170000000E+14   0.4750123110319E-17
  0.3402530000000E+14   0.4084297503666E-17
  0.3487970000000E+14   0.3471071500755E-17
  0.3575560000000E+14   0.2898323875290E-17
  0.3665350000000E+14   0.2383694938169E-17
  0.3757390000000E+14   0.1885835191040E-17
  0.3851740000000E+14   0.1584179837991E-17
  0.3948470000000E+14   0.1337647108706E-17
  0.4047620000000E+14   0.1178472427778E-17
  0.4149260000000E+14   0.1123653766325E-17
  0.4253460000000E+14   0.1076946565805E-17
  0.4360270000000E+14   0.1064897147681E-17
  0.4469770000000E+14   0.1054684816869E-17
  0.4582010000000E+14   0.1046515824393E-17
  0.4697070000000E+14   0.1039830331500E-17
  0.4815020000000E+14   0.1033271486461E-17
  0.4935940000000E+14   0.1026684438054E-17
  0.5059890000000E+14   0.1021091186541E-17
  0.5186950000000E+14   0.1016966823167E-17
  0.5317200000000E+14   0.1013321264313E-17
  0.5450730000000E+14   0.1011633860058E-17
  0.6258450000000E+14   0.1014663720454E-17
  0.7185870000000E+14   0.1025980324111E-17
  0.8250720000000E+14   0.1026529116681E-17
  0.9473370000000E+14   0.1013011142503E-17
  0.1087720000000E+15   0.9918358496011E-18
  0.1248910000000E+15   0.9727104772646E-18
  0.1433980000000E+15   0.9640323927152E-18
  0.1646470000000E+15   0.9740308818553E-18
  0.1890460000000E+15   0.1010634586605E-17
  0.2170600000000E+15   0.1075337043416E-17
  0.2492250000000E+15   0.1169226099966E-17
  0.2861570000000E+15   0.1290395369688E-17
  0.3285620000000E+15   0.1432496499029E-17
  0.3772500000000E+15   0.1584339456444E-17
  0.4331540000000E+15   0.1728072485006E-17
  0.4973410000000E+15   0.1839701973984E-17
  0.5710410000000E+15   0.1892542478919E-17
  0.6556610000000E+15   0.1863207485912E-17
  0.7528220000000E+15   0.1738197305420E-17
  0.8643800000000E+15   0.1521375265844E-17
  0.9924690000000E+15   0.1235748311914E-17
  0.1139540000000E+16   0.9182023192871E-18
  0.1308400000000E+16   0.6167956355677E-18
  0.1502290000000E+16   0.3680695805737E-18
  0.1724910000000E+16   0.1915085276258E-18
  0.1980520000000E+16   0.8498119389764E-19
  0.2274010000000E+16   0.3145308244350E-19
  0.2610990000000E+16   0.9448636216885E-20
  0.2997900000000E+16   0.2233604019407E-20
