         130
  
  0.2997900000000E+11   0.6812590813467E-23
  0.3951060000000E+11   0.1552033749216E-22
  0.5207280000000E+11   0.3532279999562E-22
  0.6862910000000E+11   0.8027413155763E-22
  0.9044930000000E+11   0.1820597436314E-21
  0.1192070000000E+12   0.4117655434095E-21
  0.1571080000000E+12   0.9278377846262E-21
  0.2070600000000E+12   0.2080302012564E-20
  0.2728930000000E+12   0.4633159579336E-20
  0.3596580000000E+12   0.1115233103452E-19
  0.4740100000000E+12   0.3203408666018E-19
  0.6247180000000E+12   0.9052770934727E-19
  0.8233440000000E+12   0.2497667645017E-18
  0.1085120000000E+13   0.6676186873142E-18
  0.1430130000000E+13   0.1704438306646E-17
  0.1884830000000E+13   0.4082115478959E-17
  0.2484100000000E+13   0.8923813816076E-17
  0.3273910000000E+13   0.1705589373972E-16
  0.4314820000000E+13   0.2704448198818E-16
  0.5686700000000E+13   0.3350452557364E-16
  0.7494750000000E+13   0.3220021290509E-16
  0.7682960000000E+13   0.3178198756092E-16
  0.7875890000000E+13   0.3132659165737E-16
  0.8073670000000E+13   0.3083573770278E-16
  0.8276410000000E+13   0.3031555504916E-16
  0.8484250000000E+13   0.2977543660883E-16
  0.8697300000000E+13   0.2925487831367E-16
  0.8915700000000E+13   0.2871303192370E-16
  0.9139590000000E+13   0.2820802002859E-16
  0.9369100000000E+13   0.2769659595531E-16
  0.9604380000000E+13   0.2720239108776E-16
  0.9845560000000E+13   0.2672552068836E-16
  0.1009280000000E+14   0.2623864492394E-16
  0.1034620000000E+14   0.2576317439376E-16
  0.1060610000000E+14   0.2527299621050E-16
  0.1087240000000E+14   0.2482603068785E-16
  0.1114540000000E+14   0.2437258828995E-16
  0.1142530000000E+14   0.2393657329972E-16
  0.1171220000000E+14   0.2351085420156E-16
  0.1200630000000E+14   0.2307343269531E-16
  0.1230780000000E+14   0.2264141152457E-16
  0.1261690000000E+14   0.2219103553037E-16
  0.1293370000000E+14   0.2179387537348E-16
  0.1325850000000E+14   0.2138344983623E-16
  0.1359150000000E+14   0.2098479352154E-16
  0.1393280000000E+14   0.2058739876073E-16
  0.1428260000000E+14   0.2019077994322E-16
  0.1464130000000E+14   0.1983899283849E-16
  0.1500900000000E+14   0.1946112682303E-16
  0.1538590000000E+14   0.1895899096741E-16
  0.1577220000000E+14   0.1844007260877E-16
  0.1616830000000E+14   0.1759650843676E-16
  0.1657430000000E+14   0.1659127508330E-16
  0.1699050000000E+14   0.1551394484496E-16
  0.1741720000000E+14   0.1419954093776E-16
  0.1785460000000E+14   0.1296547973575E-16
  0.1830290000000E+14   0.1167412829060E-16
  0.1876260000000E+14   0.1046351587048E-16
  0.1923370000000E+14   0.9384644766962E-17
  0.1971670000000E+14   0.8406557061029E-17
  0.2021180000000E+14   0.7556860850782E-17
  0.2071940000000E+14   0.6890137181964E-17
  0.2123970000000E+14   0.6279781703828E-17
  0.2177310000000E+14   0.6200898279879E-17
  0.2231980000000E+14   0.6109420183590E-17
  0.2288030000000E+14   0.6167171213379E-17
  0.2345490000000E+14   0.6258408574916E-17
  0.2404390000000E+14   0.6360747632237E-17
  0.2464770000000E+14   0.6501828939275E-17
  0.2526660000000E+14   0.6604022661726E-17
  0.2590110000000E+14   0.6725500680032E-17
  0.2655150000000E+14   0.6808160360983E-17
  0.2721830000000E+14   0.6960466088744E-17
  0.2790180000000E+14   0.7107419736024E-17
  0.2860240000000E+14   0.7180219655028E-17
  0.2932070000000E+14   0.7174402760159E-17
  0.3005700000000E+14   0.7138779739394E-17
  0.3081180000000E+14   0.6958242581164E-17
  0.3158550000000E+14   0.6783717281477E-17
  0.3237870000000E+14   0.6078482680470E-17
  0.3319170000000E+14   0.5258688264601E-17
  0.3402530000000E+14   0.4504555348484E-17
  0.3487970000000E+14   0.3811028471309E-17
  0.3575560000000E+14   0.3164648506045E-17
  0.3665350000000E+14   0.2584086438762E-17
  0.3757390000000E+14   0.2024055808450E-17
  0.3851740000000E+14   0.1684191376918E-17
  0.3948470000000E+14   0.1408393154389E-17
  0.4047620000000E+14   0.1231767859518E-17
  0.4149260000000E+14   0.1170107832605E-17
  0.4253460000000E+14   0.1118136473014E-17
  0.4360270000000E+14   0.1103388919365E-17
  0.4469770000000E+14   0.1090853335315E-17
  0.4582010000000E+14   0.1080739125613E-17
  0.4697070000000E+14   0.1072458984237E-17
  0.4815020000000E+14   0.1064628116259E-17
  0.4935940000000E+14   0.1057101789290E-17
  0.5059890000000E+14   0.1050897830006E-17
  0.5186950000000E+14   0.1046452747331E-17
  0.5317200000000E+14   0.1042756915356E-17
  0.5450730000000E+14   0.1041215219456E-17
  0.6258450000000E+14   0.1047525367548E-17
  0.7185870000000E+14   0.1063311812976E-17
  0.8250720000000E+14   0.1067189690185E-17
  0.9473370000000E+14   0.1054144076823E-17
  0.1087720000000E+15   0.1029613829499E-17
  0.1248910000000E+15   0.1003708357200E-17
  0.1433980000000E+15   0.9861615425346E-18
  0.1646470000000E+15   0.9868163828831E-18
  0.1890460000000E+15   0.1015031606600E-17
  0.2170600000000E+15   0.1073270500812E-17
  0.2492250000000E+15   0.1163350367370E-17
  0.2861570000000E+15   0.1283363696863E-17
  0.3285620000000E+15   0.1426180093807E-17
  0.3772500000000E+15   0.1579562909608E-17
  0.4331540000000E+15   0.1724862830169E-17
  0.4973410000000E+15   0.1837571985627E-17
  0.5710410000000E+15   0.1890754040260E-17
  0.6556610000000E+15   0.1861101731889E-17
  0.7528220000000E+15   0.1735205843839E-17
  0.8643800000000E+15   0.1517752245026E-17
  0.9924690000000E+15   0.1232426139072E-17
  0.1139540000000E+16   0.9147952245240E-18
  0.1308400000000E+16   0.6146486947317E-18
  0.1502290000000E+16   0.3670105571923E-18
  0.1724910000000E+16   0.1910953339522E-18
  0.1980520000000E+16   0.8478769912549E-19
  0.2274010000000E+16   0.3138311837757E-19
  0.2610990000000E+16   0.9428006373397E-20
  0.2997900000000E+16   0.2228796496490E-20
