mstar = 2 Msun, Rstar = 2.5 Rsun, Tstar = 10000, mdisk = 0.0023197 Msun, Rc = 150 AU, Rin = 0.5 AU, Rout = 250 AU, inclination = 45 degree, powerlaw = -1 
         130
  
  0.2997900000000E+11   0.3285380947128E-23
  0.3951060000000E+11   0.7479304295176E-23
  0.5207280000000E+11   0.1701586784068E-22
  0.6862910000000E+11   0.3866825327558E-22
  0.9044930000000E+11   0.8772296996120E-22
  0.1192070000000E+12   0.1985276366803E-21
  0.1571080000000E+12   0.4478046497686E-21
  0.2070600000000E+12   0.1005541829523E-20
  0.2728930000000E+12   0.2244272856018E-20
  0.3596580000000E+12   0.5418389707881E-20
  0.4740100000000E+12   0.1563453953956E-19
  0.6247180000000E+12   0.4447684096923E-19
  0.8233440000000E+12   0.1239149273306E-18
  0.1085120000000E+13   0.3360798471743E-18
  0.1430130000000E+13   0.8771795682180E-18
  0.1884830000000E+13   0.2173649876859E-17
  0.2484100000000E+13   0.5011273895608E-17
  0.3273910000000E+13   0.1040157418247E-16
  0.4314820000000E+13   0.1866756266452E-16
  0.5686700000000E+13   0.2723635697815E-16
  0.7494750000000E+13   0.3039966754013E-16
  0.7682960000000E+13   0.3028017127027E-16
  0.7875890000000E+13   0.3008679195137E-16
  0.8073670000000E+13   0.2981959906320E-16
  0.8276410000000E+13   0.2948490622512E-16
  0.8484250000000E+13   0.2909339888996E-16
  0.8697300000000E+13   0.2868778539392E-16
  0.8915700000000E+13   0.2822481111590E-16
  0.9139590000000E+13   0.2776582252122E-16
  0.9369100000000E+13   0.2726822098749E-16
  0.9604380000000E+13   0.2675819134284E-16
  0.9845560000000E+13   0.2623857649242E-16
  0.1009280000000E+14   0.2568816577647E-16
  0.1034620000000E+14   0.2513113699625E-16
  0.1060610000000E+14   0.2454884955285E-16
  0.1087240000000E+14   0.2399605412250E-16
  0.1114540000000E+14   0.2343346147013E-16
  0.1142530000000E+14   0.2288518310272E-16
  0.1171220000000E+14   0.2234848197137E-16
  0.1200630000000E+14   0.2180777339371E-16
  0.1230780000000E+14   0.2127971188067E-16
  0.1261690000000E+14   0.2074607104496E-16
  0.1293370000000E+14   0.2026829031649E-16
  0.1325850000000E+14   0.1979124863046E-16
  0.1359150000000E+14   0.1933642747347E-16
  0.1393280000000E+14   0.1889493176477E-16
  0.1428260000000E+14   0.1846591804404E-16
  0.1464130000000E+14   0.1808700423461E-16
  0.1500900000000E+14   0.1769600233002E-16
  0.1538590000000E+14   0.1720501863236E-16
  0.1577220000000E+14   0.1670655661079E-16
  0.1616830000000E+14   0.1592645400406E-16
  0.1657430000000E+14   0.1500681532870E-16
  0.1699050000000E+14   0.1402628106040E-16
  0.1741720000000E+14   0.1283836783618E-16
  0.1785460000000E+14   0.1172445348630E-16
  0.1830290000000E+14   0.1056294586882E-16
  0.1876260000000E+14   0.9476036548855E-17
  0.1923370000000E+14   0.8507863436186E-17
  0.1971670000000E+14   0.7630756432492E-17
  0.2021180000000E+14   0.6868371043870E-17
  0.2071940000000E+14   0.6267667029119E-17
  0.2123970000000E+14   0.5717959071130E-17
  0.2177310000000E+14   0.5633647413407E-17
  0.2231980000000E+14   0.5542436222960E-17
  0.2288030000000E+14   0.5587345780144E-17
  0.2345490000000E+14   0.5666733296840E-17
  0.2404390000000E+14   0.5760077713274E-17
  0.2464770000000E+14   0.5891390485611E-17
  0.2526660000000E+14   0.5990233066532E-17
  0.2590110000000E+14   0.6108706682552E-17
  0.2655150000000E+14   0.6193368733518E-17
  0.2721830000000E+14   0.6343085671554E-17
  0.2790180000000E+14   0.6489364451134E-17
  0.2860240000000E+14   0.6568503817283E-17
  0.2932070000000E+14   0.6576026928361E-17
  0.3005700000000E+14   0.6556569646191E-17
  0.3081180000000E+14   0.6403599220174E-17
  0.3158550000000E+14   0.6256049431040E-17
  0.3237870000000E+14   0.5616911040887E-17
  0.3319170000000E+14   0.4870319836234E-17
  0.3402530000000E+14   0.4182966207540E-17
  0.3487970000000E+14   0.3550205700569E-17
  0.3575560000000E+14   0.2959360544570E-17
  0.3665350000000E+14   0.2428177165061E-17
  0.3757390000000E+14   0.1915726369616E-17
  0.3851740000000E+14   0.1605655042130E-17
  0.3948470000000E+14   0.1352433155430E-17
  0.4047620000000E+14   0.1189050046836E-17
  0.4149260000000E+14   0.1132763101018E-17
  0.4253460000000E+14   0.1084880158127E-17
  0.4360270000000E+14   0.1072387298868E-17
  0.4469770000000E+14   0.1061762813918E-17
  0.4582010000000E+14   0.1053225545485E-17
  0.4697070000000E+14   0.1046211414302E-17
  0.4815020000000E+14   0.1039350791886E-17
  0.4935940000000E+14   0.1032494400220E-17
  0.5059890000000E+14   0.1026680462934E-17
  0.5186950000000E+14   0.1022389300281E-17
  0.5317200000000E+14   0.1018622130427E-17
  0.5450730000000E+14   0.1016869453347E-17
  0.6258450000000E+14   0.1020298227051E-17
  0.7185870000000E+14   0.1032982168376E-17
  0.8250720000000E+14   0.1035294202073E-17
  0.9473370000000E+14   0.1023297288738E-17
  0.1087720000000E+15   0.1002842883201E-17
  0.1248910000000E+15   0.9833814013045E-18
  0.1433980000000E+15   0.9734164867394E-18
  0.1646470000000E+15   0.9815456204483E-18
  0.1890460000000E+15   0.1016119729170E-17
  0.2170600000000E+15   0.1078860529692E-17
  0.2492250000000E+15   0.1171079606582E-17
  0.2861570000000E+15   0.1291094563550E-17
  0.3285620000000E+15   0.1432587993068E-17
  0.3772500000000E+15   0.1584176747300E-17
  0.4331540000000E+15   0.1727816992761E-17
  0.4973410000000E+15   0.1839416666455E-17
  0.5710410000000E+15   0.1892215060001E-17
  0.6556610000000E+15   0.1862778407130E-17
  0.7528220000000E+15   0.1737575564399E-17
  0.8643800000000E+15   0.1520620586512E-17
  0.9924690000000E+15   0.1235056119672E-17
  0.1139540000000E+16   0.9174921376063E-18
  0.1308400000000E+16   0.6163481635584E-18
  0.1502290000000E+16   0.3678489085359E-18
  0.1724910000000E+16   0.1914224537371E-18
  0.1980520000000E+16   0.8494088438441E-19
  0.2274010000000E+16   0.3143850758619E-19
  0.2610990000000E+16   0.9444338694602E-20
  0.2997900000000E+16   0.2232602548756E-20
