mstar = 2 Msun, Rstar = 2.5 Rsun, Tstar = 10000, mdisk = 0.0019029 Msun, Rc = 150 AU, Rin = 0.5 AU, Rout = 250 AU, inclination = 45 degree, powerlaw = -1 
         130
  
  0.2997900000000E+11   0.2749957213097E-23
  0.3951060000000E+11   0.6258372845852E-23
  0.5207280000000E+11   0.1423522944680E-22
  0.6862910000000E+11   0.3234586323458E-22
  0.9044930000000E+11   0.7337900709774E-22
  0.1192070000000E+12   0.1660787963908E-21
  0.1571080000000E+12   0.3746796178855E-21
  0.2070600000000E+12   0.8415891656802E-21
  0.2728930000000E+12   0.1879167114110E-20
  0.3596580000000E+12   0.4539716801272E-20
  0.4740100000000E+12   0.1311109745842E-19
  0.6247180000000E+12   0.3734772757277E-19
  0.8233440000000E+12   0.1042526104296E-18
  0.1085120000000E+13   0.2835441980328E-18
  0.1430130000000E+13   0.7431304350523E-18
  0.1884830000000E+13   0.1852978012744E-17
  0.2484100000000E+13   0.4312872467848E-17
  0.3273910000000E+13   0.9084669570981E-17
  0.4314820000000E+13   0.1667835481395E-16
  0.5686700000000E+13   0.2515243739235E-16
  0.7494750000000E+13   0.2921543584331E-16
  0.7682960000000E+13   0.2920010165666E-16
  0.7875890000000E+13   0.2910899937470E-16
  0.8073670000000E+13   0.2894073018846E-16
  0.8276410000000E+13   0.2870048162343E-16
  0.8484250000000E+13   0.2839816393325E-16
  0.8697300000000E+13   0.2807718610677E-16
  0.8915700000000E+13   0.2769135673022E-16
  0.9139590000000E+13   0.2730352531488E-16
  0.9369100000000E+13   0.2686849890684E-16
  0.9604380000000E+13   0.2641268825389E-16
  0.9845560000000E+13   0.2593839060866E-16
  0.1009280000000E+14   0.2542377017218E-16
  0.1034620000000E+14   0.2489359721267E-16
  0.1060610000000E+14   0.2432959418686E-16
  0.1087240000000E+14   0.2378693175994E-16
  0.1114540000000E+14   0.2322714720962E-16
  0.1142530000000E+14   0.2267496447638E-16
  0.1171220000000E+14   0.2212861677134E-16
  0.1200630000000E+14   0.2157423840477E-16
  0.1230780000000E+14   0.2102916626328E-16
  0.1261690000000E+14   0.2047716815330E-16
  0.1293370000000E+14   0.1997788582994E-16
  0.1325850000000E+14   0.1947971052214E-16
  0.1359150000000E+14   0.1900398177250E-16
  0.1393280000000E+14   0.1854299422605E-16
  0.1428260000000E+14   0.1809650617801E-16
  0.1464130000000E+14   0.1770064701670E-16
  0.1500900000000E+14   0.1729674984013E-16
  0.1538590000000E+14   0.1680123477776E-16
  0.1577220000000E+14   0.1630168234608E-16
  0.1616830000000E+14   0.1553610405280E-16
  0.1657430000000E+14   0.1463905784111E-16
  0.1699050000000E+14   0.1368516333566E-16
  0.1741720000000E+14   0.1253405260310E-16
  0.1785460000000E+14   0.1145443887059E-16
  0.1830290000000E+14   0.1033004805467E-16
  0.1876260000000E+14   0.9277712327322E-17
  0.1923370000000E+14   0.8339614021090E-17
  0.1971670000000E+14   0.7489371718125E-17
  0.2021180000000E+14   0.6749460616137E-17
  0.2071940000000E+14   0.6164571488876E-17
  0.2123970000000E+14   0.5629001186919E-17
  0.2177310000000E+14   0.5538857908031E-17
  0.2231980000000E+14   0.5443566677354E-17
  0.2288030000000E+14   0.5480464440137E-17
  0.2345490000000E+14   0.5552666445500E-17
  0.2404390000000E+14   0.5640484883562E-17
  0.2464770000000E+14   0.5767065136675E-17
  0.2526660000000E+14   0.5863543399622E-17
  0.2590110000000E+14   0.5980082317131E-17
  0.2655150000000E+14   0.6064186244677E-17
  0.2721830000000E+14   0.6212064925043E-17
  0.2790180000000E+14   0.6357120059563E-17
  0.2860240000000E+14   0.6437068235383E-17
  0.2932070000000E+14   0.6447268030995E-17
  0.3005700000000E+14   0.6431210183266E-17
  0.3081180000000E+14   0.6284408573224E-17
  0.3158550000000E+14   0.6142804375134E-17
  0.3237870000000E+14   0.5519154568516E-17
  0.3319170000000E+14   0.4790095977743E-17
  0.3402530000000E+14   0.4118654464189E-17
  0.3487970000000E+14   0.3499363375648E-17
  0.3575560000000E+14   0.2920955782039E-17
  0.3665350000000E+14   0.2401709835613E-17
  0.3757390000000E+14   0.1900143404904E-17
  0.3851740000000E+14   0.1596453227418E-17
  0.3948470000000E+14   0.1348448599358E-17
  0.4047620000000E+14   0.1188386148967E-17
  0.4149260000000E+14   0.1132967923193E-17
  0.4253460000000E+14   0.1085719836099E-17
  0.4360270000000E+14   0.1073136257591E-17
  0.4469770000000E+14   0.1062400208038E-17
  0.4582010000000E+14   0.1053720605918E-17
  0.4697070000000E+14   0.1046541975295E-17
  0.4815020000000E+14   0.1039511893133E-17
  0.4935940000000E+14   0.1032478440374E-17
  0.5059890000000E+14   0.1026462818233E-17
  0.5186950000000E+14   0.1021939708821E-17
  0.5317200000000E+14   0.1017922546832E-17
  0.5450730000000E+14   0.1015886115659E-17
  0.6258450000000E+14   0.1017457061652E-17
  0.7185870000000E+14   0.1028068933902E-17
  0.8250720000000E+14   0.1028434682845E-17
  0.9473370000000E+14   0.1014930546461E-17
  0.1087720000000E+15   0.9936957642196E-18
  0.1248910000000E+15   0.9743239200399E-18
  0.1433980000000E+15   0.9652677737785E-18
  0.1646470000000E+15   0.9748968959597E-18
  0.1890460000000E+15   0.1011242820963E-17
  0.2170600000000E+15   0.1075785443579E-17
  0.2492250000000E+15   0.1169555266738E-17
  0.2861570000000E+15   0.1290624282490E-17
  0.3285620000000E+15   0.1432646484006E-17
  0.3772500000000E+15   0.1584421436291E-17
  0.4331540000000E+15   0.1728094223889E-17
  0.4973410000000E+15   0.1839680087806E-17
  0.5710410000000E+15   0.1892489945618E-17
  0.6556610000000E+15   0.1863125276637E-17
  0.7528220000000E+15   0.1738073532648E-17
  0.8643800000000E+15   0.1521224206726E-17
  0.9924690000000E+15   0.1235609687163E-17
  0.1139540000000E+16   0.9180600725641E-18
  0.1308400000000E+16   0.6167060100793E-18
  0.1502290000000E+16   0.3680253837410E-18
  0.1724910000000E+16   0.1914912895337E-18
  0.1980520000000E+16   0.8497312099623E-19
  0.2274010000000E+16   0.3145016350796E-19
  0.2610990000000E+16   0.9447775546532E-20
  0.2997900000000E+16   0.2233403454101E-20
