         130
  
  0.2997900000000E+11   0.2362230232870E-23
  0.3951060000000E+11   0.5374197064685E-23
  0.5207280000000E+11   0.1222142771388E-22
  0.6862910000000E+11   0.2776669772153E-22
  0.9044930000000E+11   0.6298895803489E-22
  0.1192070000000E+12   0.1425713840346E-21
  0.1571080000000E+12   0.3216953173989E-21
  0.2070600000000E+12   0.7227665066579E-21
  0.2728930000000E+12   0.1614481216078E-20
  0.3596580000000E+12   0.3902445764368E-20
  0.4740100000000E+12   0.1127969847511E-19
  0.6247180000000E+12   0.3216855781007E-19
  0.8233440000000E+12   0.8994686818138E-19
  0.1085120000000E+13   0.2452325378916E-18
  0.1430130000000E+13   0.6450154285408E-18
  0.1884830000000E+13   0.1616880714125E-17
  0.2484100000000E+13   0.3793701011949E-17
  0.3273910000000E+13   0.8090159212805E-17
  0.4314820000000E+13   0.1513729134974E-16
  0.5686700000000E+13   0.2347955100328E-16
  0.7494750000000E+13   0.2826994964934E-16
  0.7682960000000E+13   0.2834813057542E-16
  0.7875890000000E+13   0.2835070711767E-16
  0.8073670000000E+13   0.2827490382351E-16
  0.8276410000000E+13   0.2812478764272E-16
  0.8484250000000E+13   0.2790944514819E-16
  0.8697300000000E+13   0.2767310139051E-16
  0.8915700000000E+13   0.2736639215378E-16
  0.9139590000000E+13   0.2705399087389E-16
  0.9369100000000E+13   0.2668756149328E-16
  0.9604380000000E+13   0.2629376066744E-16
  0.9845560000000E+13   0.2587406800113E-16
  0.1009280000000E+14   0.2540515175035E-16
  0.1034620000000E+14   0.2491228241729E-16
  0.1060610000000E+14   0.2437654586982E-16
  0.1087240000000E+14   0.2385439526235E-16
  0.1114540000000E+14   0.2330663542599E-16
  0.1142530000000E+14   0.2275875572560E-16
  0.1171220000000E+14   0.2220946224148E-16
  0.1200630000000E+14   0.2164577681741E-16
  0.1230780000000E+14   0.2108591582394E-16
  0.1261690000000E+14   0.2051498910270E-16
  0.1293370000000E+14   0.1999231352718E-16
  0.1325850000000E+14   0.1946840017237E-16
  0.1359150000000E+14   0.1896501190157E-16
  0.1393280000000E+14   0.1847563135488E-16
  0.1428260000000E+14   0.1800092730017E-16
  0.1464130000000E+14   0.1757635121441E-16
  0.1500900000000E+14   0.1714612279663E-16
  0.1538590000000E+14   0.1663026035434E-16
  0.1577220000000E+14   0.1611318282507E-16
  0.1616830000000E+14   0.1534252312864E-16
  0.1657430000000E+14   0.1444747454566E-16
  0.1699050000000E+14   0.1349973840323E-16
  0.1741720000000E+14   0.1236410377602E-16
  0.1785460000000E+14   0.1129949920698E-16
  0.1830290000000E+14   0.1019396828281E-16
  0.1876260000000E+14   0.9159710652128E-17
  0.1923370000000E+14   0.8237178094866E-17
  0.1971670000000E+14   0.7400679896590E-17
  0.2021180000000E+14   0.6671796159483E-17
  0.2071940000000E+14   0.6093403826329E-17
  0.2123970000000E+14   0.5563834818499E-17
  0.2177310000000E+14   0.5464022696214E-17
  0.2231980000000E+14   0.5360635586184E-17
  0.2288030000000E+14   0.5386077317197E-17
  0.2345490000000E+14   0.5447423855003E-17
  0.2404390000000E+14   0.5525718711713E-17
  0.2464770000000E+14   0.5643364188190E-17
  0.2526660000000E+14   0.5733472532729E-17
  0.2590110000000E+14   0.5844518296119E-17
  0.2655150000000E+14   0.5925407911458E-17
  0.2721830000000E+14   0.6069602218684E-17
  0.2790180000000E+14   0.6211835424555E-17
  0.2860240000000E+14   0.6290932611559E-17
  0.2932070000000E+14   0.6302192598249E-17
  0.3005700000000E+14   0.6287979515384E-17
  0.3081180000000E+14   0.6146138248762E-17
  0.3158550000000E+14   0.6009511318232E-17
  0.3237870000000E+14   0.5401755129772E-17
  0.3319170000000E+14   0.4690874679959E-17
  0.3402530000000E+14   0.4036561411131E-17
  0.3487970000000E+14   0.3434257544618E-17
  0.3575560000000E+14   0.2871626356735E-17
  0.3665350000000E+14   0.2366237671098E-17
  0.3757390000000E+14   0.1877415176936E-17
  0.3851740000000E+14   0.1580887502164E-17
  0.3948470000000E+14   0.1337433290069E-17
  0.4047620000000E+14   0.1179306549143E-17
  0.4149260000000E+14   0.1124606954063E-17
  0.4253460000000E+14   0.1077751417027E-17
  0.4360270000000E+14   0.1065733172498E-17
  0.4469770000000E+14   0.1055518831445E-17
  0.4582010000000E+14   0.1047323833760E-17
  0.4697070000000E+14   0.1040588935317E-17
  0.4815020000000E+14   0.1033940746883E-17
  0.4935940000000E+14   0.1027223131172E-17
  0.5059890000000E+14   0.1021481926579E-17
  0.5186950000000E+14   0.1017212479497E-17
  0.5317200000000E+14   0.1013410695132E-17
  0.5450730000000E+14   0.1011601446170E-17
  0.6258450000000E+14   0.1014340684105E-17
  0.7185870000000E+14   0.1026205252979E-17
  0.8250720000000E+14   0.1027835183334E-17
  0.9473370000000E+14   0.1015638831106E-17
  0.1087720000000E+15   0.9957633155438E-18
  0.1248910000000E+15   0.9776437616138E-18
  0.1433980000000E+15   0.9694870886695E-18
  0.1646470000000E+15   0.9794900206823E-18
  0.1890460000000E+15   0.1015710802533E-17
  0.2170600000000E+15   0.1079811508213E-17
  0.2492250000000E+15   0.1173015858599E-17
  0.2861570000000E+15   0.1293422755986E-17
  0.3285620000000E+15   0.1434664859863E-17
  0.3772500000000E+15   0.1585691698514E-17
  0.4331540000000E+15   0.1728812318701E-17
  0.4973410000000E+15   0.1840078754638E-17
  0.5710410000000E+15   0.1892758384743E-17
  0.6556610000000E+15   0.1863392731590E-17
  0.7528220000000E+15   0.1738430743034E-17
  0.8643800000000E+15   0.1521651574762E-17
  0.9924690000000E+15   0.1236001012507E-17
  0.1139540000000E+16   0.9184615317231E-18
  0.1308400000000E+16   0.6169589500068E-18
  0.1502290000000E+16   0.3681501124244E-18
  0.1724910000000E+16   0.1915399361242E-18
  0.1980520000000E+16   0.8499590315241E-19
  0.2274010000000E+16   0.3145840088248E-19
  0.2610990000000E+16   0.9450204395296E-20
  0.2997900000000E+16   0.2233969457355E-20
