         130
  
  0.2997900000000E+11   0.9349249735749E-23
  0.3951060000000E+11   0.2130179493587E-22
  0.5207280000000E+11   0.4848116440908E-22
  0.6862910000000E+11   0.1101662732253E-21
  0.9044930000000E+11   0.2497988885498E-21
  0.1192070000000E+12   0.5647686089772E-21
  0.1571080000000E+12   0.1271932579940E-20
  0.2070600000000E+12   0.2849695076304E-20
  0.2728930000000E+12   0.6340309743429E-20
  0.3596580000000E+12   0.1523949373064E-19
  0.4740100000000E+12   0.4367390983371E-19
  0.6247180000000E+12   0.1229986316159E-18
  0.8233440000000E+12   0.3375925273599E-18
  0.1085120000000E+13   0.8951572042812E-18
  0.1430130000000E+13   0.2256853377752E-17
  0.1884830000000E+13   0.5299145363896E-17
  0.2484100000000E+13   0.1122856100752E-16
  0.3273910000000E+13   0.2046349464492E-16
  0.4314820000000E+13   0.3035505862680E-16
  0.5686700000000E+13   0.3499346825110E-16
  0.7494750000000E+13   0.3250133139701E-16
  0.7682960000000E+13   0.3207893149380E-16
  0.7875890000000E+13   0.3163303449808E-16
  0.8073670000000E+13   0.3116297103532E-16
  0.8276410000000E+13   0.3067256721328E-16
  0.8484250000000E+13   0.3016926563699E-16
  0.8697300000000E+13   0.2969323002590E-16
  0.8915700000000E+13   0.2919844860119E-16
  0.9139590000000E+13   0.2874570487568E-16
  0.9369100000000E+13   0.2828624126248E-16
  0.9604380000000E+13   0.2784391786592E-16
  0.9845560000000E+13   0.2741727861657E-16
  0.1009280000000E+14   0.2697535209656E-16
  0.1034620000000E+14   0.2654043394863E-16
  0.1060610000000E+14   0.2608374148786E-16
  0.1087240000000E+14   0.2566731077176E-16
  0.1114540000000E+14   0.2523751764082E-16
  0.1142530000000E+14   0.2482010120911E-16
  0.1171220000000E+14   0.2440765710295E-16
  0.1200630000000E+14   0.2397724174800E-16
  0.1230780000000E+14   0.2354758647436E-16
  0.1261690000000E+14   0.2309418430221E-16
  0.1293370000000E+14   0.2269295716328E-16
  0.1325850000000E+14   0.2227435462754E-16
  0.1359150000000E+14   0.2186522914740E-16
  0.1393280000000E+14   0.2145501556155E-16
  0.1428260000000E+14   0.2104358672890E-16
  0.1464130000000E+14   0.2067719218358E-16
  0.1500900000000E+14   0.2028220115337E-16
  0.1538590000000E+14   0.1975673152752E-16
  0.1577220000000E+14   0.1921309888739E-16
  0.1616830000000E+14   0.1833127457102E-16
  0.1657430000000E+14   0.1728115947688E-16
  0.1699050000000E+14   0.1615603618673E-16
  0.1741720000000E+14   0.1478430518682E-16
  0.1785460000000E+14   0.1349603929038E-16
  0.1830290000000E+14   0.1214808950885E-16
  0.1876260000000E+14   0.1088418531933E-16
  0.1923370000000E+14   0.9757375839687E-17
  0.1971670000000E+14   0.8735463985114E-17
  0.2021180000000E+14   0.7847500451052E-17
  0.2071940000000E+14   0.7150884190381E-17
  0.2123970000000E+14   0.6513329743092E-17
  0.2177310000000E+14   0.6430981850515E-17
  0.2231980000000E+14   0.6334734809075E-17
  0.2288030000000E+14   0.6393170047077E-17
  0.2345490000000E+14   0.6485564748371E-17
  0.2404390000000E+14   0.6588680877211E-17
  0.2464770000000E+14   0.6731055812497E-17
  0.2526660000000E+14   0.6832781159554E-17
  0.2590110000000E+14   0.6954197770175E-17
  0.2655150000000E+14   0.7035132705099E-17
  0.2721830000000E+14   0.7187879204918E-17
  0.2790180000000E+14   0.7335360221295E-17
  0.2860240000000E+14   0.7406103646748E-17
  0.2932070000000E+14   0.7395851444832E-17
  0.3005700000000E+14   0.7355026673167E-17
  0.3081180000000E+14   0.7165028130239E-17
  0.3158550000000E+14   0.6981408629321E-17
  0.3237870000000E+14   0.6251960812509E-17
  0.3319170000000E+14   0.5405112857346E-17
  0.3402530000000E+14   0.4626340051525E-17
  0.3487970000000E+14   0.3910386336379E-17
  0.3575560000000E+14   0.3243383586512E-17
  0.3665350000000E+14   0.2645627740227E-17
  0.3757390000000E+14   0.2070560199462E-17
  0.3851740000000E+14   0.1720794911757E-17
  0.3948470000000E+14   0.1436360388475E-17
  0.4047620000000E+14   0.1254675472767E-17
  0.4149260000000E+14   0.1191234949043E-17
  0.4253460000000E+14   0.1138010184924E-17
  0.4360270000000E+14   0.1122549781648E-17
  0.4469770000000E+14   0.1109390635080E-17
  0.4582010000000E+14   0.1098743049034E-17
  0.4697070000000E+14   0.1090016315990E-17
  0.4815020000000E+14   0.1081833396198E-17
  0.4935940000000E+14   0.1074056021791E-17
  0.5059890000000E+14   0.1067692051573E-17
  0.5186950000000E+14   0.1063161862479E-17
  0.5317200000000E+14   0.1059461449226E-17
  0.5450730000000E+14   0.1057961018924E-17
  0.6258450000000E+14   0.1065379150848E-17
  0.7185870000000E+14   0.1083248387712E-17
  0.8250720000000E+14   0.1089493946410E-17
  0.9473370000000E+14   0.1078038175117E-17
  0.1087720000000E+15   0.1053351610796E-17
  0.1248910000000E+15   0.1025065203690E-17
  0.1433980000000E+15   0.1003050470398E-17
  0.1646470000000E+15   0.9979845435864E-18
  0.1890460000000E+15   0.1020537377386E-17
  0.2170600000000E+15   0.1074290377373E-17
  0.2492250000000E+15   0.1161634604670E-17
  0.2861570000000E+15   0.1280508342300E-17
  0.3285620000000E+15   0.1423343281611E-17
  0.3772500000000E+15   0.1577409859704E-17
  0.4331540000000E+15   0.1723511301878E-17
  0.4973410000000E+15   0.1836716383539E-17
  0.5710410000000E+15   0.1889985878168E-17
  0.6556610000000E+15   0.1860126982988E-17
  0.7528220000000E+15   0.1733786363196E-17
  0.8643800000000E+15   0.1516026935548E-17
  0.9924690000000E+15   0.1230843831571E-17
  0.1139540000000E+16   0.9131736331662E-18
  0.1308400000000E+16   0.6136266912561E-18
  0.1502290000000E+16   0.3665062070029E-18
  0.1724910000000E+16   0.1908984493299E-18
  0.1980520000000E+16   0.8469550802592E-19
  0.2274010000000E+16   0.3134978251572E-19
  0.2610990000000E+16   0.9418176548696E-20
  0.2997900000000E+16   0.2226505728147E-20
