         130
  
  0.2997900000000E+11   0.4084439744219E-23
  0.3951060000000E+11   0.9301186608637E-23
  0.5207280000000E+11   0.2116449760716E-22
  0.6862910000000E+11   0.4809909216993E-22
  0.9044930000000E+11   0.1091133006151E-21
  0.1192070000000E+12   0.2468988910868E-21
  0.1571080000000E+12   0.5567581921019E-21
  0.2070600000000E+12   0.1249665615645E-20
  0.2728930000000E+12   0.2787436897491E-20
  0.3596580000000E+12   0.6723992856171E-20
  0.4740100000000E+12   0.1937725026859E-19
  0.6247180000000E+12   0.5502278915130E-19
  0.8233440000000E+12   0.1528874174249E-18
  0.1085120000000E+13   0.4130320878996E-18
  0.1430130000000E+13   0.1071727555128E-17
  0.1884830000000E+13   0.2632204128138E-17
  0.2484100000000E+13   0.5985576088544E-17
  0.3273910000000E+13   0.1216160299761E-16
  0.4314820000000E+13   0.2112374474737E-16
  0.5686700000000E+13   0.2942427541838E-16
  0.7494750000000E+13   0.3119424273222E-16
  0.7682960000000E+13   0.3094713510845E-16
  0.7875890000000E+13   0.3063378638892E-16
  0.8073670000000E+13   0.3025583912857E-16
  0.8276410000000E+13   0.2982055607209E-16
  0.8484250000000E+13   0.2933906021347E-16
  0.8697300000000E+13   0.2885273166468E-16
  0.8915700000000E+13   0.2832150595300E-16
  0.9139590000000E+13   0.2780457158576E-16
  0.9369100000000E+13   0.2726171614386E-16
  0.9604380000000E+13   0.2671834842601E-16
  0.9845560000000E+13   0.2617727460361E-16
  0.1009280000000E+14   0.2561690922012E-16
  0.1034620000000E+14   0.2506026792876E-16
  0.1060610000000E+14   0.2448727233047E-16
  0.1087240000000E+14   0.2395232468348E-16
  0.1114540000000E+14   0.2341398205199E-16
  0.1142530000000E+14   0.2289556086389E-16
  0.1171220000000E+14   0.2239273434794E-16
  0.1200630000000E+14   0.2188759385631E-16
  0.1230780000000E+14   0.2139611132299E-16
  0.1261690000000E+14   0.2089779585783E-16
  0.1293370000000E+14   0.2045646538241E-16
  0.1325850000000E+14   0.2001302659316E-16
  0.1359150000000E+14   0.1958948064793E-16
  0.1393280000000E+14   0.1917590246678E-16
  0.1428260000000E+14   0.1877111051567E-16
  0.1464130000000E+14   0.1841453689807E-16
  0.1500900000000E+14   0.1804074951634E-16
  0.1538590000000E+14   0.1755825400827E-16
  0.1577220000000E+14   0.1706449993284E-16
  0.1616830000000E+14   0.1627432513775E-16
  0.1657430000000E+14   0.1533689468221E-16
  0.1699050000000E+14   0.1433451709539E-16
  0.1741720000000E+14   0.1311466855641E-16
  0.1785460000000E+14   0.1197045818425E-16
  0.1830290000000E+14   0.1077502012486E-16
  0.1876260000000E+14   0.9655776445981E-17
  0.1923370000000E+14   0.8659136410782E-17
  0.1971670000000E+14   0.7756452701540E-17
  0.2021180000000E+14   0.6972696797603E-17
  0.2071940000000E+14   0.6357289971605E-17
  0.2123970000000E+14   0.5794306038632E-17
  0.2177310000000E+14   0.5717659637113E-17
  0.2231980000000E+14   0.5631799642600E-17
  0.2288030000000E+14   0.5685689944811E-17
  0.2345490000000E+14   0.5773046117065E-17
  0.2404390000000E+14   0.5872738980496E-17
  0.2464770000000E+14   0.6009903445057E-17
  0.2526660000000E+14   0.6112007000056E-17
  0.2590110000000E+14   0.6233014401692E-17
  0.2655150000000E+14   0.6318215512542E-17
  0.2721830000000E+14   0.6469055048348E-17
  0.2790180000000E+14   0.6615473778574E-17
  0.2860240000000E+14   0.6692722762876E-17
  0.2932070000000E+14   0.6696479561790E-17
  0.3005700000000E+14   0.6672480383699E-17
  0.3081180000000E+14   0.6512127571292E-17
  0.3158550000000E+14   0.6357319113825E-17
  0.3237870000000E+14   0.5702081511304E-17
  0.3319170000000E+14   0.4938667605596E-17
  0.3402530000000E+14   0.4236478526756E-17
  0.3487970000000E+14   0.3590296430370E-17
  0.3575560000000E+14   0.2987593648615E-17
  0.3665350000000E+14   0.2446680415896E-17
  0.3757390000000E+14   0.1925266985067E-17
  0.3851740000000E+14   0.1610295879410E-17
  0.3948470000000E+14   0.1354096769006E-17
  0.4047620000000E+14   0.1189602016489E-17
  0.4149260000000E+14   0.1133340365313E-17
  0.4253460000000E+14   0.1085701517544E-17
  0.4360270000000E+14   0.1073599526184E-17
  0.4469770000000E+14   0.1063382313714E-17
  0.4582010000000E+14   0.1055266879801E-17
  0.4697070000000E+14   0.1048691675860E-17
  0.4815020000000E+14   0.1042299554011E-17
  0.4935940000000E+14   0.1035948257772E-17
  0.5059890000000E+14   0.1030664752810E-17
  0.5186950000000E+14   0.1026915486156E-17
  0.5317200000000E+14   0.1023710641533E-17
  0.5450730000000E+14   0.1022506860352E-17
  0.6258450000000E+14   0.1028831443552E-17
  0.7185870000000E+14   0.1043642759390E-17
  0.8250720000000E+14   0.1046996986682E-17
  0.9473370000000E+14   0.1034687576334E-17
  0.1087720000000E+15   0.1012544663815E-17
  0.1248910000000E+15   0.9904456445543E-18
  0.1433980000000E+15   0.9775427608532E-18
  0.1646470000000E+15   0.9829938265819E-18
  0.1890460000000E+15   0.1015442351540E-17
  0.2170600000000E+15   0.1076711793238E-17
  0.2492250000000E+15   0.1168201385545E-17
  0.2861570000000E+15   0.1288238012418E-17
  0.3285620000000E+15   0.1430273037359E-17
  0.3772500000000E+15   0.1582558498407E-17
  0.4331540000000E+15   0.1726802045626E-17
  0.4973410000000E+15   0.1838804130126E-17
  0.5710410000000E+15   0.1891774587599E-17
  0.6556610000000E+15   0.1862318956659E-17
  0.7528220000000E+15   0.1736949972743E-17
  0.8643800000000E+15   0.1519868790541E-17
  0.9924690000000E+15   0.1234367341021E-17
  0.1139540000000E+16   0.9167856939912E-18
  0.1308400000000E+16   0.6159030297833E-18
  0.1502290000000E+16   0.3676293621481E-18
  0.1724910000000E+16   0.1913368060876E-18
  0.1980520000000E+16   0.8490077548100E-19
  0.2274010000000E+16   0.3142400510559E-19
  0.2610990000000E+16   0.9440062476700E-20
  0.2997900000000E+16   0.2231606036328E-20
