mstar = 2 Msun, Rstar = 2.5 Rsun, Tstar = 10000, mdisk = 0.00037626 Msun, Rc = 150 AU, Rin = 0.5 AU, Rout = 250 AU, inclination = 45 degree, powerlaw = -1 
         130
  
  0.2997900000000E+11   0.6624675408367E-24
  0.3951060000000E+11   0.1497038320943E-23
  0.5207280000000E+11   0.3387769522754E-23
  0.6862910000000E+11   0.7670814171514E-23
  0.9044930000000E+11   0.1736437443079E-22
  0.1192070000000E+12   0.3926398643542E-22
  0.1571080000000E+12   0.8860074443166E-22
  0.2070600000000E+12   0.1992938960964E-21
  0.2728930000000E+12   0.4462229843186E-21
  0.3596580000000E+12   0.1082452728515E-20
  0.4740100000000E+12   0.3145437604502E-20
  0.6247180000000E+12   0.9043769517763E-20
  0.8233440000000E+12   0.2558666062399E-19
  0.1085120000000E+13   0.7093966150228E-19
  0.1430130000000E+13   0.1911087730179E-18
  0.1884830000000E+13   0.4958707234871E-18
  0.2484100000000E+13   0.1223434280717E-17
  0.3273910000000E+13   0.2809269848448E-17
  0.4314820000000E+13   0.5867547491589E-17
  0.5686700000000E+13   0.1070552321200E-16
  0.7494750000000E+13   0.1614758621010E-16
  0.7682960000000E+13   0.1656854835027E-16
  0.7875890000000E+13   0.1695798107594E-16
  0.8073670000000E+13   0.1730946207141E-16
  0.8276410000000E+13   0.1762182578090E-16
  0.8484250000000E+13   0.1789857103337E-16
  0.8697300000000E+13   0.1817799387700E-16
  0.8915700000000E+13   0.1840886261643E-16
  0.9139590000000E+13   0.1865185947446E-16
  0.9369100000000E+13   0.1885369131564E-16
  0.9604380000000E+13   0.1903716159027E-16
  0.9845560000000E+13   0.1919893201778E-16
  0.1009280000000E+14   0.1930632487819E-16
  0.1034620000000E+14   0.1938123847917E-16
  0.1060610000000E+14   0.1939509113152E-16
  0.1087240000000E+14   0.1940845479697E-16
  0.1114540000000E+14   0.1936878155654E-16
  0.1142530000000E+14   0.1930134482864E-16
  0.1171220000000E+14   0.1919928786211E-16
  0.1200630000000E+14   0.1904250502721E-16
  0.1230780000000E+14   0.1884976996380E-16
  0.1261690000000E+14   0.1860121763682E-16
  0.1293370000000E+14   0.1836431709784E-16
  0.1325850000000E+14   0.1808034846504E-16
  0.1359150000000E+14   0.1777420882357E-16
  0.1393280000000E+14   0.1743947753159E-16
  0.1428260000000E+14   0.1707887783975E-16
  0.1464130000000E+14   0.1672979127821E-16
  0.1500900000000E+14   0.1633935455447E-16
  0.1538590000000E+14   0.1584077200652E-16
  0.1577220000000E+14   0.1532130394160E-16
  0.1616830000000E+14   0.1456743943018E-16
  0.1657430000000E+14   0.1370537238991E-16
  0.1699050000000E+14   0.1280166234077E-16
  0.1741720000000E+14   0.1174198286374E-16
  0.1785460000000E+14   0.1074767854058E-16
  0.1830290000000E+14   0.9720220796015E-17
  0.1876260000000E+14   0.8755121155778E-17
  0.1923370000000E+14   0.7888687803815E-17
  0.1971670000000E+14   0.7098603100525E-17
  0.2021180000000E+14   0.6406054444321E-17
  0.2071940000000E+14   0.5854507108419E-17
  0.2123970000000E+14   0.5348795667862E-17
  0.2177310000000E+14   0.5251150794068E-17
  0.2231980000000E+14   0.5138378982560E-17
  0.2288030000000E+14   0.5126593118168E-17
  0.2345490000000E+14   0.5130312125908E-17
  0.2404390000000E+14   0.5137184834108E-17
  0.2464770000000E+14   0.5168932013355E-17
  0.2526660000000E+14   0.5179117363046E-17
  0.2590110000000E+14   0.5208778401036E-17
  0.2655150000000E+14   0.5222557375648E-17
  0.2721830000000E+14   0.5292803172654E-17
  0.2790180000000E+14   0.5372032838735E-17
  0.2860240000000E+14   0.5413056129422E-17
  0.2932070000000E+14   0.5409906717740E-17
  0.3005700000000E+14   0.5393641104378E-17
  0.3081180000000E+14   0.5280921897267E-17
  0.3158550000000E+14   0.5175654038365E-17
  0.3237870000000E+14   0.4690894652336E-17
  0.3319170000000E+14   0.4121306374006E-17
  0.3402530000000E+14   0.3595883454905E-17
  0.3487970000000E+14   0.3110526753576E-17
  0.3575560000000E+14   0.2655115042987E-17
  0.3665350000000E+14   0.2242291682637E-17
  0.3757390000000E+14   0.1833384804345E-17
  0.3851740000000E+14   0.1569839112899E-17
  0.3948470000000E+14   0.1327995217661E-17
  0.4047620000000E+14   0.1143022829296E-17
  0.4149260000000E+14   0.1074706340786E-17
  0.4253460000000E+14   0.1012662379530E-17
  0.4360270000000E+14   0.9999295373725E-18
  0.4469770000000E+14   0.9886020342358E-18
  0.4582010000000E+14   0.9791886846243E-18
  0.4697070000000E+14   0.9709856343099E-18
  0.4815020000000E+14   0.9620576439726E-18
  0.4935940000000E+14   0.9522995613916E-18
  0.5059890000000E+14   0.9434392082578E-18
  0.5186950000000E+14   0.9364010574050E-18
  0.5317200000000E+14   0.9297335519183E-18
  0.5450730000000E+14   0.9259264727433E-18
  0.6258450000000E+14   0.9234785174050E-18
  0.7185870000000E+14   0.9381400802198E-18
  0.8250720000000E+14   0.9452338781975E-18
  0.9473370000000E+14   0.9413520205098E-18
  0.1087720000000E+15   0.9331694935004E-18
  0.1248910000000E+15   0.9289194389600E-18
  0.1433980000000E+15   0.9350576273841E-18
  0.1646470000000E+15   0.9580296138662E-18
  0.1890460000000E+15   0.1004366900673E-17
  0.2170600000000E+15   0.1075089582518E-17
  0.2492250000000E+15   0.1171781098640E-17
  0.2861570000000E+15   0.1293778686250E-17
  0.3285620000000E+15   0.1435727455760E-17
  0.3772500000000E+15   0.1586927264811E-17
  0.4331540000000E+15   0.1729921184641E-17
  0.4973410000000E+15   0.1841101654841E-17
  0.5710410000000E+15   0.1893919870715E-17
  0.6556610000000E+15   0.1864943234768E-17
  0.7528220000000E+15   0.1740690889866E-17
  0.8643800000000E+15   0.1524397317768E-17
  0.9924690000000E+15   0.1238519840875E-17
  0.1139540000000E+16   0.9210472874141E-18
  0.1308400000000E+16   0.6185879740132E-18
  0.1502290000000E+16   0.3689531984407E-18
  0.1724910000000E+16   0.1918530564511E-18
  0.1980520000000E+16   0.8514255123396E-19
  0.2274010000000E+16   0.3151142340472E-19
  0.2610990000000E+16   0.9465838184089E-20
  0.2997900000000E+16   0.2237612605206E-20
