mstar = 2 Msun, Rstar = 2.5 Rsun, Tstar = 10000, mdisk = 0.0055953 Msun, Rc = 150 AU, Rin = 0.5 AU, Rout = 250 AU, inclination = 45 degree, powerlaw = -0.5 
         130
  
  0.2997900000000E+11   0.7248634279511E-23
  0.3951060000000E+11   0.1651422503033E-22
  0.5207280000000E+11   0.3758506878535E-22
  0.6862910000000E+11   0.8541403689738E-22
  0.9044930000000E+11   0.1937093533421E-21
  0.1192070000000E+12   0.4380844803380E-21
  0.1571080000000E+12   0.9870448454719E-21
  0.2070600000000E+12   0.2212740216436E-20
  0.2728930000000E+12   0.4927169754923E-20
  0.3596580000000E+12   0.1185677183229E-19
  0.4740100000000E+12   0.3404294874123E-19
  0.6247180000000E+12   0.9614369877779E-19
  0.8233440000000E+12   0.2650086791531E-18
  0.1085120000000E+13   0.7073252470329E-18
  0.1430130000000E+13   0.1801711959980E-17
  0.1884830000000E+13   0.4299728767877E-17
  0.2484100000000E+13   0.9346862993060E-17
  0.3273910000000E+13   0.1771032845167E-16
  0.4314820000000E+13   0.2773312281022E-16
  0.5686700000000E+13   0.3385668068100E-16
  0.7494750000000E+13   0.3223236440245E-16
  0.7682960000000E+13   0.3180431658225E-16
  0.7875890000000E+13   0.3134228275025E-16
  0.8073670000000E+13   0.3084760718808E-16
  0.8276410000000E+13   0.3032604445034E-16
  0.8484250000000E+13   0.2978664695010E-16
  0.8697300000000E+13   0.2926912103981E-16
  0.8915700000000E+13   0.2873156274325E-16
  0.9139590000000E+13   0.2823270643909E-16
  0.9369100000000E+13   0.2772808572135E-16
  0.9604380000000E+13   0.2724137686617E-16
  0.9845560000000E+13   0.2677230777362E-16
  0.1009280000000E+14   0.2629264176419E-16
  0.1034620000000E+14   0.2582393374225E-16
  0.1060610000000E+14   0.2533933560004E-16
  0.1087240000000E+14   0.2489769407583E-16
  0.1114540000000E+14   0.2444829027715E-16
  0.1142530000000E+14   0.2401536616422E-16
  0.1171220000000E+14   0.2359167868806E-16
  0.1200630000000E+14   0.2315493632006E-16
  0.1230780000000E+14   0.2272260156246E-16
  0.1261690000000E+14   0.2227072722053E-16
  0.1293370000000E+14   0.2187180006876E-16
  0.1325850000000E+14   0.2145865788183E-16
  0.1359150000000E+14   0.2105671388581E-16
  0.1393280000000E+14   0.2065550959302E-16
  0.1428260000000E+14   0.2025461323875E-16
  0.1464130000000E+14   0.1989845381389E-16
  0.1500900000000E+14   0.1951573353203E-16
  0.1538590000000E+14   0.1900783612595E-16
  0.1577220000000E+14   0.1848306274098E-16
  0.1616830000000E+14   0.1763207623561E-16
  0.1657430000000E+14   0.1661896878757E-16
  0.1699050000000E+14   0.1553388891729E-16
  0.1741720000000E+14   0.1421116308845E-16
  0.1785460000000E+14   0.1296947656705E-16
  0.1830290000000E+14   0.1167066268451E-16
  0.1876260000000E+14   0.1045340720855E-16
  0.1923370000000E+14   0.9368925928288E-17
  0.1971670000000E+14   0.8386144257997E-17
  0.2021180000000E+14   0.7532795161746E-17
  0.2071940000000E+14   0.6863875781556E-17
  0.2123970000000E+14   0.6252002274921E-17
  0.2177310000000E+14   0.6173979850436E-17
  0.2231980000000E+14   0.6083041158329E-17
  0.2288030000000E+14   0.6141569938711E-17
  0.2345490000000E+14   0.6233308510657E-17
  0.2404390000000E+14   0.6335909714402E-17
  0.2464770000000E+14   0.6477006647810E-17
  0.2526660000000E+14   0.6579022271288E-17
  0.2590110000000E+14   0.6700188674558E-17
  0.2655150000000E+14   0.6782311267352E-17
  0.2721830000000E+14   0.6933850457859E-17
  0.2790180000000E+14   0.7080314461643E-17
  0.2860240000000E+14   0.7152925035849E-17
  0.2932070000000E+14   0.7147264456583E-17
  0.3005700000000E+14   0.7112032113399E-17
  0.3081180000000E+14   0.6932312950279E-17
  0.3158550000000E+14   0.6758772823598E-17
  0.3237870000000E+14   0.6055741762769E-17
  0.3319170000000E+14   0.5238666401809E-17
  0.3402530000000E+14   0.4487613153392E-17
  0.3487970000000E+14   0.3796457144243E-17
  0.3575560000000E+14   0.3152405687384E-17
  0.3665350000000E+14   0.2575002415578E-17
  0.3757390000000E+14   0.2017883169495E-17
  0.3851740000000E+14   0.1679075786364E-17
  0.3948470000000E+14   0.1403432062331E-17
  0.4047620000000E+14   0.1226884318445E-17
  0.4149260000000E+14   0.1165828132281E-17
  0.4253460000000E+14   0.1114459508810E-17
  0.4360270000000E+14   0.1100359386680E-17
  0.4469770000000E+14   0.1088417404993E-17
  0.4582010000000E+14   0.1078849141847E-17
  0.4697070000000E+14   0.1071069374234E-17
  0.4815020000000E+14   0.1063699564402E-17
  0.4935940000000E+14   0.1056601037925E-17
  0.5059890000000E+14   0.1050795042636E-17
  0.5186950000000E+14   0.1046720103281E-17
  0.5317200000000E+14   0.1043370138978E-17
  0.5450730000000E+14   0.1042150105960E-17
  0.6258450000000E+14   0.1049959586876E-17
  0.7185870000000E+14   0.1067017059616E-17
  0.8250720000000E+14   0.1072070621496E-17
  0.9473370000000E+14   0.1059997388594E-17
  0.1087720000000E+15   0.1036065491514E-17
  0.1248910000000E+15   0.1010238496397E-17
  0.1433980000000E+15   0.9921850289972E-18
  0.1646470000000E+15   0.9918342219880E-18
  0.1890460000000E+15   0.1018786023946E-17
  0.2170600000000E+15   0.1075760026509E-17
  0.2492250000000E+15   0.1164795571689E-17
  0.2861570000000E+15   0.1284062827361E-17
  0.3285620000000E+15   0.1426412507748E-17
  0.3772500000000E+15   0.1579561173479E-17
  0.4331540000000E+15   0.1724778390878E-17
  0.4973410000000E+15   0.1837462036112E-17
  0.5710410000000E+15   0.1890611635191E-17
  0.6556610000000E+15   0.1860900641490E-17
  0.7528220000000E+15   0.1734907477422E-17
  0.8643800000000E+15   0.1517388854086E-17
  0.9924690000000E+15   0.1232092805513E-17
  0.1139540000000E+16   0.9144535456913E-18
  0.1308400000000E+16   0.6144333619273E-18
  0.1502290000000E+16   0.3669043043662E-18
  0.1724910000000E+16   0.1910538613690E-18
  0.1980520000000E+16   0.8476827917724E-19
  0.2274010000000E+16   0.3137609628653E-19
  0.2610990000000E+16   0.9425935768782E-20
  0.2997900000000E+16   0.2228313960139E-20
