mstar = 2 Msun, Rstar = 2.5 Rsun, Tstar = 10000, mdisk = 0.0067166 Msun, Rc = 150 AU, Rin = 0.5 AU, Rout = 250 AU, inclination = 45 degree, powerlaw = -0.5 
         130
  
  0.2997900000000E+11   0.8552157032776E-23
  0.3951060000000E+11   0.1948518628643E-22
  0.5207280000000E+11   0.4434692166691E-22
  0.6862910000000E+11   0.1007752813218E-21
  0.9044930000000E+11   0.2285203629029E-21
  0.1192070000000E+12   0.5167143060624E-21
  0.1571080000000E+12   0.1163884237031E-20
  0.2070600000000E+12   0.2608167874599E-20
  0.2728930000000E+12   0.5804605053117E-20
  0.3596580000000E+12   0.1395767507067E-19
  0.4740100000000E+12   0.4002717668707E-19
  0.6247180000000E+12   0.1128424853582E-18
  0.8233440000000E+12   0.3101962346190E-18
  0.1085120000000E+13   0.8244971248401E-18
  0.1430130000000E+13   0.2086597998180E-17
  0.1884830000000E+13   0.4928979141770E-17
  0.2484100000000E+13   0.1054395489774E-16
  0.3273910000000E+13   0.1949529720693E-16
  0.4314820000000E+13   0.2949874344472E-16
  0.5686700000000E+13   0.3470272266050E-16
  0.7494750000000E+13   0.3247851297167E-16
  0.7682960000000E+13   0.3205036559098E-16
  0.7875890000000E+13   0.3159543494337E-16
  0.8073670000000E+13   0.3111379059464E-16
  0.8276410000000E+13   0.3060993304353E-16
  0.8484250000000E+13   0.3009184517283E-16
  0.8697300000000E+13   0.2959951339750E-16
  0.8915700000000E+13   0.2908832903726E-16
  0.9139590000000E+13   0.2861838358698E-16
  0.9369100000000E+13   0.2814232317441E-16
  0.9604380000000E+13   0.2768391111318E-16
  0.9845560000000E+13   0.2724204766484E-16
  0.1009280000000E+14   0.2678654858071E-16
  0.1034620000000E+14   0.2633943764613E-16
  0.1060610000000E+14   0.2587247262043E-16
  0.1087240000000E+14   0.2544673968679E-16
  0.1114540000000E+14   0.2500939526101E-16
  0.1142530000000E+14   0.2458572144869E-16
  0.1171220000000E+14   0.2416835153393E-16
  0.1200630000000E+14   0.2373451919645E-16
  0.1230780000000E+14   0.2330256597101E-16
  0.1261690000000E+14   0.2284815996357E-16
  0.1293370000000E+14   0.2244623742893E-16
  0.1325850000000E+14   0.2202796223901E-16
  0.1359150000000E+14   0.2161979656216E-16
  0.1393280000000E+14   0.2121123534316E-16
  0.1428260000000E+14   0.2080209412065E-16
  0.1464130000000E+14   0.2043814600538E-16
  0.1500900000000E+14   0.2004641224564E-16
  0.1538590000000E+14   0.1952595791641E-16
  0.1577220000000E+14   0.1898791266424E-16
  0.1616830000000E+14   0.1811517467210E-16
  0.1657430000000E+14   0.1707597328606E-16
  0.1699050000000E+14   0.1596273077880E-16
  0.1741720000000E+14   0.1460552587881E-16
  0.1785460000000E+14   0.1333129652438E-16
  0.1830290000000E+14   0.1199816533709E-16
  0.1876260000000E+14   0.1074841427671E-16
  0.1923370000000E+14   0.9634575089501E-17
  0.1971670000000E+14   0.8624883272072E-17
  0.2021180000000E+14   0.7747976453338E-17
  0.2071940000000E+14   0.7060319829657E-17
  0.2123970000000E+14   0.6431166598149E-17
  0.2177310000000E+14   0.6350070422228E-17
  0.2231980000000E+14   0.6255535085980E-17
  0.2288030000000E+14   0.6314300176515E-17
  0.2345490000000E+14   0.6407050076099E-17
  0.2404390000000E+14   0.6510920337344E-17
  0.2464770000000E+14   0.6654045944660E-17
  0.2526660000000E+14   0.6756991385594E-17
  0.2590110000000E+14   0.6879559560634E-17
  0.2655150000000E+14   0.6962091169228E-17
  0.2721830000000E+14   0.7116024144656E-17
  0.2790180000000E+14   0.7264481121474E-17
  0.2860240000000E+14   0.7336959151679E-17
  0.2932070000000E+14   0.7328920424185E-17
  0.3005700000000E+14   0.7290411512886E-17
  0.3081180000000E+14   0.7103495773924E-17
  0.3158550000000E+14   0.6922860645928E-17
  0.3237870000000E+14   0.6199248927901E-17
  0.3319170000000E+14   0.5358897673494E-17
  0.3402530000000E+14   0.4586343405024E-17
  0.3487970000000E+14   0.3876119079533E-17
  0.3575560000000E+14   0.3214589660720E-17
  0.3665350000000E+14   0.2621837945563E-17
  0.3757390000000E+14   0.2051366310874E-17
  0.3851740000000E+14   0.1704676308212E-17
  0.3948470000000E+14   0.1422994926077E-17
  0.4047620000000E+14   0.1242908511283E-17
  0.4149260000000E+14   0.1180063009962E-17
  0.4253460000000E+14   0.1127224155867E-17
  0.4360270000000E+14   0.1112198498497E-17
  0.4469770000000E+14   0.1099465994662E-17
  0.4582010000000E+14   0.1089235856281E-17
  0.4697070000000E+14   0.1080914118954E-17
  0.4815020000000E+14   0.1073107754247E-17
  0.4935940000000E+14   0.1065671950444E-17
  0.5059890000000E+14   0.1059626745765E-17
  0.5186950000000E+14   0.1055402373795E-17
  0.5317200000000E+14   0.1051981727594E-17
  0.5450730000000E+14   0.1050763075349E-17
  0.6258450000000E+14   0.1059451895041E-17
  0.7185870000000E+14   0.1078023019021E-17
  0.8250720000000E+14   0.1084404158501E-17
  0.9473370000000E+14   0.1072913883120E-17
  0.1087720000000E+15   0.1048499856884E-17
  0.1248910000000E+15   0.1021102668591E-17
  0.1433980000000E+15   0.1000622111152E-17
  0.1646470000000E+15   0.9974415147581E-18
  0.1890460000000E+15   0.1021733109444E-17
  0.2170600000000E+15   0.1076633783330E-17
  0.2492250000000E+15   0.1164354560587E-17
  0.2861570000000E+15   0.1282974642185E-17
  0.3285620000000E+15   0.1425194368737E-17
  0.3772500000000E+15   0.1578566865540E-17
  0.4331540000000E+15   0.1724126264421E-17
  0.4973410000000E+15   0.1837044305264E-17
  0.5710410000000E+15   0.1890241246519E-17
  0.6556610000000E+15   0.1860434426047E-17
  0.7528220000000E+15   0.1734229424063E-17
  0.8643800000000E+15   0.1516564660619E-17
  0.9924690000000E+15   0.1231336900258E-17
  0.1139540000000E+16   0.9136788516927E-18
  0.1308400000000E+16   0.6139451156646E-18
  0.1502290000000E+16   0.3666633624176E-18
  0.1724910000000E+16   0.1909598058091E-18
  0.1980520000000E+16   0.8472423759390E-19
  0.2274010000000E+16   0.3136017108029E-19
  0.2610990000000E+16   0.9421239870078E-20
  0.2997900000000E+16   0.2227219616307E-20
