mstar = 2 Msun, Rstar = 2.5 Rsun, Tstar = 10000, mdisk = 0.0027228 Msun, Rc = 150 AU, Rin = 0.5 AU, Rout = 250 AU, inclination = 45 degree, powerlaw = -0.5 
         130
  
  0.2997900000000E+11   0.3793841910513E-23
  0.3951060000000E+11   0.8638658893884E-23
  0.5207280000000E+11   0.1965598522200E-22
  0.6862910000000E+11   0.4467029091813E-22
  0.9044930000000E+11   0.1013375833999E-21
  0.1192070000000E+12   0.2293188839225E-21
  0.1571080000000E+12   0.5171712169959E-21
  0.2070600000000E+12   0.1160998847582E-20
  0.2728930000000E+12   0.2590254101224E-20
  0.3596580000000E+12   0.6250343045091E-20
  0.4740100000000E+12   0.1802079216195E-19
  0.6247180000000E+12   0.5120596214283E-19
  0.8233440000000E+12   0.1424222461833E-18
  0.1085120000000E+13   0.3853156258394E-18
  0.1430130000000E+13   0.1001958825129E-17
  0.1884830000000E+13   0.2468836955368E-17
  0.2484100000000E+13   0.5642078405988E-17
  0.3273910000000E+13   0.1155170533357E-16
  0.4314820000000E+13   0.2029832251381E-16
  0.5686700000000E+13   0.2873397399855E-16
  0.7494750000000E+13   0.3099162604970E-16
  0.7682960000000E+13   0.3078570448376E-16
  0.7875890000000E+13   0.3051041146745E-16
  0.8073670000000E+13   0.3016692903990E-16
  0.8276410000000E+13   0.2976228466021E-16
  0.8484250000000E+13   0.2930754528404E-16
  0.8697300000000E+13   0.2884460849767E-16
  0.8915700000000E+13   0.2833241169023E-16
  0.9139590000000E+13   0.2783091449136E-16
  0.9369100000000E+13   0.2729922638510E-16
  0.9604380000000E+13   0.2676307866162E-16
  0.9845560000000E+13   0.2622538748595E-16
  0.1009280000000E+14   0.2566481539380E-16
  0.1034620000000E+14   0.2510480967543E-16
  0.1060610000000E+14   0.2452586533584E-16
  0.1087240000000E+14   0.2398243440205E-16
  0.1114540000000E+14   0.2343389856600E-16
  0.1142530000000E+14   0.2290382338335E-16
  0.1171220000000E+14   0.2238842290272E-16
  0.1200630000000E+14   0.2187053886898E-16
  0.1230780000000E+14   0.2136632467938E-16
  0.1261690000000E+14   0.2085597762486E-16
  0.1293370000000E+14   0.2040245922599E-16
  0.1325850000000E+14   0.1994793395351E-16
  0.1359150000000E+14   0.1951414696537E-16
  0.1393280000000E+14   0.1909146519967E-16
  0.1428260000000E+14   0.1867878486774E-16
  0.1464130000000E+14   0.1831489047171E-16
  0.1500900000000E+14   0.1793534574169E-16
  0.1538590000000E+14   0.1744981269016E-16
  0.1577220000000E+14   0.1695413158804E-16
  0.1616830000000E+14   0.1616682954176E-16
  0.1657430000000E+14   0.1523481194979E-16
  0.1699050000000E+14   0.1423918924418E-16
  0.1741720000000E+14   0.1302953887177E-16
  0.1785460000000E+14   0.1189506637007E-16
  0.1830290000000E+14   0.1071072696874E-16
  0.1876260000000E+14   0.9602132332499E-17
  0.1923370000000E+14   0.8615061743805E-17
  0.1971670000000E+14   0.7721112152783E-17
  0.2021180000000E+14   0.6944760752767E-17
  0.2071940000000E+14   0.6334435680109E-17
  0.2123970000000E+14   0.5776046491927E-17
  0.2177310000000E+14   0.5696017549077E-17
  0.2231980000000E+14   0.5607542278172E-17
  0.2288030000000E+14   0.5657218571084E-17
  0.2345490000000E+14   0.5740672478609E-17
  0.2404390000000E+14   0.5837000279289E-17
  0.2464770000000E+14   0.5971025609903E-17
  0.2526660000000E+14   0.6071002597982E-17
  0.2590110000000E+14   0.6190105928647E-17
  0.2655150000000E+14   0.6274240542098E-17
  0.2721830000000E+14   0.6423769195929E-17
  0.2790180000000E+14   0.6569339439064E-17
  0.2860240000000E+14   0.6646522265286E-17
  0.2932070000000E+14   0.6650975291056E-17
  0.3005700000000E+14   0.6627947203536E-17
  0.3081180000000E+14   0.6469767690236E-17
  0.3158550000000E+14   0.6317109344538E-17
  0.3237870000000E+14   0.5667978691981E-17
  0.3319170000000E+14   0.4911170576550E-17
  0.3402530000000E+14   0.4214986947286E-17
  0.3487970000000E+14   0.3574582273256E-17
  0.3575560000000E+14   0.2977535071925E-17
  0.3665350000000E+14   0.2441928926823E-17
  0.3757390000000E+14   0.1925118097903E-17
  0.3851740000000E+14   0.1612474120846E-17
  0.3948470000000E+14   0.1357655958346E-17
  0.4047620000000E+14   0.1193395531294E-17
  0.4149260000000E+14   0.1137004896057E-17
  0.4253460000000E+14   0.1089184473681E-17
  0.4360270000000E+14   0.1076962981189E-17
  0.4469770000000E+14   0.1066640846536E-17
  0.4582010000000E+14   0.1058434855452E-17
  0.4697070000000E+14   0.1051781772927E-17
  0.4815020000000E+14   0.1045316404962E-17
  0.4935940000000E+14   0.1038892922944E-17
  0.5059890000000E+14   0.1033543415825E-17
  0.5186950000000E+14   0.1029737592585E-17
  0.5317200000000E+14   0.1026479587490E-17
  0.5450730000000E+14   0.1025234443819E-17
  0.6258450000000E+14   0.1031401779505E-17
  0.7185870000000E+14   0.1046080594789E-17
  0.8250720000000E+14   0.1049219952362E-17
  0.9473370000000E+14   0.1036658170594E-17
  0.1087720000000E+15   0.1014311187950E-17
  0.1248910000000E+15   0.9920845368224E-18
  0.1433980000000E+15   0.9791063646980E-18
  0.1646470000000E+15   0.9845165329670E-18
  0.1890460000000E+15   0.1016980248071E-17
  0.2170600000000E+15   0.1078290038977E-17
  0.2492250000000E+15   0.1169763163343E-17
  0.2861570000000E+15   0.1289631856134E-17
  0.3285620000000E+15   0.1431364554178E-17
  0.3772500000000E+15   0.1583306434936E-17
  0.4331540000000E+15   0.1727253379383E-17
  0.4973410000000E+15   0.1839056833637E-17
  0.5710410000000E+15   0.1891937830111E-17
  0.6556610000000E+15   0.1862476897912E-17
  0.7528220000000E+15   0.1737160268799E-17
  0.8643800000000E+15   0.1520120710692E-17
  0.9924690000000E+15   0.1234598071087E-17
  0.1139540000000E+16   0.9170223163722E-18
  0.1308400000000E+16   0.6160521287739E-18
  0.1502290000000E+16   0.3677029029703E-18
  0.1724910000000E+16   0.1913654966597E-18
  0.1980520000000E+16   0.8491421120174E-19
  0.2274010000000E+16   0.3142886317872E-19
  0.2610990000000E+16   0.9441494937719E-20
  0.2997900000000E+16   0.2231939851933E-20
