mstar = 2 Msun, Rstar = 2.5 Rsun, Tstar = 10000, mdisk = 0.0056377 Msun, Rc = 150 AU, Rin = 0.5 AU, Rout = 250 AU, inclination = 45 degree, powerlaw = -0.5 
         130
  
  0.2997900000000E+11   0.7299447404945E-23
  0.3951060000000E+11   0.1663005262452E-22
  0.5207280000000E+11   0.3784873663907E-22
  0.6862910000000E+11   0.8601316361872E-22
  0.9044930000000E+11   0.1950674832443E-21
  0.1192070000000E+12   0.4411534551114E-21
  0.1571080000000E+12   0.9939509109445E-21
  0.2070600000000E+12   0.2228194423433E-20
  0.2728930000000E+12   0.4961496938567E-20
  0.3596580000000E+12   0.1193908381679E-19
  0.4740100000000E+12   0.3427793396453E-19
  0.6247180000000E+12   0.9680157393892E-19
  0.8233440000000E+12   0.2667968799144E-18
  0.1085120000000E+13   0.7119957667438E-18
  0.1430130000000E+13   0.1813193207313E-17
  0.1884830000000E+13   0.4325542677753E-17
  0.2484100000000E+13   0.9397467679816E-17
  0.3273910000000E+13   0.1779000732625E-16
  0.4314820000000E+13   0.2782214399477E-16
  0.5686700000000E+13   0.3392029310307E-16
  0.7494750000000E+13   0.3228474547620E-16
  0.7682960000000E+13   0.3185819441542E-16
  0.7875890000000E+13   0.3139801509768E-16
  0.8073670000000E+13   0.3090549479430E-16
  0.8276410000000E+13   0.3038632236368E-16
  0.8484250000000E+13   0.2984948591230E-16
  0.8697300000000E+13   0.2933474366843E-16
  0.8915700000000E+13   0.2879999556195E-16
  0.9139590000000E+13   0.2830410315304E-16
  0.9369100000000E+13   0.2780240277190E-16
  0.9604380000000E+13   0.2731857491478E-16
  0.9845560000000E+13   0.2685228981288E-16
  0.1009280000000E+14   0.2637517299950E-16
  0.1034620000000E+14   0.2590878735650E-16
  0.1060610000000E+14   0.2542618622106E-16
  0.1087240000000E+14   0.2498637211611E-16
  0.1114540000000E+14   0.2453844514340E-16
  0.1142530000000E+14   0.2410671367487E-16
  0.1171220000000E+14   0.2368387972408E-16
  0.1200630000000E+14   0.2324761849223E-16
  0.1230780000000E+14   0.2281543501845E-16
  0.1261690000000E+14   0.2236337159501E-16
  0.1293370000000E+14   0.2196407946638E-16
  0.1325850000000E+14   0.2155025546863E-16
  0.1359150000000E+14   0.2114740100195E-16
  0.1393280000000E+14   0.2074503142628E-16
  0.1428260000000E+14   0.2034275480945E-16
  0.1464130000000E+14   0.1998508082195E-16
  0.1500900000000E+14   0.1960062853941E-16
  0.1538590000000E+14   0.1909068445102E-16
  0.1577220000000E+14   0.1856371094088E-16
  0.1616830000000E+14   0.1771003078698E-16
  0.1657430000000E+14   0.1669394528492E-16
  0.1699050000000E+14   0.1560568194868E-16
  0.1741720000000E+14   0.1427930269504E-16
  0.1785460000000E+14   0.1303400482552E-16
  0.1830290000000E+14   0.1173139950012E-16
  0.1876260000000E+14   0.1051040295767E-16
  0.1923370000000E+14   0.9422251169476E-17
  0.1971670000000E+14   0.8435736358901E-17
  0.2021180000000E+14   0.7578844366203E-17
  0.2071940000000E+14   0.6906646136380E-17
  0.2123970000000E+14   0.6291494598922E-17
  0.2177310000000E+14   0.6211585445400E-17
  0.2231980000000E+14   0.6118699486176E-17
  0.2288030000000E+14   0.6175577684264E-17
  0.2345490000000E+14   0.6265842615057E-17
  0.2404390000000E+14   0.6366993973984E-17
  0.2464770000000E+14   0.6506685623728E-17
  0.2526660000000E+14   0.6607380011076E-17
  0.2590110000000E+14   0.6727408002959E-17
  0.2655150000000E+14   0.6808442519184E-17
  0.2721830000000E+14   0.6959149834006E-17
  0.2790180000000E+14   0.7104705502173E-17
  0.2860240000000E+14   0.7176292592725E-17
  0.2932070000000E+14   0.7169384618920E-17
  0.3005700000000E+14   0.7132865680907E-17
  0.3081180000000E+14   0.6951552825307E-17
  0.3158550000000E+14   0.6776443865317E-17
  0.3237870000000E+14   0.6070554268841E-17
  0.3319170000000E+14   0.5250483552986E-17
  0.3402530000000E+14   0.4496485454160E-17
  0.3487970000000E+14   0.3802937794023E-17
  0.3575560000000E+14   0.3156926702364E-17
  0.3665350000000E+14   0.2577656652978E-17
  0.3757390000000E+14   0.2019265679852E-17
  0.3851740000000E+14   0.1680333068857E-17
  0.3948470000000E+14   0.1405255079388E-17
  0.4047620000000E+14   0.1229577184091E-17
  0.4149260000000E+14   0.1168754488040E-17
  0.4253460000000E+14   0.1117633892763E-17
  0.4360270000000E+14   0.1103534953925E-17
  0.4469770000000E+14   0.1091623613892E-17
  0.4582010000000E+14   0.1082105600979E-17
  0.4697070000000E+14   0.1074393500637E-17
  0.4815020000000E+14   0.1067119028593E-17
  0.4935940000000E+14   0.1060138969192E-17
  0.5059890000000E+14   0.1054459950955E-17
  0.5186950000000E+14   0.1050511834669E-17
  0.5317200000000E+14   0.1047295460337E-17
  0.5450730000000E+14   0.1046197577440E-17
  0.6258450000000E+14   0.1054620567646E-17
  0.7185870000000E+14   0.1072159329215E-17
  0.8250720000000E+14   0.1077628104935E-17
  0.9473370000000E+14   0.1065857441468E-17
  0.1087720000000E+15   0.1042016728161E-17
  0.1248910000000E+15   0.1016011916824E-17
  0.1433980000000E+15   0.9974965965439E-18
  0.1646470000000E+15   0.9964400782576E-18
  0.1890460000000E+15   0.1022552014891E-17
  0.2170600000000E+15   0.1078637639110E-17
  0.2492250000000E+15   0.1166839703891E-17
  0.2861570000000E+15   0.1285395457685E-17
  0.3285620000000E+15   0.1427186458950E-17
  0.3772500000000E+15   0.1579945731455E-17
  0.4331540000000E+15   0.1724932126500E-17
  0.4973410000000E+15   0.1837504060833E-17
  0.5710410000000E+15   0.1890607803569E-17
  0.6556610000000E+15   0.1860876577363E-17
  0.7528220000000E+15   0.1734867276995E-17
  0.8643800000000E+15   0.1517339305766E-17
  0.9924690000000E+15   0.1232047312573E-17
  0.1139540000000E+16   0.9144069122147E-18
  0.1308400000000E+16   0.6144039720186E-18
  0.1502290000000E+16   0.3668898018383E-18
  0.1724910000000E+16   0.1910482005116E-18
  0.1980520000000E+16   0.8476562844278E-19
  0.2274010000000E+16   0.3137513780020E-19
  0.2610990000000E+16   0.9425653139168E-20
  0.2997900000000E+16   0.2228248095655E-20
