mstar = 2 Msun, Rstar = 2.5 Rsun, Tstar = 10000, mdisk = 0.002912 Msun, Rc = 150 AU, Rin = 0.5 AU, Rout = 250 AU, inclination = 45 degree, powerlaw = -0.5 
         130
  
  0.2997900000000E+11   0.4026159739973E-23
  0.3951060000000E+11   0.9168312252584E-23
  0.5207280000000E+11   0.2086194619575E-22
  0.6862910000000E+11   0.4741137424958E-22
  0.9044930000000E+11   0.1075536322763E-21
  0.1192070000000E+12   0.2433724008894E-21
  0.1571080000000E+12   0.5488163961023E-21
  0.2070600000000E+12   0.1231875276216E-20
  0.2728930000000E+12   0.2747866530555E-20
  0.3596580000000E+12   0.6628919191639E-20
  0.4740100000000E+12   0.1910490189650E-19
  0.6247180000000E+12   0.5425613168620E-19
  0.8233440000000E+12   0.1507839519066E-18
  0.1085120000000E+13   0.4074556404570E-18
  0.1430130000000E+13   0.1057668683950E-17
  0.1884830000000E+13   0.2599193513773E-17
  0.2484100000000E+13   0.5915850904285E-17
  0.3273910000000E+13   0.1203675968353E-16
  0.4314820000000E+13   0.2095159337381E-16
  0.5686700000000E+13   0.2927207476831E-16
  0.7494750000000E+13   0.3113238813815E-16
  0.7682960000000E+13   0.3089305252149E-16
  0.7875890000000E+13   0.3058690331977E-16
  0.8073670000000E+13   0.3021549721226E-16
  0.8276410000000E+13   0.2978604493228E-16
  0.8484250000000E+13   0.2930965478436E-16
  0.8697300000000E+13   0.2882777599151E-16
  0.8915700000000E+13   0.2830018153609E-16
  0.9139590000000E+13   0.2778616442990E-16
  0.9369100000000E+13   0.2724541848526E-16
  0.9604380000000E+13   0.2670339975170E-16
  0.9845560000000E+13   0.2616294133841E-16
  0.1009280000000E+14   0.2560253116647E-16
  0.1034620000000E+14   0.2504524333828E-16
  0.1060610000000E+14   0.2447111966218E-16
  0.1087240000000E+14   0.2393452259438E-16
  0.1114540000000E+14   0.2339420019900E-16
  0.1142530000000E+14   0.2287349816327E-16
  0.1171220000000E+14   0.2236820825590E-16
  0.1200630000000E+14   0.2186055664895E-16
  0.1230780000000E+14   0.2136654920091E-16
  0.1261690000000E+14   0.2086581436286E-16
  0.1293370000000E+14   0.2042197723910E-16
  0.1325850000000E+14   0.1997620634207E-16
  0.1359150000000E+14   0.1955046348773E-16
  0.1393280000000E+14   0.1913488142312E-16
  0.1428260000000E+14   0.1872828249827E-16
  0.1464130000000E+14   0.1836994168784E-16
  0.1500900000000E+14   0.1799466010764E-16
  0.1538590000000E+14   0.1751126828033E-16
  0.1577220000000E+14   0.1701683874587E-16
  0.1616830000000E+14   0.1622720281129E-16
  0.1657430000000E+14   0.1529099742528E-16
  0.1699050000000E+14   0.1429024765717E-16
  0.1741720000000E+14   0.1307304523896E-16
  0.1785460000000E+14   0.1193145190989E-16
  0.1830290000000E+14   0.1073914492238E-16
  0.1876260000000E+14   0.9623003628003E-17
  0.1923370000000E+14   0.8629312411542E-17
  0.1971670000000E+14   0.7729390402234E-17
  0.2021180000000E+14   0.6948191818905E-17
  0.2071940000000E+14   0.6334711208640E-17
  0.2123970000000E+14   0.5773537876409E-17
  0.2177310000000E+14   0.5696055529605E-17
  0.2231980000000E+14   0.5609507608431E-17
  0.2288030000000E+14   0.5661955117480E-17
  0.2345490000000E+14   0.5747825828447E-17
  0.2404390000000E+14   0.5846082055747E-17
  0.2464770000000E+14   0.5981605895243E-17
  0.2526660000000E+14   0.6082336800394E-17
  0.2590110000000E+14   0.6201876662201E-17
  0.2655150000000E+14   0.6285831532974E-17
  0.2721830000000E+14   0.6435142475540E-17
  0.2790180000000E+14   0.6580056439553E-17
  0.2860240000000E+14   0.6656093227889E-17
  0.2932070000000E+14   0.6659065861539E-17
  0.3005700000000E+14   0.6634371524146E-17
  0.3081180000000E+14   0.6474178121432E-17
  0.3158550000000E+14   0.6319543243988E-17
  0.3237870000000E+14   0.5667906090890E-17
  0.3319170000000E+14   0.4909132973137E-17
  0.3402530000000E+14   0.4211524865463E-17
  0.3487970000000E+14   0.3569950133802E-17
  0.3575560000000E+14   0.2971992736952E-17
  0.3665350000000E+14   0.2435628764390E-17
  0.3757390000000E+14   0.1917867303395E-17
  0.3851740000000E+14   0.1604933523580E-17
  0.3948470000000E+14   0.1350322751108E-17
  0.4047620000000E+14   0.1186747695701E-17
  0.4149260000000E+14   0.1130724184234E-17
  0.4253460000000E+14   0.1083272541671E-17
  0.4360270000000E+14   0.1071108715641E-17
  0.4469770000000E+14   0.1060814688966E-17
  0.4582010000000E+14   0.1052606052027E-17
  0.4697070000000E+14   0.1045927036822E-17
  0.4815020000000E+14   0.1039431257436E-17
  0.4935940000000E+14   0.1032978385050E-17
  0.5059890000000E+14   0.1027587651405E-17
  0.5186950000000E+14   0.1023722288099E-17
  0.5317200000000E+14   0.1020401316889E-17
  0.5450730000000E+14   0.1019068743067E-17
  0.6258450000000E+14   0.1024667819952E-17
  0.7185870000000E+14   0.1038897486443E-17
  0.8250720000000E+14   0.1042007467863E-17
  0.9473370000000E+14   0.1029828682995E-17
  0.1087720000000E+15   0.1008133124420E-17
  0.1248910000000E+15   0.9866725558985E-18
  0.1433980000000E+15   0.9744571247116E-18
  0.1646470000000E+15   0.9805431855823E-18
  0.1890460000000E+15   0.1013550674580E-17
  0.2170600000000E+15   0.1075346290018E-17
  0.2492250000000E+15   0.1167330784432E-17
  0.2861570000000E+15   0.1287781043591E-17
  0.3285620000000E+15   0.1430106596555E-17
  0.3772500000000E+15   0.1582550264361E-17
  0.4331540000000E+15   0.1726849526335E-17
  0.4973410000000E+15   0.1838853578793E-17
  0.5710410000000E+15   0.1891815341866E-17
  0.6556610000000E+15   0.1862359756605E-17
  0.7528220000000E+15   0.1737003122220E-17
  0.8643800000000E+15   0.1519931893591E-17
  0.9924690000000E+15   0.1234425061150E-17
  0.1139540000000E+16   0.9168448764906E-18
  0.1308400000000E+16   0.6159403211576E-18
  0.1502290000000E+16   0.3676477558240E-18
  0.1724910000000E+16   0.1913439821689E-18
  0.1980520000000E+16   0.8490413601081E-19
  0.2274010000000E+16   0.3142522020393E-19
  0.2610990000000E+16   0.9440420763375E-20
  0.2997900000000E+16   0.2231689530244E-20
