mstar = 2 Msun, Rstar = 2.5 Rsun, Tstar = 10000, mdisk = 0.0080669 Msun, Rc = 150 AU, Rin = 0.5 AU, Rout = 250 AU, inclination = 45 degree, powerlaw = -0.5 
         130
  
  0.2997900000000E+11   0.1009117591948E-22
  0.3951060000000E+11   0.2299248455639E-22
  0.5207280000000E+11   0.5232826160666E-22
  0.6862910000000E+11   0.1189032674666E-21
  0.9044930000000E+11   0.2695903369203E-21
  0.1192070000000E+12   0.6094489923965E-21
  0.1571080000000E+12   0.1372348365100E-20
  0.2070600000000E+12   0.3074023075301E-20
  0.2728930000000E+12   0.6837464199104E-20
  0.3596580000000E+12   0.1642771685147E-19
  0.4740100000000E+12   0.4704815498622E-19
  0.6247180000000E+12   0.1323711134262E-18
  0.8233440000000E+12   0.3627750032752E-18
  0.1085120000000E+13   0.9597149365239E-18
  0.1430130000000E+13   0.2410894222241E-17
  0.1884830000000E+13   0.5628837892495E-17
  0.2484100000000E+13   0.1182236115165E-16
  0.3273910000000E+13   0.2126430551637E-16
  0.4314820000000E+13   0.3099709538562E-16
  0.5686700000000E+13   0.3515446690808E-16
  0.7494750000000E+13   0.3252315283905E-16
  0.7682960000000E+13   0.3211190735586E-16
  0.7875890000000E+13   0.3167908352842E-16
  0.8073670000000E+13   0.3122334084365E-16
  0.8276410000000E+13   0.3074794699665E-16
  0.8484250000000E+13   0.3025992027023E-16
  0.8697300000000E+13   0.2979966120166E-16
  0.8915700000000E+13   0.2931996728534E-16
  0.9139590000000E+13   0.2888233572387E-16
  0.9369100000000E+13   0.2843685938485E-16
  0.9604380000000E+13   0.2800757598458E-16
  0.9845560000000E+13   0.2759284052605E-16
  0.1009280000000E+14   0.2716112604615E-16
  0.1034620000000E+14   0.2673505156748E-16
  0.1060610000000E+14   0.2628549142005E-16
  0.1087240000000E+14   0.2587538749187E-16
  0.1114540000000E+14   0.2545047344275E-16
  0.1142530000000E+14   0.2503693322995E-16
  0.1171220000000E+14   0.2462739387491E-16
  0.1200630000000E+14   0.2419879608667E-16
  0.1230780000000E+14   0.2377021079491E-16
  0.1261690000000E+14   0.2331700019179E-16
  0.1293370000000E+14   0.2291596390560E-16
  0.1325850000000E+14   0.2249692004600E-16
  0.1359150000000E+14   0.2208705661333E-16
  0.1393280000000E+14   0.2167574625934E-16
  0.1428260000000E+14   0.2126290308811E-16
  0.1464130000000E+14   0.2089539014320E-16
  0.1500900000000E+14   0.2049882800710E-16
  0.1538590000000E+14   0.1997024225308E-16
  0.1577220000000E+14   0.1942311353896E-16
  0.1616830000000E+14   0.1853384173878E-16
  0.1657430000000E+14   0.1747408934025E-16
  0.1699050000000E+14   0.1633813634033E-16
  0.1741720000000E+14   0.1495239372075E-16
  0.1785460000000E+14   0.1365061255102E-16
  0.1830290000000E+14   0.1228783415385E-16
  0.1876260000000E+14   0.1100970966258E-16
  0.1923370000000E+14   0.9870051711256E-17
  0.1971670000000E+14   0.8836351639366E-17
  0.2021180000000E+14   0.7938058510442E-17
  0.2071940000000E+14   0.7233046579112E-17
  0.2123970000000E+14   0.6587566155429E-17
  0.2177310000000E+14   0.6504126552102E-17
  0.2231980000000E+14   0.6406702767697E-17
  0.2288030000000E+14   0.6466079062911E-17
  0.2345490000000E+14   0.6560037183139E-17
  0.2404390000000E+14   0.6665244889950E-17
  0.2464770000000E+14   0.6810555908196E-17
  0.2526660000000E+14   0.6914765479075E-17
  0.2590110000000E+14   0.7038846299838E-17
  0.2655150000000E+14   0.7121780074848E-17
  0.2721830000000E+14   0.7277433933311E-17
  0.2790180000000E+14   0.7427171307041E-17
  0.2860240000000E+14   0.7499069914522E-17
  0.2932070000000E+14   0.7488548268317E-17
  0.3005700000000E+14   0.7446586639529E-17
  0.3081180000000E+14   0.7253422998669E-17
  0.3158550000000E+14   0.7066627876594E-17
  0.3237870000000E+14   0.6326879542976E-17
  0.3319170000000E+14   0.5467291858775E-17
  0.3402530000000E+14   0.4676056262243E-17
  0.3487970000000E+14   0.3947900914823E-17
  0.3575560000000E+14   0.3269291438713E-17
  0.3665350000000E+14   0.2661072221750E-17
  0.3757390000000E+14   0.2076337833159E-17
  0.3851740000000E+14   0.1721379554797E-17
  0.3948470000000E+14   0.1433602152890E-17
  0.4047620000000E+14   0.1250218840150E-17
  0.4149260000000E+14   0.1186257986822E-17
  0.4253460000000E+14   0.1132736350747E-17
  0.4360270000000E+14   0.1117154370451E-17
  0.4469770000000E+14   0.1103937690701E-17
  0.4582010000000E+14   0.1093286511617E-17
  0.4697070000000E+14   0.1084598345381E-17
  0.4815020000000E+14   0.1076489808251E-17
  0.4935940000000E+14   0.1068821341132E-17
  0.5059890000000E+14   0.1062590859119E-17
  0.5186950000000E+14   0.1058208852050E-17
  0.5317200000000E+14   0.1054668674722E-17
  0.5450730000000E+14   0.1053325748322E-17
  0.6258450000000E+14   0.1061465994449E-17
  0.7185870000000E+14   0.1079662285997E-17
  0.8250720000000E+14   0.1085982801441E-17
  0.9473370000000E+14   0.1074517475460E-17
  0.1087720000000E+15   0.1049876551639E-17
  0.1248910000000E+15   0.1021784092392E-17
  0.1433980000000E+15   0.1000137792946E-17
  0.1646470000000E+15   0.9955590624586E-18
  0.1890460000000E+15   0.1018601153662E-17
  0.2170600000000E+15   0.1072750387490E-17
  0.2492250000000E+15   0.1160354168103E-17
  0.2861570000000E+15   0.1279406891310E-17
  0.3285620000000E+15   0.1422444277549E-17
  0.3772500000000E+15   0.1576776660303E-17
  0.4331540000000E+15   0.1723135690535E-17
  0.4973410000000E+15   0.1836499279471E-17
  0.5710410000000E+15   0.1889812992001E-17
  0.6556610000000E+15   0.1859921081595E-17
  0.7528220000000E+15   0.1733491463452E-17
  0.8643800000000E+15   0.1515669432122E-17
  0.9924690000000E+15   0.1230516056465E-17
  0.1139540000000E+16   0.9128378258571E-18
  0.1308400000000E+16   0.6134150356357E-18
  0.1502290000000E+16   0.3664017384940E-18
  0.1724910000000E+16   0.1908576591810E-18
  0.1980520000000E+16   0.8467640872276E-19
  0.2274010000000E+16   0.3134287619406E-19
  0.2610990000000E+16   0.9416140041109E-20
  0.2997900000000E+16   0.2226031130785E-20
