mstar = 2 Msun, Rstar = 2.5 Rsun, Tstar = 10000, mdisk = 0.0089441 Msun, Rc = 150 AU, Rin = 0.5 AU, Rout = 250 AU, inclination = 45 degree, powerlaw = -0.5 
         130
  
  0.2997900000000E+11   0.1107484814460E-22
  0.3951060000000E+11   0.2523397392575E-22
  0.5207280000000E+11   0.5742841942528E-22
  0.6862910000000E+11   0.1304852548698E-21
  0.9044930000000E+11   0.2958240426050E-21
  0.1192070000000E+12   0.6686660058714E-21
  0.1571080000000E+12   0.1505412382579E-20
  0.2070600000000E+12   0.3371221650490E-20
  0.2728930000000E+12   0.7495915926821E-20
  0.3596580000000E+12   0.1800070357957E-19
  0.4740100000000E+12   0.5151135269873E-19
  0.6247180000000E+12   0.1447518193691E-18
  0.8233440000000E+12   0.3959616298333E-18
  0.1085120000000E+13   0.1044451958391E-17
  0.1430130000000E+13   0.2611733293317E-17
  0.1884830000000E+13   0.6053703202857E-17
  0.2484100000000E+13   0.1257206882922E-16
  0.3273910000000E+13   0.2223972711905E-16
  0.4314820000000E+13   0.3173062197778E-16
  0.5686700000000E+13   0.3532580282433E-16
  0.7494750000000E+13   0.3259958811659E-16
  0.7682960000000E+13   0.3220414298787E-16
  0.7875890000000E+13   0.3178821447428E-16
  0.8073670000000E+13   0.3134964990098E-16
  0.8276410000000E+13   0.3089111431624E-16
  0.8484250000000E+13   0.3041925163122E-16
  0.8697300000000E+13   0.2997502847668E-16
  0.8915700000000E+13   0.2950959685920E-16
  0.9139590000000E+13   0.2908565494433E-16
  0.9369100000000E+13   0.2865177740735E-16
  0.9604380000000E+13   0.2823241064333E-16
  0.9845560000000E+13   0.2782573174445E-16
  0.1009280000000E+14   0.2739956627820E-16
  0.1034620000000E+14   0.2697707439991E-16
  0.1060610000000E+14   0.2652877254778E-16
  0.1087240000000E+14   0.2611876750223E-16
  0.1114540000000E+14   0.2569209379726E-16
  0.1142530000000E+14   0.2527552954393E-16
  0.1171220000000E+14   0.2486178522867E-16
  0.1200630000000E+14   0.2442775966804E-16
  0.1230780000000E+14   0.2399297339528E-16
  0.1261690000000E+14   0.2353269764405E-16
  0.1293370000000E+14   0.2312465159839E-16
  0.1325850000000E+14   0.2269811583549E-16
  0.1359150000000E+14   0.2228064840351E-16
  0.1393280000000E+14   0.2186168345640E-16
  0.1428260000000E+14   0.2144124971031E-16
  0.1464130000000E+14   0.2106663445348E-16
  0.1500900000000E+14   0.2066290701062E-16
  0.1538590000000E+14   0.2012636793388E-16
  0.1577220000000E+14   0.1957145328448E-16
  0.1616830000000E+14   0.1867225933947E-16
  0.1657430000000E+14   0.1760176201606E-16
  0.1699050000000E+14   0.1645489892024E-16
  0.1741720000000E+14   0.1505681444774E-16
  0.1785460000000E+14   0.1374381672547E-16
  0.1830290000000E+14   0.1237001880381E-16
  0.1876260000000E+14   0.1108208807762E-16
  0.1923370000000E+14   0.9934107733825E-17
  0.1971670000000E+14   0.8893200790687E-17
  0.2021180000000E+14   0.7988881114757E-17
  0.2071940000000E+14   0.7279314309611E-17
  0.2123970000000E+14   0.6629943267161E-17
  0.2177310000000E+14   0.6545298853809E-17
  0.2231980000000E+14   0.6446661025725E-17
  0.2288030000000E+14   0.6505626987589E-17
  0.2345490000000E+14   0.6599408936366E-17
  0.2404390000000E+14   0.6704523524186E-17
  0.2464770000000E+14   0.6850118051780E-17
  0.2526660000000E+14   0.6954554327401E-17
  0.2590110000000E+14   0.7079301060031E-17
  0.2655150000000E+14   0.7162722364170E-17
  0.2721830000000E+14   0.7319197538100E-17
  0.2790180000000E+14   0.7469702262286E-17
  0.2860240000000E+14   0.7541790913377E-17
  0.2932070000000E+14   0.7530857524679E-17
  0.3005700000000E+14   0.7488327756012E-17
  0.3081180000000E+14   0.7293360849757E-17
  0.3158550000000E+14   0.7104669810960E-17
  0.3237870000000E+14   0.6359289916621E-17
  0.3319170000000E+14   0.5493778815154E-17
  0.3402530000000E+14   0.4697373393738E-17
  0.3487970000000E+14   0.3964725458051E-17
  0.3575560000000E+14   0.3282892538326E-17
  0.3665350000000E+14   0.2672370372235E-17
  0.3757390000000E+14   0.2085980840420E-17
  0.3851740000000E+14   0.1730482204660E-17
  0.3948470000000E+14   0.1442534089270E-17
  0.4047620000000E+14   0.1258777037965E-17
  0.4149260000000E+14   0.1194072295300E-17
  0.4253460000000E+14   0.1139777204895E-17
  0.4360270000000E+14   0.1123475330734E-17
  0.4469770000000E+14   0.1109592234134E-17
  0.4582010000000E+14   0.1098331031790E-17
  0.4697070000000E+14   0.1089091403372E-17
  0.4815020000000E+14   0.1080490047367E-17
  0.4935940000000E+14   0.1072382573350E-17
  0.5059890000000E+14   0.1065768558187E-17
  0.5186950000000E+14   0.1061060831916E-17
  0.5317200000000E+14   0.1057246575151E-17
  0.5450730000000E+14   0.1055684882501E-17
  0.6258450000000E+14   0.1063400538311E-17
  0.7185870000000E+14   0.1081980669271E-17
  0.8250720000000E+14   0.1088866606139E-17
  0.9473370000000E+14   0.1077746264956E-17
  0.1087720000000E+15   0.1052943849732E-17
  0.1248910000000E+15   0.1024062731102E-17
  0.1433980000000E+15   0.1001093120459E-17
  0.1646470000000E+15   0.9949493259793E-18
  0.1890460000000E+15   0.1016582548619E-17
  0.2170600000000E+15   0.1069823332566E-17
  0.2492250000000E+15   0.1157166934870E-17
  0.2861570000000E+15   0.1276531060823E-17
  0.3285620000000E+15   0.1420264622114E-17
  0.3772500000000E+15   0.1575408355796E-17
  0.4331540000000E+15   0.1722417335178E-17
  0.4973410000000E+15   0.1836136784939E-17
  0.5710410000000E+15   0.1889560942777E-17
  0.6556610000000E+15   0.1859639995102E-17
  0.7528220000000E+15   0.1733095354865E-17
  0.8643800000000E+15   0.1515190537208E-17
  0.9924690000000E+15   0.1230077148360E-17
  0.1139540000000E+16   0.9123882367031E-18
  0.1308400000000E+16   0.6131316584632E-18
  0.1502290000000E+16   0.3662618600776E-18
  0.1724910000000E+16   0.1908030385340E-18
  0.1980520000000E+16   0.8465083387494E-19
  0.2274010000000E+16   0.3133362825448E-19
  0.2610990000000E+16   0.9413413033935E-20
  0.2997900000000E+16   0.2225395613846E-20
