mstar = 2 Msun, Rstar = 2.5 Rsun, Tstar = 10000, mdisk = 0.0043701 Msun, Rc = 150 AU, Rin = 0.5 AU, Rout = 250 AU, inclination = 45 degree, powerlaw = -1 
         130
  
  0.2997900000000E+11   0.5798803637035E-23
  0.3951060000000E+11   0.1320946765906E-22
  0.5207280000000E+11   0.3006249766307E-22
  0.6862910000000E+11   0.6832161406437E-22
  0.9044930000000E+11   0.1549661758706E-21
  0.1192070000000E+12   0.3505458043941E-21
  0.1571080000000E+12   0.7900886580478E-21
  0.2070600000000E+12   0.1772088998394E-20
  0.2728930000000E+12   0.3948672436964E-20
  0.3596580000000E+12   0.9511389160432E-20
  0.4740100000000E+12   0.2735018661533E-19
  0.6247180000000E+12   0.7741442838629E-19
  0.8233440000000E+12   0.2140948498004E-18
  0.1085120000000E+13   0.5743319705620E-18
  0.1430130000000E+13   0.1474413299400E-17
  0.1884830000000E+13   0.3561830456354E-17
  0.2484100000000E+13   0.7892700865764E-17
  0.3273910000000E+13   0.1540375152693E-16
  0.4314820000000E+13   0.2518110240464E-16
  0.5686700000000E+13   0.3237121972337E-16
  0.7494750000000E+13   0.3192149686556E-16
  0.7682960000000E+13   0.3153536115946E-16
  0.7875890000000E+13   0.3110296669837E-16
  0.8073670000000E+13   0.3062661555941E-16
  0.8276410000000E+13   0.3011328944716E-16
  0.8484250000000E+13   0.2957328588981E-16
  0.8697300000000E+13   0.2904653332273E-16
  0.8915700000000E+13   0.2849345513125E-16
  0.9139590000000E+13   0.2797204162626E-16
  0.9369100000000E+13   0.2744087606811E-16
  0.9604380000000E+13   0.2692404880151E-16
  0.9845560000000E+13   0.2642266258852E-16
  0.1009280000000E+14   0.2591132760454E-16
  0.1034620000000E+14   0.2541165035795E-16
  0.1060610000000E+14   0.2489920341144E-16
  0.1087240000000E+14   0.2443046043750E-16
  0.1114540000000E+14   0.2395799873514E-16
  0.1142530000000E+14   0.2350518603173E-16
  0.1171220000000E+14   0.2306538181298E-16
  0.1200630000000E+14   0.2261735407634E-16
  0.1230780000000E+14   0.2217756391552E-16
  0.1261690000000E+14   0.2172280099866E-16
  0.1293370000000E+14   0.2132237395633E-16
  0.1325850000000E+14   0.2091145503505E-16
  0.1359150000000E+14   0.2051411522399E-16
  0.1393280000000E+14   0.2011985083433E-16
  0.1428260000000E+14   0.1972787361484E-16
  0.1464130000000E+14   0.1938099229445E-16
  0.1500900000000E+14   0.1900965897058E-16
  0.1538590000000E+14   0.1851748955829E-16
  0.1577220000000E+14   0.1800942790583E-16
  0.1616830000000E+14   0.1718373463392E-16
  0.1657430000000E+14   0.1619981461040E-16
  0.1699050000000E+14   0.1514532505966E-16
  0.1741720000000E+14   0.1385857600330E-16
  0.1785460000000E+14   0.1265045591675E-16
  0.1830290000000E+14   0.1138611727332E-16
  0.1876260000000E+14   0.1020097993999E-16
  0.1923370000000E+14   0.9144841921216E-17
  0.1971670000000E+14   0.8187399486408E-17
  0.2021180000000E+14   0.7355843253742E-17
  0.2071940000000E+14   0.6703490302937E-17
  0.2123970000000E+14   0.6106334199355E-17
  0.2177310000000E+14   0.6029268753771E-17
  0.2231980000000E+14   0.5940118300943E-17
  0.2288030000000E+14   0.5997425969504E-17
  0.2345490000000E+14   0.6087909439770E-17
  0.2404390000000E+14   0.6189625271082E-17
  0.2464770000000E+14   0.6329385773612E-17
  0.2526660000000E+14   0.6431210611025E-17
  0.2590110000000E+14   0.6552152823755E-17
  0.2655150000000E+14   0.6634958253860E-17
  0.2721830000000E+14   0.6786296350540E-17
  0.2790180000000E+14   0.6932601470894E-17
  0.2860240000000E+14   0.7006042489216E-17
  0.2932070000000E+14   0.7002305512014E-17
  0.3005700000000E+14   0.6969396384364E-17
  0.3081180000000E+14   0.6793876748364E-17
  0.3158550000000E+14   0.6624230642444E-17
  0.3237870000000E+14   0.5932321846837E-17
  0.3319170000000E+14   0.5128503192577E-17
  0.3402530000000E+14   0.4389880746393E-17
  0.3487970000000E+14   0.3711524022670E-17
  0.3575560000000E+14   0.3080560583416E-17
  0.3665350000000E+14   0.2515804186137E-17
  0.3757390000000E+14   0.1972203128294E-17
  0.3851740000000E+14   0.1643630784872E-17
  0.3948470000000E+14   0.1378039759516E-17
  0.4047620000000E+14   0.1208901695785E-17
  0.4149260000000E+14   0.1150972403242E-17
  0.4253460000000E+14   0.1102338752198E-17
  0.4360270000000E+14   0.1089603812068E-17
  0.4469770000000E+14   0.1078916234737E-17
  0.4582010000000E+14   0.1070473608819E-17
  0.4697070000000E+14   0.1063703376785E-17
  0.4815020000000E+14   0.1057259777093E-17
  0.4935940000000E+14   0.1050997628898E-17
  0.5059890000000E+14   0.1045906497032E-17
  0.5186950000000E+14   0.1042416403827E-17
  0.5317200000000E+14   0.1039549454357E-17
  0.5450730000000E+14   0.1038690004420E-17
  0.6258450000000E+14   0.1047115753266E-17
  0.7185870000000E+14   0.1063547051790E-17
  0.8250720000000E+14   0.1067772867724E-17
  0.9473370000000E+14   0.1055209151632E-17
  0.1087720000000E+15   0.1031414452714E-17
  0.1248910000000E+15   0.1006438898566E-17
  0.1433980000000E+15   0.9898666890226E-18
  0.1646470000000E+15   0.9913661554171E-18
  0.1890460000000E+15   0.1020119107208E-17
  0.2170600000000E+15   0.1078392592363E-17
  0.2492250000000E+15   0.1167967252223E-17
  0.2861570000000E+15   0.1287109215100E-17
  0.3285620000000E+15   0.1428908316314E-17
  0.3772500000000E+15   0.1581313533834E-17
  0.4331540000000E+15   0.1725834441136E-17
  0.4973410000000E+15   0.1838074250696E-17
  0.5710410000000E+15   0.1891085959366E-17
  0.6556610000000E+15   0.1861456960794E-17
  0.7528220000000E+15   0.1735704086044E-17
  0.8643800000000E+15   0.1518355683952E-17
  0.9924690000000E+15   0.1232979507699E-17
  0.1139540000000E+16   0.9153625146067E-18
  0.1308400000000E+16   0.6150062017286E-18
  0.1502290000000E+16   0.3671869495515E-18
  0.1724910000000E+16   0.1911641767488E-18
  0.1980520000000E+16   0.8481993596282E-19
  0.2274010000000E+16   0.3139477486663E-19
  0.2610990000000E+16   0.9431443504486E-20
  0.2997900000000E+16   0.2229597486594E-20
