mstar = 2 Msun, Rstar = 2.5 Rsun, Tstar = 10000, mdisk = 0.0010334 Msun, Rc = 150 AU, Rin = 0.5 AU, Rout = 250 AU, inclination = 45 degree, powerlaw = -1 
         130
  
  0.2997900000000E+11   0.1594686194956E-23
  0.3951060000000E+11   0.3623624442978E-23
  0.5207280000000E+11   0.8233538475189E-23
  0.6862910000000E+11   0.1869632876850E-22
  0.9044930000000E+11   0.4240140372660E-22
  0.1192070000000E+12   0.9597106443415E-22
  0.1571080000000E+12   0.2165977123209E-21
  0.2070600000000E+12   0.4868854873796E-21
  0.2728930000000E+12   0.1088476902744E-20
  0.3596580000000E+12   0.2634148600628E-20
  0.4740100000000E+12   0.7627092962687E-20
  0.6247180000000E+12   0.2180783545747E-19
  0.8233440000000E+12   0.6120379636840E-19
  0.1085120000000E+13   0.1677599053642E-18
  0.1430130000000E+13   0.4446765824457E-18
  0.1884830000000E+13   0.1127473437268E-17
  0.2484100000000E+13   0.2690958839513E-17
  0.3273910000000E+13   0.5889221243664E-17
  0.4314820000000E+13   0.1146691995528E-16
  0.5686700000000E+13   0.1888687647770E-16
  0.7494750000000E+13   0.2467688171169E-16
  0.7682960000000E+13   0.2494422078944E-16
  0.7875890000000E+13   0.2514631153457E-16
  0.8073670000000E+13   0.2527775414066E-16
  0.8276410000000E+13   0.2533999380399E-16
  0.8484250000000E+13   0.2533984432074E-16
  0.8697300000000E+13   0.2532181135613E-16
  0.8915700000000E+13   0.2523110891813E-16
  0.9139590000000E+13   0.2513468852573E-16
  0.9369100000000E+13   0.2497804227600E-16
  0.9604380000000E+13   0.2478738592024E-16
  0.9845560000000E+13   0.2456173964996E-16
  0.1009280000000E+14   0.2427300714041E-16
  0.1034620000000E+14   0.2394639323319E-16
  0.1060610000000E+14   0.2355946037855E-16
  0.1087240000000E+14   0.2317152344476E-16
  0.1114540000000E+14   0.2273883665397E-16
  0.1142530000000E+14   0.2228781817696E-16
  0.1171220000000E+14   0.2181642628339E-16
  0.1200630000000E+14   0.2131141781227E-16
  0.1230780000000E+14   0.2079246720456E-16
  0.1261690000000E+14   0.2024589629343E-16
  0.1293370000000E+14   0.1973183894123E-16
  0.1325850000000E+14   0.1920279193510E-16
  0.1359150000000E+14   0.1868194644341E-16
  0.1393280000000E+14   0.1816516764907E-16
  0.1428260000000E+14   0.1765535959985E-16
  0.1464130000000E+14   0.1718709718983E-16
  0.1500900000000E+14   0.1671133357141E-16
  0.1538590000000E+14   0.1615868010537E-16
  0.1577220000000E+14   0.1560762337563E-16
  0.1616830000000E+14   0.1483337488837E-16
  0.1657430000000E+14   0.1395282439857E-16
  0.1699050000000E+14   0.1303022906996E-16
  0.1741720000000E+14   0.1194410867251E-16
  0.1785460000000E+14   0.1092600864307E-16
  0.1830290000000E+14   0.9875021717430E-17
  0.1876260000000E+14   0.8891260639988E-17
  0.1923370000000E+14   0.8011014739872E-17
  0.1971670000000E+14   0.7211018691137E-17
  0.2021180000000E+14   0.6510944193732E-17
  0.2071940000000E+14   0.5950506156387E-17
  0.2123970000000E+14   0.5437042375453E-17
  0.2177310000000E+14   0.5319638385230E-17
  0.2231980000000E+14   0.5199783474789E-17
  0.2288030000000E+14   0.5198258485389E-17
  0.2345490000000E+14   0.5231439440048E-17
  0.2404390000000E+14   0.5283400965080E-17
  0.2464770000000E+14   0.5375413035625E-17
  0.2526660000000E+14   0.5446853097332E-17
  0.2590110000000E+14   0.5541869302591E-17
  0.2655150000000E+14   0.5612873800224E-17
  0.2721830000000E+14   0.5746035630499E-17
  0.2790180000000E+14   0.5880409985611E-17
  0.2860240000000E+14   0.5957909560624E-17
  0.2932070000000E+14   0.5973077383982E-17
  0.3005700000000E+14   0.5965098759761E-17
  0.3081180000000E+14   0.5837291470777E-17
  0.3158550000000E+14   0.5714565613601E-17
  0.3237870000000E+14   0.5146490733545E-17
  0.3319170000000E+14   0.4480005806891E-17
  0.3402530000000E+14   0.3866526909657E-17
  0.3487970000000E+14   0.3301736707293E-17
  0.3575560000000E+14   0.2773936069258E-17
  0.3665350000000E+14   0.2298947538864E-17
  0.3757390000000E+14   0.1838186927551E-17
  0.3851740000000E+14   0.1558028070925E-17
  0.3948470000000E+14   0.1326470363221E-17
  0.4047620000000E+14   0.1173495181228E-17
  0.4149260000000E+14   0.1119424576550E-17
  0.4253460000000E+14   0.1072288595723E-17
  0.4360270000000E+14   0.1060243322862E-17
  0.4469770000000E+14   0.1049864449202E-17
  0.4582010000000E+14   0.1041392803781E-17
  0.4697070000000E+14   0.1034267601413E-17
  0.4815020000000E+14   0.1027081172555E-17
  0.4935940000000E+14   0.1019679669023E-17
  0.5059890000000E+14   0.1013163889734E-17
  0.5186950000000E+14   0.1008076216312E-17
  0.5317200000000E+14   0.1003385535442E-17
  0.5450730000000E+14   0.1000718971098E-17
  0.6258450000000E+14   0.9987555875228E-18
  0.7185870000000E+14   0.1006595859295E-17
  0.8250720000000E+14   0.1005260609637E-17
  0.9473370000000E+14   0.9919504166673E-18
  0.1087720000000E+15   0.9732778222213E-18
  0.1248910000000E+15   0.9584271963584E-18
  0.1433980000000E+15   0.9547623445698E-18
  0.1646470000000E+15   0.9693333173070E-18
  0.1890460000000E+15   0.1009220213085E-17
  0.2170600000000E+15   0.1075838164032E-17
  0.2492250000000E+15   0.1170737702182E-17
  0.2861570000000E+15   0.1292376162411E-17
  0.3285620000000E+15   0.1434387088640E-17
  0.3772500000000E+15   0.1585739321944E-17
  0.4331540000000E+15   0.1728995343711E-17
  0.4973410000000E+15   0.1840368356583E-17
  0.5710410000000E+15   0.1893172294511E-17
  0.6556610000000E+15   0.1863983284594E-17
  0.7528220000000E+15   0.1739304380893E-17
  0.8643800000000E+15   0.1522715257681E-17
  0.9924690000000E+15   0.1236976978118E-17
  0.1139540000000E+16   0.9194632251861E-18
  0.1308400000000E+16   0.6175900516547E-18
  0.1502290000000E+16   0.3684612804114E-18
  0.1724910000000E+16   0.1916612796742E-18
  0.1980520000000E+16   0.8505273212326E-19
  0.2274010000000E+16   0.3147894838691E-19
  0.2610990000000E+16   0.9456262922694E-20
  0.2997900000000E+16   0.2235381288498E-20
