mstar = 2 Msun, Rstar = 2.5 Rsun, Tstar = 10000, mdisk = 0.00036134 Msun, Rc = 150 AU, Rin = 0.5 AU, Rout = 250 AU, inclination = 45 degree, powerlaw = -1 
         130
  
  0.2997900000000E+11   0.6402733950996E-24
  0.3951060000000E+11   0.1446400232277E-23
  0.5207280000000E+11   0.3272356711064E-23
  0.6862910000000E+11   0.7408139354273E-23
  0.9044930000000E+11   0.1676765249693E-22
  0.1192070000000E+12   0.3791175494090E-22
  0.1571080000000E+12   0.8554644845519E-22
  0.2070600000000E+12   0.1924250627694E-21
  0.2728930000000E+12   0.4308648095435E-21
  0.3596580000000E+12   0.1045286154707E-20
  0.4740100000000E+12   0.3037844462908E-20
  0.6247180000000E+12   0.8736356822363E-20
  0.8233440000000E+12   0.2472499859546E-19
  0.1085120000000E+13   0.6858237230202E-19
  0.1430130000000E+13   0.1848778984218E-18
  0.1884830000000E+13   0.4801379580549E-18
  0.2484100000000E+13   0.1186122852757E-17
  0.3273910000000E+13   0.2728439998364E-17
  0.4314820000000E+13   0.5712879397431E-17
  0.5686700000000E+13   0.1045944596068E-16
  0.7494750000000E+13   0.1585175157289E-16
  0.7682960000000E+13   0.1627317904931E-16
  0.7875890000000E+13   0.1666421443213E-16
  0.8073670000000E+13   0.1701848289678E-16
  0.8276410000000E+13   0.1733478818990E-16
  0.8484250000000E+13   0.1761654923069E-16
  0.8697300000000E+13   0.1790168645774E-16
  0.8915700000000E+13   0.1813942570594E-16
  0.9139590000000E+13   0.1838995383726E-16
  0.9369100000000E+13   0.1860037928391E-16
  0.9604380000000E+13   0.1879332500883E-16
  0.9845560000000E+13   0.1896546498768E-16
  0.1009280000000E+14   0.1908419372066E-16
  0.1034620000000E+14   0.1917124410818E-16
  0.1060610000000E+14   0.1919799739098E-16
  0.1087240000000E+14   0.1922486417648E-16
  0.1114540000000E+14   0.1919924737823E-16
  0.1142530000000E+14   0.1914632046266E-16
  0.1171220000000E+14   0.1905909827721E-16
  0.1200630000000E+14   0.1891726400773E-16
  0.1230780000000E+14   0.1873949819311E-16
  0.1261690000000E+14   0.1850565027453E-16
  0.1293370000000E+14   0.1828346275055E-16
  0.1325850000000E+14   0.1801369180472E-16
  0.1359150000000E+14   0.1772124800375E-16
  0.1393280000000E+14   0.1739948333763E-16
  0.1428260000000E+14   0.1705096978393E-16
  0.1464130000000E+14   0.1671332226984E-16
  0.1500900000000E+14   0.1633301702204E-16
  0.1538590000000E+14   0.1584247314479E-16
  0.1577220000000E+14   0.1532975447117E-16
  0.1616830000000E+14   0.1457943320032E-16
  0.1657430000000E+14   0.1371903714808E-16
  0.1699050000000E+14   0.1281582047965E-16
  0.1741720000000E+14   0.1175453084579E-16
  0.1785460000000E+14   0.1075849982842E-16
  0.1830290000000E+14   0.9728312262656E-17
  0.1876260000000E+14   0.8760379395954E-17
  0.1923370000000E+14   0.7891377130976E-17
  0.1971670000000E+14   0.7098808580541E-17
  0.2021180000000E+14   0.6404196241114E-17
  0.2071940000000E+14   0.5851593274244E-17
  0.2123970000000E+14   0.5344866117027E-17
  0.2177310000000E+14   0.5250394749885E-17
  0.2231980000000E+14   0.5140119313391E-17
  0.2288030000000E+14   0.5131203856052E-17
  0.2345490000000E+14   0.5137018495121E-17
  0.2404390000000E+14   0.5144946735131E-17
  0.2464770000000E+14   0.5176760266644E-17
  0.2526660000000E+14   0.5186053028514E-17
  0.2590110000000E+14   0.5214159196748E-17
  0.2655150000000E+14   0.5225989238154E-17
  0.2721830000000E+14   0.5293964623185E-17
  0.2790180000000E+14   0.5370901681927E-17
  0.2860240000000E+14   0.5410004657035E-17
  0.2932070000000E+14   0.5405395959617E-17
  0.3005700000000E+14   0.5388021134476E-17
  0.3081180000000E+14   0.5274693581093E-17
  0.3158550000000E+14   0.5168996204208E-17
  0.3237870000000E+14   0.4684621410239E-17
  0.3319170000000E+14   0.4115714334145E-17
  0.3402530000000E+14   0.3591065954169E-17
  0.3487970000000E+14   0.3106555312707E-17
  0.3575560000000E+14   0.2651858631631E-17
  0.3665350000000E+14   0.2239269786740E-17
  0.3757390000000E+14   0.1829845351980E-17
  0.3851740000000E+14   0.1564939638334E-17
  0.3948470000000E+14   0.1320590226632E-17
  0.4047620000000E+14   0.1133277286589E-17
  0.4149260000000E+14   0.1064365535454E-17
  0.4253460000000E+14   0.1001848575876E-17
  0.4360270000000E+14   0.9892216374626E-18
  0.4469770000000E+14   0.9779955207572E-18
  0.4582010000000E+14   0.9686886088812E-18
  0.4697070000000E+14   0.9605916677573E-18
  0.4815020000000E+14   0.9517514749633E-18
  0.4935940000000E+14   0.9420651405085E-18
  0.5059890000000E+14   0.9332819681435E-18
  0.5186950000000E+14   0.9263386802303E-18
  0.5317200000000E+14   0.9197692743036E-18
  0.5450730000000E+14   0.9160911026151E-18
  0.6258450000000E+14   0.9145936700072E-18
  0.7185870000000E+14   0.9305200893263E-18
  0.8250720000000E+14   0.9389609757523E-18
  0.9473370000000E+14   0.9364220114109E-18
  0.1087720000000E+15   0.9295283897276E-18
  0.1248910000000E+15   0.9263994248487E-18
  0.1433980000000E+15   0.9333855731478E-18
  0.1646470000000E+15   0.9569032033038E-18
  0.1890460000000E+15   0.1003548041903E-17
  0.2170600000000E+15   0.1074453192941E-17
  0.2492250000000E+15   0.1171269275084E-17
  0.2861570000000E+15   0.1293367011484E-17
  0.3285620000000E+15   0.1435424151739E-17
  0.3772500000000E+15   0.1586747210064E-17
  0.4331540000000E+15   0.1729844378140E-17
  0.4973410000000E+15   0.1841083144239E-17
  0.5710410000000E+15   0.1893928084562E-17
  0.6556610000000E+15   0.1864965889173E-17
  0.7528220000000E+15   0.1740727391567E-17
  0.8643800000000E+15   0.1524442249960E-17
  0.9924690000000E+15   0.1238561118019E-17
  0.1139540000000E+16   0.9210896840169E-18
  0.1308400000000E+16   0.6186146818117E-18
  0.1502290000000E+16   0.3689663619600E-18
  0.1724910000000E+16   0.1918581874376E-18
  0.1980520000000E+16   0.8514495441202E-19
  0.2274010000000E+16   0.3151229228745E-19
  0.2610990000000E+16   0.9466094371721E-20
  0.2997900000000E+16   0.2237672303996E-20
