         130
  
  0.2997900000000E+11   0.7065025267333E-23
  0.3951060000000E+11   0.1609567564353E-22
  0.5207280000000E+11   0.3663224261458E-22
  0.6862910000000E+11   0.8324880507411E-22
  0.9044930000000E+11   0.1888006478755E-21
  0.1192070000000E+12   0.4269910791475E-21
  0.1571080000000E+12   0.9620783681797E-21
  0.2070600000000E+12   0.2156861159959E-20
  0.2728930000000E+12   0.4803022156281E-20
  0.3596580000000E+12   0.1155900475929E-19
  0.4740100000000E+12   0.3319260939351E-19
  0.6247180000000E+12   0.9376172254278E-19
  0.8233440000000E+12   0.2585252281369E-18
  0.1085120000000E+13   0.6903643384738E-18
  0.1430130000000E+13   0.1759892289507E-17
  0.1884830000000E+13   0.4205157511989E-17
  0.2484100000000E+13   0.9159400491814E-17
  0.3273910000000E+13   0.1740897777530E-16
  0.4314820000000E+13   0.2738665036014E-16
  0.5686700000000E+13   0.3362632916274E-16
  0.7494750000000E+13   0.3216327004409E-16
  0.7682960000000E+13   0.3174477624610E-16
  0.7875890000000E+13   0.3129124436277E-16
  0.8073670000000E+13   0.3080409237338E-16
  0.8276410000000E+13   0.3028916566308E-16
  0.8484250000000E+13   0.2975561497233E-16
  0.8697300000000E+13   0.2924317921995E-16
  0.8915700000000E+13   0.2871008684534E-16
  0.9139590000000E+13   0.2821501766049E-16
  0.9369100000000E+13   0.2771372529345E-16
  0.9604380000000E+13   0.2722989518260E-16
  0.9845560000000E+13   0.2676335324085E-16
  0.1009280000000E+14   0.2628606705299E-16
  0.1034620000000E+14   0.2581956228089E-16
  0.1060610000000E+14   0.2533720417551E-16
  0.1087240000000E+14   0.2489760218357E-16
  0.1114540000000E+14   0.2445027646150E-16
  0.1142530000000E+14   0.2401940686169E-16
  0.1171220000000E+14   0.2359778766088E-16
  0.1200630000000E+14   0.2316322807673E-16
  0.1230780000000E+14   0.2273306189062E-16
  0.1261690000000E+14   0.2228347038257E-16
  0.1293370000000E+14   0.2188664539971E-16
  0.1325850000000E+14   0.2147569558104E-16
  0.1359150000000E+14   0.2107594592338E-16
  0.1393280000000E+14   0.2067695645762E-16
  0.1428260000000E+14   0.2027826457239E-16
  0.1464130000000E+14   0.1992424143887E-16
  0.1500900000000E+14   0.1954380288244E-16
  0.1538590000000E+14   0.1903856460685E-16
  0.1577220000000E+14   0.1851644983989E-16
  0.1616830000000E+14   0.1766873505347E-16
  0.1657430000000E+14   0.1665897248428E-16
  0.1699050000000E+14   0.1557701088336E-16
  0.1741720000000E+14   0.1425741019267E-16
  0.1785460000000E+14   0.1301829667647E-16
  0.1830290000000E+14   0.1172167612686E-16
  0.1876260000000E+14   0.1050594115908E-16
  0.1923370000000E+14   0.9422164649528E-17
  0.1971670000000E+14   0.8439540586434E-17
  0.2021180000000E+14   0.7585872987770E-17
  0.2071940000000E+14   0.6916017338462E-17
  0.2123970000000E+14   0.6302760958965E-17
  0.2177310000000E+14   0.6223127040994E-17
  0.2231980000000E+14   0.6130668346269E-17
  0.2288030000000E+14   0.6187933325684E-17
  0.2345490000000E+14   0.6278845356296E-17
  0.2404390000000E+14   0.6381075946247E-17
  0.2464770000000E+14   0.6522084131023E-17
  0.2526660000000E+14   0.6623984307839E-17
  0.2590110000000E+14   0.6745208646913E-17
  0.2655150000000E+14   0.6827380998349E-17
  0.2721830000000E+14   0.6979333587506E-17
  0.2790180000000E+14   0.7126038119378E-17
  0.2860240000000E+14   0.7198271338966E-17
  0.2932070000000E+14   0.7191676089049E-17
  0.3005700000000E+14   0.7155201814497E-17
  0.3081180000000E+14   0.6973347095845E-17
  0.3158550000000E+14   0.6797529080326E-17
  0.3237870000000E+14   0.6089641299106E-17
  0.3319170000000E+14   0.5267241143975E-17
  0.3402530000000E+14   0.4510943717119E-17
  0.3487970000000E+14   0.3815283382648E-17
  0.3575560000000E+14   0.3166859451362E-17
  0.3665350000000E+14   0.2585824754838E-17
  0.3757390000000E+14   0.2025895559360E-17
  0.3851740000000E+14   0.1685853346407E-17
  0.3948470000000E+14   0.1409811884017E-17
  0.4047620000000E+14   0.1233387827112E-17
  0.4149260000000E+14   0.1172277936808E-17
  0.4253460000000E+14   0.1120947776820E-17
  0.4360270000000E+14   0.1106794150097E-17
  0.4469770000000E+14   0.1094839390178E-17
  0.4582010000000E+14   0.1085285824757E-17
  0.4697070000000E+14   0.1077542349536E-17
  0.4815020000000E+14   0.1070230006791E-17
  0.4935940000000E+14   0.1063203411611E-17
  0.5059890000000E+14   0.1057471341689E-17
  0.5186950000000E+14   0.1053463736611E-17
  0.5317200000000E+14   0.1050176143199E-17
  0.5450730000000E+14   0.1049001103577E-17
  0.6258450000000E+14   0.1056784279993E-17
  0.7185870000000E+14   0.1073372852589E-17
  0.8250720000000E+14   0.1077738283239E-17
  0.9473370000000E+14   0.1064931700268E-17
  0.1087720000000E+15   0.1040286056726E-17
  0.1248910000000E+15   0.1013775878596E-17
  0.1433980000000E+15   0.9950592258385E-18
  0.1646470000000E+15   0.9940799788855E-18
  0.1890460000000E+15   0.1020498228906E-17
  0.2170600000000E+15   0.1077063562409E-17
  0.2492250000000E+15   0.1165809330005E-17
  0.2861570000000E+15   0.1284854884490E-17
  0.3285620000000E+15   0.1427001871153E-17
  0.3772500000000E+15   0.1579955347267E-17
  0.4331540000000E+15   0.1725011518390E-17
  0.4973410000000E+15   0.1837597092007E-17
  0.5710410000000E+15   0.1890712363558E-17
  0.6556610000000E+15   0.1861012001451E-17
  0.7528220000000E+15   0.1735062450550E-17
  0.8643800000000E+15   0.1517575683139E-17
  0.9924690000000E+15   0.1232263996595E-17
  0.1139540000000E+16   0.9146289963248E-18
  0.1308400000000E+16   0.6145439340055E-18
  0.1502290000000E+16   0.3669588653130E-18
  0.1724910000000E+16   0.1910751579612E-18
  0.1980520000000E+16   0.8477825148846E-19
  0.2274010000000E+16   0.3137970219560E-19
  0.2610990000000E+16   0.9426999044579E-20
  0.2997900000000E+16   0.2228561747480E-20
