         130
  
  0.2997900000000E+11   0.9929837170389E-23
  0.3951060000000E+11   0.2262464219796E-22
  0.5207280000000E+11   0.5149068858673E-22
  0.6862910000000E+11   0.1169993872298E-21
  0.9044930000000E+11   0.2652724625291E-21
  0.1192070000000E+12   0.5996857376336E-21
  0.1571080000000E+12   0.1350360087747E-20
  0.2070600000000E+12   0.3024764044994E-20
  0.2728930000000E+12   0.6727889251347E-20
  0.3596580000000E+12   0.1616451337324E-19
  0.4740100000000E+12   0.4629561745190E-19
  0.6247180000000E+12   0.1302615117826E-18
  0.8233440000000E+12   0.3570322519347E-18
  0.1085120000000E+13   0.9447171409796E-18
  0.1430130000000E+13   0.2374099083992E-17
  0.1884830000000E+13   0.5546577145632E-17
  0.2484100000000E+13   0.1166289054033E-16
  0.3273910000000E+13   0.2101636738478E-16
  0.4314820000000E+13   0.3071694547325E-16
  0.5686700000000E+13   0.3493111716464E-16
  0.7494750000000E+13   0.3235190419648E-16
  0.7682960000000E+13   0.3194289695103E-16
  0.7875890000000E+13   0.3151207851757E-16
  0.8073670000000E+13   0.3105817785599E-16
  0.8276410000000E+13   0.3058451734750E-16
  0.8484250000000E+13   0.3009814444113E-16
  0.8697300000000E+13   0.2963931362839E-16
  0.8915700000000E+13   0.2916107299766E-16
  0.9139590000000E+13   0.2872466727431E-16
  0.9369100000000E+13   0.2828042482522E-16
  0.9604380000000E+13   0.2785229386187E-16
  0.9845560000000E+13   0.2743864035564E-16
  0.1009280000000E+14   0.2700808696608E-16
  0.1034620000000E+14   0.2658312126898E-16
  0.1060610000000E+14   0.2613478405446E-16
  0.1087240000000E+14   0.2572563481464E-16
  0.1114540000000E+14   0.2530168042496E-16
  0.1142530000000E+14   0.2488896345200E-16
  0.1171220000000E+14   0.2448014820579E-16
  0.1200630000000E+14   0.2405232777696E-16
  0.1230780000000E+14   0.2362443433063E-16
  0.1261690000000E+14   0.2317201849064E-16
  0.1293370000000E+14   0.2277135855255E-16
  0.1325850000000E+14   0.2235274842879E-16
  0.1359150000000E+14   0.2194321006355E-16
  0.1393280000000E+14   0.2153225312998E-16
  0.1428260000000E+14   0.2111981540538E-16
  0.1464130000000E+14   0.2075234171126E-16
  0.1500900000000E+14   0.2035607248641E-16
  0.1538590000000E+14   0.1982902200847E-16
  0.1577220000000E+14   0.1928376960609E-16
  0.1616830000000E+14   0.1839977758464E-16
  0.1657430000000E+14   0.1734727195050E-16
  0.1699050000000E+14   0.1621969451867E-16
  0.1741720000000E+14   0.1484516236593E-16
  0.1785460000000E+14   0.1355425279225E-16
  0.1830290000000E+14   0.1220360422319E-16
  0.1876260000000E+14   0.1093711870796E-16
  0.1923370000000E+14   0.9808177401849E-17
  0.1971670000000E+14   0.8784370995308E-17
  0.2021180000000E+14   0.7894729097540E-17
  0.2071940000000E+14   0.7196559392215E-17
  0.2123970000000E+14   0.6557533933354E-17
  0.2177310000000E+14   0.6474149715757E-17
  0.2231980000000E+14   0.6376944699441E-17
  0.2288030000000E+14   0.6434784502962E-17
  0.2345490000000E+14   0.6526771104038E-17
  0.2404390000000E+14   0.6629784004250E-17
  0.2464770000000E+14   0.6772636008437E-17
  0.2526660000000E+14   0.6874996992544E-17
  0.2590110000000E+14   0.6997263181770E-17
  0.2655150000000E+14   0.7079019891517E-17
  0.2721830000000E+14   0.7232999199959E-17
  0.2790180000000E+14   0.7381871881735E-17
  0.2860240000000E+14   0.7453721293685E-17
  0.2932070000000E+14   0.7443890387431E-17
  0.3005700000000E+14   0.7403237297840E-17
  0.3081180000000E+14   0.7212634509283E-17
  0.3158550000000E+14   0.7028357988320E-17
  0.3237870000000E+14   0.6295147614055E-17
  0.3319170000000E+14   0.5443247070812E-17
  0.3402530000000E+14   0.4659602326638E-17
  0.3487970000000E+14   0.3938888528328E-17
  0.3575560000000E+14   0.3267612129034E-17
  0.3665350000000E+14   0.2666205378977E-17
  0.3757390000000E+14   0.2087792023848E-17
  0.3851740000000E+14   0.1736364192059E-17
  0.3948470000000E+14   0.1451250354364E-17
  0.4047620000000E+14   0.1269061990524E-17
  0.4149260000000E+14   0.1205094425061E-17
  0.4253460000000E+14   0.1151422612813E-17
  0.4360270000000E+14   0.1135526974895E-17
  0.4469770000000E+14   0.1121992820283E-17
  0.4582010000000E+14   0.1111022624566E-17
  0.4697070000000E+14   0.1102022298875E-17
  0.4815020000000E+14   0.1093613356702E-17
  0.4935940000000E+14   0.1085654687451E-17
  0.5059890000000E+14   0.1079142964779E-17
  0.5186950000000E+14   0.1074490524181E-17
  0.5317200000000E+14   0.1070692606526E-17
  0.5450730000000E+14   0.1069108330701E-17
  0.6258450000000E+14   0.1076183362409E-17
  0.7185870000000E+14   0.1093572633078E-17
  0.8250720000000E+14   0.1098989004641E-17
  0.9473370000000E+14   0.1086299576827E-17
  0.1087720000000E+15   0.1060044120785E-17
  0.1248910000000E+15   0.1030045007447E-17
  0.1433980000000E+15   0.1006381351560E-17
  0.1646470000000E+15   0.9998947722405E-18
  0.1890460000000E+15   0.1021355811957E-17
  0.2170600000000E+15   0.1074356959638E-17
  0.2492250000000E+15   0.1161257641539E-17
  0.2861570000000E+15   0.1279939130652E-17
  0.3285620000000E+15   0.1422784406605E-17
  0.3772500000000E+15   0.1576994337710E-17
  0.4331540000000E+15   0.1723262999783E-17
  0.4973410000000E+15   0.1836570156032E-17
  0.5710410000000E+15   0.1889861057556E-17
  0.6556610000000E+15   0.1859969845013E-17
  0.7528220000000E+15   0.1733556967756E-17
  0.8643800000000E+15   0.1515747735133E-17
  0.9924690000000E+15   0.1230587721235E-17
  0.1139540000000E+16   0.9129112284232E-18
  0.1308400000000E+16   0.6134613000183E-18
  0.1502290000000E+16   0.3664245740700E-18
  0.1724910000000E+16   0.1908665756707E-18
  0.1980520000000E+16   0.8468058370019E-19
  0.2274010000000E+16   0.3134438587195E-19
  0.2610990000000E+16   0.9416585209394E-20
  0.2997900000000E+16   0.2226134875032E-20
