mstar = 2 Msun, Rstar = 2.5 Rsun, Tstar = 10000, mdisk = 0.0012276 Msun, Rc = 150 AU, Rin = 0.5 AU, Rout = 250 AU, inclination = 45 degree, powerlaw = -1 
         130
  
  0.2997900000000E+11   0.1858009742508E-23
  0.3951060000000E+11   0.4224218039998E-23
  0.5207280000000E+11   0.9601778750680E-23
  0.6862910000000E+11   0.2180853893558E-22
  0.9044930000000E+11   0.4946590427547E-22
  0.1192070000000E+12   0.1119632947906E-21
  0.1571080000000E+12   0.2526697510295E-21
  0.2070600000000E+12   0.5678598997911E-21
  0.2728930000000E+12   0.1269089044174E-20
  0.3596580000000E+12   0.3069783870046E-20
  0.4740100000000E+12   0.8882329247044E-20
  0.6247180000000E+12   0.2537100090083E-19
  0.8233440000000E+12   0.7109984263193E-19
  0.1085120000000E+13   0.1944789808067E-18
  0.1430130000000E+13   0.5139580142125E-18
  0.1884830000000E+13   0.1297473689760E-17
  0.2484100000000E+13   0.3076881384832E-17
  0.3273910000000E+13   0.6669513958953E-17
  0.4314820000000E+13   0.1279899263395E-16
  0.5686700000000E+13   0.2062696596965E-16
  0.7494750000000E+13   0.2615071760407E-16
  0.7682960000000E+13   0.2635429557941E-16
  0.7875890000000E+13   0.2648756136660E-16
  0.8073670000000E+13   0.2654595776829E-16
  0.8276410000000E+13   0.2653185140731E-16
  0.8484250000000E+13   0.2645289501973E-16
  0.8697300000000E+13   0.2635370158705E-16
  0.8915700000000E+13   0.2618111824389E-16
  0.9139590000000E+13   0.2600152194952E-16
  0.9369100000000E+13   0.2576244183233E-16
  0.9604380000000E+13   0.2549035307459E-16
  0.9845560000000E+13   0.2518520902472E-16
  0.1009280000000E+14   0.2482080815459E-16
  0.1034620000000E+14   0.2442253895353E-16
  0.1060610000000E+14   0.2396953801655E-16
  0.1087240000000E+14   0.2352004374540E-16
  0.1114540000000E+14   0.2303243070954E-16
  0.1142530000000E+14   0.2253288547185E-16
  0.1171220000000E+14   0.2201994917703E-16
  0.1200630000000E+14   0.2148090048465E-16
  0.1230780000000E+14   0.2093499561315E-16
  0.1261690000000E+14   0.2036851118131E-16
  0.1293370000000E+14   0.1984095731755E-16
  0.1325850000000E+14   0.1930474663141E-16
  0.1359150000000E+14   0.1878248492379E-16
  0.1393280000000E+14   0.1826933842117E-16
  0.1428260000000E+14   0.1776741143102E-16
  0.1464130000000E+14   0.1731144201502E-16
  0.1500900000000E+14   0.1685007633523E-16
  0.1538590000000E+14   0.1630986137833E-16
  0.1577220000000E+14   0.1577104660015E-16
  0.1616830000000E+14   0.1499818129532E-16
  0.1657430000000E+14   0.1411230752721E-16
  0.1699050000000E+14   0.1318034860140E-16
  0.1741720000000E+14   0.1207546183053E-16
  0.1785460000000E+14   0.1103976840184E-16
  0.1830290000000E+14   0.9968255998734E-17
  0.1876260000000E+14   0.8965750354323E-17
  0.1923370000000E+14   0.8070143629176E-17
  0.1971670000000E+14   0.7257179875213E-17
  0.2021180000000E+14   0.6547083104853E-17
  0.2071940000000E+14   0.5980449936254E-17
  0.2123970000000E+14   0.5461525393740E-17
  0.2177310000000E+14   0.5349658476644E-17
  0.2231980000000E+14   0.5235513406130E-17
  0.2288030000000E+14   0.5244017789220E-17
  0.2345490000000E+14   0.5288404830707E-17
  0.2404390000000E+14   0.5351449922544E-17
  0.2464770000000E+14   0.5454795395147E-17
  0.2526660000000E+14   0.5535068875444E-17
  0.2590110000000E+14   0.5637930176468E-17
  0.2655150000000E+14   0.5714095051823E-17
  0.2721830000000E+14   0.5852544041108E-17
  0.2790180000000E+14   0.5990519082687E-17
  0.2860240000000E+14   0.6068874742781E-17
  0.2932070000000E+14   0.6082627724492E-17
  0.3005700000000E+14   0.6072227991697E-17
  0.3081180000000E+14   0.5938834697445E-17
  0.3158550000000E+14   0.5810543310316E-17
  0.3237870000000E+14   0.5226885745973E-17
  0.3319170000000E+14   0.4543490102365E-17
  0.3402530000000E+14   0.3914283863306E-17
  0.3487970000000E+14   0.3334564103164E-17
  0.3575560000000E+14   0.2793278905074E-17
  0.3665350000000E+14   0.2307084359941E-17
  0.3757390000000E+14   0.1836259770879E-17
  0.3851740000000E+14   0.1550402433644E-17
  0.3948470000000E+14   0.1315164513017E-17
  0.4047620000000E+14   0.1161279486379E-17
  0.4149260000000E+14   0.1107597111151E-17
  0.4253460000000E+14   0.1061229812498E-17
  0.4360270000000E+14   0.1049426358650E-17
  0.4469770000000E+14   0.1039343159065E-17
  0.4582010000000E+14   0.1031203620273E-17
  0.4697070000000E+14   0.1024450896624E-17
  0.4815020000000E+14   0.1017705096671E-17
  0.4935940000000E+14   0.1010810140011E-17
  0.5059890000000E+14   0.1004829339339E-17
  0.5186950000000E+14   0.1000278390083E-17
  0.5317200000000E+14   0.9961475683684E-18
  0.5450730000000E+14   0.9940024871914E-18
  0.6258450000000E+14   0.9947724118265E-18
  0.7185870000000E+14   0.1005057103498E-17
  0.8250720000000E+14   0.1005959299840E-17
  0.9473370000000E+14   0.9943402580535E-18
  0.1087720000000E+15   0.9765144763139E-18
  0.1248910000000E+15   0.9616312086498E-18
  0.1433980000000E+15   0.9572784650841E-18
  0.1646470000000E+15   0.9708923442202E-18
  0.1890460000000E+15   0.1009935239955E-17
  0.2170600000000E+15   0.1076000772984E-17
  0.2492250000000E+15   0.1170581583793E-17
  0.2861570000000E+15   0.1292017885198E-17
  0.3285620000000E+15   0.1433958410304E-17
  0.3772500000000E+15   0.1585389993862E-17
  0.4331540000000E+15   0.1728762793466E-17
  0.4973410000000E+15   0.1840201117061E-17
  0.5710410000000E+15   0.1893010108340E-17
  0.6556610000000E+15   0.1863778771261E-17
  0.7528220000000E+15   0.1739010036083E-17
  0.8643800000000E+15   0.1522358415151E-17
  0.9924690000000E+15   0.1236649717991E-17
  0.1139540000000E+16   0.9191273257015E-18
  0.1308400000000E+16   0.6173784293785E-18
  0.1502290000000E+16   0.3683569451398E-18
  0.1724910000000E+16   0.1916205957929E-18
  0.1980520000000E+16   0.8503367837022E-19
  0.2274010000000E+16   0.3147205920589E-19
  0.2610990000000E+16   0.9454231623716E-20
  0.2997900000000E+16   0.2234907932139E-20
