mstar = 2 Msun, Rstar = 2.5 Rsun, Tstar = 10000, mdisk = 0.0053802 Msun, Rc = 150 AU, Rin = 0.5 AU, Rout = 250 AU, inclination = 45 degree, powerlaw = -1 
         130
  
  0.2997900000000E+11   0.6996410024391E-23
  0.3951060000000E+11   0.1593933063481E-22
  0.5207280000000E+11   0.3627652935387E-22
  0.6862910000000E+11   0.8244109114923E-22
  0.9044930000000E+11   0.1869713812466E-21
  0.1192070000000E+12   0.4228626327629E-21
  0.1571080000000E+12   0.9528038419853E-21
  0.2070600000000E+12   0.2136154097323E-20
  0.2728930000000E+12   0.4757169091154E-20
  0.3596580000000E+12   0.1144952169811E-19
  0.4740100000000E+12   0.3288189534739E-19
  0.6247180000000E+12   0.9289895252618E-19
  0.8233440000000E+12   0.2562067376097E-18
  0.1085120000000E+13   0.6844158844550E-18
  0.1430130000000E+13   0.1745672980284E-17
  0.1884830000000E+13   0.4174654068591E-17
  0.2484100000000E+13   0.9104675495765E-17
  0.3273910000000E+13   0.1733867288495E-16
  0.4314820000000E+13   0.2735027286113E-16
  0.5686700000000E+13   0.3368082246097E-16
  0.7494750000000E+13   0.3225444899860E-16
  0.7682960000000E+13   0.3183311174789E-16
  0.7875890000000E+13   0.3137587698671E-16
  0.8073670000000E+13   0.3088427898194E-16
  0.8276410000000E+13   0.3036429340578E-16
  0.8484250000000E+13   0.2982517535980E-16
  0.8697300000000E+13   0.2930660613760E-16
  0.8915700000000E+13   0.2876714854397E-16
  0.9139590000000E+13   0.2826531592482E-16
  0.9369100000000E+13   0.2775723035969E-16
  0.9604380000000E+13   0.2726658914411E-16
  0.9845560000000E+13   0.2679333766870E-16
  0.1009280000000E+14   0.2630968466824E-16
  0.1034620000000E+14   0.2583714022065E-16
  0.1060610000000E+14   0.2534923666036E-16
  0.1087240000000E+14   0.2490441473289E-16
  0.1114540000000E+14   0.2445244745094E-16
  0.1142530000000E+14   0.2401743229552E-16
  0.1171220000000E+14   0.2359219999748E-16
  0.1200630000000E+14   0.2315458234777E-16
  0.1230780000000E+14   0.2272186138622E-16
  0.1261690000000E+14   0.2227021572489E-16
  0.1293370000000E+14   0.2187170516359E-16
  0.1325850000000E+14   0.2145951030194E-16
  0.1359150000000E+14   0.2105888681035E-16
  0.1393280000000E+14   0.2065934875003E-16
  0.1428260000000E+14   0.2026042601043E-16
  0.1464130000000E+14   0.1990641538482E-16
  0.1500900000000E+14   0.1952616261484E-16
  0.1538590000000E+14   0.1902122605381E-16
  0.1577220000000E+14   0.1849953201145E-16
  0.1616830000000E+14   0.1765223440788E-16
  0.1657430000000E+14   0.1664294813676E-16
  0.1699050000000E+14   0.1556156289057E-16
  0.1741720000000E+14   0.1424259671857E-16
  0.1785460000000E+14   0.1300434501849E-16
  0.1830290000000E+14   0.1170883504301E-16
  0.1876260000000E+14   0.1049444202900E-16
  0.1923370000000E+14   0.9412186212025E-17
  0.1971670000000E+14   0.8431257693243E-17
  0.2021180000000E+14   0.7579306857882E-17
  0.2071940000000E+14   0.6911056182346E-17
  0.2123970000000E+14   0.6299413089331E-17
  0.2177310000000E+14   0.6220687672437E-17
  0.2231980000000E+14   0.6129259581407E-17
  0.2288030000000E+14   0.6187529078918E-17
  0.2345490000000E+14   0.6279531441538E-17
  0.2404390000000E+14   0.6382913684541E-17
  0.2464770000000E+14   0.6525304928445E-17
  0.2526660000000E+14   0.6628676419969E-17
  0.2590110000000E+14   0.6751664692019E-17
  0.2655150000000E+14   0.6835702498106E-17
  0.2721830000000E+14   0.6989724419735E-17
  0.2790180000000E+14   0.7138585685961E-17
  0.2860240000000E+14   0.7213048403981E-17
  0.2932070000000E+14   0.7208602445949E-17
  0.3005700000000E+14   0.7174443145041E-17
  0.3081180000000E+14   0.6994715251622E-17
  0.3158550000000E+14   0.6821025961176E-17
  0.3237870000000E+14   0.6113566691546E-17
  0.3319170000000E+14   0.5290463836119E-17
  0.3402530000000E+14   0.4532546402624E-17
  0.3487970000000E+14   0.3834812863000E-17
  0.3575560000000E+14   0.3184201379981E-17
  0.3665350000000E+14   0.2600630396524E-17
  0.3757390000000E+14   0.2037994256757E-17
  0.3851740000000E+14   0.1695433900219E-17
  0.3948470000000E+14   0.1417053721845E-17
  0.4047620000000E+14   0.1239384022001E-17
  0.4149260000000E+14   0.1177615605739E-17
  0.4253460000000E+14   0.1125649740178E-17
  0.4360270000000E+14   0.1110970564760E-17
  0.4469770000000E+14   0.1098497982568E-17
  0.4582010000000E+14   0.1088438789468E-17
  0.4697070000000E+14   0.1080204212782E-17
  0.4815020000000E+14   0.1072412909385E-17
  0.4935940000000E+14   0.1064920108633E-17
  0.5059890000000E+14   0.1058738218706E-17
  0.5186950000000E+14   0.1054301751822E-17
  0.5317200000000E+14   0.1050605592821E-17
  0.5450730000000E+14   0.1049045754945E-17
  0.6258450000000E+14   0.1055041977101E-17
  0.7185870000000E+14   0.1070340072012E-17
  0.8250720000000E+14   0.1073775703187E-17
  0.9473370000000E+14   0.1060336428330E-17
  0.1087720000000E+15   0.1035344353877E-17
  0.1248910000000E+15   0.1008795267902E-17
  0.1433980000000E+15   0.9903827394124E-18
  0.1646470000000E+15   0.9900348694363E-18
  0.1890460000000E+15   0.1017295247806E-17
  0.2170600000000E+15   0.1074771200333E-17
  0.2492250000000E+15   0.1164331784994E-17
  0.2861570000000E+15   0.1284005270392E-17
  0.3285620000000E+15   0.1426578150453E-17
  0.3772500000000E+15   0.1579779941778E-17
  0.4331540000000E+15   0.1724956090214E-17
  0.4973410000000E+15   0.1837589364849E-17
  0.5710410000000E+15   0.1890724429712E-17
  0.6556610000000E+15   0.1861036796270E-17
  0.7528220000000E+15   0.1735101558006E-17
  0.8643800000000E+15   0.1517623690918E-17
  0.9924690000000E+15   0.1232308065302E-17
  0.1139540000000E+16   0.9146741723666E-18
  0.1308400000000E+16   0.6145724049524E-18
  0.1502290000000E+16   0.3669729138236E-18
  0.1724910000000E+16   0.1910806413419E-18
  0.1980520000000E+16   0.8478081913831E-19
  0.2274010000000E+16   0.3138063063594E-19
  0.2610990000000E+16   0.9427272813777E-20
  0.2997900000000E+16   0.2228625546989E-20
