         130
  
  0.2997900000000E+11   0.6681921419003E-24
  0.3951060000000E+11   0.1510100755234E-23
  0.5207280000000E+11   0.3417544668438E-23
  0.6862910000000E+11   0.7738592066959E-23
  0.9044930000000E+11   0.1751837920794E-22
  0.1192070000000E+12   0.3961307455202E-22
  0.1571080000000E+12   0.8938952650512E-22
  0.2070600000000E+12   0.2010686682375E-21
  0.2728930000000E+12   0.4501938224427E-21
  0.3596580000000E+12   0.1092070402520E-20
  0.4740100000000E+12   0.3173311690379E-20
  0.6247180000000E+12   0.9123532334969E-20
  0.8233440000000E+12   0.2581068122458E-19
  0.1085120000000E+13   0.7155414896989E-19
  0.1430130000000E+13   0.1927385926700E-18
  0.1884830000000E+13   0.5000037423023E-18
  0.2484100000000E+13   0.1233287288973E-17
  0.3273910000000E+13   0.2830717063298E-17
  0.4314820000000E+13   0.5908597701150E-17
  0.5686700000000E+13   0.1077000428650E-16
  0.7494750000000E+13   0.1622119621405E-16
  0.7682960000000E+13   0.1664143297313E-16
  0.7875890000000E+13   0.1702980489776E-16
  0.8073670000000E+13   0.1737987853480E-16
  0.8276410000000E+13   0.1769049750132E-16
  0.8484250000000E+13   0.1796518488969E-16
  0.8697300000000E+13   0.1824232846904E-16
  0.8915700000000E+13   0.1847058853617E-16
  0.9139590000000E+13   0.1871076802540E-16
  0.9369100000000E+13   0.1890948675271E-16
  0.9604380000000E+13   0.1908959297161E-16
  0.9845560000000E+13   0.1924775444516E-16
  0.1009280000000E+14   0.1935128957185E-16
  0.1034620000000E+14   0.1942214308360E-16
  0.1060610000000E+14   0.1943176500880E-16
  0.1087240000000E+14   0.1944075851014E-16
  0.1114540000000E+14   0.1939661530110E-16
  0.1142530000000E+14   0.1932463300136E-16
  0.1171220000000E+14   0.1921799272584E-16
  0.1200630000000E+14   0.1905666793118E-16
  0.1230780000000E+14   0.1885945758855E-16
  0.1261690000000E+14   0.1860658814501E-16
  0.1293370000000E+14   0.1836544591913E-16
  0.1325850000000E+14   0.1807746881770E-16
  0.1359150000000E+14   0.1776755688958E-16
  0.1393280000000E+14   0.1742935484864E-16
  0.1428260000000E+14   0.1706561043508E-16
  0.1464130000000E+14   0.1671366409135E-16
  0.1500900000000E+14   0.1632083189966E-16
  0.1538590000000E+14   0.1582050766322E-16
  0.1577220000000E+14   0.1529972103226E-16
  0.1616830000000E+14   0.1454543067511E-16
  0.1657430000000E+14   0.1368346159845E-16
  0.1699050000000E+14   0.1278017544049E-16
  0.1741720000000E+14   0.1172149050934E-16
  0.1785460000000E+14   0.1072822865658E-16
  0.1830290000000E+14   0.9702085941141E-17
  0.1876260000000E+14   0.8738314752790E-17
  0.1923370000000E+14   0.7873115956271E-17
  0.1971670000000E+14   0.7084239237467E-17
  0.2021180000000E+14   0.6392795488784E-17
  0.2071940000000E+14   0.5842044837296E-17
  0.2123970000000E+14   0.5337093154216E-17
  0.2177310000000E+14   0.5239093317034E-17
  0.2231980000000E+14   0.5126199988465E-17
  0.2288030000000E+14   0.5114278653107E-17
  0.2345490000000E+14   0.5118173402568E-17
  0.2404390000000E+14   0.5125588282426E-17
  0.2464770000000E+14   0.5158174466498E-17
  0.2526660000000E+14   0.5169415115808E-17
  0.2590110000000E+14   0.5200321641064E-17
  0.2655150000000E+14   0.5215413177788E-17
  0.2721830000000E+14   0.5287159174351E-17
  0.2790180000000E+14   0.5367896703264E-17
  0.2860240000000E+14   0.5410199847709E-17
  0.2932070000000E+14   0.5408044423040E-17
  0.3005700000000E+14   0.5392638081924E-17
  0.3081180000000E+14   0.5280440395049E-17
  0.3158550000000E+14   0.5175615903272E-17
  0.3237870000000E+14   0.4690418238142E-17
  0.3319170000000E+14   0.4119929637350E-17
  0.3402530000000E+14   0.3593538016665E-17
  0.3487970000000E+14   0.3107297912347E-17
  0.3575560000000E+14   0.2650946286365E-17
  0.3665350000000E+14   0.2237249481442E-17
  0.3757390000000E+14   0.1827682157942E-17
  0.3851740000000E+14   0.1564333885461E-17
  0.3948470000000E+14   0.1323277971544E-17
  0.4047620000000E+14   0.1139339670923E-17
  0.4149260000000E+14   0.1071468715792E-17
  0.4253460000000E+14   0.1009858412266E-17
  0.4360270000000E+14   0.9972422887934E-18
  0.4469770000000E+14   0.9860397775917E-18
  0.4582010000000E+14   0.9767544597682E-18
  0.4697070000000E+14   0.9686857559592E-18
  0.4815020000000E+14   0.9599096241356E-18
  0.4935940000000E+14   0.9503192962604E-18
  0.5059890000000E+14   0.9416294751899E-18
  0.5186950000000E+14   0.9347571952519E-18
  0.5317200000000E+14   0.9282587613208E-18
  0.5450730000000E+14   0.9246074450923E-18
  0.6258450000000E+14   0.9229329059428E-18
  0.7185870000000E+14   0.9381675745886E-18
  0.8250720000000E+14   0.9456264239434E-18
  0.9473370000000E+14   0.9418722574345E-18
  0.1087720000000E+15   0.9336150508418E-18
  0.1248910000000E+15   0.9291790344248E-18
  0.1433980000000E+15   0.9351105982098E-18
  0.1646470000000E+15   0.9579124500802E-18
  0.1890460000000E+15   0.1004136785288E-17
  0.2170600000000E+15   0.1074805535745E-17
  0.2492250000000E+15   0.1171499334389E-17
  0.2861570000000E+15   0.1293540390914E-17
  0.3285620000000E+15   0.1435552534381E-17
  0.3772500000000E+15   0.1586815099200E-17
  0.4331540000000E+15   0.1729859071397E-17
  0.4973410000000E+15   0.1841071816309E-17
  0.5710410000000E+15   0.1893905460967E-17
  0.6556610000000E+15   0.1864933052234E-17
  0.7528220000000E+15   0.1740679030889E-17
  0.8643800000000E+15   0.1524383439734E-17
  0.9924690000000E+15   0.1238507158317E-17
  0.1139540000000E+16   0.9210342688309E-18
  0.1308400000000E+16   0.6185797733136E-18
  0.1502290000000E+16   0.3689491565415E-18
  0.1724910000000E+16   0.1918514809574E-18
  0.1980520000000E+16   0.8514181332747E-19
  0.2274010000000E+16   0.3151115661031E-19
  0.2610990000000E+16   0.9465759520479E-20
  0.2997900000000E+16   0.2237594274408E-20
