         130
  
  0.2997900000000E+11   0.2885815465099E-24
  0.3951060000000E+11   0.6438309086567E-24
  0.5207280000000E+11   0.1442710484567E-23
  0.6862910000000E+11   0.3242573893706E-23
  0.9044930000000E+11   0.7300573027998E-23
  0.1192070000000E+12   0.1644606845642E-22
  0.1571080000000E+12   0.3702472594591E-22
  0.2070600000000E+12   0.8319341064685E-22
  0.2728930000000E+12   0.1863009724407E-21
  0.3596580000000E+12   0.4523684336570E-21
  0.4740100000000E+12   0.1317151926426E-20
  0.6247180000000E+12   0.3803375617722E-20
  0.8233440000000E+12   0.1083357401491E-19
  0.1085120000000E+13   0.3033187518995E-19
  0.1430130000000E+13   0.8284636810961E-19
  0.1884830000000E+13   0.2191318475668E-18
  0.2484100000000E+13   0.5552926054524E-18
  0.3273910000000E+13   0.1323120215628E-17
  0.4314820000000E+13   0.2907621888061E-17
  0.5686700000000E+13   0.5684187508846E-17
  0.7494750000000E+13   0.9401138545344E-17
  0.7682960000000E+13   0.9739117829284E-17
  0.7875890000000E+13   0.1006588452731E-16
  0.8073670000000E+13   0.1037706532140E-16
  0.8276410000000E+13   0.1067152497258E-16
  0.8484250000000E+13   0.1095123493029E-16
  0.8697300000000E+13   0.1124224387503E-16
  0.8915700000000E+13   0.1150966322467E-16
  0.9139590000000E+13   0.1179597287001E-16
  0.9369100000000E+13   0.1206398963421E-16
  0.9604380000000E+13   0.1233006385004E-16
  0.9845560000000E+13   0.1259207939132E-16
  0.1009280000000E+14   0.1282515454033E-16
  0.1034620000000E+14   0.1304517920936E-16
  0.1060610000000E+14   0.1322896849255E-16
  0.1087240000000E+14   0.1342412067084E-16
  0.1114540000000E+14   0.1358778460996E-16
  0.1142530000000E+14   0.1373983155603E-16
  0.1171220000000E+14   0.1387358094363E-16
  0.1200630000000E+14   0.1396975581474E-16
  0.1230780000000E+14   0.1404292903695E-16
  0.1261690000000E+14   0.1407254745921E-16
  0.1293370000000E+14   0.1412013654007E-16
  0.1325850000000E+14   0.1412854147615E-16
  0.1359150000000E+14   0.1411933013180E-16
  0.1393280000000E+14   0.1408353455680E-16
  0.1428260000000E+14   0.1402098368957E-16
  0.1464130000000E+14   0.1396871683555E-16
  0.1500900000000E+14   0.1386771417906E-16
  0.1538590000000E+14   0.1363992588595E-16
  0.1577220000000E+14   0.1337609797887E-16
  0.1616830000000E+14   0.1283497969759E-16
  0.1657430000000E+14   0.1215332572017E-16
  0.1699050000000E+14   0.1140509829599E-16
  0.1741720000000E+14   0.1046186799468E-16
  0.1785460000000E+14   0.9573144481422E-17
  0.1830290000000E+14   0.8628933930126E-17
  0.1876260000000E+14   0.7737908762077E-17
  0.1923370000000E+14   0.6941842757414E-17
  0.1971670000000E+14   0.6216677017639E-17
  0.2021180000000E+14   0.5587151119165E-17
  0.2071940000000E+14   0.5103090900669E-17
  0.2123970000000E+14   0.4658471692005E-17
  0.2177310000000E+14   0.4667226885103E-17
  0.2231980000000E+14   0.4654126125874E-17
  0.2288030000000E+14   0.4752012393573E-17
  0.2345490000000E+14   0.4858532857485E-17
  0.2404390000000E+14   0.4954209982592E-17
  0.2464770000000E+14   0.5058369967013E-17
  0.2526660000000E+14   0.5116952122117E-17
  0.2590110000000E+14   0.5173673880923E-17
  0.2655150000000E+14   0.5193944940626E-17
  0.2721830000000E+14   0.5249219115659E-17
  0.2790180000000E+14   0.5295789800138E-17
  0.2860240000000E+14   0.5298188184939E-17
  0.2932070000000E+14   0.5258735425701E-17
  0.3005700000000E+14   0.5207999209889E-17
  0.3081180000000E+14   0.5080220372056E-17
  0.3158550000000E+14   0.4962142052288E-17
  0.3237870000000E+14   0.4536804726940E-17
  0.3319170000000E+14   0.4041345493363E-17
  0.3402530000000E+14   0.3578897688383E-17
  0.3487970000000E+14   0.3143355349050E-17
  0.3575560000000E+14   0.2720398048941E-17
  0.3665350000000E+14   0.2311453612486E-17
  0.3757390000000E+14   0.1855583885192E-17
  0.3851740000000E+14   0.1526345588376E-17
  0.3948470000000E+14   0.1205333035965E-17
  0.4047620000000E+14   0.9690918869178E-18
  0.4149260000000E+14   0.8910364382078E-18
  0.4253460000000E+14   0.8218817052271E-18
  0.4360270000000E+14   0.8115353743013E-18
  0.4469770000000E+14   0.8022588686726E-18
  0.4582010000000E+14   0.7947581712949E-18
  0.4697070000000E+14   0.7882775300725E-18
  0.4815020000000E+14   0.7806117836688E-18
  0.4935940000000E+14   0.7717263804396E-18
  0.5059890000000E+14   0.7637366973536E-18
  0.5186950000000E+14   0.7577959346721E-18
  0.5317200000000E+14   0.7522339861498E-18
  0.5450730000000E+14   0.7500117306516E-18
  0.6258450000000E+14   0.7608252385646E-18
  0.7185870000000E+14   0.7968658628679E-18
  0.8250720000000E+14   0.8304223460163E-18
  0.9473370000000E+14   0.8554241100750E-18
  0.1087720000000E+15   0.8760512699692E-18
  0.1248910000000E+15   0.8969760108998E-18
  0.1433980000000E+15   0.9213822388235E-18
  0.1646470000000E+15   0.9542670570988E-18
  0.1890460000000E+15   0.1003256045268E-17
  0.2170600000000E+15   0.1072708165868E-17
  0.2492250000000E+15   0.1167841222013E-17
  0.2861570000000E+15   0.1289548365100E-17
  0.3285620000000E+15   0.1432179468154E-17
  0.3772500000000E+15   0.1584486711719E-17
  0.4331540000000E+15   0.1728655172179E-17
  0.4973410000000E+15   0.1840728095331E-17
  0.5710410000000E+15   0.1894066328049E-17
  0.6556610000000E+15   0.1865407306728E-17
  0.7528220000000E+15   0.1741460936517E-17
  0.8643800000000E+15   0.1525351052434E-17
  0.9924690000000E+15   0.1239396638418E-17
  0.1139540000000E+16   0.9219480594293E-18
  0.1308400000000E+16   0.6191554035240E-18
  0.1502290000000E+16   0.3692328473323E-18
  0.1724910000000E+16   0.1919620504853E-18
  0.1980520000000E+16   0.8519360106655E-19
  0.2274010000000E+16   0.3152988064101E-19
  0.2610990000000E+16   0.9471280220350E-20
  0.2997900000000E+16   0.2238880744943E-20
