mstar = 2 Msun, Rstar = 2.5 Rsun, Tstar = 10000, mdisk = 0.0046934 Msun, Rc = 150 AU, Rin = 0.5 AU, Rout = 250 AU, inclination = 45 degree, powerlaw = -1 
         130
  
  0.2997900000000E+11   0.6189125373593E-23
  0.3951060000000E+11   0.1409925365854E-22
  0.5207280000000E+11   0.3208815427402E-22
  0.6862910000000E+11   0.7292496481974E-22
  0.9044930000000E+11   0.1654027958293E-21
  0.1192070000000E+12   0.3741337421207E-21
  0.1571080000000E+12   0.8431803630433E-21
  0.2070600000000E+12   0.1890932311333E-20
  0.2728930000000E+12   0.4212753735330E-20
  0.3596580000000E+12   0.1014498506054E-19
  0.4740100000000E+12   0.2916090195607E-19
  0.6247180000000E+12   0.8249268521562E-19
  0.8233440000000E+12   0.2279451486728E-18
  0.1085120000000E+13   0.6106979319554E-18
  0.1430130000000E+13   0.1564651791790E-17
  0.1884830000000E+13   0.3768045336843E-17
  0.2484100000000E+13   0.8308683776738E-17
  0.3273910000000E+13   0.1609237382717E-16
  0.4314820000000E+13   0.2601188223012E-16
  0.5686700000000E+13   0.3297180636761E-16
  0.7494750000000E+13   0.3216333740660E-16
  0.7682960000000E+13   0.3175833957715E-16
  0.7875890000000E+13   0.3131024278137E-16
  0.8073670000000E+13   0.3082119212260E-16
  0.8276410000000E+13   0.3029792456960E-16
  0.8484250000000E+13   0.2975047415167E-16
  0.8697300000000E+13   0.2921871649311E-16
  0.8915700000000E+13   0.2866256876949E-16
  0.9139590000000E+13   0.2814019081381E-16
  0.9369100000000E+13   0.2760944425456E-16
  0.9604380000000E+13   0.2709430351163E-16
  0.9845560000000E+13   0.2659550359645E-16
  0.1009280000000E+14   0.2608688231688E-16
  0.1034620000000E+14   0.2558998915840E-16
  0.1060610000000E+14   0.2507967910609E-16
  0.1087240000000E+14   0.2461309047727E-16
  0.1114540000000E+14   0.2414182803559E-16
  0.1142530000000E+14   0.2368947873572E-16
  0.1171220000000E+14   0.2324921878703E-16
  0.1200630000000E+14   0.2279946757330E-16
  0.1230780000000E+14   0.2235695058002E-16
  0.1261690000000E+14   0.2189825258613E-16
  0.1293370000000E+14   0.2149361840199E-16
  0.1325850000000E+14   0.2107757361562E-16
  0.1359150000000E+14   0.2067459722704E-16
  0.1393280000000E+14   0.2027420105881E-16
  0.1428260000000E+14   0.1987574252902E-16
  0.1464130000000E+14   0.1952243577456E-16
  0.1500900000000E+14   0.1914435520369E-16
  0.1538590000000E+14   0.1864464799723E-16
  0.1577220000000E+14   0.1812913026243E-16
  0.1616830000000E+14   0.1729427423122E-16
  0.1657430000000E+14   0.1630073446247E-16
  0.1699050000000E+14   0.1523685204487E-16
  0.1741720000000E+14   0.1394014075219E-16
  0.1785460000000E+14   0.1272314517785E-16
  0.1830290000000E+14   0.1145053904302E-16
  0.1876260000000E+14   0.1025821825382E-16
  0.1923370000000E+14   0.9195986418346E-17
  0.1971670000000E+14   0.8233366744796E-17
  0.2021180000000E+14   0.7397618838386E-17
  0.2071940000000E+14   0.6742268335120E-17
  0.2123970000000E+14   0.6142632856141E-17
  0.2177310000000E+14   0.6065350895767E-17
  0.2231980000000E+14   0.5975937872094E-17
  0.2288030000000E+14   0.6033518887100E-17
  0.2345490000000E+14   0.6124459627613E-17
  0.2404390000000E+14   0.6226646995275E-17
  0.2464770000000E+14   0.6366982675862E-17
  0.2526660000000E+14   0.6469233129605E-17
  0.2590110000000E+14   0.6590838278892E-17
  0.2655150000000E+14   0.6674314058353E-17
  0.2721830000000E+14   0.6826689169001E-17
  0.2790180000000E+14   0.6974116661567E-17
  0.2860240000000E+14   0.7048632581990E-17
  0.2932070000000E+14   0.7045850623836E-17
  0.3005700000000E+14   0.7013829071105E-17
  0.3081180000000E+14   0.6838637587812E-17
  0.3158550000000E+14   0.6669357074957E-17
  0.3237870000000E+14   0.5975321679657E-17
  0.3319170000000E+14   0.5168316043163E-17
  0.3402530000000E+14   0.4426291803112E-17
  0.3487970000000E+14   0.3744048847343E-17
  0.3575560000000E+14   0.3108321654985E-17
  0.3665350000000E+14   0.2538279038575E-17
  0.3757390000000E+14   0.1989234127410E-17
  0.3851740000000E+14   0.1656284112085E-17
  0.3948470000000E+14   0.1386181561923E-17
  0.4047620000000E+14   0.1213594975757E-17
  0.4149260000000E+14   0.1154091428845E-17
  0.4253460000000E+14   0.1104048061834E-17
  0.4360270000000E+14   0.1090552248595E-17
  0.4469770000000E+14   0.1079153976418E-17
  0.4582010000000E+14   0.1070058526421E-17
  0.4697070000000E+14   0.1062684933470E-17
  0.4815020000000E+14   0.1055672399685E-17
  0.4935940000000E+14   0.1048879061372E-17
  0.5059890000000E+14   0.1043310763654E-17
  0.5186950000000E+14   0.1039401538670E-17
  0.5317200000000E+14   0.1036160881893E-17
  0.5450730000000E+14   0.1034981170972E-17
  0.6258450000000E+14   0.1042249560740E-17
  0.7185870000000E+14   0.1058210782607E-17
  0.8250720000000E+14   0.1062456142448E-17
  0.9473370000000E+14   0.1050302266653E-17
  0.1087720000000E+15   0.1027122004846E-17
  0.1248910000000E+15   0.1002738593208E-17
  0.1433980000000E+15   0.9865779526469E-18
  0.1646470000000E+15   0.9882778871350E-18
  0.1890460000000E+15   0.1017117406261E-17
  0.2170600000000E+15   0.1075550966204E-17
  0.2492250000000E+15   0.1165464503774E-17
  0.2861570000000E+15   0.1285095497590E-17
  0.3285620000000E+15   0.1427443796767E-17
  0.3772500000000E+15   0.1580371830892E-17
  0.4331540000000E+15   0.1725314701447E-17
  0.4973410000000E+15   0.1837820910236E-17
  0.5710410000000E+15   0.1890947838971E-17
  0.6556610000000E+15   0.1861335975870E-17
  0.7528220000000E+15   0.1735546105834E-17
  0.8643800000000E+15   0.1518166629725E-17
  0.9924690000000E+15   0.1232806365622E-17
  0.1139540000000E+16   0.9151850344528E-18
  0.1308400000000E+16   0.6148943564191E-18
  0.1502290000000E+16   0.3671317675412E-18
  0.1724910000000E+16   0.1911426410857E-18
  0.1980520000000E+16   0.8480985144485E-19
  0.2274010000000E+16   0.3139112842583E-19
  0.2610990000000E+16   0.9430368286602E-20
  0.2997900000000E+16   0.2229346917928E-20
