         130
  
  0.2997900000000E+11   0.2818522245641E-23
  0.3951060000000E+11   0.6414755315423E-23
  0.5207280000000E+11   0.1459148561270E-22
  0.6862910000000E+11   0.3315618822855E-22
  0.9044930000000E+11   0.7521833286385E-22
  0.1192070000000E+12   0.1702423942578E-21
  0.1571080000000E+12   0.3840705133760E-21
  0.2070600000000E+12   0.8626682916839E-21
  0.2728930000000E+12   0.1926179239958E-20
  0.3596580000000E+12   0.4653088286052E-20
  0.4740100000000E+12   0.1343760230178E-19
  0.6247180000000E+12   0.3827373167729E-19
  0.8233440000000E+12   0.1068203314178E-18
  0.1085120000000E+13   0.2904567497840E-18
  0.1430130000000E+13   0.7609588857969E-18
  0.1884830000000E+13   0.1896291335575E-17
  0.2484100000000E+13   0.4409357416427E-17
  0.3273910000000E+13   0.9272935460064E-17
  0.4314820000000E+13   0.1697877435881E-16
  0.5686700000000E+13   0.2549973953564E-16
  0.7494750000000E+13   0.2945881391160E-16
  0.7682960000000E+13   0.2942871989671E-16
  0.7875890000000E+13   0.2932263970577E-16
  0.8073670000000E+13   0.2913937103230E-16
  0.8276410000000E+13   0.2888428845428E-16
  0.8484250000000E+13   0.2856745688222E-16
  0.8697300000000E+13   0.2823237605261E-16
  0.8915700000000E+13   0.2783309674872E-16
  0.9139590000000E+13   0.2743251223180E-16
  0.9369100000000E+13   0.2698564698556E-16
  0.9604380000000E+13   0.2651899474264E-16
  0.9845560000000E+13   0.2603496569520E-16
  0.1009280000000E+14   0.2551179203051E-16
  0.1034620000000E+14   0.2497427369909E-16
  0.1060610000000E+14   0.2440408387222E-16
  0.1087240000000E+14   0.2385651173536E-16
  0.1114540000000E+14   0.2329291812967E-16
  0.1142530000000E+14   0.2273801640951E-16
  0.1171220000000E+14   0.2218995144427E-16
  0.1200630000000E+14   0.2163461571764E-16
  0.1230780000000E+14   0.2108930961281E-16
  0.1261690000000E+14   0.2053750183790E-16
  0.1293370000000E+14   0.2003915822612E-16
  0.1325850000000E+14   0.1954213621359E-16
  0.1359150000000E+14   0.1906780761307E-16
  0.1393280000000E+14   0.1860828977201E-16
  0.1428260000000E+14   0.1816326123031E-16
  0.1464130000000E+14   0.1776905380252E-16
  0.1500900000000E+14   0.1736641977536E-16
  0.1538590000000E+14   0.1687106769137E-16
  0.1577220000000E+14   0.1637134163956E-16
  0.1616830000000E+14   0.1560325400717E-16
  0.1657430000000E+14   0.1470256220957E-16
  0.1699050000000E+14   0.1374454310999E-16
  0.1741720000000E+14   0.1258786757270E-16
  0.1785460000000E+14   0.1150330612490E-16
  0.1830290000000E+14   0.1037374244613E-16
  0.1876260000000E+14   0.9316649229676E-17
  0.1923370000000E+14   0.8374561340299E-17
  0.1971670000000E+14   0.7520712697962E-17
  0.2021180000000E+14   0.6777887254215E-17
  0.2071940000000E+14   0.6191117480452E-17
  0.2123970000000E+14   0.5653902432384E-17
  0.2177310000000E+14   0.5565199744576E-17
  0.2231980000000E+14   0.5470997517864E-17
  0.2288030000000E+14   0.5509466741012E-17
  0.2345490000000E+14   0.5583027287250E-17
  0.2404390000000E+14   0.5671653104984E-17
  0.2464770000000E+14   0.5798654551882E-17
  0.2526660000000E+14   0.5894988082833E-17
  0.2590110000000E+14   0.6011154493483E-17
  0.2655150000000E+14   0.6094807063341E-17
  0.2721830000000E+14   0.6242398440551E-17
  0.2790180000000E+14   0.6386924719307E-17
  0.2860240000000E+14   0.6465998444903E-17
  0.2932070000000E+14   0.6475014388456E-17
  0.3005700000000E+14   0.6457569257649E-17
  0.3081180000000E+14   0.6309233930595E-17
  0.3158550000000E+14   0.6166125900613E-17
  0.3237870000000E+14   0.5540867732965E-17
  0.3319170000000E+14   0.4809853455933E-17
  0.3402530000000E+14   0.4136494433881E-17
  0.3487970000000E+14   0.3516179365487E-17
  0.3575560000000E+14   0.2936300100972E-17
  0.3665350000000E+14   0.2414968975752E-17
  0.3757390000000E+14   0.1910972294294E-17
  0.3851740000000E+14   0.1605303956619E-17
  0.3948470000000E+14   0.1355345636724E-17
  0.4047620000000E+14   0.1193590807669E-17
  0.4149260000000E+14   0.1137312682652E-17
  0.4253460000000E+14   0.1089263521159E-17
  0.4360270000000E+14   0.1076264011617E-17
  0.4469770000000E+14   0.1065145856096E-17
  0.4582010000000E+14   0.1056123723175E-17
  0.4697070000000E+14   0.1048637639678E-17
  0.4815020000000E+14   0.1041324666979E-17
  0.4935940000000E+14   0.1034031960691E-17
  0.5059890000000E+14   0.1027791539218E-17
  0.5186950000000E+14   0.1023081735718E-17
  0.5317200000000E+14   0.1018905818841E-17
  0.5450730000000E+14   0.1016748654348E-17
  0.6258450000000E+14   0.1018024106693E-17
  0.7185870000000E+14   0.1028601570455E-17
  0.8250720000000E+14   0.1028909184873E-17
  0.9473370000000E+14   0.1015298352472E-17
  0.1087720000000E+15   0.9939505749367E-18
  0.1248910000000E+15   0.9744974224879E-18
  0.1433980000000E+15   0.9653992205644E-18
  0.1646470000000E+15   0.9749953387927E-18
  0.1890460000000E+15   0.1011275007960E-17
  0.2170600000000E+15   0.1075698078368E-17
  0.2492250000000E+15   0.1169329346188E-17
  0.2861570000000E+15   0.1290312162419E-17
  0.3285620000000E+15   0.1432340556545E-17
  0.3772500000000E+15   0.1584188912890E-17
  0.4331540000000E+15   0.1727949170620E-17
  0.4973410000000E+15   0.1839598784949E-17
  0.5710410000000E+15   0.1892437529848E-17
  0.6556610000000E+15   0.1863074276852E-17
  0.7528220000000E+15   0.1738005247207E-17
  0.8643800000000E+15   0.1521142226203E-17
  0.9924690000000E+15   0.1235534568983E-17
  0.1139540000000E+16   0.9179830060886E-18
  0.1308400000000E+16   0.6166574528439E-18
  0.1502290000000E+16   0.3680014383590E-18
  0.1724910000000E+16   0.1914819498997E-18
  0.1980520000000E+16   0.8496874709833E-19
  0.2274010000000E+16   0.3144858202604E-19
  0.2610990000000E+16   0.9447309233939E-20
  0.2997900000000E+16   0.2233294787385E-20
