mstar = 2 Msun, Rstar = 2.5 Rsun, Tstar = 10000, mdisk = 0.0029395 Msun, Rc = 150 AU, Rin = 0.5 AU, Rout = 250 AU, inclination = 45 degree, powerlaw = -1 
         130
  
  0.2997900000000E+11   0.4058186820609E-23
  0.3951060000000E+11   0.9241313372018E-23
  0.5207280000000E+11   0.2102811254229E-22
  0.6862910000000E+11   0.4778891441421E-22
  0.9044930000000E+11   0.1084093527273E-21
  0.1192070000000E+12   0.2453057282108E-21
  0.1571080000000E+12   0.5531657992867E-21
  0.2070600000000E+12   0.1241604781176E-20
  0.2728930000000E+12   0.2769467103838E-20
  0.3596580000000E+12   0.6680686446844E-20
  0.4740100000000E+12   0.1925267987393E-19
  0.6247180000000E+12   0.5467014066415E-19
  0.8233440000000E+12   0.1519121822037E-18
  0.1085120000000E+13   0.4104167998238E-18
  0.1430130000000E+13   0.1065023422614E-17
  0.1884830000000E+13   0.2616076310927E-17
  0.2484100000000E+13   0.5950186483641E-17
  0.3273910000000E+13   0.1209406339142E-16
  0.4314820000000E+13   0.2101882373309E-16
  0.5686700000000E+13   0.2930383867529E-16
  0.7494750000000E+13   0.3109720355174E-16
  0.7682960000000E+13   0.3085321712422E-16
  0.7875890000000E+13   0.3054300810681E-16
  0.8073670000000E+13   0.3016819062839E-16
  0.8276410000000E+13   0.2973599404831E-16
  0.8484250000000E+13   0.2925751604908E-16
  0.8697300000000E+13   0.2877402574063E-16
  0.8915700000000E+13   0.2824553164476E-16
  0.9139590000000E+13   0.2773107032075E-16
  0.9369100000000E+13   0.2719053613931E-16
  0.9604380000000E+13   0.2664926515083E-16
  0.9845560000000E+13   0.2611006174796E-16
  0.1009280000000E+14   0.2555143544860E-16
  0.1034620000000E+14   0.2499635317460E-16
  0.1060610000000E+14   0.2442484012588E-16
  0.1087240000000E+14   0.2389109738645E-16
  0.1114540000000E+14   0.2335388645713E-16
  0.1142530000000E+14   0.2283645128139E-16
  0.1171220000000E+14   0.2233451831409E-16
  0.1200630000000E+14   0.2183026640541E-16
  0.1230780000000E+14   0.2133963199006E-16
  0.1261690000000E+14   0.2084221731128E-16
  0.1293370000000E+14   0.2040157982091E-16
  0.1325850000000E+14   0.1995888471129E-16
  0.1359150000000E+14   0.1953604841563E-16
  0.1393280000000E+14   0.1912320570635E-16
  0.1428260000000E+14   0.1871917321575E-16
  0.1464130000000E+14   0.1836321562487E-16
  0.1500900000000E+14   0.1799018440079E-16
  0.1538590000000E+14   0.1750891050211E-16
  0.1577220000000E+14   0.1701645239823E-16
  0.1616830000000E+14   0.1622860502275E-16
  0.1657430000000E+14   0.1529398139622E-16
  0.1699050000000E+14   0.1429461015211E-16
  0.1741720000000E+14   0.1307855986769E-16
  0.1785460000000E+14   0.1193785878060E-16
  0.1830290000000E+14   0.1074616300856E-16
  0.1876260000000E+14   0.9630442450635E-17
  0.1923370000000E+14   0.8636986324856E-17
  0.1971670000000E+14   0.7737205880025E-17
  0.2021180000000E+14   0.6956010332900E-17
  0.2071940000000E+14   0.6342564379473E-17
  0.2123970000000E+14   0.5781347430653E-17
  0.2177310000000E+14   0.5704347815215E-17
  0.2231980000000E+14   0.5618236876028E-17
  0.2288030000000E+14   0.5671325926388E-17
  0.2345490000000E+14   0.5757876948440E-17
  0.2404390000000E+14   0.5856836913968E-17
  0.2464770000000E+14   0.5993205209545E-17
  0.2526660000000E+14   0.6094747582527E-17
  0.2590110000000E+14   0.6215204852490E-17
  0.2655150000000E+14   0.6300044527466E-17
  0.2721830000000E+14   0.6450468869300E-17
  0.2790180000000E+14   0.6596497534523E-17
  0.2860240000000E+14   0.6673540615738E-17
  0.2932070000000E+14   0.6677229588279E-17
  0.3005700000000E+14   0.6653171813698E-17
  0.3081180000000E+14   0.6493259379220E-17
  0.3158550000000E+14   0.6338902428891E-17
  0.3237870000000E+14   0.5686032090498E-17
  0.3319170000000E+14   0.4925091437417E-17
  0.3402530000000E+14   0.4225271379914E-17
  0.3487970000000E+14   0.3581610047920E-17
  0.3575560000000E+14   0.2981616143764E-17
  0.3665350000000E+14   0.2443313296546E-17
  0.3757390000000E+14   0.1923553497134E-17
  0.3851740000000E+14   0.1609243417150E-17
  0.3948470000000E+14   0.1353317723774E-17
  0.4047620000000E+14   0.1188923607969E-17
  0.4149260000000E+14   0.1132730455972E-17
  0.4253460000000E+14   0.1085153857245E-17
  0.4360270000000E+14   0.1073052822363E-17
  0.4469770000000E+14   0.1062829128635E-17
  0.4582010000000E+14   0.1054699011508E-17
  0.4697070000000E+14   0.1048102169510E-17
  0.4815020000000E+14   0.1041683864900E-17
  0.4935940000000E+14   0.1035302663326E-17
  0.5059890000000E+14   0.1029983595467E-17
  0.5186950000000E+14   0.1026191451681E-17
  0.5317200000000E+14   0.1022938186720E-17
  0.5450730000000E+14   0.1021676572818E-17
  0.6258450000000E+14   0.1027540942487E-17
  0.7185870000000E+14   0.1041686356654E-17
  0.8250720000000E+14   0.1044307507410E-17
  0.9473370000000E+14   0.1031384012418E-17
  0.1087720000000E+15   0.1008900011933E-17
  0.1248910000000E+15   0.9867957593719E-18
  0.1433980000000E+15   0.9741866754165E-18
  0.1646470000000E+15   0.9801325061142E-18
  0.1890460000000E+15   0.1013157529142E-17
  0.2170600000000E+15   0.1075017554481E-17
  0.2492250000000E+15   0.1167050109699E-17
  0.2861570000000E+15   0.1287535611959E-17
  0.3285620000000E+15   0.1429898698937E-17
  0.3772500000000E+15   0.1582390546176E-17
  0.4331540000000E+15   0.1726743747433E-17
  0.4973410000000E+15   0.1838793480863E-17
  0.5710410000000E+15   0.1891781821579E-17
  0.6556610000000E+15   0.1862334657112E-17
  0.7528220000000E+15   0.1736974274422E-17
  0.8643800000000E+15   0.1519898529006E-17
  0.9924690000000E+15   0.1234394642361E-17
  0.1139540000000E+16   0.9168137000435E-18
  0.1308400000000E+16   0.6159206774029E-18
  0.1502290000000E+16   0.3676380667497E-18
  0.1724910000000E+16   0.1913402021005E-18
  0.1980520000000E+16   0.8490236581929E-19
  0.2274010000000E+16   0.3142458013929E-19
  0.2610990000000E+16   0.9440232032483E-20
  0.2997900000000E+16   0.2231645549041E-20
