         130
  
  0.2997900000000E+11   0.6462618016456E-24
  0.3951060000000E+11   0.1460063755004E-23
  0.5207280000000E+11   0.3303499395126E-23
  0.6862910000000E+11   0.7479022399369E-23
  0.9044930000000E+11   0.1692868928425E-22
  0.1192070000000E+12   0.3827671277557E-22
  0.1571080000000E+12   0.8637087903148E-22
  0.2070600000000E+12   0.1942794229555E-21
  0.2728930000000E+12   0.4350118818830E-21
  0.3596580000000E+12   0.1055324834801E-20
  0.4740100000000E+12   0.3066916402967E-20
  0.6247180000000E+12   0.8819463744813E-20
  0.8233440000000E+12   0.2495811256255E-19
  0.1085120000000E+13   0.6922076076370E-19
  0.1430130000000E+13   0.1865676357059E-18
  0.1884830000000E+13   0.4844130438550E-18
  0.2484100000000E+13   0.1196291298500E-17
  0.3273910000000E+13   0.2750569412807E-17
  0.4314820000000E+13   0.5755565497311E-17
  0.5686700000000E+13   0.1052837037687E-16
  0.7494750000000E+13   0.1593733186254E-16
  0.7682960000000E+13   0.1635901607900E-16
  0.7875890000000E+13   0.1675001004596E-16
  0.8073670000000E+13   0.1710392155213E-16
  0.8276410000000E+13   0.1741956025816E-16
  0.8484250000000E+13   0.1770036618772E-16
  0.8697300000000E+13   0.1798437957371E-16
  0.8915700000000E+13   0.1822067441633E-16
  0.9139590000000E+13   0.1846960505695E-16
  0.9369100000000E+13   0.1867814171607E-16
  0.9604380000000E+13   0.1886897064401E-16
  0.9845560000000E+13   0.1903875985487E-16
  0.1009280000000E+14   0.1915486084953E-16
  0.1034620000000E+14   0.1923906198211E-16
  0.1060610000000E+14   0.1926272974274E-16
  0.1087240000000E+14   0.1928635764746E-16
  0.1114540000000E+14   0.1925731873464E-16
  0.1142530000000E+14   0.1920083297467E-16
  0.1171220000000E+14   0.1910993909426E-16
  0.1200630000000E+14   0.1896435322362E-16
  0.1230780000000E+14   0.1878278803166E-16
  0.1261690000000E+14   0.1854515768525E-16
  0.1293370000000E+14   0.1831918399240E-16
  0.1325850000000E+14   0.1804571283311E-16
  0.1359150000000E+14   0.1774968003035E-16
  0.1393280000000E+14   0.1742447763064E-16
  0.1428260000000E+14   0.1707271870751E-16
  0.1464130000000E+14   0.1673201178951E-16
  0.1500900000000E+14   0.1634893459232E-16
  0.1538590000000E+14   0.1585603043564E-16
  0.1577220000000E+14   0.1534124047953E-16
  0.1616830000000E+14   0.1458935134786E-16
  0.1657430000000E+14   0.1372769545450E-16
  0.1699050000000E+14   0.1282343741914E-16
  0.1741720000000E+14   0.1176143691090E-16
  0.1785460000000E+14   0.1076479458194E-16
  0.1830290000000E+14   0.9734219353873E-17
  0.1876260000000E+14   0.8765982744145E-17
  0.1923370000000E+14   0.7896708810806E-17
  0.1971670000000E+14   0.7103948972273E-17
  0.2021180000000E+14   0.6409185109633E-17
  0.2071940000000E+14   0.5856354286878E-17
  0.2123970000000E+14   0.5349458352513E-17
  0.2177310000000E+14   0.5254102805206E-17
  0.2231980000000E+14   0.5143123902260E-17
  0.2288030000000E+14   0.5133531273342E-17
  0.2345490000000E+14   0.5138923212178E-17
  0.2404390000000E+14   0.5146735255420E-17
  0.2464770000000E+14   0.5178713295966E-17
  0.2526660000000E+14   0.5188362566702E-17
  0.2590110000000E+14   0.5217036955709E-17
  0.2655150000000E+14   0.5229521409754E-17
  0.2721830000000E+14   0.5298308159490E-17
  0.2790180000000E+14   0.5376080177634E-17
  0.2860240000000E+14   0.5415837219361E-17
  0.2932070000000E+14   0.5411697581117E-17
  0.3005700000000E+14   0.5394677064544E-17
  0.3081180000000E+14   0.5281477517624E-17
  0.3158550000000E+14   0.5175870730947E-17
  0.3237870000000E+14   0.4691015260449E-17
  0.3319170000000E+14   0.4121473387995E-17
  0.3402530000000E+14   0.3596267731882E-17
  0.3487970000000E+14   0.3111279854041E-17
  0.3575560000000E+14   0.2656201303945E-17
  0.3665350000000E+14   0.2243417023572E-17
  0.3757390000000E+14   0.1834334542463E-17
  0.3851740000000E+14   0.1570072368717E-17
  0.3948470000000E+14   0.1326585328797E-17
  0.4047620000000E+14   0.1139883685265E-17
  0.4149260000000E+14   0.1071140931679E-17
  0.4253460000000E+14   0.1008728568071E-17
  0.4360270000000E+14   0.9961499284821E-18
  0.4469770000000E+14   0.9849665827722E-18
  0.4582010000000E+14   0.9756960674556E-18
  0.4697070000000E+14   0.9676291046994E-18
  0.4815020000000E+14   0.9588114440000E-18
  0.4935940000000E+14   0.9491392184014E-18
  0.5059890000000E+14   0.9403617584470E-18
  0.5186950000000E+14   0.9334161313413E-18
  0.5317200000000E+14   0.9268360523481E-18
  0.5450730000000E+14   0.9231406786884E-18
  0.6258450000000E+14   0.9214225174253E-18
  0.7185870000000E+14   0.9369129143298E-18
  0.8250720000000E+14   0.9446995492421E-18
  0.9473370000000E+14   0.9413186860100E-18
  0.1087720000000E+15   0.9334577883016E-18
  0.1248910000000E+15   0.9293433170495E-18
  0.1433980000000E+15   0.9354429437675E-18
  0.1646470000000E+15   0.9582650038701E-18
  0.1890460000000E+15   0.1004438182414E-17
  0.2170600000000E+15   0.1075053095317E-17
  0.2492250000000E+15   0.1171699238432E-17
  0.2861570000000E+15   0.1293686083975E-17
  0.3285620000000E+15   0.1435650277863E-17
  0.3772500000000E+15   0.1586887683183E-17
  0.4331540000000E+15   0.1729915895842E-17
  0.4973410000000E+15   0.1841111594380E-17
  0.5710410000000E+15   0.1893935147872E-17
  0.6556610000000E+15   0.1864963666090E-17
  0.7528220000000E+15   0.1740720262192E-17
  0.8643800000000E+15   0.1524432884463E-17
  0.9924690000000E+15   0.1238552458701E-17
  0.1139540000000E+16   0.9210807830605E-18
  0.1308400000000E+16   0.6186090743076E-18
  0.1502290000000E+16   0.3689635981752E-18
  0.1724910000000E+16   0.1918571101496E-18
  0.1980520000000E+16   0.8514444984698E-19
  0.2274010000000E+16   0.3151210985913E-19
  0.2610990000000E+16   0.9466040583254E-20
  0.2997900000000E+16   0.2237659769800E-20
