mstar = 2 Msun, Rstar = 2.5 Rsun, Tstar = 10000, mdisk = 0.0021352 Msun, Rc = 150 AU, Rin = 0.5 AU, Rout = 250 AU, inclination = 45 degree, powerlaw = -1 
         130
  
  0.2997900000000E+11   0.3045576134353E-23
  0.3951060000000E+11   0.6932451926369E-23
  0.5207280000000E+11   0.1577035586352E-22
  0.6862910000000E+11   0.3583609725991E-22
  0.9044930000000E+11   0.8129686014625E-22
  0.1192070000000E+12   0.1839886059103E-21
  0.1571080000000E+12   0.4150344872641E-21
  0.2070600000000E+12   0.9320510531237E-21
  0.2728930000000E+12   0.2080564981544E-20
  0.3596580000000E+12   0.5024242279485E-20
  0.4740100000000E+12   0.1450199581142E-19
  0.6247180000000E+12   0.4127501314845E-19
  0.8233440000000E+12   0.1150759821343E-18
  0.1085120000000E+13   0.3124334420903E-18
  0.1430130000000E+13   0.8167438957253E-18
  0.1884830000000E+13   0.2028768062687E-17
  0.2484100000000E+13   0.4694779552738E-17
  0.3273910000000E+13   0.9802011667532E-17
  0.4314820000000E+13   0.1775356831095E-16
  0.5686700000000E+13   0.2625355206693E-16
  0.7494750000000E+13   0.2977710095679E-16
  0.7682960000000E+13   0.2970023709476E-16
  0.7875890000000E+13   0.2954883675223E-16
  0.8073670000000E+13   0.2932239650706E-16
  0.8276410000000E+13   0.2902677434361E-16
  0.8484250000000E+13   0.2867231719272E-16
  0.8697300000000E+13   0.2830181753625E-16
  0.8915700000000E+13   0.2787111079146E-16
  0.9139590000000E+13   0.2744181855711E-16
  0.9369100000000E+13   0.2697060474276E-16
  0.9604380000000E+13   0.2648363142485E-16
  0.9845560000000E+13   0.2598354589390E-16
  0.1009280000000E+14   0.2544911612679E-16
  0.1034620000000E+14   0.2490465742763E-16
  0.1060610000000E+14   0.2433187702413E-16
  0.1087240000000E+14   0.2378534472025E-16
  0.1114540000000E+14   0.2322643705635E-16
  0.1142530000000E+14   0.2267939947258E-16
  0.1171220000000E+14   0.2214193593232E-16
  0.1200630000000E+14   0.2159925800954E-16
  0.1230780000000E+14   0.2106818993822E-16
  0.1261690000000E+14   0.2053140363504E-16
  0.1293370000000E+14   0.2004924212285E-16
  0.1325850000000E+14   0.1956828418679E-16
  0.1359150000000E+14   0.1910978413554E-16
  0.1393280000000E+14   0.1866535295880E-16
  0.1428260000000E+14   0.1823434810862E-16
  0.1464130000000E+14   0.1785361223797E-16
  0.1500900000000E+14   0.1746254053951E-16
  0.1538590000000E+14   0.1697517575407E-16
  0.1577220000000E+14   0.1648165598473E-16
  0.1616830000000E+14   0.1571342580696E-16
  0.1657430000000E+14   0.1480898141421E-16
  0.1699050000000E+14   0.1384504738644E-16
  0.1741720000000E+14   0.1267779804589E-16
  0.1785460000000E+14   0.1158295522738E-16
  0.1830290000000E+14   0.1044111948441E-16
  0.1876260000000E+14   0.9372124319219E-17
  0.1923370000000E+14   0.8419513691555E-17
  0.1971670000000E+14   0.7556118419061E-17
  0.2021180000000E+14   0.6805228477896E-17
  0.2071940000000E+14   0.6212878213727E-17
  0.2123970000000E+14   0.5670506186245E-17
  0.2177310000000E+14   0.5585215119785E-17
  0.2231980000000E+14   0.5493705252510E-17
  0.2288030000000E+14   0.5536786508527E-17
  0.2345490000000E+14   0.5614784444613E-17
  0.2404390000000E+14   0.5707443347172E-17
  0.2464770000000E+14   0.5838475298491E-17
  0.2526660000000E+14   0.5937927160717E-17
  0.2590110000000E+14   0.6057019532854E-17
  0.2655150000000E+14   0.6142780071856E-17
  0.2721830000000E+14   0.6293020883144E-17
  0.2790180000000E+14   0.6439902452742E-17
  0.2860240000000E+14   0.6520182140269E-17
  0.2932070000000E+14   0.6529359533672E-17
  0.3005700000000E+14   0.6511735442488E-17
  0.3081180000000E+14   0.6361450753415E-17
  0.3158550000000E+14   0.6216376146078E-17
  0.3237870000000E+14   0.5583026416794E-17
  0.3319170000000E+14   0.4842629935956E-17
  0.3402530000000E+14   0.4160546639606E-17
  0.3487970000000E+14   0.3532185396665E-17
  0.3575560000000E+14   0.2945384109052E-17
  0.3665350000000E+14   0.2418288987301E-17
  0.3757390000000E+14   0.1909035240077E-17
  0.3851740000000E+14   0.1600652132233E-17
  0.3948470000000E+14   0.1349125112667E-17
  0.4047620000000E+14   0.1187135384594E-17
  0.4149260000000E+14   0.1131503045971E-17
  0.4253460000000E+14   0.1084206554168E-17
  0.4360270000000E+14   0.1071985580296E-17
  0.4469770000000E+14   0.1061618734023E-17
  0.4582010000000E+14   0.1053317566417E-17
  0.4697070000000E+14   0.1046522644248E-17
  0.4815020000000E+14   0.1039873733206E-17
  0.4935940000000E+14   0.1033222131412E-17
  0.5059890000000E+14   0.1027596446913E-17
  0.5186950000000E+14   0.1023471749192E-17
  0.5317200000000E+14   0.1019856538703E-17
  0.5450730000000E+14   0.1018227092771E-17
  0.6258450000000E+14   0.1021967126087E-17
  0.7185870000000E+14   0.1034325594710E-17
  0.8250720000000E+14   0.1035786667696E-17
  0.9473370000000E+14   0.1022587832251E-17
  0.1087720000000E+15   0.1000846872843E-17
  0.1248910000000E+15   0.9803387796642E-18
  0.1433980000000E+15   0.9698270330226E-18
  0.1646470000000E+15   0.9779916871556E-18
  0.1890460000000E+15   0.1013078537063E-17
  0.2170600000000E+15   0.1076620899935E-17
  0.2492250000000E+15   0.1169675828227E-17
  0.2861570000000E+15   0.1290347042906E-17
  0.3285620000000E+15   0.1432256168662E-17
  0.3772500000000E+15   0.1584076084785E-17
  0.4331540000000E+15   0.1727836337077E-17
  0.4973410000000E+15   0.1839493581103E-17
  0.5710410000000E+15   0.1892329320373E-17
  0.6556610000000E+15   0.1862939273280E-17
  0.7528220000000E+15   0.1737812189105E-17
  0.8643800000000E+15   0.1520908362070E-17
  0.9924690000000E+15   0.1235320108881E-17
  0.1139540000000E+16   0.9177629747389E-18
  0.1308400000000E+16   0.6165188156525E-18
  0.1502290000000E+16   0.3679330693681E-18
  0.1724910000000E+16   0.1914552824848E-18
  0.1980520000000E+16   0.8495625839239E-19
  0.2274010000000E+16   0.3144406644101E-19
  0.2610990000000E+16   0.9445977775191E-20
  0.2997900000000E+16   0.2232984511729E-20
