         130
  
  0.2997900000000E+11   0.9019852807851E-24
  0.3951060000000E+11   0.2043492415158E-23
  0.5207280000000E+11   0.4633145272088E-23
  0.6862910000000E+11   0.1050498015337E-22
  0.9044930000000E+11   0.2380201136189E-22
  0.1192070000000E+12   0.5384998558436E-22
  0.1571080000000E+12   0.1215392942430E-21
  0.2070600000000E+12   0.2733489007757E-21
  0.2728930000000E+12   0.6117424071299E-21
  0.3596580000000E+12   0.1482805494251E-20
  0.4740100000000E+12   0.4303600562760E-20
  0.6247180000000E+12   0.1234964007930E-19
  0.8233440000000E+12   0.3484033878770E-19
  0.1085120000000E+13   0.9620729703627E-19
  0.1430130000000E+13   0.2577154881252E-18
  0.1884830000000E+13   0.6633869984420E-18
  0.2484100000000E+13   0.1618402351043E-17
  0.3273910000000E+13   0.3657376284280E-17
  0.4314820000000E+13   0.7467646839226E-17
  0.5686700000000E+13   0.1319353796145E-16
  0.7494750000000E+13   0.1902885196414E-16
  0.7682960000000E+13   0.1943308246395E-16
  0.7875890000000E+13   0.1979457089739E-16
  0.8073670000000E+13   0.2010664947566E-16
  0.8276410000000E+13   0.2036859783161E-16
  0.8484250000000E+13   0.2058478084478E-16
  0.8697300000000E+13   0.2079666031866E-16
  0.8915700000000E+13   0.2094949247448E-16
  0.9139590000000E+13   0.2110795891294E-16
  0.9369100000000E+13   0.2121589845593E-16
  0.9604380000000E+13   0.2129766297746E-16
  0.9845560000000E+13   0.2135009915045E-16
  0.1009280000000E+14   0.2134052125855E-16
  0.1034620000000E+14   0.2129232627266E-16
  0.1060610000000E+14   0.2117788138312E-16
  0.1087240000000E+14   0.2105870360840E-16
  0.1114540000000E+14   0.2088361048708E-16
  0.1142530000000E+14   0.2067870966522E-16
  0.1171220000000E+14   0.2043856068073E-16
  0.1200630000000E+14   0.2014535760987E-16
  0.1230780000000E+14   0.1981870540231E-16
  0.1261690000000E+14   0.1944135891145E-16
  0.1293370000000E+14   0.1907837045241E-16
  0.1325850000000E+14   0.1867574534852E-16
  0.1359150000000E+14   0.1825825019841E-16
  0.1393280000000E+14   0.1782121244504E-16
  0.1428260000000E+14   0.1736832922077E-16
  0.1464130000000E+14   0.1693554480065E-16
  0.1500900000000E+14   0.1647437677556E-16
  0.1538590000000E+14   0.1592177838305E-16
  0.1577220000000E+14   0.1535925665901E-16
  0.1616830000000E+14   0.1458113764314E-16
  0.1657430000000E+14   0.1370467907467E-16
  0.1699050000000E+14   0.1279220469745E-16
  0.1741720000000E+14   0.1173262390226E-16
  0.1785460000000E+14   0.1073913331758E-16
  0.1830290000000E+14   0.9717156640587E-17
  0.1876260000000E+14   0.8758779101352E-17
  0.1923370000000E+14   0.7898396945246E-17
  0.1971670000000E+14   0.7114334490835E-17
  0.2021180000000E+14   0.6426206641141E-17
  0.2071940000000E+14   0.5874147250486E-17
  0.2123970000000E+14   0.5368167707641E-17
  0.2177310000000E+14   0.5248743364591E-17
  0.2231980000000E+14   0.5120291779773E-17
  0.2288030000000E+14   0.5095289444993E-17
  0.2345490000000E+14   0.5094170936245E-17
  0.2404390000000E+14   0.5104972220369E-17
  0.2464770000000E+14   0.5149158793707E-17
  0.2526660000000E+14   0.5177093538853E-17
  0.2590110000000E+14   0.5229174633746E-17
  0.2655150000000E+14   0.5265685902022E-17
  0.2721830000000E+14   0.5362271101889E-17
  0.2790180000000E+14   0.5466611238008E-17
  0.2860240000000E+14   0.5526862334964E-17
  0.2932070000000E+14   0.5536521988625E-17
  0.3005700000000E+14   0.5529150877950E-17
  0.3081180000000E+14   0.5416620764837E-17
  0.3158550000000E+14   0.5310203859439E-17
  0.3237870000000E+14   0.4800989254408E-17
  0.3319170000000E+14   0.4201973797582E-17
  0.3402530000000E+14   0.3649836747785E-17
  0.3487970000000E+14   0.3140170940902E-17
  0.3575560000000E+14   0.2662717864397E-17
  0.3665350000000E+14   0.2231964694320E-17
  0.3757390000000E+14   0.1811308038526E-17
  0.3851740000000E+14   0.1549797676262E-17
  0.3948470000000E+14   0.1322978214443E-17
  0.4047620000000E+14   0.1158807406576E-17
  0.4149260000000E+14   0.1097983702341E-17
  0.4253460000000E+14   0.1043064355715E-17
  0.4360270000000E+14   0.1030604124107E-17
  0.4469770000000E+14   0.1019665426007E-17
  0.4582010000000E+14   0.1010634139592E-17
  0.4697070000000E+14   0.1002871778169E-17
  0.4815020000000E+14   0.9946795992415E-18
  0.4935940000000E+14   0.9859235895026E-18
  0.5059890000000E+14   0.9780480547447E-18
  0.5186950000000E+14   0.9718114596656E-18
  0.5317200000000E+14   0.9659474845918E-18
  0.5450730000000E+14   0.9625730669471E-18
  0.6258450000000E+14   0.9598559625068E-18
  0.7185870000000E+14   0.9706969752351E-18
  0.8250720000000E+14   0.9729565487320E-18
  0.9473370000000E+14   0.9638297457870E-18
  0.1087720000000E+15   0.9502737124630E-18
  0.1248910000000E+15   0.9411655383710E-18
  0.1433980000000E+15   0.9433661324152E-18
  0.1646470000000E+15   0.9632995485772E-18
  0.1890460000000E+15   0.1007309645387E-17
  0.2170600000000E+15   0.1076341532857E-17
  0.2492250000000E+15   0.1172085766981E-17
  0.2861570000000E+15   0.1293759268627E-17
  0.3285620000000E+15   0.1435632371003E-17
  0.3772500000000E+15   0.1586748812413E-17
  0.4331540000000E+15   0.1729697462791E-17
  0.4973410000000E+15   0.1840888771208E-17
  0.5710410000000E+15   0.1893695634969E-17
  0.6556610000000E+15   0.1864655486191E-17
  0.7528220000000E+15   0.1740276070888E-17
  0.8643800000000E+15   0.1523894329082E-17
  0.9924690000000E+15   0.1238058489539E-17
  0.1139540000000E+16   0.9205735420210E-18
  0.1308400000000E+16   0.6182895367065E-18
  0.1502290000000E+16   0.3688061005583E-18
  0.1724910000000E+16   0.1917957162981E-18
  0.1980520000000E+16   0.8511569531532E-19
  0.2274010000000E+16   0.3150171345570E-19
  0.2610990000000E+16   0.9462975224007E-20
  0.2997900000000E+16   0.2236945454912E-20
