         130
  
  0.2997900000000E+11   0.7174995864652E-23
  0.3951060000000E+11   0.1634641503022E-22
  0.5207280000000E+11   0.3720321209494E-22
  0.6862910000000E+11   0.8454677998161E-22
  0.9044930000000E+11   0.1917446828466E-21
  0.1192070000000E+12   0.4336487697640E-21
  0.1571080000000E+12   0.9770749316847E-21
  0.2070600000000E+12   0.2190464658388E-20
  0.2728930000000E+12   0.4877794609423E-20
  0.3596580000000E+12   0.1173871913697E-19
  0.4740100000000E+12   0.3370733399711E-19
  0.6247180000000E+12   0.9520924756144E-19
  0.8233440000000E+12   0.2624862525648E-18
  0.1085120000000E+13   0.7008093159251E-18
  0.1430130000000E+13   0.1785948826924E-17
  0.1884830000000E+13   0.4265119288292E-17
  0.2484100000000E+13   0.9281601152575E-17
  0.3273910000000E+13   0.1761480439220E-16
  0.4314820000000E+13   0.2764468687336E-16
  0.5686700000000E+13   0.3383255540511E-16
  0.7494750000000E+13   0.3225727263208E-16
  0.7682960000000E+13   0.3183031865576E-16
  0.7875890000000E+13   0.3136889438376E-16
  0.8073670000000E+13   0.3087442859417E-16
  0.8276410000000E+13   0.3035275882786E-16
  0.8484250000000E+13   0.2981300470725E-16
  0.8697300000000E+13   0.2929492034082E-16
  0.8915700000000E+13   0.2875668525787E-16
  0.9139590000000E+13   0.2825705834879E-16
  0.9369100000000E+13   0.2775169628901E-16
  0.9604380000000E+13   0.2726431739523E-16
  0.9845560000000E+13   0.2679470927742E-16
  0.1009280000000E+14   0.2631471371468E-16
  0.1034620000000E+14   0.2584589479202E-16
  0.1060610000000E+14   0.2536144996886E-16
  0.1087240000000E+14   0.2492019874182E-16
  0.1114540000000E+14   0.2447142818701E-16
  0.1142530000000E+14   0.2403940808379E-16
  0.1171220000000E+14   0.2361686876652E-16
  0.1200630000000E+14   0.2318148044902E-16
  0.1230780000000E+14   0.2275067251857E-16
  0.1261690000000E+14   0.2230040091027E-16
  0.1293370000000E+14   0.2190323196731E-16
  0.1325850000000E+14   0.2149190652245E-16
  0.1359150000000E+14   0.2109185258378E-16
  0.1393280000000E+14   0.2069253463461E-16
  0.1428260000000E+14   0.2029350265631E-16
  0.1464130000000E+14   0.1993926911688E-16
  0.1500900000000E+14   0.1955835176116E-16
  0.1538590000000E+14   0.1905183956619E-16
  0.1577220000000E+14   0.1852825175453E-16
  0.1616830000000E+14   0.1767732699385E-16
  0.1657430000000E+14   0.1666352726158E-16
  0.1699050000000E+14   0.1557721400275E-16
  0.1741720000000E+14   0.1425210316845E-16
  0.1785460000000E+14   0.1300794606169E-16
  0.1830290000000E+14   0.1170611622807E-16
  0.1876260000000E+14   0.1048565817034E-16
  0.1923370000000E+14   0.9398113155114E-17
  0.1971670000000E+14   0.8412319114650E-17
  0.2021180000000E+14   0.7556335701568E-17
  0.2071940000000E+14   0.6885250402454E-17
  0.2123970000000E+14   0.6271224642102E-17
  0.2177310000000E+14   0.6193362167674E-17
  0.2231980000000E+14   0.6102479520081E-17
  0.2288030000000E+14   0.6161627471698E-17
  0.2345490000000E+14   0.6254198328820E-17
  0.2404390000000E+14   0.6357671279374E-17
  0.2464770000000E+14   0.6499733525621E-17
  0.2526660000000E+14   0.6602327852794E-17
  0.2590110000000E+14   0.6724018641550E-17
  0.2655150000000E+14   0.6806390729373E-17
  0.2721830000000E+14   0.6958320951574E-17
  0.2790180000000E+14   0.7104727907990E-17
  0.2860240000000E+14   0.7176615366863E-17
  0.2932070000000E+14   0.7169816471274E-17
  0.3005700000000E+14   0.7133223110926E-17
  0.3081180000000E+14   0.6951558709767E-17
  0.3158550000000E+14   0.6776022598813E-17
  0.3237870000000E+14   0.6069658134522E-17
  0.3319170000000E+14   0.5249319662918E-17
  0.3402530000000E+14   0.4494901153280E-17
  0.3487970000000E+14   0.3800952217979E-17
  0.3575560000000E+14   0.3154355246665E-17
  0.3665350000000E+14   0.2575214155012E-17
  0.3757390000000E+14   0.2017452826348E-17
  0.3851740000000E+14   0.1678841799870E-17
  0.3948470000000E+14   0.1403786275357E-17
  0.4047620000000E+14   0.1227797607069E-17
  0.4149260000000E+14   0.1166960351528E-17
  0.4253460000000E+14   0.1115806528617E-17
  0.4360270000000E+14   0.1101889100922E-17
  0.4469770000000E+14   0.1090120628072E-17
  0.4582010000000E+14   0.1080711176720E-17
  0.4697070000000E+14   0.1073074001407E-17
  0.4815020000000E+14   0.1065835541251E-17
  0.4935940000000E+14   0.1058856154422E-17
  0.5059890000000E+14   0.1053152961743E-17
  0.5186950000000E+14   0.1049158969381E-17
  0.5317200000000E+14   0.1045872934010E-17
  0.5450730000000E+14   0.1044689117186E-17
  0.6258450000000E+14   0.1052314126684E-17
  0.7185870000000E+14   0.1068706130229E-17
  0.8250720000000E+14   0.1073003079254E-17
  0.9473370000000E+14   0.1060316843994E-17
  0.1087720000000E+15   0.1035999580005E-17
  0.1248910000000E+15   0.1010024810443E-17
  0.1433980000000E+15   0.9920220802609E-18
  0.1646470000000E+15   0.9918464807441E-18
  0.1890460000000E+15   0.1019013215113E-17
  0.2170600000000E+15   0.1076158211077E-17
  0.2492250000000E+15   0.1165264638513E-17
  0.2861570000000E+15   0.1284501308074E-17
  0.3285620000000E+15   0.1426754973142E-17
  0.3772500000000E+15   0.1579789379893E-17
  0.4331540000000E+15   0.1724911855690E-17
  0.4973410000000E+15   0.1837538461487E-17
  0.5710410000000E+15   0.1890667827556E-17
  0.6556610000000E+15   0.1860962308596E-17
  0.7528220000000E+15   0.1734993209654E-17
  0.8643800000000E+15   0.1517492215132E-17
  0.9924690000000E+15   0.1232187518397E-17
  0.1139540000000E+16   0.9145506152499E-18
  0.1308400000000E+16   0.6144945371226E-18
  0.1502290000000E+16   0.3669344910142E-18
  0.1724910000000E+16   0.1910656441209E-18
  0.1980520000000E+16   0.8477379654388E-19
  0.2274010000000E+16   0.3137809132399E-19
  0.2610990000000E+16   0.9426524046526E-20
  0.2997900000000E+16   0.2228451053291E-20
