         130
  
  0.2997900000000E+11   0.1099339296670E-22
  0.3951060000000E+11   0.2504825205331E-22
  0.5207280000000E+11   0.5700550544290E-22
  0.6862910000000E+11   0.1295238556350E-21
  0.9044930000000E+11   0.2936434352675E-21
  0.1192070000000E+12   0.6637347546516E-21
  0.1571080000000E+12   0.1494304800451E-20
  0.2070600000000E+12   0.3346332818382E-20
  0.2728930000000E+12   0.7440536292877E-20
  0.3596580000000E+12   0.1786764273965E-19
  0.4740100000000E+12   0.5113080077466E-19
  0.6247180000000E+12   0.1436835976869E-18
  0.8233440000000E+12   0.3930508463544E-18
  0.1085120000000E+13   0.1036841624256E-17
  0.1430130000000E+13   0.2593040482654E-17
  0.1884830000000E+13   0.6011878946766E-17
  0.2484100000000E+13   0.1249085493674E-16
  0.3273910000000E+13   0.2211283298200E-16
  0.4314820000000E+13   0.3158601017294E-16
  0.5686700000000E+13   0.3521488290418E-16
  0.7494750000000E+13   0.3253951120833E-16
  0.7682960000000E+13   0.3214825513645E-16
  0.7875890000000E+13   0.3173648887463E-16
  0.8073670000000E+13   0.3130208681327E-16
  0.8276410000000E+13   0.3084771541815E-16
  0.8484250000000E+13   0.3037998730788E-16
  0.8697300000000E+13   0.2993968965143E-16
  0.8915700000000E+13   0.2947820046614E-16
  0.9139590000000E+13   0.2905796141036E-16
  0.9369100000000E+13   0.2862777168359E-16
  0.9604380000000E+13   0.2821197991560E-16
  0.9845560000000E+13   0.2780877968039E-16
  0.1009280000000E+14   0.2738610133893E-16
  0.1034620000000E+14   0.2696702534328E-16
  0.1060610000000E+14   0.2652219566831E-16
  0.1087240000000E+14   0.2611548821858E-16
  0.1114540000000E+14   0.2569213094014E-16
  0.1142530000000E+14   0.2527877429636E-16
  0.1171220000000E+14   0.2486817037247E-16
  0.1200630000000E+14   0.2443727402317E-16
  0.1230780000000E+14   0.2400551784726E-16
  0.1261690000000E+14   0.2354824002435E-16
  0.1293370000000E+14   0.2314297084753E-16
  0.1325850000000E+14   0.2271917315450E-16
  0.1359150000000E+14   0.2230434551610E-16
  0.1393280000000E+14   0.2188790668507E-16
  0.1428260000000E+14   0.2146989485324E-16
  0.1464130000000E+14   0.2109753703418E-16
  0.1500900000000E+14   0.2069601674663E-16
  0.1538590000000E+14   0.2016174454133E-16
  0.1577220000000E+14   0.1960898764720E-16
  0.1616830000000E+14   0.1871198736449E-16
  0.1657430000000E+14   0.1764346391861E-16
  0.1699050000000E+14   0.1649825214654E-16
  0.1741720000000E+14   0.1510144174325E-16
  0.1785460000000E+14   0.1378918938514E-16
  0.1830290000000E+14   0.1241566141276E-16
  0.1876260000000E+14   0.1112745123757E-16
  0.1923370000000E+14   0.9978871070212E-17
  0.1971670000000E+14   0.8937102521639E-17
  0.2021180000000E+14   0.8031801006020E-17
  0.2071940000000E+14   0.7321100833941E-17
  0.2123970000000E+14   0.6670336981594E-17
  0.2177310000000E+14   0.6585067346313E-17
  0.2231980000000E+14   0.6485787518479E-17
  0.2288030000000E+14   0.6544396994140E-17
  0.2345490000000E+14   0.6638161631334E-17
  0.2404390000000E+14   0.6743550882253E-17
  0.2464770000000E+14   0.6889860384071E-17
  0.2526660000000E+14   0.6995005561723E-17
  0.2590110000000E+14   0.7120628938989E-17
  0.2655150000000E+14   0.7204942373632E-17
  0.2721830000000E+14   0.7362908526865E-17
  0.2790180000000E+14   0.7514848500909E-17
  0.2860240000000E+14   0.7587866989879E-17
  0.2932070000000E+14   0.7577433178161E-17
  0.3005700000000E+14   0.7535365868316E-17
  0.3081180000000E+14   0.7339983341798E-17
  0.3158550000000E+14   0.7150851530612E-17
  0.3237870000000E+14   0.6401221800678E-17
  0.3319170000000E+14   0.5530631448516E-17
  0.3402530000000E+14   0.4728701769645E-17
  0.3487970000000E+14   0.3990894908142E-17
  0.3575560000000E+14   0.3303944935694E-17
  0.3665350000000E+14   0.2689086790266E-17
  0.3757390000000E+14   0.2098216695888E-17
  0.3851740000000E+14   0.1739565097650E-17
  0.3948470000000E+14   0.1449081832134E-17
  0.4047620000000E+14   0.1263453199638E-17
  0.4149260000000E+14   0.1198003369148E-17
  0.4253460000000E+14   0.1143045133099E-17
  0.4360270000000E+14   0.1126517045756E-17
  0.4469770000000E+14   0.1112430275340E-17
  0.4582010000000E+14   0.1100987818049E-17
  0.4697070000000E+14   0.1091581533248E-17
  0.4815020000000E+14   0.1082808057163E-17
  0.4935940000000E+14   0.1074519890188E-17
  0.5059890000000E+14   0.1067728355524E-17
  0.5186950000000E+14   0.1062850176006E-17
  0.5317200000000E+14   0.1058862588797E-17
  0.5450730000000E+14   0.1057140588437E-17
  0.6258450000000E+14   0.1063923876136E-17
  0.7185870000000E+14   0.1081456505105E-17
  0.8250720000000E+14   0.1087242535773E-17
  0.9473370000000E+14   0.1075231024079E-17
  0.1087720000000E+15   0.1050027819328E-17
  0.1248910000000E+15   0.1021341695438E-17
  0.1433980000000E+15   0.9990462990848E-18
  0.1646470000000E+15   0.9937875568204E-18
  0.1890460000000E+15   0.1016220661303E-17
  0.2170600000000E+15   0.1070002992858E-17
  0.2492250000000E+15   0.1157605556844E-17
  0.2861570000000E+15   0.1277022066151E-17
  0.3285620000000E+15   0.1420682939617E-17
  0.3772500000000E+15   0.1575699910434E-17
  0.4331540000000E+15   0.1722589199091E-17
  0.4973410000000E+15   0.1836230816874E-17
  0.5710410000000E+15   0.1889621023948E-17
  0.6556610000000E+15   0.1859696657962E-17
  0.7528220000000E+15   0.1733169021117E-17
  0.8643800000000E+15   0.1515278018616E-17
  0.9924690000000E+15   0.1230157140988E-17
  0.1139540000000E+16   0.9124701473634E-18
  0.1308400000000E+16   0.6131832862429E-18
  0.1502290000000E+16   0.3662873449628E-18
  0.1724910000000E+16   0.1908129904267E-18
  0.1980520000000E+16   0.8465549358698E-19
  0.2274010000000E+16   0.3133531322476E-19
  0.2610990000000E+16   0.9413909894476E-20
  0.2997900000000E+16   0.2225511405189E-20
