mstar = 2 Msun, Rstar = 2.5 Rsun, Tstar = 10000, mdisk = 0.0076095 Msun, Rc = 150 AU, Rin = 0.5 AU, Rout = 250 AU, inclination = 45 degree, powerlaw = -1 
         130
  
  0.2997900000000E+11   0.9572230809881E-23
  0.3951060000000E+11   0.2180988877399E-22
  0.5207280000000E+11   0.4963721458757E-22
  0.6862910000000E+11   0.1127914382989E-21
  0.9044930000000E+11   0.2557446294006E-21
  0.1192070000000E+12   0.5781887113399E-21
  0.1571080000000E+12   0.1302084830492E-20
  0.2070600000000E+12   0.2917029199918E-20
  0.2728930000000E+12   0.6489456656820E-20
  0.3596580000000E+12   0.1559570137969E-19
  0.4740100000000E+12   0.4468442612346E-19
  0.6247180000000E+12   0.1258020448618E-18
  0.8233440000000E+12   0.3451119167621E-18
  0.1085120000000E+13   0.9143828786772E-18
  0.1430130000000E+13   0.2302543916063E-17
  0.1884830000000E+13   0.5396252576248E-17
  0.2484100000000E+13   0.1140097727235E-16
  0.3273910000000E+13   0.2068756648877E-16
  0.4314820000000E+13   0.3050936559375E-16
  0.5686700000000E+13   0.3497473574749E-16
  0.7494750000000E+13   0.3243237485197E-16
  0.7682960000000E+13   0.3201407188968E-16
  0.7875890000000E+13   0.3157301337008E-16
  0.8073670000000E+13   0.3110828005925E-16
  0.8276410000000E+13   0.3062349100404E-16
  0.8484250000000E+13   0.3012594644250E-16
  0.8697300000000E+13   0.2965587897118E-16
  0.8915700000000E+13   0.2916683595242E-16
  0.9139590000000E+13   0.2871984578008E-16
  0.9369100000000E+13   0.2826571818363E-16
  0.9604380000000E+13   0.2782835177327E-16
  0.9845560000000E+13   0.2740622944926E-16
  0.1009280000000E+14   0.2696817474052E-16
  0.1034620000000E+14   0.2653657924307E-16
  0.1060610000000E+14   0.2608256061078E-16
  0.1087240000000E+14   0.2566840787915E-16
  0.1114540000000E+14   0.2524030272639E-16
  0.1142530000000E+14   0.2482412856809E-16
  0.1171220000000E+14   0.2441252540656E-16
  0.1200630000000E+14   0.2398256280781E-16
  0.1230780000000E+14   0.2355307962244E-16
  0.1261690000000E+14   0.2309961903524E-16
  0.1293370000000E+14   0.2269824937935E-16
  0.1325850000000E+14   0.2227939886345E-16
  0.1359150000000E+14   0.2186994371369E-16
  0.1393280000000E+14   0.2145934422232E-16
  0.1428260000000E+14   0.2104753826925E-16
  0.1464130000000E+14   0.2068087938098E-16
  0.1500900000000E+14   0.2028569602693E-16
  0.1538590000000E+14   0.1976013667380E-16
  0.1577220000000E+14   0.1921652654027E-16
  0.1616830000000E+14   0.1833468495030E-16
  0.1657430000000E+14   0.1728453439857E-16
  0.1699050000000E+14   0.1615939688794E-16
  0.1741720000000E+14   0.1478755373955E-16
  0.1785460000000E+14   0.1349915087754E-16
  0.1830290000000E+14   0.1215083338484E-16
  0.1876260000000E+14   0.1088652150570E-16
  0.1923370000000E+14   0.9759298469829E-17
  0.1971670000000E+14   0.8737059153313E-17
  0.2021180000000E+14   0.7848951676113E-17
  0.2071940000000E+14   0.7152236411058E-17
  0.2123970000000E+14   0.6514540656576E-17
  0.2177310000000E+14   0.6432217483708E-17
  0.2231980000000E+14   0.6336017281469E-17
  0.2288030000000E+14   0.6394653969721E-17
  0.2345490000000E+14   0.6487472265707E-17
  0.2404390000000E+14   0.6591300272815E-17
  0.2464770000000E+14   0.6734661634642E-17
  0.2526660000000E+14   0.6837288617602E-17
  0.2590110000000E+14   0.6959619220961E-17
  0.2655150000000E+14   0.7041336623756E-17
  0.2721830000000E+14   0.7195024199366E-17
  0.2790180000000E+14   0.7343111483113E-17
  0.2860240000000E+14   0.7414312323600E-17
  0.2932070000000E+14   0.7404103660659E-17
  0.3005700000000E+14   0.7363134978150E-17
  0.3081180000000E+14   0.7172584501735E-17
  0.3158550000000E+14   0.6988356728821E-17
  0.3237870000000E+14   0.6257104090167E-17
  0.3319170000000E+14   0.5408313637333E-17
  0.3402530000000E+14   0.4627818800359E-17
  0.3487970000000E+14   0.3910395360081E-17
  0.3575560000000E+14   0.3242378160482E-17
  0.3665350000000E+14   0.2644359898358E-17
  0.3757390000000E+14   0.2068397779038E-17
  0.3851740000000E+14   0.1718063406284E-17
  0.3948470000000E+14   0.1433998080227E-17
  0.4047620000000E+14   0.1252864739919E-17
  0.4149260000000E+14   0.1189714525129E-17
  0.4253460000000E+14   0.1136738473496E-17
  0.4360270000000E+14   0.1121419299295E-17
  0.4469770000000E+14   0.1108415645482E-17
  0.4582010000000E+14   0.1097935743187E-17
  0.4697070000000E+14   0.1089387613110E-17
  0.4815020000000E+14   0.1081391692297E-17
  0.4935940000000E+14   0.1073805946256E-17
  0.5059890000000E+14   0.1067634388674E-17
  0.5186950000000E+14   0.1063293690958E-17
  0.5317200000000E+14   0.1059779416663E-17
  0.5450730000000E+14   0.1058463026585E-17
  0.6258450000000E+14   0.1066790841379E-17
  0.7185870000000E+14   0.1085310294989E-17
  0.8250720000000E+14   0.1091889302068E-17
  0.9473370000000E+14   0.1080476345365E-17
  0.1087720000000E+15   0.1055590670923E-17
  0.1248910000000E+15   0.1026887246659E-17
  0.1433980000000E+15   0.1004259320342E-17
  0.1646470000000E+15   0.9984592900872E-18
  0.1890460000000E+15   0.1020295356455E-17
  0.2170600000000E+15   0.1073496457300E-17
  0.2492250000000E+15   0.1160550482322E-17
  0.2861570000000E+15   0.1279397409893E-17
  0.3285620000000E+15   0.1422413800148E-17
  0.3772500000000E+15   0.1576769210480E-17
  0.4331540000000E+15   0.1723146364414E-17
  0.4973410000000E+15   0.1836535520837E-17
  0.5710410000000E+15   0.1889890663823E-17
  0.6556610000000E+15   0.1860051993437E-17
  0.7528220000000E+15   0.1733695034645E-17
  0.8643800000000E+15   0.1515919546120E-17
  0.9924690000000E+15   0.1230745717405E-17
  0.1139540000000E+16   0.9130731541203E-18
  0.1308400000000E+16   0.6135633632429E-18
  0.1502290000000E+16   0.3664749504426E-18
  0.1724910000000E+16   0.1908862453896E-18
  0.1980520000000E+16   0.8468979371202E-19
  0.2274010000000E+16   0.3134771621950E-19
  0.2610990000000E+16   0.9417567248677E-20
  0.2997900000000E+16   0.2226363734141E-20
