mstar = 2 Msun, Rstar = 2.5 Rsun, Tstar = 10000, mdisk = 0.0075599 Msun, Rc = 150 AU, Rin = 0.5 AU, Rout = 250 AU, inclination = 45 degree, powerlaw = -1 
         130
  
  0.2997900000000E+11   0.9506069592328E-23
  0.3951060000000E+11   0.2165901559861E-22
  0.5207280000000E+11   0.4929359041448E-22
  0.6862910000000E+11   0.1120100910690E-21
  0.9044930000000E+11   0.2539718345918E-21
  0.1192070000000E+12   0.5741780137840E-21
  0.1571080000000E+12   0.1293045775364E-20
  0.2070600000000E+12   0.2896761089547E-20
  0.2728930000000E+12   0.6444318234698E-20
  0.3596580000000E+12   0.1548710950080E-19
  0.4740100000000E+12   0.4437321417506E-19
  0.6247180000000E+12   0.1249263747620E-18
  0.8233440000000E+12   0.3427170297543E-18
  0.1085120000000E+13   0.9080900773810E-18
  0.1430130000000E+13   0.2286965747629E-17
  0.1884830000000E+13   0.5361009439822E-17
  0.2484100000000E+13   0.1133166020321E-16
  0.3273910000000E+13   0.2057867159189E-16
  0.4314820000000E+13   0.3038937372466E-16
  0.5686700000000E+13   0.3489687970402E-16
  0.7494750000000E+13   0.3240541114119E-16
  0.7682960000000E+13   0.3199040205668E-16
  0.7875890000000E+13   0.3155244537550E-16
  0.8073670000000E+13   0.3109065181719E-16
  0.8276410000000E+13   0.3060866334236E-16
  0.8484250000000E+13   0.3011377725458E-16
  0.8697300000000E+13   0.2964619644726E-16
  0.8915700000000E+13   0.2915955880560E-16
  0.9139590000000E+13   0.2871484337001E-16
  0.9369100000000E+13   0.2826292754400E-16
  0.9604380000000E+13   0.2782770347766E-16
  0.9845560000000E+13   0.2740763220081E-16
  0.1009280000000E+14   0.2697156587234E-16
  0.1034620000000E+14   0.2654187223584E-16
  0.1060610000000E+14   0.2608967952809E-16
  0.1087240000000E+14   0.2567726270833E-16
  0.1114540000000E+14   0.2525082074222E-16
  0.1142530000000E+14   0.2483621448226E-16
  0.1171220000000E+14   0.2442604513609E-16
  0.1200630000000E+14   0.2399739357640E-16
  0.1230780000000E+14   0.2356910690076E-16
  0.1261690000000E+14   0.2311666869525E-16
  0.1293370000000E+14   0.2271612901766E-16
  0.1325850000000E+14   0.2229790413251E-16
  0.1359150000000E+14   0.2188891130165E-16
  0.1393280000000E+14   0.2147859394018E-16
  0.1428260000000E+14   0.2106690315199E-16
  0.1464130000000E+14   0.2070023007063E-16
  0.1500900000000E+14   0.2030482640580E-16
  0.1538590000000E+14   0.1977880071948E-16
  0.1577220000000E+14   0.1923458468662E-16
  0.1616830000000E+14   0.1835200577417E-16
  0.1657430000000E+14   0.1730110538467E-16
  0.1699050000000E+14   0.1617525534871E-16
  0.1741720000000E+14   0.1480283408014E-16
  0.1785460000000E+14   0.1351409571676E-16
  0.1830290000000E+14   0.1216579674182E-16
  0.1876260000000E+14   0.1090177575835E-16
  0.1923370000000E+14   0.9775008158317E-17
  0.1971670000000E+14   0.8753272872285E-17
  0.2021180000000E+14   0.7865584789333E-17
  0.2071940000000E+14   0.7169099088022E-17
  0.2123970000000E+14   0.6531600252171E-17
  0.2177310000000E+14   0.6448794943743E-17
  0.2231980000000E+14   0.6352077146469E-17
  0.2288030000000E+14   0.6409818518827E-17
  0.2345490000000E+14   0.6501546931024E-17
  0.2404390000000E+14   0.6604122494312E-17
  0.2464770000000E+14   0.6746167550124E-17
  0.2526660000000E+14   0.6847579006263E-17
  0.2590110000000E+14   0.6968874195504E-17
  0.2655150000000E+14   0.7049879237952E-17
  0.2721830000000E+14   0.7202739984384E-17
  0.2790180000000E+14   0.7350026528765E-17
  0.2860240000000E+14   0.7420650438759E-17
  0.2932070000000E+14   0.7410164932810E-17
  0.3005700000000E+14   0.7368848345702E-17
  0.3081180000000E+14   0.7178542519690E-17
  0.3158550000000E+14   0.6994664065345E-17
  0.3237870000000E+14   0.6265680914268E-17
  0.3319170000000E+14   0.5418477787783E-17
  0.3402530000000E+14   0.4638882939015E-17
  0.3487970000000E+14   0.3922151169991E-17
  0.3575560000000E+14   0.3254575587321E-17
  0.3665350000000E+14   0.2656362547194E-17
  0.3757390000000E+14   0.2079904590589E-17
  0.3851740000000E+14   0.1728283228657E-17
  0.3948470000000E+14   0.1442404946331E-17
  0.4047620000000E+14   0.1259920434425E-17
  0.4149260000000E+14   0.1196062150437E-17
  0.4253460000000E+14   0.1142468394932E-17
  0.4360270000000E+14   0.1126746958359E-17
  0.4469770000000E+14   0.1113361526873E-17
  0.4582010000000E+14   0.1102519569802E-17
  0.4697070000000E+14   0.1093627464959E-17
  0.4815020000000E+14   0.1085303524747E-17
  0.4935940000000E+14   0.1077408892316E-17
  0.5059890000000E+14   0.1070951491605E-17
  0.5186950000000E+14   0.1066349278942E-17
  0.5317200000000E+14   0.1062593494536E-17
  0.5450730000000E+14   0.1061053607593E-17
  0.6258450000000E+14   0.1068410416076E-17
  0.7185870000000E+14   0.1086248559660E-17
  0.8250720000000E+14   0.1092351312070E-17
  0.9473370000000E+14   0.1080625512515E-17
  0.1087720000000E+15   0.1055581055161E-17
  0.1248910000000E+15   0.1026892771147E-17
  0.1433980000000E+15   0.1004438189916E-17
  0.1646470000000E+15   0.9988842074399E-18
  0.1890460000000E+15   0.1020928901751E-17
  0.2170600000000E+15   0.1074224365183E-17
  0.2492250000000E+15   0.1161248962432E-17
  0.2861570000000E+15   0.1279979096155E-17
  0.3285620000000E+15   0.1422833880631E-17
  0.3772500000000E+15   0.1577027714845E-17
  0.4331540000000E+15   0.1723282565148E-17
  0.4973410000000E+15   0.1836602501558E-17
  0.5710410000000E+15   0.1889931153451E-17
  0.6556610000000E+15   0.1860091347337E-17
  0.7528220000000E+15   0.1733748051336E-17
  0.8643800000000E+15   0.1515983207112E-17
  0.9924690000000E+15   0.1230804027258E-17
  0.1139540000000E+16   0.9131328878250E-18
  0.1308400000000E+16   0.6136010121345E-18
  0.1502290000000E+16   0.3664935327635E-18
  0.1724910000000E+16   0.1908935007809E-18
  0.1980520000000E+16   0.8469319093890E-19
  0.2274010000000E+16   0.3134894465731E-19
  0.2610990000000E+16   0.9417929484914E-20
  0.2997900000000E+16   0.2226448151313E-20
