mstar = 2 Msun, Rstar = 2.5 Rsun, Tstar = 10000, mdisk = 0.005428 Msun, Rc = 150 AU, Rin = 0.5 AU, Rout = 250 AU, inclination = 45 degree, powerlaw = -0.5 
         130
  
  0.2997900000000E+11   0.7045545085468E-23
  0.3951060000000E+11   0.1605125847070E-22
  0.5207280000000E+11   0.3653109468440E-22
  0.6862910000000E+11   0.8301885622660E-22
  0.9044930000000E+11   0.1882790549354E-21
  0.1192070000000E+12   0.4258114350151E-21
  0.1571080000000E+12   0.9594208418086E-21
  0.2070600000000E+12   0.2150905805709E-20
  0.2728930000000E+12   0.4789770410977E-20
  0.3596580000000E+12   0.1152715588146E-19
  0.4740100000000E+12   0.3310140477018E-19
  0.6247180000000E+12   0.9350541968432E-19
  0.8233440000000E+12   0.2578248898106E-18
  0.1085120000000E+13   0.6885253187902E-18
  0.1430130000000E+13   0.1755357942808E-17
  0.1884830000000E+13   0.4194996924497E-17
  0.2484100000000E+13   0.9139883067127E-17
  0.3273910000000E+13   0.1738024247960E-16
  0.4314820000000E+13   0.2736053158636E-16
  0.5686700000000E+13   0.3361760758930E-16
  0.7494750000000E+13   0.3215585093267E-16
  0.7682960000000E+13   0.3173589116226E-16
  0.7875890000000E+13   0.3128074874104E-16
  0.8073670000000E+13   0.3079189819353E-16
  0.8276410000000E+13   0.3027522443927E-16
  0.8484250000000E+13   0.2973990370648E-16
  0.8697300000000E+13   0.2922553234500E-16
  0.8915700000000E+13   0.2869060966245E-16
  0.9139590000000E+13   0.2819359929616E-16
  0.9369100000000E+13   0.2769051637981E-16
  0.9604380000000E+13   0.2720500261953E-16
  0.9845560000000E+13   0.2673693472534E-16
  0.1009280000000E+14   0.2625842501582E-16
  0.1034620000000E+14   0.2579093540916E-16
  0.1060610000000E+14   0.2530791559893E-16
  0.1087240000000E+14   0.2486782812691E-16
  0.1114540000000E+14   0.2442035601941E-16
  0.1142530000000E+14   0.2398957692067E-16
  0.1171220000000E+14   0.2356829479905E-16
  0.1200630000000E+14   0.2313435507861E-16
  0.1230780000000E+14   0.2270504813206E-16
  0.1261690000000E+14   0.2225651509711E-16
  0.1293370000000E+14   0.2186084421409E-16
  0.1325850000000E+14   0.2145117996222E-16
  0.1359150000000E+14   0.2105279716864E-16
  0.1393280000000E+14   0.2065517274414E-16
  0.1428260000000E+14   0.2025789281625E-16
  0.1464130000000E+14   0.1990526212932E-16
  0.1500900000000E+14   0.1952617061501E-16
  0.1538590000000E+14   0.1902221947754E-16
  0.1577220000000E+14   0.1850128401633E-16
  0.1616830000000E+14   0.1765470542771E-16
  0.1657430000000E+14   0.1664597256453E-16
  0.1699050000000E+14   0.1556487167780E-16
  0.1741720000000E+14   0.1424590593790E-16
  0.1785460000000E+14   0.1300731888570E-16
  0.1830290000000E+14   0.1171091003989E-16
  0.1876260000000E+14   0.1049520916153E-16
  0.1923370000000E+14   0.9411451866535E-17
  0.1971670000000E+14   0.8428642907857E-17
  0.2021180000000E+14   0.7574763860206E-17
  0.2071940000000E+14   0.6904836301481E-17
  0.2123970000000E+14   0.6291488334328E-17
  0.2177310000000E+14   0.6212664256961E-17
  0.2231980000000E+14   0.6120959936175E-17
  0.2288030000000E+14   0.6179158403062E-17
  0.2345490000000E+14   0.6270975966799E-17
  0.2404390000000E+14   0.6373940122584E-17
  0.2464770000000E+14   0.6515687734809E-17
  0.2526660000000E+14   0.6618278414108E-17
  0.2590110000000E+14   0.6740121602376E-17
  0.2655150000000E+14   0.6822849647924E-17
  0.2721830000000E+14   0.6975413946570E-17
  0.2790180000000E+14   0.7122695269814E-17
  0.2860240000000E+14   0.7195680942995E-17
  0.2932070000000E+14   0.7189770111391E-17
  0.3005700000000E+14   0.7153939123694E-17
  0.3081180000000E+14   0.6972600865541E-17
  0.3158550000000E+14   0.6797295297449E-17
  0.3237870000000E+14   0.6089273594625E-17
  0.3319170000000E+14   0.5266201358532E-17
  0.3402530000000E+14   0.4509219744188E-17
  0.3487970000000E+14   0.3812747942865E-17
  0.3575560000000E+14   0.3163545630308E-17
  0.3665350000000E+14   0.2581716851321E-17
  0.3757390000000E+14   0.2021005551832E-17
  0.3851740000000E+14   0.1680791842345E-17
  0.3948470000000E+14   0.1404759825985E-17
  0.4047620000000E+14   0.1228648374166E-17
  0.4149260000000E+14   0.1167822254277E-17
  0.4253460000000E+14   0.1116744796446E-17
  0.4360270000000E+14   0.1102765316061E-17
  0.4469770000000E+14   0.1090941812772E-17
  0.4582010000000E+14   0.1081477038355E-17
  0.4697070000000E+14   0.1073782412706E-17
  0.4815020000000E+14   0.1066483855232E-17
  0.4935940000000E+14   0.1059438007008E-17
  0.5059890000000E+14   0.1053652056639E-17
  0.5186950000000E+14   0.1049555335476E-17
  0.5317200000000E+14   0.1046149523567E-17
  0.5450730000000E+14   0.1044823143529E-17
  0.6258450000000E+14   0.1051383317779E-17
  0.7185870000000E+14   0.1066522741372E-17
  0.8250720000000E+14   0.1069691412324E-17
  0.9473370000000E+14   0.1056223104550E-17
  0.1087720000000E+15   0.1031595000738E-17
  0.1248910000000E+15   0.1005769962839E-17
  0.1433980000000E+15   0.9882612585034E-18
  0.1646470000000E+15   0.9887666453754E-18
  0.1890460000000E+15   0.1016662295518E-17
  0.2170600000000E+15   0.1074522921624E-17
  0.2492250000000E+15   0.1164271904600E-17
  0.2861570000000E+15   0.1284014480270E-17
  0.3285620000000E+15   0.1426593695818E-17
  0.3772500000000E+15   0.1579780368512E-17
  0.4331540000000E+15   0.1724945452513E-17
  0.4973410000000E+15   0.1837575743675E-17
  0.5710410000000E+15   0.1890708517535E-17
  0.6556610000000E+15   0.1861015474202E-17
  0.7528220000000E+15   0.1735070364202E-17
  0.8643800000000E+15   0.1517585791670E-17
  0.9924690000000E+15   0.1232273307863E-17
  0.1139540000000E+16   0.9146385447715E-18
  0.1308400000000E+16   0.6145499517469E-18
  0.1502290000000E+16   0.3669618346784E-18
  0.1724910000000E+16   0.1910763169613E-18
  0.1980520000000E+16   0.8477879420191E-19
  0.2274010000000E+16   0.3137989843622E-19
  0.2610990000000E+16   0.9427056910062E-20
  0.2997900000000E+16   0.2228575232525E-20
