mstar = 2 Msun, Rstar = 2.5 Rsun, Tstar = 10000, mdisk = 0.00067031 Msun, Rc = 150 AU, Rin = 0.5 AU, Rout = 250 AU, inclination = 45 degree, powerlaw = -0.5 
         130
  
  0.2997900000000E+11   0.1091145058739E-23
  0.3951060000000E+11   0.2475037291191E-23
  0.5207280000000E+11   0.5616585649032E-23
  0.6862910000000E+11   0.1274287698113E-22
  0.9044930000000E+11   0.2888474968366E-22
  0.1192070000000E+12   0.6536461275905E-22
  0.1571080000000E+12   0.1475373930503E-21
  0.2070600000000E+12   0.3317861071519E-21
  0.2728930000000E+12   0.7423136762690E-21
  0.3596580000000E+12   0.1798490218050E-20
  0.4740100000000E+12   0.5216256928030E-20
  0.6247180000000E+12   0.1495240278876E-19
  0.8233440000000E+12   0.4211644179359E-19
  0.1085120000000E+13   0.1160367550554E-18
  0.1430130000000E+13   0.3098328664644E-18
  0.1884830000000E+13   0.7938563567516E-18
  0.2484100000000E+13   0.1923722159182E-17
  0.3273910000000E+13   0.4304723615373E-17
  0.4314820000000E+13   0.8662091728728E-17
  0.5686700000000E+13   0.1497722529831E-16
  0.7494750000000E+13   0.2094740231831E-16
  0.7682960000000E+13   0.2132330709004E-16
  0.7875890000000E+13   0.2164871502971E-16
  0.8073670000000E+13   0.2191707382329E-16
  0.8276410000000E+13   0.2212818134973E-16
  0.8484250000000E+13   0.2228710698731E-16
  0.8697300000000E+13   0.2243688505110E-16
  0.8915700000000E+13   0.2252158830524E-16
  0.9139590000000E+13   0.2260759257695E-16
  0.9369100000000E+13   0.2263808668316E-16
  0.9604380000000E+13   0.2263824847744E-16
  0.9845560000000E+13   0.2260536332670E-16
  0.1009280000000E+14   0.2250762529612E-16
  0.1034620000000E+14   0.2236924328536E-16
  0.1060610000000E+14   0.2216391992971E-16
  0.1087240000000E+14   0.2195298926228E-16
  0.1114540000000E+14   0.2168721681138E-16
  0.1142530000000E+14   0.2139303391073E-16
  0.1171220000000E+14   0.2106615497268E-16
  0.1200630000000E+14   0.2069049136201E-16
  0.1230780000000E+14   0.2028593576289E-16
  0.1261690000000E+14   0.1983688771427E-16
  0.1293370000000E+14   0.1940654133450E-16
  0.1325850000000E+14   0.1894389644358E-16
  0.1359150000000E+14   0.1847335640110E-16
  0.1393280000000E+14   0.1799097696470E-16
  0.1428260000000E+14   0.1750065307300E-16
  0.1464130000000E+14   0.1703753493070E-16
  0.1500900000000E+14   0.1655453991024E-16
  0.1538590000000E+14   0.1598858636195E-16
  0.1577220000000E+14   0.1541853863322E-16
  0.1616830000000E+14   0.1463749639912E-16
  0.1657430000000E+14   0.1375951274313E-16
  0.1699050000000E+14   0.1284580245584E-16
  0.1741720000000E+14   0.1178418124669E-16
  0.1785460000000E+14   0.1078881523287E-16
  0.1830290000000E+14   0.9765071847585E-17
  0.1876260000000E+14   0.8805492164163E-17
  0.1923370000000E+14   0.7944298139675E-17
  0.1971670000000E+14   0.7159787701795E-17
  0.2021180000000E+14   0.6471133790085E-17
  0.2071940000000E+14   0.5917431751045E-17
  0.2123970000000E+14   0.5409757747450E-17
  0.2177310000000E+14   0.5284120347589E-17
  0.2231980000000E+14   0.5152611267630E-17
  0.2288030000000E+14   0.5128511498372E-17
  0.2345490000000E+14   0.5133172301968E-17
  0.2404390000000E+14   0.5153830990624E-17
  0.2464770000000E+14   0.5211782695465E-17
  0.2526660000000E+14   0.5253864535237E-17
  0.2590110000000E+14   0.5321132475945E-17
  0.2655150000000E+14   0.5370863785726E-17
  0.2721830000000E+14   0.5481906565016E-17
  0.2790180000000E+14   0.5598600212767E-17
  0.2860240000000E+14   0.5666660578540E-17
  0.2932070000000E+14   0.5679771149484E-17
  0.3005700000000E+14   0.5673412495220E-17
  0.3081180000000E+14   0.5556247704977E-17
  0.3158550000000E+14   0.5444554544699E-17
  0.3237870000000E+14   0.4914157364156E-17
  0.3319170000000E+14   0.4290877838695E-17
  0.3402530000000E+14   0.3716560181863E-17
  0.3487970000000E+14   0.3187084541579E-17
  0.3575560000000E+14   0.2691954973020E-17
  0.3665350000000E+14   0.2246569693902E-17
  0.3757390000000E+14   0.1814216306904E-17
  0.3851740000000E+14   0.1548793993833E-17
  0.3948470000000E+14   0.1323993591149E-17
  0.4047620000000E+14   0.1167027368878E-17
  0.4149260000000E+14   0.1109187841708E-17
  0.4253460000000E+14   0.1057445794630E-17
  0.4360270000000E+14   0.1044757637325E-17
  0.4469770000000E+14   0.1033671348431E-17
  0.4582010000000E+14   0.1024507002635E-17
  0.4697070000000E+14   0.1016659630198E-17
  0.4815020000000E+14   0.1008557829302E-17
  0.4935940000000E+14   0.1000056692606E-17
  0.5059890000000E+14   0.9924485923912E-18
  0.5186950000000E+14   0.9863982024294E-18
  0.5317200000000E+14   0.9807406611852E-18
  0.5450730000000E+14   0.9773836211736E-18
  0.6258450000000E+14   0.9735711445100E-18
  0.7185870000000E+14   0.9819229184016E-18
  0.8250720000000E+14   0.9816977609752E-18
  0.9473370000000E+14   0.9702276310926E-18
  0.1087720000000E+15   0.9544254855564E-18
  0.1248910000000E+15   0.9433474946577E-18
  0.1433980000000E+15   0.9439991207917E-18
  0.1646470000000E+15   0.9628376732569E-18
  0.1890460000000E+15   0.1006213173240E-17
  0.2170600000000E+15   0.1075090612483E-17
  0.2492250000000E+15   0.1171077742303E-17
  0.2861570000000E+15   0.1293146868000E-17
  0.3285620000000E+15   0.1435311166808E-17
  0.3772500000000E+15   0.1586565258365E-17
  0.4331540000000E+15   0.1729585006489E-17
  0.4973410000000E+15   0.1840792398792E-17
  0.5710410000000E+15   0.1893565187687E-17
  0.6556610000000E+15   0.1864461133701E-17
  0.7528220000000E+15   0.1739982986334E-17
  0.8643800000000E+15   0.1523535901859E-17
  0.9924690000000E+15   0.1237729404534E-17
  0.1139540000000E+16   0.9202356140073E-18
  0.1308400000000E+16   0.6180766498703E-18
  0.1502290000000E+16   0.3687011623516E-18
  0.1724910000000E+16   0.1917548068837E-18
  0.1980520000000E+16   0.8509653519325E-19
  0.2274010000000E+16   0.3149478593360E-19
  0.2610990000000E+16   0.9460932647275E-20
  0.2997900000000E+16   0.2236469475280E-20
