mstar = 2 Msun, Rstar = 2.5 Rsun, Tstar = 10000, mdisk = 0.0051183 Msun, Rc = 150 AU, Rin = 0.5 AU, Rout = 250 AU, inclination = 45 degree, powerlaw = -0.5 
         130
  
  0.2997900000000E+11   0.6682936982993E-23
  0.3951060000000E+11   0.1522476685943E-22
  0.5207280000000E+11   0.3464988680693E-22
  0.6862910000000E+11   0.7874483785346E-22
  0.9044930000000E+11   0.1785923096021E-21
  0.1192070000000E+12   0.4039279955888E-21
  0.1571080000000E+12   0.9101947824007E-21
  0.2070600000000E+12   0.2040802755949E-20
  0.2728930000000E+12   0.4545371951689E-20
  0.3596580000000E+12   0.1094167332092E-19
  0.4740100000000E+12   0.3143215202065E-19
  0.6247180000000E+12   0.8884040128359E-19
  0.8233440000000E+12   0.2451697585729E-18
  0.1085120000000E+13   0.6555771932892E-18
  0.1430130000000E+13   0.1674704589623E-17
  0.1884830000000E+13   0.4014864400944E-17
  0.2484100000000E+13   0.8790940146675E-17
  0.3273910000000E+13   0.1684483039636E-16
  0.4314820000000E+13   0.2681015771844E-16
  0.5686700000000E+13   0.3335897430268E-16
  0.7494750000000E+13   0.3213165618119E-16
  0.7682960000000E+13   0.3171355627449E-16
  0.7875890000000E+13   0.3125709324142E-16
  0.8073670000000E+13   0.3076409883463E-16
  0.8276410000000E+13   0.3024084772197E-16
  0.8484250000000E+13   0.2969686822548E-16
  0.8697300000000E+13   0.2917167791654E-16
  0.8915700000000E+13   0.2862468216274E-16
  0.9139590000000E+13   0.2811391938458E-16
  0.9369100000000E+13   0.2759646485954E-16
  0.9604380000000E+13   0.2709599732425E-16
  0.9845560000000E+13   0.2661278621415E-16
  0.1009280000000E+14   0.2611980517492E-16
  0.1034620000000E+14   0.2563845574896E-16
  0.1060610000000E+14   0.2514288095529E-16
  0.1087240000000E+14   0.2469073612523E-16
  0.1114540000000E+14   0.2423267001525E-16
  0.1142530000000E+14   0.2379244143106E-16
  0.1171220000000E+14   0.2336305879223E-16
  0.1200630000000E+14   0.2292266071096E-16
  0.1230780000000E+14   0.2248824283310E-16
  0.1261690000000E+14   0.2203617480572E-16
  0.1293370000000E+14   0.2163751418092E-16
  0.1325850000000E+14   0.2122618862530E-16
  0.1359150000000E+14   0.2082705725559E-16
  0.1393280000000E+14   0.2042966865562E-16
  0.1428260000000E+14   0.2003344555788E-16
  0.1464130000000E+14   0.1968215315651E-16
  0.1500900000000E+14   0.1930528174871E-16
  0.1538590000000E+14   0.1880522523003E-16
  0.1577220000000E+14   0.1828877430344E-16
  0.1616830000000E+14   0.1744991271103E-16
  0.1657430000000E+14   0.1645059721251E-16
  0.1699050000000E+14   0.1537983407563E-16
  0.1741720000000E+14   0.1407361068505E-16
  0.1785460000000E+14   0.1284734051036E-16
  0.1830290000000E+14   0.1156430588285E-16
  0.1876260000000E+14   0.1036167930980E-16
  0.1923370000000E+14   0.9290061731695E-17
  0.1971670000000E+14   0.8318585823745E-17
  0.2021180000000E+14   0.7474948970794E-17
  0.2071940000000E+14   0.6813461834847E-17
  0.2123970000000E+14   0.6208105863372E-17
  0.2177310000000E+14   0.6130927438476E-17
  0.2231980000000E+14   0.6041165487754E-17
  0.2288030000000E+14   0.6099706634033E-17
  0.2345490000000E+14   0.6191607855178E-17
  0.2404390000000E+14   0.6294489566801E-17
  0.2464770000000E+14   0.6435596379711E-17
  0.2526660000000E+14   0.6538087861550E-17
  0.2590110000000E+14   0.6659718200461E-17
  0.2655150000000E+14   0.6742690966216E-17
  0.2721830000000E+14   0.6894741119694E-17
  0.2790180000000E+14   0.7041596024916E-17
  0.2860240000000E+14   0.7114540027880E-17
  0.2932070000000E+14   0.7109356584918E-17
  0.3005700000000E+14   0.7074489084308E-17
  0.3081180000000E+14   0.6895687870145E-17
  0.3158550000000E+14   0.6722806734510E-17
  0.3237870000000E+14   0.6023302261090E-17
  0.3319170000000E+14   0.5210362066668E-17
  0.3402530000000E+14   0.4462879520529E-17
  0.3487970000000E+14   0.3775824277678E-17
  0.3575560000000E+14   0.3135890520236E-17
  0.3665350000000E+14   0.2562241671614E-17
  0.3757390000000E+14   0.2009788980214E-17
  0.3851740000000E+14   0.1674148466068E-17
  0.3948470000000E+14   0.1401523635331E-17
  0.4047620000000E+14   0.1226788104443E-17
  0.4149260000000E+14   0.1166314713638E-17
  0.4253460000000E+14   0.1115428328321E-17
  0.4360270000000E+14   0.1101579837408E-17
  0.4469770000000E+14   0.1089865947663E-17
  0.4582010000000E+14   0.1080496881923E-17
  0.4697070000000E+14   0.1072889991630E-17
  0.4815020000000E+14   0.1065668415074E-17
  0.4935940000000E+14   0.1058691906475E-17
  0.5059890000000E+14   0.1052976300761E-17
  0.5186950000000E+14   0.1048959828211E-17
  0.5317200000000E+14   0.1045638711152E-17
  0.5450730000000E+14   0.1044418674038E-17
  0.6258450000000E+14   0.1051835091371E-17
  0.7185870000000E+14   0.1068062301146E-17
  0.8250720000000E+14   0.1072151567898E-17
  0.9473370000000E+14   0.1059206004428E-17
  0.1087720000000E+15   0.1034618213162E-17
  0.1248910000000E+15   0.1008400121824E-17
  0.1433980000000E+15   0.9902351554505E-18
  0.1646470000000E+15   0.9900417500389E-18
  0.1890460000000E+15   0.1017359809732E-17
  0.2170600000000E+15   0.1074807564143E-17
  0.2492250000000E+15   0.1164296139353E-17
  0.2861570000000E+15   0.1283913056096E-17
  0.3285620000000E+15   0.1426477004826E-17
  0.3772500000000E+15   0.1579709542265E-17
  0.4331540000000E+15   0.1724932158646E-17
  0.4973410000000E+15   0.1837612975109E-17
  0.5710410000000E+15   0.1890795324934E-17
  0.6556610000000E+15   0.1861158768462E-17
  0.7528220000000E+15   0.1735291266145E-17
  0.8643800000000E+15   0.1517856731772E-17
  0.9924690000000E+15   0.1232522056894E-17
  0.1139540000000E+16   0.9148935612132E-18
  0.1308400000000E+16   0.6147106683024E-18
  0.1502290000000E+16   0.3670411359766E-18
  0.1724910000000E+16   0.1911072689019E-18
  0.1980520000000E+16   0.8479328782734E-19
  0.2274010000000E+16   0.3138513919859E-19
  0.2610990000000E+16   0.9428602251485E-20
  0.2997900000000E+16   0.2228935360403E-20
