mstar = 2 Msun, Rstar = 2.5 Rsun, Tstar = 10000, mdisk = 0.0025652 Msun, Rc = 150 AU, Rin = 0.5 AU, Rout = 250 AU, inclination = 45 degree, powerlaw = -0.5 
         130
  
  0.2997900000000E+11   0.3601030425515E-23
  0.3951060000000E+11   0.8199079131318E-23
  0.5207280000000E+11   0.1865512493925E-22
  0.6862910000000E+11   0.4239543027855E-22
  0.9044930000000E+11   0.9617892490176E-22
  0.1192070000000E+12   0.2176563348442E-21
  0.1571080000000E+12   0.4909110853298E-21
  0.2070600000000E+12   0.1102186960897E-20
  0.2728930000000E+12   0.2459481131766E-20
  0.3596580000000E+12   0.5936263869732E-20
  0.4740100000000E+12   0.1712143760509E-19
  0.6247180000000E+12   0.4867569130838E-19
  0.8233440000000E+12   0.1354858214636E-18
  0.1085120000000E+13   0.3669486998799E-18
  0.1430130000000E+13   0.9557209700366E-18
  0.1884830000000E+13   0.2360539735138E-17
  0.2484100000000E+13   0.5414185510032E-17
  0.3273910000000E+13   0.1114646265739E-16
  0.4314820000000E+13   0.1974912434656E-16
  0.5686700000000E+13   0.2827811712021E-16
  0.7494750000000E+13   0.3087231284501E-16
  0.7682960000000E+13   0.3069462385118E-16
  0.7875890000000E+13   0.3044525824035E-16
  0.8073670000000E+13   0.3012503873226E-16
  0.8276410000000E+13   0.2974080896965E-16
  0.8484250000000E+13   0.2930358410536E-16
  0.8697300000000E+13   0.2885563630000E-16
  0.8915700000000E+13   0.2835516057405E-16
  0.9139590000000E+13   0.2786267282883E-16
  0.9369100000000E+13   0.2733675032375E-16
  0.9604380000000E+13   0.2680335732733E-16
  0.9845560000000E+13   0.2626544971438E-16
  0.1009280000000E+14   0.2570188876964E-16
  0.1034620000000E+14   0.2513643437621E-16
  0.1060610000000E+14   0.2455003653581E-16
  0.1087240000000E+14   0.2399718834292E-16
  0.1114540000000E+14   0.2343792846609E-16
  0.1142530000000E+14   0.2289600981389E-16
  0.1171220000000E+14   0.2236807814864E-16
  0.1200630000000E+14   0.2183763080871E-16
  0.1230780000000E+14   0.2132095749452E-16
  0.1261690000000E+14   0.2079887194891E-16
  0.1293370000000E+14   0.2033362224222E-16
  0.1325850000000E+14   0.1986847317301E-16
  0.1359150000000E+14   0.1942503473616E-16
  0.1393280000000E+14   0.1899391498289E-16
  0.1428260000000E+14   0.1857402944692E-16
  0.1464130000000E+14   0.1820364042977E-16
  0.1500900000000E+14   0.1781923224971E-16
  0.1538590000000E+14   0.1733145488454E-16
  0.1577220000000E+14   0.1683473511237E-16
  0.1616830000000E+14   0.1605059341860E-16
  0.1657430000000E+14   0.1512393039880E-16
  0.1699050000000E+14   0.1413484833542E-16
  0.1741720000000E+14   0.1293451736819E-16
  0.1785460000000E+14   0.1180883429336E-16
  0.1830290000000E+14   0.1063411046134E-16
  0.1876260000000E+14   0.9534581979775E-17
  0.1923370000000E+14   0.8555460595308E-17
  0.1971670000000E+14   0.7668570455797E-17
  0.2021180000000E+14   0.6898221552275E-17
  0.2071940000000E+14   0.6292169193643E-17
  0.2123970000000E+14   0.5737672640217E-17
  0.2177310000000E+14   0.5656517352185E-17
  0.2231980000000E+14   0.5567546598363E-17
  0.2288030000000E+14   0.5615955518185E-17
  0.2345490000000E+14   0.5698482753964E-17
  0.2404390000000E+14   0.5794401874296E-17
  0.2464770000000E+14   0.5928153843897E-17
  0.2526660000000E+14   0.6028465595086E-17
  0.2590110000000E+14   0.6148095652384E-17
  0.2655150000000E+14   0.6233097149477E-17
  0.2721830000000E+14   0.6383464139236E-17
  0.2790180000000E+14   0.6530142312375E-17
  0.2860240000000E+14   0.6608984375591E-17
  0.2932070000000E+14   0.6615551621793E-17
  0.3005700000000E+14   0.6594758045759E-17
  0.3081180000000E+14   0.6439237360060E-17
  0.3158550000000E+14   0.6289140973929E-17
  0.3237870000000E+14   0.5643785300389E-17
  0.3319170000000E+14   0.4890919130766E-17
  0.3402530000000E+14   0.4198566681905E-17
  0.3487970000000E+14   0.3561509658362E-17
  0.3575560000000E+14   0.2967118742341E-17
  0.3665350000000E+14   0.2433786615404E-17
  0.3757390000000E+14   0.1919474513310E-17
  0.3851740000000E+14   0.1608833463653E-17
  0.3948470000000E+14   0.1356179330515E-17
  0.4047620000000E+14   0.1194097744554E-17
  0.4149260000000E+14   0.1138638800048E-17
  0.4253460000000E+14   0.1091636600651E-17
  0.4360270000000E+14   0.1079566750085E-17
  0.4469770000000E+14   0.1069351195270E-17
  0.4582010000000E+14   0.1061199974492E-17
  0.4697070000000E+14   0.1054558561005E-17
  0.4815020000000E+14   0.1048083224138E-17
  0.4935940000000E+14   0.1041627164902E-17
  0.5059890000000E+14   0.1036204737535E-17
  0.5186950000000E+14   0.1032280466188E-17
  0.5317200000000E+14   0.1028874791312E-17
  0.5450730000000E+14   0.1027434854338E-17
  0.6258450000000E+14   0.1032120612989E-17
  0.7185870000000E+14   0.1045145659967E-17
  0.8250720000000E+14   0.1046964211256E-17
  0.9473370000000E+14   0.1033608993865E-17
  0.1087720000000E+15   0.1011034825820E-17
  0.1248910000000E+15   0.9890728980445E-18
  0.1433980000000E+15   0.9766972454944E-18
  0.1646470000000E+15   0.9828687985525E-18
  0.1890460000000E+15   0.1016092580324E-17
  0.2170600000000E+15   0.1078047396528E-17
  0.2492250000000E+15   0.1169943508081E-17
  0.2861570000000E+15   0.1289985384697E-17
  0.3285620000000E+15   0.1431705596813E-17
  0.3772500000000E+15   0.1583561940546E-17
  0.4331540000000E+15   0.1727424179920E-17
  0.4973410000000E+15   0.1839172780835E-17
  0.5710410000000E+15   0.1892036689366E-17
  0.6556610000000E+15   0.1862592592234E-17
  0.7528220000000E+15   0.1737323633588E-17
  0.8643800000000E+15   0.1520318272885E-17
  0.9924690000000E+15   0.1234779202517E-17
  0.1139540000000E+16   0.9172081081970E-18
  0.1308400000000E+16   0.6161691981742E-18
  0.1502290000000E+16   0.3677606435570E-18
  0.1724910000000E+16   0.1913880220616E-18
  0.1980520000000E+16   0.8492475986746E-19
  0.2274010000000E+16   0.3143267734124E-19
  0.2610990000000E+16   0.9442619586332E-20
  0.2997900000000E+16   0.2232201935528E-20
