mstar = 2 Msun, Rstar = 2.5 Rsun, Tstar = 10000, mdisk = 0.0046532 Msun, Rc = 150 AU, Rin = 0.5 AU, Rout = 250 AU, inclination = 45 degree, powerlaw = -0.5 
         130
  
  0.2997900000000E+11   0.6132669145075E-23
  0.3951060000000E+11   0.1397048065793E-22
  0.5207280000000E+11   0.3179477105761E-22
  0.6862910000000E+11   0.7225757324710E-22
  0.9044930000000E+11   0.1638876782281E-21
  0.1192070000000E+12   0.3707033245560E-21
  0.1571080000000E+12   0.8354409879255E-21
  0.2070600000000E+12   0.1873553936923E-20
  0.2728930000000E+12   0.4173977132261E-20
  0.3596580000000E+12   0.1005143256549E-19
  0.4740100000000E+12   0.2889151616490E-19
  0.6247180000000E+12   0.8172960389729E-19
  0.8233440000000E+12   0.2258351312370E-18
  0.1085120000000E+13   0.6050493740882E-18
  0.1430130000000E+13   0.1550250453783E-17
  0.1884830000000E+13   0.3733822633666E-17
  0.2484100000000E+13   0.8235425269021E-17
  0.3273910000000E+13   0.1595907236763E-16
  0.4314820000000E+13   0.2582221880862E-16
  0.5686700000000E+13   0.3278448675712E-16
  0.7494750000000E+13   0.3204858338909E-16
  0.7682960000000E+13   0.3165140383015E-16
  0.7875890000000E+13   0.3121106956864E-16
  0.8073670000000E+13   0.3072968742575E-16
  0.8276410000000E+13   0.3021395786322E-16
  0.8484250000000E+13   0.2967388631227E-16
  0.8697300000000E+13   0.2914934466236E-16
  0.8915700000000E+13   0.2860020547729E-16
  0.9139590000000E+13   0.2808464588853E-16
  0.9369100000000E+13   0.2756047334401E-16
  0.9604380000000E+13   0.2705166849969E-16
  0.9845560000000E+13   0.2655896461377E-16
  0.1009280000000E+14   0.2605617341011E-16
  0.1034620000000E+14   0.2556485614811E-16
  0.1060610000000E+14   0.2505987746267E-16
  0.1087240000000E+14   0.2459837186544E-16
  0.1114540000000E+14   0.2413192533134E-16
  0.1142530000000E+14   0.2368413236052E-16
  0.1171220000000E+14   0.2324814433338E-16
  0.1200630000000E+14   0.2280236724811E-16
  0.1230780000000E+14   0.2236356231314E-16
  0.1261690000000E+14   0.2190828172564E-16
  0.1293370000000E+14   0.2150678142924E-16
  0.1325850000000E+14   0.2109357000218E-16
  0.1359150000000E+14   0.2069311278132E-16
  0.1393280000000E+14   0.2029492433503E-16
  0.1428260000000E+14   0.1989836824271E-16
  0.1464130000000E+14   0.1954671351225E-16
  0.1500900000000E+14   0.1916999872782E-16
  0.1538590000000E+14   0.1867137143452E-16
  0.1577220000000E+14   0.1815668357670E-16
  0.1616830000000E+14   0.1732246957308E-16
  0.1657430000000E+14   0.1632937863678E-16
  0.1699050000000E+14   0.1526572129433E-16
  0.1741720000000E+14   0.1396899804193E-16
  0.1785460000000E+14   0.1275179510616E-16
  0.1830290000000E+14   0.1147866268304E-16
  0.1876260000000E+14   0.1028561502895E-16
  0.1923370000000E+14   0.9222497655169E-17
  0.1971670000000E+14   0.8258885912758E-17
  0.2021180000000E+14   0.7422017156562E-17
  0.2071940000000E+14   0.6765633913249E-17
  0.2123970000000E+14   0.6164978044237E-17
  0.2177310000000E+14   0.6087114613885E-17
  0.2231980000000E+14   0.5996984091344E-17
  0.2288030000000E+14   0.6053858987251E-17
  0.2345490000000E+14   0.6143838142377E-17
  0.2404390000000E+14   0.6244804255219E-17
  0.2464770000000E+14   0.6383646651158E-17
  0.2526660000000E+14   0.6484233180427E-17
  0.2590110000000E+14   0.6604026417771E-17
  0.2655150000000E+14   0.6685560468730E-17
  0.2721830000000E+14   0.6835671115527E-17
  0.2790180000000E+14   0.6980744169045E-17
  0.2860240000000E+14   0.7052926262184E-17
  0.2932070000000E+14   0.7047806781917E-17
  0.3005700000000E+14   0.7013410268615E-17
  0.3081180000000E+14   0.6836355887071E-17
  0.3158550000000E+14   0.6665252921279E-17
  0.3237870000000E+14   0.5971638270308E-17
  0.3319170000000E+14   0.5165732583057E-17
  0.3402530000000E+14   0.4425036148183E-17
  0.3487970000000E+14   0.3744333407774E-17
  0.3575560000000E+14   0.3110337766146E-17
  0.3665350000000E+14   0.2541624504704E-17
  0.3757390000000E+14   0.1993692489116E-17
  0.3851740000000E+14   0.1661294516380E-17
  0.3948470000000E+14   0.1391769113006E-17
  0.4047620000000E+14   0.1219392157031E-17
  0.4149260000000E+14   0.1159740366103E-17
  0.4253460000000E+14   0.1109549625755E-17
  0.4360270000000E+14   0.1095876064798E-17
  0.4469770000000E+14   0.1084320724927E-17
  0.4582010000000E+14   0.1075085343503E-17
  0.4697070000000E+14   0.1067589967597E-17
  0.4815020000000E+14   0.1060474214011E-17
  0.4935940000000E+14   0.1053595104814E-17
  0.5059890000000E+14   0.1047951681549E-17
  0.5186950000000E+14   0.1043971932913E-17
  0.5317200000000E+14   0.1040666914722E-17
  0.5450730000000E+14   0.1039419215785E-17
  0.6258450000000E+14   0.1046222586569E-17
  0.7185870000000E+14   0.1061450109177E-17
  0.8250720000000E+14   0.1064750993030E-17
  0.9473370000000E+14   0.1051589317127E-17
  0.1087720000000E+15   0.1027507926540E-17
  0.1248910000000E+15   0.1002462850177E-17
  0.1433980000000E+15   0.9859156356825E-18
  0.1646470000000E+15   0.9874617505420E-18
  0.1890460000000E+15   0.1016311749633E-17
  0.2170600000000E+15   0.1074872176289E-17
  0.2492250000000E+15   0.1164987287270E-17
  0.2861570000000E+15   0.1284839054880E-17
  0.3285620000000E+15   0.1427365089999E-17
  0.3772500000000E+15   0.1580389263884E-17
  0.4331540000000E+15   0.1725355926962E-17
  0.4973410000000E+15   0.1837850967677E-17
  0.5710410000000E+15   0.1890963002732E-17
  0.6556610000000E+15   0.1861343194730E-17
  0.7528220000000E+15   0.1735551115083E-17
  0.8643800000000E+15   0.1518171514668E-17
  0.9924690000000E+15   0.1232810719383E-17
  0.1139540000000E+16   0.9151894820088E-18
  0.1308400000000E+16   0.6148971584538E-18
  0.1502290000000E+16   0.3671331499969E-18
  0.1724910000000E+16   0.1911431806197E-18
  0.1980520000000E+16   0.8481010409194E-19
  0.2274010000000E+16   0.3139121978011E-19
  0.2610990000000E+16   0.9430395224063E-20
  0.2997900000000E+16   0.2229353195436E-20
