mstar = 2 Msun, Rstar = 2.5 Rsun, Tstar = 10000, mdisk = 0.00027359 Msun, Rc = 150 AU, Rin = 0.5 AU, Rout = 250 AU, inclination = 45 degree, powerlaw = -0.5 
         130
  
  0.2997900000000E+11   0.5064047211012E-24
  0.3951060000000E+11   0.1140940241852E-23
  0.5207280000000E+11   0.2576083589677E-23
  0.6862910000000E+11   0.5823216736556E-23
  0.9044930000000E+11   0.1316645797514E-22
  0.1192070000000E+12   0.2974897215806E-22
  0.1571080000000E+12   0.6710274695191E-22
  0.2070600000000E+12   0.1509277969940E-21
  0.2728930000000E+12   0.3380231225750E-21
  0.3596580000000E+12   0.8204240199451E-21
  0.4740100000000E+12   0.2386152241314E-20
  0.6247180000000E+12   0.6871441333433E-20
  0.8233440000000E+12   0.1948634617750E-19
  0.1085120000000E+13   0.5420661356792E-19
  0.1430130000000E+13   0.1467112201703E-18
  0.1884830000000E+13   0.3831404563049E-18
  0.2484100000000E+13   0.9538146668202E-18
  0.3273910000000E+13   0.2217454856162E-17
  0.4314820000000E+13   0.4710876182863E-17
  0.5686700000000E+13   0.8796948405109E-17
  0.7494750000000E+13   0.1369219439756E-16
  0.7682960000000E+13   0.1409557335421E-16
  0.7875890000000E+13   0.1447550704104E-16
  0.8073670000000E+13   0.1482616878181E-16
  0.8276410000000E+13   0.1514630558581E-16
  0.8484250000000E+13   0.1543884204170E-16
  0.8697300000000E+13   0.1573828526033E-16
  0.8915700000000E+13   0.1599835606801E-16
  0.9139590000000E+13   0.1627431851209E-16
  0.9369100000000E+13   0.1651758270887E-16
  0.9604380000000E+13   0.1674903736605E-16
  0.9845560000000E+13   0.1696564337517E-16
  0.1009280000000E+14   0.1713657846875E-16
  0.1034620000000E+14   0.1728194431164E-16
  0.1060610000000E+14   0.1737412566595E-16
  0.1087240000000E+14   0.1747051300482E-16
  0.1114540000000E+14   0.1752032625429E-16
  0.1142530000000E+14   0.1754738545622E-16
  0.1171220000000E+14   0.1754440363088E-16
  0.1200630000000E+14   0.1749064779937E-16
  0.1230780000000E+14   0.1740366213367E-16
  0.1261690000000E+14   0.1726242219930E-16
  0.1293370000000E+14   0.1713401884326E-16
  0.1325850000000E+14   0.1695820551719E-16
  0.1359150000000E+14   0.1675914493030E-16
  0.1393280000000E+14   0.1652908109709E-16
  0.1428260000000E+14   0.1626958383226E-16
  0.1464130000000E+14   0.1601846998109E-16
  0.1500900000000E+14   0.1571956749169E-16
  0.1538590000000E+14   0.1530184969824E-16
  0.1577220000000E+14   0.1485561502873E-16
  0.1616830000000E+14   0.1415789241832E-16
  0.1657430000000E+14   0.1334102609111E-16
  0.1699050000000E+14   0.1247502829869E-16
  0.1741720000000E+14   0.1144137495625E-16
  0.1785460000000E+14   0.1047076609865E-16
  0.1830290000000E+14   0.9460641295545E-17
  0.1876260000000E+14   0.8510572415530E-17
  0.1923370000000E+14   0.7658670638601E-17
  0.1971670000000E+14   0.6882006292975E-17
  0.2021180000000E+14   0.6203140758933E-17
  0.2071940000000E+14   0.5668060846274E-17
  0.2123970000000E+14   0.5177290405254E-17
  0.2177310000000E+14   0.5112071691495E-17
  0.2231980000000E+14   0.5027593061832E-17
  0.2288030000000E+14   0.5044409548101E-17
  0.2345490000000E+14   0.5071061968218E-17
  0.2404390000000E+14   0.5093429330251E-17
  0.2464770000000E+14   0.5132536408969E-17
  0.2526660000000E+14   0.5142275172104E-17
  0.2590110000000E+14   0.5164473326831E-17
  0.2655150000000E+14   0.5166618222719E-17
  0.2721830000000E+14   0.5219112560358E-17
  0.2790180000000E+14   0.5278350958679E-17
  0.2860240000000E+14   0.5302146416863E-17
  0.2932070000000E+14   0.5286286659235E-17
  0.3005700000000E+14   0.5260258849849E-17
  0.3081180000000E+14   0.5146107221021E-17
  0.3158550000000E+14   0.5040705803470E-17
  0.3237870000000E+14   0.4579908827816E-17
  0.3319170000000E+14   0.4039649235873E-17
  0.3402530000000E+14   0.3541002140834E-17
  0.3487970000000E+14   0.3079575903856E-17
  0.3575560000000E+14   0.2644629584697E-17
  0.3665350000000E+14   0.2246482195735E-17
  0.3757390000000E+14   0.1841631365396E-17
  0.3851740000000E+14   0.1568138327082E-17
  0.3948470000000E+14   0.1304608678835E-17
  0.4047620000000E+14   0.1099637363329E-17
  0.4149260000000E+14   0.1026126617673E-17
  0.4253460000000E+14   0.9596716853727E-18
  0.4360270000000E+14   0.9475385680631E-18
  0.4469770000000E+14   0.9366976893551E-18
  0.4582010000000E+14   0.9277518464566E-18
  0.4697070000000E+14   0.9199567569453E-18
  0.4815020000000E+14   0.9112151009003E-18
  0.4935940000000E+14   0.9014470165357E-18
  0.5059890000000E+14   0.8925850934882E-18
  0.5186950000000E+14   0.8856738163753E-18
  0.5317200000000E+14   0.8791329913467E-18
  0.5450730000000E+14   0.8757140461826E-18
  0.6258450000000E+14   0.8774373311153E-18
  0.7185870000000E+14   0.8992333220979E-18
  0.8250720000000E+14   0.9144353908864E-18
  0.9473370000000E+14   0.9186902314476E-18
  0.1087720000000E+15   0.9180574385114E-18
  0.1248910000000E+15   0.9198608095759E-18
  0.1433980000000E+15   0.9299089170948E-18
  0.1646470000000E+15   0.9547154905284E-18
  0.1890460000000E+15   0.1001580999091E-17
  0.2170600000000E+15   0.1072530765188E-17
  0.2492250000000E+15   0.1169621142453E-17
  0.2861570000000E+15   0.1292085470510E-17
  0.3285620000000E+15   0.1434484589281E-17
  0.3772500000000E+15   0.1586158903027E-17
  0.4331540000000E+15   0.1729585888311E-17
  0.4973410000000E+15   0.1841043537596E-17
  0.5710410000000E+15   0.1894010325417E-17
  0.6556610000000E+15   0.1865134067176E-17
  0.7528220000000E+15   0.1740992830775E-17
  0.8643800000000E+15   0.1524768612079E-17
  0.9924690000000E+15   0.1238860924262E-17
  0.1139540000000E+16   0.9213976406435E-18
  0.1308400000000E+16   0.6188086773405E-18
  0.1502290000000E+16   0.3690619739293E-18
  0.1724910000000E+16   0.1918954544953E-18
  0.1980520000000E+16   0.8516240913053E-19
  0.2274010000000E+16   0.3151860312345E-19
  0.2610990000000E+16   0.9467955100083E-20
  0.2997900000000E+16   0.2238105904380E-20
