mstar = 2 Msun, Rstar = 2.5 Rsun, Tstar = 10000, mdisk = 0.0015863 Msun, Rc = 150 AU, Rin = 0.5 AU, Rout = 250 AU, inclination = 45 degree, powerlaw = -0.5 
         130
  
  0.2997900000000E+11   0.2338170727138E-23
  0.3951060000000E+11   0.5319320390826E-23
  0.5207280000000E+11   0.1209640678437E-22
  0.6862910000000E+11   0.2748231258666E-22
  0.9044930000000E+11   0.6234338905125E-22
  0.1192070000000E+12   0.1411098765323E-21
  0.1571080000000E+12   0.3183984361137E-21
  0.2070600000000E+12   0.7153647686051E-21
  0.2728930000000E+12   0.1597969093986E-20
  0.3596580000000E+12   0.3862611429211E-20
  0.4740100000000E+12   0.1116490737476E-19
  0.6247180000000E+12   0.3184269289309E-19
  0.8233440000000E+12   0.8904198276853E-19
  0.1085120000000E+13   0.2427906675480E-18
  0.1430130000000E+13   0.6386932450248E-18
  0.1884830000000E+13   0.1601424619534E-17
  0.2484100000000E+13   0.3758885860436E-17
  0.3273910000000E+13   0.8020884980654E-17
  0.4314820000000E+13   0.1502295212023E-16
  0.5686700000000E+13   0.2333992607198E-16
  0.7494750000000E+13   0.2816576578410E-16
  0.7682960000000E+13   0.2825001379312E-16
  0.7875890000000E+13   0.2825892998434E-16
  0.8073670000000E+13   0.2818966398269E-16
  0.8276410000000E+13   0.2804620377496E-16
  0.8484250000000E+13   0.2783756190992E-16
  0.8697300000000E+13   0.2760789914868E-16
  0.8915700000000E+13   0.2730777163144E-16
  0.9139590000000E+13   0.2700179600575E-16
  0.9369100000000E+13   0.2664156092725E-16
  0.9604380000000E+13   0.2625365188149E-16
  0.9845560000000E+13   0.2583948586605E-16
  0.1009280000000E+14   0.2537567554556E-16
  0.1034620000000E+14   0.2488745434133E-16
  0.1060610000000E+14   0.2435589414400E-16
  0.1087240000000E+14   0.2383737723853E-16
  0.1114540000000E+14   0.2329273461972E-16
  0.1142530000000E+14   0.2274743025761E-16
  0.1171220000000E+14   0.2220018888639E-16
  0.1200630000000E+14   0.2163810089169E-16
  0.1230780000000E+14   0.2107939993408E-16
  0.1261690000000E+14   0.2050929379168E-16
  0.1293370000000E+14   0.1998694651075E-16
  0.1325850000000E+14   0.1946310648576E-16
  0.1359150000000E+14   0.1895951228961E-16
  0.1393280000000E+14   0.1846974488541E-16
  0.1428260000000E+14   0.1799451050276E-16
  0.1464130000000E+14   0.1756916402243E-16
  0.1500900000000E+14   0.1713821583053E-16
  0.1538590000000E+14   0.1662209785294E-16
  0.1577220000000E+14   0.1610487107824E-16
  0.1616830000000E+14   0.1533525450617E-16
  0.1657430000000E+14   0.1444185984500E-16
  0.1699050000000E+14   0.1349607264322E-16
  0.1741720000000E+14   0.1236318795450E-16
  0.1785460000000E+14   0.1130105712031E-16
  0.1830290000000E+14   0.1019821320637E-16
  0.1876260000000E+14   0.9166419908390E-17
  0.1923370000000E+14   0.8246035103653E-17
  0.1971670000000E+14   0.7411363336485E-17
  0.2021180000000E+14   0.6683852439832E-17
  0.2071940000000E+14   0.6106163385943E-17
  0.2123970000000E+14   0.5577110545332E-17
  0.2177310000000E+14   0.5475831067693E-17
  0.2231980000000E+14   0.5371149458878E-17
  0.2288030000000E+14   0.5394906647326E-17
  0.2345490000000E+14   0.5454693235527E-17
  0.2404390000000E+14   0.5531624682320E-17
  0.2464770000000E+14   0.5648096052854E-17
  0.2526660000000E+14   0.5737446177600E-17
  0.2590110000000E+14   0.5847858995203E-17
  0.2655150000000E+14   0.5928298990083E-17
  0.2721830000000E+14   0.6071991150133E-17
  0.2790180000000E+14   0.6213802863414E-17
  0.2860240000000E+14   0.6292627679465E-17
  0.2932070000000E+14   0.6303810695256E-17
  0.3005700000000E+14   0.6289600698835E-17
  0.3081180000000E+14   0.6147852056927E-17
  0.3158550000000E+14   0.6011303949930E-17
  0.3237870000000E+14   0.5403877810297E-17
  0.3319170000000E+14   0.4693367260076E-17
  0.3402530000000E+14   0.4039192362720E-17
  0.3487970000000E+14   0.3436775447346E-17
  0.3575560000000E+14   0.2874105932220E-17
  0.3665350000000E+14   0.2368510424158E-17
  0.3757390000000E+14   0.1879539444131E-17
  0.3851740000000E+14   0.1582884248050E-17
  0.3948470000000E+14   0.1339099980726E-17
  0.4047620000000E+14   0.1180287296692E-17
  0.4149260000000E+14   0.1125014286662E-17
  0.4253460000000E+14   0.1077568969855E-17
  0.4360270000000E+14   0.1065160366909E-17
  0.4469770000000E+14   0.1054586564288E-17
  0.4582010000000E+14   0.1046067785599E-17
  0.4697070000000E+14   0.1039040105067E-17
  0.4815020000000E+14   0.1032117715442E-17
  0.4935940000000E+14   0.1025142298967E-17
  0.5059890000000E+14   0.1019169657835E-17
  0.5186950000000E+14   0.1014701523081E-17
  0.5317200000000E+14   0.1010723523433E-17
  0.5450730000000E+14   0.1008778199320E-17
  0.6258450000000E+14   0.1011229884693E-17
  0.7185870000000E+14   0.1023345121819E-17
  0.8250720000000E+14   0.1025396974131E-17
  0.9473370000000E+14   0.1013644674470E-17
  0.1087720000000E+15   0.9941788419514E-18
  0.1248910000000E+15   0.9764026307477E-18
  0.1433980000000E+15   0.9685177294623E-18
  0.1646470000000E+15   0.9787277449982E-18
  0.1890460000000E+15   0.1015095015329E-17
  0.2170600000000E+15   0.1079299379722E-17
  0.2492250000000E+15   0.1172589481703E-17
  0.2861570000000E+15   0.1293085522243E-17
  0.3285620000000E+15   0.1434423549896E-17
  0.3772500000000E+15   0.1585542699595E-17
  0.4331540000000E+15   0.1728738596742E-17
  0.4973410000000E+15   0.1840054928527E-17
  0.5710410000000E+15   0.1892762950399E-17
  0.6556610000000E+15   0.1863414321662E-17
  0.7528220000000E+15   0.1738467837992E-17
  0.8643800000000E+15   0.1521697785563E-17
  0.9924690000000E+15   0.1236043523142E-17
  0.1139540000000E+16   0.9185051710148E-18
  0.1308400000000E+16   0.6169864459582E-18
  0.1502290000000E+16   0.3681636706277E-18
  0.1724910000000E+16   0.1915452238385E-18
  0.1980520000000E+16   0.8499837951251E-19
  0.2274010000000E+16   0.3145929626023E-19
  0.2610990000000E+16   0.9450468403118E-20
  0.2997900000000E+16   0.2234030979910E-20
