mstar = 2 Msun, Rstar = 2.5 Rsun, Tstar = 10000, mdisk = 0.0048286 Msun, Rc = 150 AU, Rin = 0.5 AU, Rout = 250 AU, inclination = 45 degree, powerlaw = -0.5 
         130
  
  0.2997900000000E+11   0.6351200547918E-23
  0.3951060000000E+11   0.1446871094830E-22
  0.5207280000000E+11   0.3292920922181E-22
  0.6862910000000E+11   0.7483616153383E-22
  0.9044930000000E+11   0.1697354503396E-21
  0.1192070000000E+12   0.3839248755411E-21
  0.1571080000000E+12   0.8652146707998E-21
  0.2070600000000E+12   0.1940244066490E-20
  0.2728930000000E+12   0.4322295312700E-20
  0.3596580000000E+12   0.1040768053683E-19
  0.4740100000000E+12   0.2991106808371E-19
  0.6247180000000E+12   0.8459408463903E-19
  0.8233440000000E+12   0.2336653120433E-18
  0.1085120000000E+13   0.6256659063034E-18
  0.1430130000000E+13   0.1601580073248E-17
  0.1884830000000E+13   0.3851557659899E-17
  0.2484100000000E+13   0.8473791453017E-17
  0.3273910000000E+13   0.1635454994205E-16
  0.4314820000000E+13   0.2629898840616E-16
  0.5686700000000E+13   0.3312470535147E-16
  0.7494750000000E+13   0.3216872425204E-16
  0.7682960000000E+13   0.3175874737363E-16
  0.7875890000000E+13   0.3130731627102E-16
  0.8073670000000E+13   0.3081649532882E-16
  0.8276410000000E+13   0.3029287561739E-16
  0.8484250000000E+13   0.2974633331751E-16
  0.8697300000000E+13   0.2921667186496E-16
  0.8915700000000E+13   0.2866357782477E-16
  0.9139590000000E+13   0.2814523404506E-16
  0.9369100000000E+13   0.2761916505119E-16
  0.9604380000000E+13   0.2710928122398E-16
  0.9845560000000E+13   0.2661613694963E-16
  0.1009280000000E+14   0.2611319874434E-16
  0.1034620000000E+14   0.2562197935413E-16
  0.1060610000000E+14   0.2511703964987E-16
  0.1087240000000E+14   0.2465575199545E-16
  0.1114540000000E+14   0.2418931444317E-16
  0.1142530000000E+14   0.2374140144956E-16
  0.1171220000000E+14   0.2330508277633E-16
  0.1200630000000E+14   0.2285864594826E-16
  0.1230780000000E+14   0.2241893237456E-16
  0.1261690000000E+14   0.2196239944499E-16
  0.1293370000000E+14   0.2155965683206E-16
  0.1325850000000E+14   0.2114492914295E-16
  0.1359150000000E+14   0.2074285421407E-16
  0.1393280000000E+14   0.2034292834213E-16
  0.1428260000000E+14   0.1994454700150E-16
  0.1464130000000E+14   0.1959118472341E-16
  0.1500900000000E+14   0.1921264015584E-16
  0.1538590000000E+14   0.1871169704941E-16
  0.1577220000000E+14   0.1819463306657E-16
  0.1616830000000E+14   0.1735678515385E-16
  0.1657430000000E+14   0.1635948466571E-16
  0.1699050000000E+14   0.1529142941229E-16
  0.1741720000000E+14   0.1398960313322E-16
  0.1785460000000E+14   0.1276773369104E-16
  0.1830290000000E+14   0.1148993643315E-16
  0.1876260000000E+14   0.1029269835924E-16
  0.1923370000000E+14   0.9226296623200E-17
  0.1971670000000E+14   0.8260122711416E-17
  0.2021180000000E+14   0.7421412314444E-17
  0.2071940000000E+14   0.6763722755757E-17
  0.2123970000000E+14   0.6162109028876E-17
  0.2177310000000E+14   0.6083498856164E-17
  0.2231980000000E+14   0.5992692113840E-17
  0.2288030000000E+14   0.6049042992107E-17
  0.2345490000000E+14   0.6138712727512E-17
  0.2404390000000E+14   0.6239678453120E-17
  0.2464770000000E+14   0.6378979805580E-17
  0.2526660000000E+14   0.6480125816506E-17
  0.2590110000000E+14   0.6600391182828E-17
  0.2655150000000E+14   0.6682206549997E-17
  0.2721830000000E+14   0.6832736073401E-17
  0.2790180000000E+14   0.6978039599411E-17
  0.2860240000000E+14   0.7050008234757E-17
  0.2932070000000E+14   0.7044503140847E-17
  0.3005700000000E+14   0.7009669607524E-17
  0.3081180000000E+14   0.6832128372865E-17
  0.3158550000000E+14   0.6660586531428E-17
  0.3237870000000E+14   0.5966820136268E-17
  0.3319170000000E+14   0.5160964369485E-17
  0.3402530000000E+14   0.4419979212171E-17
  0.3487970000000E+14   0.3738916372506E-17
  0.3575560000000E+14   0.3104997491260E-17
  0.3665350000000E+14   0.2537739194383E-17
  0.3757390000000E+14   0.1991732782706E-17
  0.3851740000000E+14   0.1660422321691E-17
  0.3948470000000E+14   0.1392144907295E-17
  0.4047620000000E+14   0.1220730131142E-17
  0.4149260000000E+14   0.1161334138224E-17
  0.4253460000000E+14   0.1111327618492E-17
  0.4360270000000E+14   0.1097511629850E-17
  0.4469770000000E+14   0.1085802232555E-17
  0.4582010000000E+14   0.1076400734098E-17
  0.4697070000000E+14   0.1068734261864E-17
  0.4815020000000E+14   0.1061450092477E-17
  0.4935940000000E+14   0.1054403911396E-17
  0.5059890000000E+14   0.1048593088233E-17
  0.5186950000000E+14   0.1044448617235E-17
  0.5317200000000E+14   0.1040985888972E-17
  0.5450730000000E+14   0.1039591939480E-17
  0.6258450000000E+14   0.1045911245560E-17
  0.7185870000000E+14   0.1061288038748E-17
  0.8250720000000E+14   0.1065090977730E-17
  0.9473370000000E+14   0.1052480022600E-17
  0.1087720000000E+15   0.1028815533389E-17
  0.1248910000000E+15   0.1003954546883E-17
  0.1433980000000E+15   0.9873325961379E-18
  0.1646470000000E+15   0.9885914254056E-18
  0.1890460000000E+15   0.1017038553696E-17
  0.2170600000000E+15   0.1075188679303E-17
  0.2492250000000E+15   0.1164984725186E-17
  0.2861570000000E+15   0.1284653754072E-17
  0.3285620000000E+15   0.1427129068166E-17
  0.3772500000000E+15   0.1580192948830E-17
  0.4331540000000E+15   0.1725229144832E-17
  0.4973410000000E+15   0.1837775254315E-17
  0.5710410000000E+15   0.1890903104725E-17
  0.6556610000000E+15   0.1861271959468E-17
  0.7528220000000E+15   0.1735448558491E-17
  0.8643800000000E+15   0.1518046874581E-17
  0.9924690000000E+15   0.1232696383673E-17
  0.1139540000000E+16   0.9150722637145E-18
  0.1308400000000E+16   0.6148232873795E-18
  0.1502290000000E+16   0.3670967026680E-18
  0.1724910000000E+16   0.1911289560328E-18
  0.1980520000000E+16   0.8480344316946E-19
  0.2274010000000E+16   0.3138881126508E-19
  0.2610990000000E+16   0.9429685029366E-20
  0.2997900000000E+16   0.2229187691520E-20
