mstar = 2 Msun, Rstar = 2.5 Rsun, Tstar = 10000, mdisk = 0.0089097 Msun, Rc = 150 AU, Rin = 0.5 AU, Rout = 250 AU, inclination = 45 degree, powerlaw = -0.5 
         130
  
  0.2997900000000E+11   0.1102322385685E-22
  0.3951060000000E+11   0.2511621394477E-22
  0.5207280000000E+11   0.5716010128269E-22
  0.6862910000000E+11   0.1298748005999E-21
  0.9044930000000E+11   0.2944379495614E-21
  0.1192070000000E+12   0.6655269529189E-21
  0.1571080000000E+12   0.1498327987550E-20
  0.2070600000000E+12   0.3355306185050E-20
  0.2728930000000E+12   0.7460380231146E-20
  0.3596580000000E+12   0.1791493342624E-19
  0.4740100000000E+12   0.5126463619691E-19
  0.6247180000000E+12   0.1440542135844E-18
  0.8233440000000E+12   0.3940425368537E-18
  0.1085120000000E+13   0.1039374501119E-17
  0.1430130000000E+13   0.2599084463179E-17
  0.1884830000000E+13   0.6024949211517E-17
  0.2484100000000E+13   0.1251542815272E-16
  0.3273910000000E+13   0.2215064908572E-16
  0.4314820000000E+13   0.3163084154384E-16
  0.5686700000000E+13   0.3525529649818E-16
  0.7494750000000E+13   0.3256665174515E-16
  0.7682960000000E+13   0.3217360649576E-16
  0.7875890000000E+13   0.3175988779905E-16
  0.8073670000000E+13   0.3132335727416E-16
  0.8276410000000E+13   0.3086669002178E-16
  0.8484250000000E+13   0.3039652205379E-16
  0.8697300000000E+13   0.2995379061992E-16
  0.8915700000000E+13   0.2948971233175E-16
  0.9139590000000E+13   0.2906694740253E-16
  0.9369100000000E+13   0.2863411186866E-16
  0.9604380000000E+13   0.2821565049778E-16
  0.9845560000000E+13   0.2780977093807E-16
  0.1009280000000E+14   0.2738432026427E-16
  0.1034620000000E+14   0.2696246747650E-16
  0.1060610000000E+14   0.2651477702236E-16
  0.1087240000000E+14   0.2610531873826E-16
  0.1114540000000E+14   0.2567916786298E-16
  0.1142530000000E+14   0.2526310112783E-16
  0.1171220000000E+14   0.2484983444735E-16
  0.1200630000000E+14   0.2441626399755E-16
  0.1230780000000E+14   0.2398190826062E-16
  0.1261690000000E+14   0.2352204894282E-16
  0.1293370000000E+14   0.2311440427271E-16
  0.1325850000000E+14   0.2268828378756E-16
  0.1359150000000E+14   0.2227124101942E-16
  0.1393280000000E+14   0.2185270817783E-16
  0.1428260000000E+14   0.2143270916575E-16
  0.1464130000000E+14   0.2105854631587E-16
  0.1500900000000E+14   0.2065529435572E-16
  0.1538590000000E+14   0.2011922232294E-16
  0.1577220000000E+14   0.1956477974484E-16
  0.1616830000000E+14   0.1866591283901E-16
  0.1657430000000E+14   0.1759559688352E-16
  0.1699050000000E+14   0.1644878808441E-16
  0.1741720000000E+14   0.1505051544819E-16
  0.1785460000000E+14   0.1373727542016E-16
  0.1830290000000E+14   0.1236310653737E-16
  0.1876260000000E+14   0.1107466219786E-16
  0.1923370000000E+14   0.9926074922245E-17
  0.1971670000000E+14   0.8884606744541E-17
  0.2021180000000E+14   0.7979875710570E-17
  0.2071940000000E+14   0.7270142886779E-17
  0.2123970000000E+14   0.6620572702279E-17
  0.2177310000000E+14   0.6536825536674E-17
  0.2231980000000E+14   0.6438948629627E-17
  0.2288030000000E+14   0.6498869498523E-17
  0.2345490000000E+14   0.6593657158222E-17
  0.2404390000000E+14   0.6699785987763E-17
  0.2464770000000E+14   0.6846361613259E-17
  0.2526660000000E+14   0.6951622589261E-17
  0.2590110000000E+14   0.7077160989606E-17
  0.2655150000000E+14   0.7161502336202E-17
  0.2721830000000E+14   0.7319257743889E-17
  0.2790180000000E+14   0.7471227688352E-17
  0.2860240000000E+14   0.7544401727970E-17
  0.2932070000000E+14   0.7534397446587E-17
  0.3005700000000E+14   0.7492579774644E-17
  0.3081180000000E+14   0.7298049497744E-17
  0.3158550000000E+14   0.7109761842383E-17
  0.3237870000000E+14   0.6363766027538E-17
  0.3319170000000E+14   0.5497019370174E-17
  0.3402530000000E+14   0.4699557139003E-17
  0.3487970000000E+14   0.3966775106652E-17
  0.3575560000000E+14   0.3284745476336E-17
  0.3665350000000E+14   0.2674137706304E-17
  0.3757390000000E+14   0.2087188587480E-17
  0.3851740000000E+14   0.1730179637551E-17
  0.3948470000000E+14   0.1440238193413E-17
  0.4047620000000E+14   0.1254902844012E-17
  0.4149260000000E+14   0.1190119814957E-17
  0.4253460000000E+14   0.1135820736013E-17
  0.4360270000000E+14   0.1120036024138E-17
  0.4469770000000E+14   0.1106634510520E-17
  0.4582010000000E+14   0.1095825945584E-17
  0.4697070000000E+14   0.1087003659012E-17
  0.4815020000000E+14   0.1078766185567E-17
  0.4935940000000E+14   0.1070970361519E-17
  0.5059890000000E+14   0.1064633524279E-17
  0.5186950000000E+14   0.1060180358710E-17
  0.5317200000000E+14   0.1056589854215E-17
  0.5450730000000E+14   0.1055243970640E-17
  0.6258450000000E+14   0.1063801775152E-17
  0.7185870000000E+14   0.1082711002002E-17
  0.8250720000000E+14   0.1089489511492E-17
  0.9473370000000E+14   0.1077991643316E-17
  0.1087720000000E+15   0.1052768120788E-17
  0.1248910000000E+15   0.1023608084989E-17
  0.1433980000000E+15   0.1000598813543E-17
  0.1646470000000E+15   0.9946404867030E-18
  0.1890460000000E+15   0.1016575561986E-17
  0.2170600000000E+15   0.1070101092072E-17
  0.2492250000000E+15   0.1157613753852E-17
  0.2861570000000E+15   0.1277005416936E-17
  0.3285620000000E+15   0.1420658562363E-17
  0.3772500000000E+15   0.1575676573873E-17
  0.4331540000000E+15   0.1722572426677E-17
  0.4973410000000E+15   0.1836218272071E-17
  0.5710410000000E+15   0.1889607817090E-17
  0.6556610000000E+15   0.1859679307088E-17
  0.7528220000000E+15   0.1733143988126E-17
  0.8643800000000E+15   0.1515247764971E-17
  0.9924690000000E+15   0.1230129429151E-17
  0.1139540000000E+16   0.9124417660765E-18
  0.1308400000000E+16   0.6131653975403E-18
  0.1502290000000E+16   0.3662785146470E-18
  0.1724910000000E+16   0.1908095421922E-18
  0.1980520000000E+16   0.8465387904036E-19
  0.2274010000000E+16   0.3133472939856E-19
  0.2610990000000E+16   0.9413737737075E-20
  0.2997900000000E+16   0.2225471284612E-20
