mstar = 2 Msun, Rstar = 2.5 Rsun, Tstar = 10000, mdisk = 0.00093854 Msun, Rc = 150 AU, Rin = 0.5 AU, Rout = 250 AU, inclination = 45 degree, powerlaw = -0.5 
         130
  
  0.2997900000000E+11   0.1465291698450E-23
  0.3951060000000E+11   0.3328491420506E-23
  0.5207280000000E+11   0.7561159890757E-23
  0.6862910000000E+11   0.1716686433429E-22
  0.9044930000000E+11   0.3892942560644E-22
  0.1192070000000E+12   0.8811079367421E-22
  0.1571080000000E+12   0.1988663328421E-21
  0.2070600000000E+12   0.4470769047096E-21
  0.2728930000000E+12   0.9996691425328E-21
  0.3596580000000E+12   0.2419893824831E-20
  0.4740100000000E+12   0.7009518569623E-20
  0.6247180000000E+12   0.2005386178278E-19
  0.8233440000000E+12   0.5632880342691E-19
  0.1085120000000E+13   0.1545833543447E-18
  0.1430130000000E+13   0.4104558942161E-18
  0.1884830000000E+13   0.1043301268671E-17
  0.2484100000000E+13   0.2499158240417E-17
  0.3273910000000E+13   0.5499009836836E-17
  0.4314820000000E+13   0.1079376124357E-16
  0.5686700000000E+13   0.1799105389176E-16
  0.7494750000000E+13   0.2389374017307E-16
  0.7682960000000E+13   0.2419224121820E-16
  0.7875890000000E+13   0.2442836398048E-16
  0.8073670000000E+13   0.2459630877465E-16
  0.8276410000000E+13   0.2469706197854E-16
  0.8484250000000E+13   0.2473700942068E-16
  0.8697300000000E+13   0.2476062652170E-16
  0.8915700000000E+13   0.2471231007189E-16
  0.9139590000000E+13   0.2465936521355E-16
  0.9369100000000E+13   0.2454621224478E-16
  0.9604380000000E+13   0.2439897823164E-16
  0.9845560000000E+13   0.2421619754389E-16
  0.1009280000000E+14   0.2396868907821E-16
  0.1034620000000E+14   0.2368159833612E-16
  0.1060610000000E+14   0.2333147793844E-16
  0.1087240000000E+14   0.2297844632434E-16
  0.1114540000000E+14   0.2257732682822E-16
  0.1142530000000E+14   0.2215472919954E-16
  0.1171220000000E+14   0.2170818736520E-16
  0.1200630000000E+14   0.2122393197682E-16
  0.1230780000000E+14   0.2072187231245E-16
  0.1261690000000E+14   0.2018808388159E-16
  0.1293370000000E+14   0.1968348759408E-16
  0.1325850000000E+14   0.1916003375998E-16
  0.1359150000000E+14   0.1864132770798E-16
  0.1393280000000E+14   0.1812346556868E-16
  0.1428260000000E+14   0.1760974326062E-16
  0.1464130000000E+14   0.1713488920899E-16
  0.1500900000000E+14   0.1665063483691E-16
  0.1538590000000E+14   0.1608930938097E-16
  0.1577220000000E+14   0.1552920252280E-16
  0.1616830000000E+14   0.1475005485485E-16
  0.1657430000000E+14   0.1386759300675E-16
  0.1699050000000E+14   0.1294511680669E-16
  0.1741720000000E+14   0.1186345053190E-16
  0.1785460000000E+14   0.1084970207841E-16
  0.1830290000000E+14   0.9804571377451E-17
  0.1876260000000E+14   0.8826299978902E-17
  0.1923370000000E+14   0.7950674483803E-17
  0.1971670000000E+14   0.7154762843492E-17
  0.2021180000000E+14   0.6458021701253E-17
  0.2071940000000E+14   0.5899720853720E-17
  0.2123970000000E+14   0.5388337534983E-17
  0.2177310000000E+14   0.5268206997492E-17
  0.2231980000000E+14   0.5145282030301E-17
  0.2288030000000E+14   0.5138271670745E-17
  0.2345490000000E+14   0.5165188896150E-17
  0.2404390000000E+14   0.5210804077880E-17
  0.2464770000000E+14   0.5296352800454E-17
  0.2526660000000E+14   0.5362629995403E-17
  0.2590110000000E+14   0.5452892095614E-17
  0.2655150000000E+14   0.5520459508012E-17
  0.2721830000000E+14   0.5649840938671E-17
  0.2790180000000E+14   0.5781153527351E-17
  0.2860240000000E+14   0.5857206959576E-17
  0.2932070000000E+14   0.5872364079313E-17
  0.3005700000000E+14   0.5865009172572E-17
  0.3081180000000E+14   0.5739829859011E-17
  0.3158550000000E+14   0.5619766148425E-17
  0.3237870000000E+14   0.5061031806256E-17
  0.3319170000000E+14   0.4405578315008E-17
  0.3402530000000E+14   0.3802429100254E-17
  0.3487970000000E+14   0.3247015311760E-17
  0.3575560000000E+14   0.2728110659484E-17
  0.3665350000000E+14   0.2262109424976E-17
  0.3757390000000E+14   0.1811046484018E-17
  0.3851740000000E+14   0.1537471850079E-17
  0.3948470000000E+14   0.1311669603402E-17
  0.4047620000000E+14   0.1162002230257E-17
  0.4149260000000E+14   0.1109134339230E-17
  0.4253460000000E+14   0.1062906692311E-17
  0.4360270000000E+14   0.1051580376458E-17
  0.4469770000000E+14   0.1041869851931E-17
  0.4582010000000E+14   0.1034016425653E-17
  0.4697070000000E+14   0.1027460164920E-17
  0.4815020000000E+14   0.1020793666809E-17
  0.4935940000000E+14   0.1013862802016E-17
  0.5059890000000E+14   0.1007771493667E-17
  0.5186950000000E+14   0.1003067429001E-17
  0.5317200000000E+14   0.9987186432096E-18
  0.5450730000000E+14   0.9963638807393E-18
  0.6258450000000E+14   0.9956353524133E-18
  0.7185870000000E+14   0.1004085304471E-17
  0.8250720000000E+14   0.1003019958523E-17
  0.9473370000000E+14   0.9899242142152E-18
  0.1087720000000E+15   0.9715732959495E-18
  0.1248910000000E+15   0.9572165508238E-18
  0.1433980000000E+15   0.9541901166763E-18
  0.1646470000000E+15   0.9694210738736E-18
  0.1890460000000E+15   0.1009829757538E-17
  0.2170600000000E+15   0.1076720721699E-17
  0.2492250000000E+15   0.1171647320106E-17
  0.2861570000000E+15   0.1293163650391E-17
  0.3285620000000E+15   0.1434982284410E-17
  0.3772500000000E+15   0.1586120042037E-17
  0.4331540000000E+15   0.1729209785608E-17
  0.4973410000000E+15   0.1840499146611E-17
  0.5710410000000E+15   0.1893282725366E-17
  0.6556610000000E+15   0.1864113545717E-17
  0.7528220000000E+15   0.1739488159580E-17
  0.8643800000000E+15   0.1522937233406E-17
  0.9924690000000E+15   0.1237180460615E-17
  0.1139540000000E+16   0.9196720828531E-18
  0.1308400000000E+16   0.6177216322742E-18
  0.1502290000000E+16   0.3685261499083E-18
  0.1724910000000E+16   0.1916865730476E-18
  0.1980520000000E+16   0.8506457805017E-19
  0.2274010000000E+16   0.3148323144822E-19
  0.2610990000000E+16   0.9457525794072E-20
  0.2997900000000E+16   0.2235675576402E-20
