mstar = 2 Msun, Rstar = 2.5 Rsun, Tstar = 10000, mdisk = 0.00039386 Msun, Rc = 150 AU, Rin = 0.5 AU, Rout = 250 AU, inclination = 45 degree, powerlaw = -0.5 
         130
  
  0.2997900000000E+11   0.6888671630002E-24
  0.3951060000000E+11   0.1557273195376E-23
  0.5207280000000E+11   0.3525059891656E-23
  0.6862910000000E+11   0.7983296108629E-23
  0.9044930000000E+11   0.1807428830691E-22
  0.1192070000000E+12   0.4087285410411E-22
  0.1571080000000E+12   0.9223510322417E-22
  0.2070600000000E+12   0.2074684179128E-21
  0.2728930000000E+12   0.4645040804009E-21
  0.3596580000000E+12   0.1126703963875E-20
  0.4740100000000E+12   0.3273582718909E-20
  0.6247180000000E+12   0.9410063558857E-20
  0.8233440000000E+12   0.2661396371591E-19
  0.1085120000000E+13   0.7375230043492E-19
  0.1430130000000E+13   0.1985507856617E-18
  0.1884830000000E+13   0.5146854111926E-18
  0.2484100000000E+13   0.1268124094804E-17
  0.3273910000000E+13   0.2906238629663E-17
  0.4314820000000E+13   0.6053188859882E-17
  0.5686700000000E+13   0.1100012766898E-16
  0.7494750000000E+13   0.1649818561363E-16
  0.7682960000000E+13   0.1691806245380E-16
  0.7875890000000E+13   0.1730502160708E-16
  0.8073670000000E+13   0.1765258444901E-16
  0.8276410000000E+13   0.1795962345025E-16
  0.8484250000000E+13   0.1822973562841E-16
  0.8697300000000E+13   0.1850166926067E-16
  0.8915700000000E+13   0.1872364683354E-16
  0.9139590000000E+13   0.1895695557256E-16
  0.9369100000000E+13   0.1914782630315E-16
  0.9604380000000E+13   0.1931928569135E-16
  0.9845560000000E+13   0.1946799733905E-16
  0.1009280000000E+14   0.1956119336723E-16
  0.1034620000000E+14   0.1962098785721E-16
  0.1060610000000E+14   0.1961884551336E-16
  0.1087240000000E+14   0.1961556101928E-16
  0.1114540000000E+14   0.1955863038027E-16
  0.1142530000000E+14   0.1947346621776E-16
  0.1171220000000E+14   0.1935336558724E-16
  0.1200630000000E+14   0.1917847752167E-16
  0.1230780000000E+14   0.1896771062378E-16
  0.1261690000000E+14   0.1870150444489E-16
  0.1293370000000E+14   0.1844709900375E-16
  0.1325850000000E+14   0.1814633153488E-16
  0.1359150000000E+14   0.1782412308361E-16
  0.1393280000000E+14   0.1747430396229E-16
  0.1428260000000E+14   0.1709974979291E-16
  0.1464130000000E+14   0.1673767689162E-16
  0.1500900000000E+14   0.1633587593922E-16
  0.1538590000000E+14   0.1582823169519E-16
  0.1577220000000E+14   0.1530121737442E-16
  0.1616830000000E+14   0.1454291501035E-16
  0.1657430000000E+14   0.1367822261525E-16
  0.1699050000000E+14   0.1277302709939E-16
  0.1741720000000E+14   0.1171377323188E-16
  0.1785460000000E+14   0.1072016143167E-16
  0.1830290000000E+14   0.9694438795851E-17
  0.1876260000000E+14   0.8731322248415E-17
  0.1923370000000E+14   0.7866733588843E-17
  0.1971670000000E+14   0.7078496443401E-17
  0.2021180000000E+14   0.6387585564012E-17
  0.2071940000000E+14   0.5836836719990E-17
  0.2123970000000E+14   0.5331990009425E-17
  0.2177310000000E+14   0.5231282611753E-17
  0.2231980000000E+14   0.5116328581843E-17
  0.2288030000000E+14   0.5102378237222E-17
  0.2345490000000E+14   0.5105110771305E-17
  0.2404390000000E+14   0.5112307029555E-17
  0.2464770000000E+14   0.5145586539852E-17
  0.2526660000000E+14   0.5158280404352E-17
  0.2590110000000E+14   0.5191307267648E-17
  0.2655150000000E+14   0.5208816752702E-17
  0.2721830000000E+14   0.5283445411216E-17
  0.2790180000000E+14   0.5367040829532E-17
  0.2860240000000E+14   0.5411755557691E-17
  0.2932070000000E+14   0.5411536290438E-17
  0.3005700000000E+14   0.5397707102121E-17
  0.3081180000000E+14   0.5286192979592E-17
  0.3158550000000E+14   0.5181886199575E-17
  0.3237870000000E+14   0.4694695867990E-17
  0.3319170000000E+14   0.4121989740826E-17
  0.3402530000000E+14   0.3593669984631E-17
  0.3487970000000E+14   0.3105769677097E-17
  0.3575560000000E+14   0.2647991745783E-17
  0.3665350000000E+14   0.2233301961528E-17
  0.3757390000000E+14   0.1823302643740E-17
  0.3851740000000E+14   0.1560785789956E-17
  0.3948470000000E+14   0.1321880285105E-17
  0.4047620000000E+14   0.1140371738685E-17
  0.4149260000000E+14   0.1073372371686E-17
  0.4253460000000E+14   0.1012557252805E-17
  0.4360270000000E+14   0.1000040772011E-17
  0.4469770000000E+14   0.9889363944318E-18
  0.4582010000000E+14   0.9797360332970E-18
  0.4697070000000E+14   0.9717458431701E-18
  0.4815020000000E+14   0.9630644388639E-18
  0.4935940000000E+14   0.9535820241412E-18
  0.5059890000000E+14   0.9449866488471E-18
  0.5186950000000E+14   0.9381803232228E-18
  0.5317200000000E+14   0.9317378572291E-18
  0.5450730000000E+14   0.9280974148616E-18
  0.6258450000000E+14   0.9260719700660E-18
  0.7185870000000E+14   0.9404180044020E-18
  0.8250720000000E+14   0.9468176478768E-18
  0.9473370000000E+14   0.9420378251544E-18
  0.1087720000000E+15   0.9329251970925E-18
  0.1248910000000E+15   0.9279160452712E-18
  0.1433980000000E+15   0.9335876857026E-18
  0.1646470000000E+15   0.9563795776556E-18
  0.1890460000000E+15   0.1002737208677E-17
  0.2170600000000E+15   0.1073621139111E-17
  0.2492250000000E+15   0.1170580377198E-17
  0.2861570000000E+15   0.1292905777333E-17
  0.3285620000000E+15   0.1435167393943E-17
  0.3772500000000E+15   0.1586602163260E-17
  0.4331540000000E+15   0.1729748514148E-17
  0.4973410000000E+15   0.1841016839465E-17
  0.5710410000000E+15   0.1893873302333E-17
  0.6556610000000E+15   0.1864903574245E-17
  0.7528220000000E+15   0.1740640482769E-17
  0.8643800000000E+15   0.1524337424397E-17
  0.9924690000000E+15   0.1238465023925E-17
  0.1139540000000E+16   0.9209910090661E-18
  0.1308400000000E+16   0.6185525225404E-18
  0.1502290000000E+16   0.3689357253041E-18
  0.1724910000000E+16   0.1918462455574E-18
  0.1980520000000E+16   0.8513936125053E-19
  0.2274010000000E+16   0.3151027004715E-19
  0.2610990000000E+16   0.9465498119645E-20
  0.2997900000000E+16   0.2237533360767E-20
