mstar = 2 Msun, Rstar = 2.5 Rsun, Tstar = 10000, mdisk = 0.0041906 Msun, Rc = 150 AU, Rin = 0.5 AU, Rout = 250 AU, inclination = 45 degree, powerlaw = -0.5 
         130
  
  0.2997900000000E+11   0.5582291158882E-23
  0.3951060000000E+11   0.1271589907650E-22
  0.5207280000000E+11   0.2893884987974E-22
  0.6862910000000E+11   0.6576808043992E-22
  0.9044930000000E+11   0.1491768059877E-21
  0.1192070000000E+12   0.3374610299475E-21
  0.1571080000000E+12   0.7606370816543E-21
  0.2070600000000E+12   0.1706161997724E-20
  0.2728930000000E+12   0.3802173759692E-20
  0.3596580000000E+12   0.9159893131054E-20
  0.4740100000000E+12   0.2634556105968E-19
  0.6247180000000E+12   0.7459654989113E-19
  0.8233440000000E+12   0.2064079052838E-18
  0.1085120000000E+13   0.5541406764944E-18
  0.1430130000000E+13   0.1424280834343E-17
  0.1884830000000E+13   0.3447154021229E-17
  0.2484100000000E+13   0.7661052928401E-17
  0.3273910000000E+13   0.1501983017378E-16
  0.4314820000000E+13   0.2471788793348E-16
  0.5686700000000E+13   0.3203685909190E-16
  0.7494750000000E+13   0.3177139774150E-16
  0.7682960000000E+13   0.3139221836233E-16
  0.7875890000000E+13   0.3096456707292E-16
  0.8073670000000E+13   0.3049083331216E-16
  0.8276410000000E+13   0.2997816049658E-16
  0.8484250000000E+13   0.2943703008810E-16
  0.8697300000000E+13   0.2890740013867E-16
  0.8915700000000E+13   0.2835004284514E-16
  0.9139590000000E+13   0.2782279888431E-16
  0.9369100000000E+13   0.2728477710516E-16
  0.9604380000000E+13   0.2676013202302E-16
  0.9845560000000E+13   0.2625020520583E-16
  0.1009280000000E+14   0.2573021114987E-16
  0.1034620000000E+14   0.2522179230977E-16
  0.1060610000000E+14   0.2470110298350E-16
  0.1087240000000E+14   0.2422407321341E-16
  0.1114540000000E+14   0.2374408844384E-16
  0.1142530000000E+14   0.2328433703525E-16
  0.1171220000000E+14   0.2283837281491E-16
  0.1200630000000E+14   0.2238530148688E-16
  0.1230780000000E+14   0.2194138486066E-16
  0.1261690000000E+14   0.2148371152647E-16
  0.1293370000000E+14   0.2108064274409E-16
  0.1325850000000E+14   0.2066814540601E-16
  0.1359150000000E+14   0.2026993084800E-16
  0.1393280000000E+14   0.1987550928208E-16
  0.1428260000000E+14   0.1948403069752E-16
  0.1464130000000E+14   0.1913772047360E-16
  0.1500900000000E+14   0.1876781707586E-16
  0.1538590000000E+14   0.1827900956706E-16
  0.1577220000000E+14   0.1777492784717E-16
  0.1616830000000E+14   0.1695754252542E-16
  0.1657430000000E+14   0.1598439253378E-16
  0.1699050000000E+14   0.1494207665048E-16
  0.1741720000000E+14   0.1367110884376E-16
  0.1785460000000E+14   0.1247830793090E-16
  0.1830290000000E+14   0.1123052125391E-16
  0.1876260000000E+14   0.1006130637745E-16
  0.1923370000000E+14   0.9019592412041E-17
  0.1971670000000E+14   0.8075489318513E-17
  0.2021180000000E+14   0.7255680345677E-17
  0.2071940000000E+14   0.6612698927474E-17
  0.2123970000000E+14   0.6024271990646E-17
  0.2177310000000E+14   0.5948646239369E-17
  0.2231980000000E+14   0.5861385557460E-17
  0.2288030000000E+14   0.5918869088516E-17
  0.2345490000000E+14   0.6009373726005E-17
  0.2404390000000E+14   0.6111064909465E-17
  0.2464770000000E+14   0.6250416053482E-17
  0.2526660000000E+14   0.6352306744698E-17
  0.2590110000000E+14   0.6472973357395E-17
  0.2655150000000E+14   0.6556026559420E-17
  0.2721830000000E+14   0.6706715759273E-17
  0.2790180000000E+14   0.6852679905244E-17
  0.2860240000000E+14   0.6926990592148E-17
  0.2932070000000E+14   0.6925239110818E-17
  0.3005700000000E+14   0.6894792277102E-17
  0.3081180000000E+14   0.6723776499954E-17
  0.3158550000000E+14   0.6558621727163E-17
  0.3237870000000E+14   0.5878047916783E-17
  0.3319170000000E+14   0.5086589902983E-17
  0.3402530000000E+14   0.4359168127980E-17
  0.3487970000000E+14   0.3690288396649E-17
  0.3575560000000E+14   0.3066607632556E-17
  0.3665350000000E+14   0.2507267020375E-17
  0.3757390000000E+14   0.1967983921705E-17
  0.3851740000000E+14   0.1641809587495E-17
  0.3948470000000E+14   0.1377411127043E-17
  0.4047620000000E+14   0.1208444277130E-17
  0.4149260000000E+14   0.1150959218454E-17
  0.4253460000000E+14   0.1102621373247E-17
  0.4360270000000E+14   0.1090545445561E-17
  0.4469770000000E+14   0.1080453344583E-17
  0.4582010000000E+14   0.1072552511188E-17
  0.4697070000000E+14   0.1066268274221E-17
  0.4815020000000E+14   0.1060238477383E-17
  0.4935940000000E+14   0.1054321337209E-17
  0.5059890000000E+14   0.1049530115499E-17
  0.5186950000000E+14   0.1046310648704E-17
  0.5317200000000E+14   0.1043672380005E-17
  0.5450730000000E+14   0.1043031293217E-17
  0.6258450000000E+14   0.1052262204919E-17
  0.7185870000000E+14   0.1068959473014E-17
  0.8250720000000E+14   0.1072969554746E-17
  0.9473370000000E+14   0.1059827877781E-17
  0.1087720000000E+15   0.1035192585892E-17
  0.1248910000000E+15   0.1009212267021E-17
  0.1433980000000E+15   0.9916123765801E-18
  0.1646470000000E+15   0.9922408603392E-18
  0.1890460000000E+15   0.1020409211835E-17
  0.2170600000000E+15   0.1078391980236E-17
  0.2492250000000E+15   0.1167880656014E-17
  0.2861570000000E+15   0.1287039739109E-17
  0.3285620000000E+15   0.1428891851249E-17
  0.3772500000000E+15   0.1581343215728E-17
  0.4331540000000E+15   0.1725887833311E-17
  0.4973410000000E+15   0.1838138783075E-17
  0.5710410000000E+15   0.1891167598454E-17
  0.6556610000000E+15   0.1861570454866E-17
  0.7528220000000E+15   0.1735871504172E-17
  0.8643800000000E+15   0.1518559339598E-17
  0.9924690000000E+15   0.1233166296948E-17
  0.1139540000000E+16   0.9155540235059E-18
  0.1308400000000E+16   0.6151268873184E-18
  0.1502290000000E+16   0.3672464912420E-18
  0.1724910000000E+16   0.1911874129396E-18
  0.1980520000000E+16   0.8483081685853E-19
  0.2274010000000E+16   0.3139870925685E-19
  0.2610990000000E+16   0.9432603626787E-20
  0.2997900000000E+16   0.2229867840921E-20
