mstar = 2 Msun, Rstar = 2.5 Rsun, Tstar = 10000, mdisk = 0.0066951 Msun, Rc = 150 AU, Rin = 0.5 AU, Rout = 250 AU, inclination = 45 degree, powerlaw = -0.5 
         130
  
  0.2997900000000E+11   0.8525296052212E-23
  0.3951060000000E+11   0.1942394636199E-22
  0.5207280000000E+11   0.4420748360322E-22
  0.6862910000000E+11   0.1004583388550E-21
  0.9044930000000E+11   0.2278015852435E-21
  0.1192070000000E+12   0.5150891355109E-21
  0.1571080000000E+12   0.1160224392867E-20
  0.2070600000000E+12   0.2599970134660E-20
  0.2728930000000E+12   0.5786371352348E-20
  0.3596580000000E+12   0.1391386576569E-19
  0.4740100000000E+12   0.3990178222733E-19
  0.6247180000000E+12   0.1124900760402E-18
  0.8233440000000E+12   0.3092328949414E-18
  0.1085120000000E+13   0.8219578743874E-18
  0.1430130000000E+13   0.2080258400445E-17
  0.1884830000000E+13   0.4914303568274E-17
  0.2484100000000E+13   0.1051341752511E-16
  0.3273910000000E+13   0.1944045954261E-16
  0.4314820000000E+13   0.2941681153281E-16
  0.5686700000000E+13   0.3460330641984E-16
  0.7494750000000E+13   0.3238207555984E-16
  0.7682960000000E+13   0.3195544191620E-16
  0.7875890000000E+13   0.3150225335636E-16
  0.8073670000000E+13   0.3102258014163E-16
  0.8276410000000E+13   0.3052090954915E-16
  0.8484250000000E+13   0.3000519666402E-16
  0.8697300000000E+13   0.2951534691770E-16
  0.8915700000000E+13   0.2900682490194E-16
  0.9139590000000E+13   0.2853959000528E-16
  0.9369100000000E+13   0.2806635315976E-16
  0.9604380000000E+13   0.2761082760266E-16
  0.9845560000000E+13   0.2717190028189E-16
  0.1009280000000E+14   0.2671942988980E-16
  0.1034620000000E+14   0.2627538030166E-16
  0.1060610000000E+14   0.2581152815601E-16
  0.1087240000000E+14   0.2538880340070E-16
  0.1114540000000E+14   0.2495445069432E-16
  0.1142530000000E+14   0.2453369810955E-16
  0.1171220000000E+14   0.2411913818181E-16
  0.1200630000000E+14   0.2368805687735E-16
  0.1230780000000E+14   0.2325878095920E-16
  0.1261690000000E+14   0.2280698347994E-16
  0.1293370000000E+14   0.2240747930396E-16
  0.1325850000000E+14   0.2199154717747E-16
  0.1359150000000E+14   0.2158556070737E-16
  0.1393280000000E+14   0.2117903364839E-16
  0.1428260000000E+14   0.2077178922580E-16
  0.1464130000000E+14   0.2040952533027E-16
  0.1500900000000E+14   0.2001936300267E-16
  0.1538590000000E+14   0.1950058704195E-16
  0.1577220000000E+14   0.1896413643911E-16
  0.1616830000000E+14   0.1809345467698E-16
  0.1657430000000E+14   0.1705644532881E-16
  0.1699050000000E+14   0.1594533483070E-16
  0.1741720000000E+14   0.1459028205928E-16
  0.1785460000000E+14   0.1331775085306E-16
  0.1830290000000E+14   0.1198600915464E-16
  0.1876260000000E+14   0.1073730882843E-16
  0.1923370000000E+14   0.9624124289993E-17
  0.1971670000000E+14   0.8614623495846E-17
  0.2021180000000E+14   0.7737711292305E-17
  0.2071940000000E+14   0.7049908811269E-17
  0.2123970000000E+14   0.6420411283611E-17
  0.2177310000000E+14   0.6339562718411E-17
  0.2231980000000E+14   0.6245225085790E-17
  0.2288030000000E+14   0.6304210673830E-17
  0.2345490000000E+14   0.6397283953209E-17
  0.2404390000000E+14   0.6501384256426E-17
  0.2464770000000E+14   0.6644636091836E-17
  0.2526660000000E+14   0.6747700081800E-17
  0.2590110000000E+14   0.6870308598138E-17
  0.2655150000000E+14   0.6952788117029E-17
  0.2721830000000E+14   0.7106467275494E-17
  0.2790180000000E+14   0.7254787996180E-17
  0.2860240000000E+14   0.7326898810275E-17
  0.2932070000000E+14   0.7318508327044E-17
  0.3005700000000E+14   0.7279677894580E-17
  0.3081180000000E+14   0.7092393054480E-17
  0.3158550000000E+14   0.6911321867890E-17
  0.3237870000000E+14   0.6187133446151E-17
  0.3319170000000E+14   0.5346774251775E-17
  0.3402530000000E+14   0.4574375740451E-17
  0.3487970000000E+14   0.3864483772067E-17
  0.3575560000000E+14   0.3203587878453E-17
  0.3665350000000E+14   0.2611696506333E-17
  0.3757390000000E+14   0.2042075616515E-17
  0.3851740000000E+14   0.1696182824420E-17
  0.3948470000000E+14   0.1415762058199E-17
  0.4047620000000E+14   0.1236864895565E-17
  0.4149260000000E+14   0.1174765607164E-17
  0.4253460000000E+14   0.1122611290124E-17
  0.4360270000000E+14   0.1108002469667E-17
  0.4469770000000E+14   0.1095645877082E-17
  0.4582010000000E+14   0.1085750591570E-17
  0.4697070000000E+14   0.1077723235716E-17
  0.4815020000000E+14   0.1070177555435E-17
  0.4935940000000E+14   0.1062969772419E-17
  0.5059890000000E+14   0.1057114306203E-17
  0.5186950000000E+14   0.1053040470108E-17
  0.5317200000000E+14   0.1049737741675E-17
  0.5450730000000E+14   0.1048599793403E-17
  0.6258450000000E+14   0.1057320611377E-17
  0.7185870000000E+14   0.1075549944749E-17
  0.8250720000000E+14   0.1081504309451E-17
  0.9473370000000E+14   0.1069654831062E-17
  0.1087720000000E+15   0.1045056042334E-17
  0.1248910000000E+15   0.1017697759454E-17
  0.1433980000000E+15   0.9974775734514E-18
  0.1646470000000E+15   0.9947264728098E-18
  0.1890460000000E+15   0.1019524869432E-17
  0.2170600000000E+15   0.1074948533233E-17
  0.2492250000000E+15   0.1163155167108E-17
  0.2861570000000E+15   0.1282193396056E-17
  0.3285620000000E+15   0.1424747172487E-17
  0.3772500000000E+15   0.1578353848183E-17
  0.4331540000000E+15   0.1724050140236E-17
  0.4973410000000E+15   0.1837034526998E-17
  0.5710410000000E+15   0.1890262346573E-17
  0.6556610000000E+15   0.1860475332135E-17
  0.7528220000000E+15   0.1734292917423E-17
  0.8643800000000E+15   0.1516642390730E-17
  0.9924690000000E+15   0.1231408226809E-17
  0.1139540000000E+16   0.9137519465372E-18
  0.1308400000000E+16   0.6139911844168E-18
  0.1502290000000E+16   0.3666860980532E-18
  0.1724910000000E+16   0.1909686816907E-18
  0.1980520000000E+16   0.8472839368053E-19
  0.2274010000000E+16   0.3136167390765E-19
  0.2610990000000E+16   0.9421683013790E-20
  0.2997900000000E+16   0.2227322887943E-20
