mstar = 2 Msun, Rstar = 2.5 Rsun, Tstar = 10000, mdisk = 0.001631 Msun, Rc = 150 AU, Rin = 0.5 AU, Rout = 250 AU, inclination = 45 degree, powerlaw = -0.5 
         130
  
  0.2997900000000E+11   0.2397343389760E-23
  0.3951060000000E+11   0.5454269399719E-23
  0.5207280000000E+11   0.1240380075814E-22
  0.6862910000000E+11   0.2818139442390E-22
  0.9044930000000E+11   0.6392989845527E-22
  0.1192070000000E+12   0.1447002573484E-21
  0.1571080000000E+12   0.3264936793285E-21
  0.2070600000000E+12   0.7335273411679E-21
  0.2728930000000E+12   0.1638451766974E-20
  0.3596580000000E+12   0.3960158942503E-20
  0.4740100000000E+12   0.1144556370935E-19
  0.6247180000000E+12   0.3263766017949E-19
  0.8233440000000E+12   0.9124280766133E-19
  0.1085120000000E+13   0.2487039811326E-18
  0.1430130000000E+13   0.6539100712412E-18
  0.1884830000000E+13   0.1638309042998E-17
  0.2484100000000E+13   0.3840924975581E-17
  0.3273910000000E+13   0.8181037335371E-17
  0.4314820000000E+13   0.1527935266316E-16
  0.5686700000000E+13   0.2363653418860E-16
  0.7494750000000E+13   0.2836281623523E-16
  0.7682960000000E+13   0.2843250069464E-16
  0.7875890000000E+13   0.2842654622129E-16
  0.8073670000000E+13   0.2834232579800E-16
  0.8276410000000E+13   0.2818400953450E-16
  0.8484250000000E+13   0.2796076068741E-16
  0.8697300000000E+13   0.2771666030274E-16
  0.8915700000000E+13   0.2740272260487E-16
  0.9139590000000E+13   0.2708332835059E-16
  0.9369100000000E+13   0.2671055208657E-16
  0.9604380000000E+13   0.2631097578219E-16
  0.9845560000000E+13   0.2588616588626E-16
  0.1009280000000E+14   0.2541301741380E-16
  0.1034620000000E+14   0.2491671337011E-16
  0.1060610000000E+14   0.2437847425564E-16
  0.1087240000000E+14   0.2385449285591E-16
  0.1114540000000E+14   0.2330577092084E-16
  0.1142530000000E+14   0.2275766308517E-16
  0.1171220000000E+14   0.2220887935048E-16
  0.1200630000000E+14   0.2164640047866E-16
  0.1230780000000E+14   0.2108834310318E-16
  0.1261690000000E+14   0.2051972435773E-16
  0.1293370000000E+14   0.1999971902882E-16
  0.1325850000000E+14   0.1947881176281E-16
  0.1359150000000E+14   0.1897866078969E-16
  0.1393280000000E+14   0.1849267056103E-16
  0.1428260000000E+14   0.1802137914297E-16
  0.1464130000000E+14   0.1760021653839E-16
  0.1500900000000E+14   0.1717324432820E-16
  0.1538590000000E+14   0.1666028662525E-16
  0.1577220000000E+14   0.1614587648769E-16
  0.1616830000000E+14   0.1537707117553E-16
  0.1657430000000E+14   0.1448330412080E-16
  0.1699050000000E+14   0.1353641917762E-16
  0.1741720000000E+14   0.1240078489325E-16
  0.1785460000000E+14   0.1133588370061E-16
  0.1830290000000E+14   0.1022952771652E-16
  0.1876260000000E+14   0.9194225833069E-17
  0.1923370000000E+14   0.8270648384482E-17
  0.1971670000000E+14   0.7432937243921E-17
  0.2021180000000E+14   0.6702820880744E-17
  0.2071940000000E+14   0.6123376653244E-17
  0.2123970000000E+14   0.5592600778726E-17
  0.2177310000000E+14   0.5493290549540E-17
  0.2231980000000E+14   0.5390319475587E-17
  0.2288030000000E+14   0.5416722045583E-17
  0.2345490000000E+14   0.5479146121984E-17
  0.2404390000000E+14   0.5558522400748E-17
  0.2464770000000E+14   0.5677390967534E-17
  0.2526660000000E+14   0.5768571491891E-17
  0.2590110000000E+14   0.5880759746698E-17
  0.2655150000000E+14   0.5962494734592E-17
  0.2721830000000E+14   0.6107787992344E-17
  0.2790180000000E+14   0.6251159695193E-17
  0.2860240000000E+14   0.6331099818775E-17
  0.2932070000000E+14   0.6342788612125E-17
  0.3005700000000E+14   0.6328889987599E-17
  0.3081180000000E+14   0.6186516204353E-17
  0.3158550000000E+14   0.6049290375216E-17
  0.3237870000000E+14   0.5437633043754E-17
  0.3319170000000E+14   0.4721975468663E-17
  0.3402530000000E+14   0.4063090598030E-17
  0.3487970000000E+14   0.3456037395409E-17
  0.3575560000000E+14   0.2888651047081E-17
  0.3665350000000E+14   0.2378387662508E-17
  0.3757390000000E+14   0.1884848097131E-17
  0.3851740000000E+14   0.1585422910938E-17
  0.3948470000000E+14   0.1339831026084E-17
  0.4047620000000E+14   0.1180291803390E-17
  0.4149260000000E+14   0.1124908693637E-17
  0.4253460000000E+14   0.1077484200341E-17
  0.4360270000000E+14   0.1065062926123E-17
  0.4469770000000E+14   0.1054466089415E-17
  0.4582010000000E+14   0.1045911149588E-17
  0.4697070000000E+14   0.1038835985118E-17
  0.4815020000000E+14   0.1031864489323E-17
  0.4935940000000E+14   0.1024842198117E-17
  0.5059890000000E+14   0.1018815240543E-17
  0.5186950000000E+14   0.1014278140575E-17
  0.5317200000000E+14   0.1010225434553E-17
  0.5450730000000E+14   0.1008178819696E-17
  0.6258450000000E+14   0.1009833464649E-17
  0.7185870000000E+14   0.1020985858226E-17
  0.8250720000000E+14   0.1022343817422E-17
  0.9473370000000E+14   0.1010343894888E-17
  0.1087720000000E+15   0.9910727588141E-18
  0.1248910000000E+15   0.9738283949248E-18
  0.1433980000000E+15   0.9666376906617E-18
  0.1646470000000E+15   0.9775197047848E-18
  0.1890460000000E+15   0.1014408580834E-17
  0.2170600000000E+15   0.1078944134212E-17
  0.2492250000000E+15   0.1172395952270E-17
  0.2861570000000E+15   0.1292950184240E-17
  0.3285620000000E+15   0.1434312646007E-17
  0.3772500000000E+15   0.1585452553932E-17
  0.4331540000000E+15   0.1728668344387E-17
  0.4973410000000E+15   0.1840000612009E-17
  0.5710410000000E+15   0.1892714807955E-17
  0.6556610000000E+15   0.1863359295295E-17
  0.7528220000000E+15   0.1738391671097E-17
  0.8643800000000E+15   0.1521606201954E-17
  0.9924690000000E+15   0.1235959623017E-17
  0.1139540000000E+16   0.9184190889225E-18
  0.1308400000000E+16   0.6169322103891E-18
  0.1502290000000E+16   0.3681369271604E-18
  0.1724910000000E+16   0.1915347938145E-18
  0.1980520000000E+16   0.8499349489244E-19
  0.2274010000000E+16   0.3145753012713E-19
  0.2610990000000E+16   0.9449947647411E-20
  0.2997900000000E+16   0.2233909626581E-20
