mstar = 2 Msun, Rstar = 2.5 Rsun, Tstar = 10000, mdisk = 0.0097991 Msun, Rc = 150 AU, Rin = 0.5 AU, Rout = 250 AU, inclination = 45 degree, powerlaw = -0.5 
         130
  
  0.2997900000000E+11   0.1198803819709E-22
  0.3951060000000E+11   0.2731436295489E-22
  0.5207280000000E+11   0.6216053399173E-22
  0.6862910000000E+11   0.1412269842111E-21
  0.9044930000000E+11   0.3201411552271E-21
  0.1192070000000E+12   0.7235167443421E-21
  0.1571080000000E+12   0.1628546012415E-20
  0.2070600000000E+12   0.3645885393352E-20
  0.2728930000000E+12   0.8103387593932E-20
  0.3596580000000E+12   0.1944840669886E-19
  0.4740100000000E+12   0.5560412138501E-19
  0.6247180000000E+12   0.1560433657557E-18
  0.8233440000000E+12   0.4259879906083E-18
  0.1085120000000E+13   0.1120190286726E-17
  0.1430130000000E+13   0.2787806508748E-17
  0.1884830000000E+13   0.6414351352208E-17
  0.2484100000000E+13   0.1317241894123E-16
  0.3273910000000E+13   0.2292970764590E-16
  0.4314820000000E+13   0.3207106516230E-16
  0.5686700000000E+13   0.3515659108951E-16
  0.7494750000000E+13   0.3244172148912E-16
  0.7682960000000E+13   0.3206745746454E-16
  0.7875890000000E+13   0.3167329351998E-16
  0.8073670000000E+13   0.3125645105139E-16
  0.8276410000000E+13   0.3081914754520E-16
  0.8484250000000E+13   0.3036775257255E-16
  0.8697300000000E+13   0.2994369425974E-16
  0.8915700000000E+13   0.2949697427150E-16
  0.9139590000000E+13   0.2909122517964E-16
  0.9369100000000E+13   0.2867398135851E-16
  0.9604380000000E+13   0.2827003163983E-16
  0.9845560000000E+13   0.2787751491621E-16
  0.1009280000000E+14   0.2746383107400E-16
  0.1034620000000E+14   0.2705255795904E-16
  0.1060610000000E+14   0.2661394776223E-16
  0.1087240000000E+14   0.2621302112617E-16
  0.1114540000000E+14   0.2579424243122E-16
  0.1142530000000E+14   0.2538483640099E-16
  0.1171220000000E+14   0.2497751975464E-16
  0.1200630000000E+14   0.2454901709206E-16
  0.1230780000000E+14   0.2411912762114E-16
  0.1261690000000E+14   0.2366292641873E-16
  0.1293370000000E+14   0.2325899420739E-16
  0.1325850000000E+14   0.2283588233566E-16
  0.1359150000000E+14   0.2242148907806E-16
  0.1393280000000E+14   0.2200514660748E-16
  0.1428260000000E+14   0.2158686790628E-16
  0.1464130000000E+14   0.2121441682515E-16
  0.1500900000000E+14   0.2081211943209E-16
  0.1538590000000E+14   0.2027539388882E-16
  0.1577220000000E+14   0.1971973874646E-16
  0.1616830000000E+14   0.1881643206521E-16
  0.1657430000000E+14   0.1774002474112E-16
  0.1699050000000E+14   0.1658633080812E-16
  0.1741720000000E+14   0.1517884728275E-16
  0.1785460000000E+14   0.1385687807975E-16
  0.1830290000000E+14   0.1247325235851E-16
  0.1876260000000E+14   0.1117578660678E-16
  0.1923370000000E+14   0.1001944254786E-16
  0.1971670000000E+14   0.8971035124265E-17
  0.2021180000000E+14   0.8060474469692E-17
  0.2071940000000E+14   0.7346609697488E-17
  0.2123970000000E+14   0.6693309407481E-17
  0.2177310000000E+14   0.6610649430533E-17
  0.2231980000000E+14   0.6513492858648E-17
  0.2288030000000E+14   0.6575233973515E-17
  0.2345490000000E+14   0.6671824107113E-17
  0.2404390000000E+14   0.6779527176784E-17
  0.2464770000000E+14   0.6927795369750E-17
  0.2526660000000E+14   0.7034058537400E-17
  0.2590110000000E+14   0.7160331603272E-17
  0.2655150000000E+14   0.7244718966302E-17
  0.2721830000000E+14   0.7402374429712E-17
  0.2790180000000E+14   0.7553743215712E-17
  0.2860240000000E+14   0.7625795823927E-17
  0.2932070000000E+14   0.7614239527262E-17
  0.3005700000000E+14   0.7570924635478E-17
  0.3081180000000E+14   0.7374828542461E-17
  0.3158550000000E+14   0.7185189063005E-17
  0.3237870000000E+14   0.6436716915024E-17
  0.3319170000000E+14   0.5566344945713E-17
  0.3402530000000E+14   0.4763911054142E-17
  0.3487970000000E+14   0.4024622678060E-17
  0.3575560000000E+14   0.3334916035436E-17
  0.3665350000000E+14   0.2716172459441E-17
  0.3757390000000E+14   0.2119642243385E-17
  0.3851740000000E+14   0.1756594751436E-17
  0.3948470000000E+14   0.1461885345769E-17
  0.4047620000000E+14   0.1273397452507E-17
  0.4149260000000E+14   0.1206598255659E-17
  0.4253460000000E+14   0.1150407158171E-17
  0.4360270000000E+14   0.1133064199656E-17
  0.4469770000000E+14   0.1118189869374E-17
  0.4582010000000E+14   0.1106001058508E-17
  0.4697070000000E+14   0.1095893716194E-17
  0.4815020000000E+14   0.1086459227916E-17
  0.4935940000000E+14   0.1077558116782E-17
  0.5059890000000E+14   0.1070217346021E-17
  0.5186950000000E+14   0.1064858014424E-17
  0.5317200000000E+14   0.1060450987329E-17
  0.5450730000000E+14   0.1058380391544E-17
  0.6258450000000E+14   0.1064243352600E-17
  0.7185870000000E+14   0.1082046163153E-17
  0.8250720000000E+14   0.1088568199429E-17
  0.9473370000000E+14   0.1077223675737E-17
  0.1087720000000E+15   0.1052268309966E-17
  0.1248910000000E+15   0.1023299361733E-17
  0.1433980000000E+15   0.1000330077346E-17
  0.1646470000000E+15   0.9942935458593E-18
  0.1890460000000E+15   0.1016105823356E-17
  0.2170600000000E+15   0.1069514831237E-17
  0.2492250000000E+15   0.1156941806514E-17
  0.2861570000000E+15   0.1276317834265E-17
  0.3285620000000E+15   0.1420062507544E-17
  0.3772500000000E+15   0.1575254996700E-17
  0.4331540000000E+15   0.1722313220839E-17
  0.4973410000000E+15   0.1836036531631E-17
  0.5710410000000E+15   0.1889416463367E-17
  0.6556610000000E+15   0.1859419275522E-17
  0.7528220000000E+15   0.1732759963432E-17
  0.8643800000000E+15   0.1514780295988E-17
  0.9924690000000E+15   0.1229700695845E-17
  0.1139540000000E+16   0.9120026129096E-18
  0.1308400000000E+16   0.6128885888588E-18
  0.1502290000000E+16   0.3661418689114E-18
  0.1724910000000E+16   0.1907561794241E-18
  0.1980520000000E+16   0.8462889350926E-19
  0.2274010000000E+16   0.3132569450284E-19
  0.2610990000000E+16   0.9411073539066E-20
  0.2997900000000E+16   0.2224850402848E-20
