mstar = 2 Msun, Rstar = 2.5 Rsun, Tstar = 10000, mdisk = 0.0097714 Msun, Rc = 150 AU, Rin = 0.5 AU, Rout = 250 AU, inclination = 45 degree, powerlaw = -0.5 
         130
  
  0.2997900000000E+11   0.1196587622422E-22
  0.3951060000000E+11   0.2726395382146E-22
  0.5207280000000E+11   0.6204611232503E-22
  0.6862910000000E+11   0.1409679705561E-21
  0.9044930000000E+11   0.3195569240887E-21
  0.1192070000000E+12   0.7222052322375E-21
  0.1571080000000E+12   0.1625620774742E-20
  0.2070600000000E+12   0.3639417911143E-20
  0.2728930000000E+12   0.8089259747919E-20
  0.3596580000000E+12   0.1941533063814E-19
  0.4740100000000E+12   0.5551300178469E-19
  0.6247180000000E+12   0.1558018315880E-18
  0.8233440000000E+12   0.4253824172892E-18
  0.1085120000000E+13   0.1118807179636E-17
  0.1430130000000E+13   0.2785150535183E-17
  0.1884830000000E+13   0.6411037861167E-17
  0.2484100000000E+13   0.1317449716869E-16
  0.3273910000000E+13   0.2295640397463E-16
  0.4314820000000E+13   0.3215029999280E-16
  0.5686700000000E+13   0.3528085353648E-16
  0.7494750000000E+13   0.3255300916667E-16
  0.7682960000000E+13   0.3217527134918E-16
  0.7875890000000E+13   0.3177744455678E-16
  0.8073670000000E+13   0.3135680154657E-16
  0.8276410000000E+13   0.3091560847464E-16
  0.8484250000000E+13   0.3046027165197E-16
  0.8697300000000E+13   0.3003225848788E-16
  0.8915700000000E+13   0.2958160865200E-16
  0.9139590000000E+13   0.2917202429213E-16
  0.9369100000000E+13   0.2875103499775E-16
  0.9604380000000E+13   0.2834347875119E-16
  0.9845560000000E+13   0.2794752292580E-16
  0.1009280000000E+14   0.2753056658401E-16
  0.1034620000000E+14   0.2711621633599E-16
  0.1060610000000E+14   0.2667470307756E-16
  0.1087240000000E+14   0.2627114339711E-16
  0.1114540000000E+14   0.2584993596221E-16
  0.1142530000000E+14   0.2543832171690E-16
  0.1171220000000E+14   0.2502902350348E-16
  0.1200630000000E+14   0.2459873994988E-16
  0.1230780000000E+14   0.2416728058075E-16
  0.1261690000000E+14   0.2370966773850E-16
  0.1293370000000E+14   0.2330462020649E-16
  0.1325850000000E+14   0.2288056628839E-16
  0.1359150000000E+14   0.2246540077142E-16
  0.1393280000000E+14   0.2204838372822E-16
  0.1428260000000E+14   0.2162953457700E-16
  0.1464130000000E+14   0.2125669894823E-16
  0.1500900000000E+14   0.2085405209144E-16
  0.1538590000000E+14   0.2031679344148E-16
  0.1577220000000E+14   0.1976066257380E-16
  0.1616830000000E+14   0.1885633997018E-16
  0.1657430000000E+14   0.1777865949756E-16
  0.1699050000000E+14   0.1662357424613E-16
  0.1741720000000E+14   0.1521421643727E-16
  0.1785460000000E+14   0.1389040279238E-16
  0.1830290000000E+14   0.1250454676275E-16
  0.1876260000000E+14   0.1120504797528E-16
  0.1923370000000E+14   0.1004667198532E-16
  0.1971670000000E+14   0.8996236675551E-17
  0.2021180000000E+14   0.8083707960463E-17
  0.2071940000000E+14   0.7368284048092E-17
  0.2123970000000E+14   0.6713405991168E-17
  0.2177310000000E+14   0.6631314600343E-17
  0.2231980000000E+14   0.6534533434111E-17
  0.2288030000000E+14   0.6597135424850E-17
  0.2345490000000E+14   0.6694470435803E-17
  0.2404390000000E+14   0.6802700546140E-17
  0.2464770000000E+14   0.6951302136681E-17
  0.2526660000000E+14   0.7057649818176E-17
  0.2590110000000E+14   0.7183866225557E-17
  0.2655150000000E+14   0.7267738101360E-17
  0.2721830000000E+14   0.7424866489903E-17
  0.2790180000000E+14   0.7575735547261E-17
  0.2860240000000E+14   0.7647014573257E-17
  0.2932070000000E+14   0.7634257793229E-17
  0.3005700000000E+14   0.7589573672558E-17
  0.3081180000000E+14   0.7391827887135E-17
  0.3158550000000E+14   0.7200430345852E-17
  0.3237870000000E+14   0.6450014602915E-17
  0.3319170000000E+14   0.5577679367503E-17
  0.3402530000000E+14   0.4773970541978E-17
  0.3487970000000E+14   0.4033435414932E-17
  0.3575560000000E+14   0.3342475978320E-17
  0.3665350000000E+14   0.2721975803641E-17
  0.3757390000000E+14   0.2124120788979E-17
  0.3851740000000E+14   0.1759727194374E-17
  0.3948470000000E+14   0.1463659723540E-17
  0.4047620000000E+14   0.1274389296889E-17
  0.4149260000000E+14   0.1207473260347E-17
  0.4253460000000E+14   0.1151269092264E-17
  0.4360270000000E+14   0.1134011603355E-17
  0.4469770000000E+14   0.1119223627453E-17
  0.4582010000000E+14   0.1107119054998E-17
  0.4697070000000E+14   0.1097091957225E-17
  0.4815020000000E+14   0.1087734144699E-17
  0.4935940000000E+14   0.1078906315276E-17
  0.5059890000000E+14   0.1071635424481E-17
  0.5186950000000E+14   0.1066340116744E-17
  0.5317200000000E+14   0.1061990671604E-17
  0.5450730000000E+14   0.1059966724190E-17
  0.6258450000000E+14   0.1065926463094E-17
  0.7185870000000E+14   0.1083692258535E-17
  0.8250720000000E+14   0.1090196787902E-17
  0.9473370000000E+14   0.1078876425288E-17
  0.1087720000000E+15   0.1053957455322E-17
  0.1248910000000E+15   0.1024992627421E-17
  0.1433980000000E+15   0.1001935781417E-17
  0.1646470000000E+15   0.9956840394314E-18
  0.1890460000000E+15   0.1017173900606E-17
  0.2170600000000E+15   0.1070212562758E-17
  0.2492250000000E+15   0.1157306350333E-17
  0.2861570000000E+15   0.1276442672421E-17
  0.3285620000000E+15   0.1420058683212E-17
  0.3772500000000E+15   0.1575211925445E-17
  0.4331540000000E+15   0.1722278066591E-17
  0.4973410000000E+15   0.1836019766843E-17
  0.5710410000000E+15   0.1889412662225E-17
  0.6556610000000E+15   0.1859422401664E-17
  0.7528220000000E+15   0.1732767538857E-17
  0.8643800000000E+15   0.1514790045212E-17
  0.9924690000000E+15   0.1229709682449E-17
  0.1139540000000E+16   0.9120118224207E-18
  0.1308400000000E+16   0.6128943941019E-18
  0.1502290000000E+16   0.3661447347682E-18
  0.1724910000000E+16   0.1907572986474E-18
  0.1980520000000E+16   0.8462941754838E-19
  0.2274010000000E+16   0.3132588399870E-19
  0.2610990000000E+16   0.9411129417498E-20
  0.2997900000000E+16   0.2224863425141E-20
