mstar = 2 Msun, Rstar = 2.5 Rsun, Tstar = 10000, mdisk = 0.00053646 Msun, Rc = 150 AU, Rin = 0.5 AU, Rout = 250 AU, inclination = 45 degree, powerlaw = -0.5 
         130
  
  0.2997900000000E+11   0.8974094433298E-24
  0.3951060000000E+11   0.2033054186572E-23
  0.5207280000000E+11   0.4609360735331E-23
  0.6862910000000E+11   0.1045086542686E-22
  0.9044930000000E+11   0.2367913198769E-22
  0.1192070000000E+12   0.5357168981875E-22
  0.1571080000000E+12   0.1209111871936E-21
  0.2070600000000E+12   0.2719377818724E-21
  0.2728930000000E+12   0.6085915189815E-21
  0.3596580000000E+12   0.1475194239224E-20
  0.4740100000000E+12   0.4281621939266E-20
  0.6247180000000E+12   0.1228705830116E-19
  0.8233440000000E+12   0.3466575147058E-19
  0.1085120000000E+13   0.9573273694010E-19
  0.1430130000000E+13   0.2564723132257E-18
  0.1884830000000E+13   0.6602872855312E-18
  0.2484100000000E+13   0.1611178667413E-17
  0.3273910000000E+13   0.3642111500224E-17
  0.4314820000000E+13   0.7439495687068E-17
  0.5686700000000E+13   0.1315128484080E-16
  0.7494750000000E+13   0.1898304136833E-16
  0.7682960000000E+13   0.1938794350559E-16
  0.7875890000000E+13   0.1975030274178E-16
  0.8073670000000E+13   0.2006344506730E-16
  0.8276410000000E+13   0.2032664155278E-16
  0.8484250000000E+13   0.2054424155726E-16
  0.8697300000000E+13   0.2075768260457E-16
  0.8915700000000E+13   0.2091224325600E-16
  0.9139590000000E+13   0.2107258188208E-16
  0.9369100000000E+13   0.2118254487413E-16
  0.9604380000000E+13   0.2126647562959E-16
  0.9845560000000E+13   0.2132121097703E-16
  0.1009280000000E+14   0.2131403366686E-16
  0.1034620000000E+14   0.2126833169086E-16
  0.1060610000000E+14   0.2115642432814E-16
  0.1087240000000E+14   0.2103986543450E-16
  0.1114540000000E+14   0.2086739862296E-16
  0.1142530000000E+14   0.2066514338236E-16
  0.1171220000000E+14   0.2042762087581E-16
  0.1200630000000E+14   0.2013696719248E-16
  0.1230780000000E+14   0.1981278215366E-16
  0.1261690000000E+14   0.1943775059164E-16
  0.1293370000000E+14   0.1907703189385E-16
  0.1325850000000E+14   0.1867649913714E-16
  0.1359150000000E+14   0.1826094276969E-16
  0.1393280000000E+14   0.1782564821670E-16
  0.1428260000000E+14   0.1737431050852E-16
  0.1464130000000E+14   0.1694293670389E-16
  0.1500900000000E+14   0.1648289946210E-16
  0.1538590000000E+14   0.1593102831415E-16
  0.1577220000000E+14   0.1536902947152E-16
  0.1616830000000E+14   0.1459080651149E-16
  0.1657430000000E+14   0.1371389424401E-16
  0.1699050000000E+14   0.1280076924158E-16
  0.1741720000000E+14   0.1174006331089E-16
  0.1785460000000E+14   0.1074543090903E-16
  0.1830290000000E+14   0.9722045598914E-17
  0.1876260000000E+14   0.8762182256886E-17
  0.1923370000000E+14   0.7900400382382E-17
  0.1971670000000E+14   0.7115000876796E-17
  0.2021180000000E+14   0.6425716715717E-17
  0.2071940000000E+14   0.5872851377496E-17
  0.2123970000000E+14   0.5366123437149E-17
  0.2177310000000E+14   0.5247283097642E-17
  0.2231980000000E+14   0.5119303135470E-17
  0.2288030000000E+14   0.5095043983172E-17
  0.2345490000000E+14   0.5094624513513E-17
  0.2404390000000E+14   0.5106038328230E-17
  0.2464770000000E+14   0.5150774957153E-17
  0.2526660000000E+14   0.5179035786887E-17
  0.2590110000000E+14   0.5231379931192E-17
  0.2655150000000E+14   0.5268043295961E-17
  0.2721830000000E+14   0.5364857928336E-17
  0.2790180000000E+14   0.5469438529899E-17
  0.2860240000000E+14   0.5529932622761E-17
  0.2932070000000E+14   0.5539744059795E-17
  0.3005700000000E+14   0.5532534995231E-17
  0.3081180000000E+14   0.5419928971086E-17
  0.3158550000000E+14   0.5313424875083E-17
  0.3237870000000E+14   0.4803267621904E-17
  0.3319170000000E+14   0.4203239336269E-17
  0.3402530000000E+14   0.3650315412691E-17
  0.3487970000000E+14   0.3139911745608E-17
  0.3575560000000E+14   0.2661573594444E-17
  0.3665350000000E+14   0.2229989883335E-17
  0.3757390000000E+14   0.1808346822020E-17
  0.3851740000000E+14   0.1546254770956E-17
  0.3948470000000E+14   0.1318997729205E-17
  0.4047620000000E+14   0.1154613502106E-17
  0.4149260000000E+14   0.1093816522304E-17
  0.4253460000000E+14   0.1038935163659E-17
  0.4360270000000E+14   0.1026566546990E-17
  0.4469770000000E+14   0.1015709826952E-17
  0.4582010000000E+14   0.1006752534543E-17
  0.4697070000000E+14   0.9990559751768E-18
  0.4815020000000E+14   0.9909201681716E-18
  0.4935940000000E+14   0.9822134372124E-18
  0.5059890000000E+14   0.9743824522252E-18
  0.5186950000000E+14   0.9681865372174E-18
  0.5317200000000E+14   0.9623594860676E-18
  0.5450730000000E+14   0.9590207834171E-18
  0.6258450000000E+14   0.9564691354899E-18
  0.7185870000000E+14   0.9674709443982E-18
  0.8250720000000E+14   0.9699487686532E-18
  0.9473370000000E+14   0.9611349553354E-18
  0.1087720000000E+15   0.9479887081132E-18
  0.1248910000000E+15   0.9393612575843E-18
  0.1433980000000E+15   0.9420732818981E-18
  0.1646470000000E+15   0.9624909705171E-18
  0.1890460000000E+15   0.1006892815799E-17
  0.2170600000000E+15   0.1076183279431E-17
  0.2492250000000E+15   0.1172052344435E-17
  0.2861570000000E+15   0.1293762513385E-17
  0.3285620000000E+15   0.1435638089880E-17
  0.3772500000000E+15   0.1586752873689E-17
  0.4331540000000E+15   0.1729700651847E-17
  0.4973410000000E+15   0.1840891403369E-17
  0.5710410000000E+15   0.1893698309709E-17
  0.6556610000000E+15   0.1864658839935E-17
  0.7528220000000E+15   0.1740280804702E-17
  0.8643800000000E+15   0.1523900011732E-17
  0.9924690000000E+15   0.1238063689345E-17
  0.1139540000000E+16   0.9205788787254E-18
  0.1308400000000E+16   0.6182928984336E-18
  0.1502290000000E+16   0.3688077575924E-18
  0.1724910000000E+16   0.1917963622571E-18
  0.1980520000000E+16   0.8511599785515E-19
  0.2274010000000E+16   0.3150182284153E-19
  0.2610990000000E+16   0.9463007476302E-20
  0.2997900000000E+16   0.2236952970621E-20
