mstar = 2 Msun, Rstar = 2.5 Rsun, Tstar = 10000, mdisk = 0.0016681 Msun, Rc = 150 AU, Rin = 0.5 AU, Rout = 250 AU, inclination = 45 degree, powerlaw = -0.5 
         130
  
  0.2997900000000E+11   0.2445914022925E-23
  0.3951060000000E+11   0.5565034592673E-23
  0.5207280000000E+11   0.1265609292908E-22
  0.6862910000000E+11   0.2875511830528E-22
  0.9044930000000E+11   0.6523178505564E-22
  0.1192070000000E+12   0.1476461144821E-21
  0.1571080000000E+12   0.3331344997189E-21
  0.2070600000000E+12   0.7484231216456E-21
  0.2728930000000E+12   0.1671642230836E-20
  0.3596580000000E+12   0.4040099528126E-20
  0.4740100000000E+12   0.1167541810795E-19
  0.6247180000000E+12   0.3328817004648E-19
  0.8233440000000E+12   0.9304147152353E-19
  0.1085120000000E+13   0.2535283032591E-18
  0.1430130000000E+13   0.6662940713160E-18
  0.1884830000000E+13   0.1668217239836E-17
  0.2484100000000E+13   0.3907058654564E-17
  0.3273910000000E+13   0.8308780034407E-17
  0.4314820000000E+13   0.1547972741523E-16
  0.5686700000000E+13   0.2385716430838E-16
  0.7494750000000E+13   0.2848376469881E-16
  0.7682960000000E+13   0.2853986649771E-16
  0.7875890000000E+13   0.2852011665323E-16
  0.8073670000000E+13   0.2842206090531E-16
  0.8276410000000E+13   0.2825003248465E-16
  0.8484250000000E+13   0.2801331758706E-16
  0.8697300000000E+13   0.2775594277172E-16
  0.8915700000000E+13   0.2742930874051E-16
  0.9139590000000E+13   0.2709762635617E-16
  0.9369100000000E+13   0.2671335554077E-16
  0.9604380000000E+13   0.2630308704614E-16
  0.9845560000000E+13   0.2586851519018E-16
  0.1009280000000E+14   0.2538674499426E-16
  0.1034620000000E+14   0.2488294440771E-16
  0.1060610000000E+14   0.2433843418006E-16
  0.1087240000000E+14   0.2380928117787E-16
  0.1114540000000E+14   0.2325662121614E-16
  0.1142530000000E+14   0.2270573668437E-16
  0.1171220000000E+14   0.2215528198477E-16
  0.1200630000000E+14   0.2159215012438E-16
  0.1230780000000E+14   0.2103436172374E-16
  0.1261690000000E+14   0.2046679781219E-16
  0.1293370000000E+14   0.1994866823916E-16
  0.1325850000000E+14   0.1943017587018E-16
  0.1359150000000E+14   0.1893291822663E-16
  0.1393280000000E+14   0.1845014627370E-16
  0.1428260000000E+14   0.1798228543457E-16
  0.1464130000000E+14   0.1756483569783E-16
  0.1500900000000E+14   0.1714148633033E-16
  0.1538590000000E+14   0.1663159633622E-16
  0.1577220000000E+14   0.1612006242322E-16
  0.1616830000000E+14   0.1535290598733E-16
  0.1657430000000E+14   0.1446018929202E-16
  0.1699050000000E+14   0.1351406853610E-16
  0.1741720000000E+14   0.1237844968484E-16
  0.1785460000000E+14   0.1131384348274E-16
  0.1830290000000E+14   0.1020755242747E-16
  0.1876260000000E+14   0.9172558956139E-17
  0.1923370000000E+14   0.8249624814314E-17
  0.1971670000000E+14   0.7412902085592E-17
  0.2021180000000E+14   0.6684072313612E-17
  0.2071940000000E+14   0.6106312639505E-17
  0.2123970000000E+14   0.5577291923845E-17
  0.2177310000000E+14   0.5480520669911E-17
  0.2231980000000E+14   0.5379888821120E-17
  0.2288030000000E+14   0.5408701028188E-17
  0.2345490000000E+14   0.5473297281186E-17
  0.2404390000000E+14   0.5554589955695E-17
  0.2464770000000E+14   0.5675160914528E-17
  0.2526660000000E+14   0.5767702029508E-17
  0.2590110000000E+14   0.5881009774824E-17
  0.2655150000000E+14   0.5963630091367E-17
  0.2721830000000E+14   0.6109655843121E-17
  0.2790180000000E+14   0.6253574856710E-17
  0.2860240000000E+14   0.6333938681100E-17
  0.2932070000000E+14   0.6346005941379E-17
  0.3005700000000E+14   0.6332375176483E-17
  0.3081180000000E+14   0.6190214840130E-17
  0.3158550000000E+14   0.6053166900762E-17
  0.3237870000000E+14   0.5441685746603E-17
  0.3319170000000E+14   0.4726119800949E-17
  0.3402530000000E+14   0.4067257708884E-17
  0.3487970000000E+14   0.3460193082656E-17
  0.3575560000000E+14   0.2893042800121E-17
  0.3665350000000E+14   0.2383303868287E-17
  0.3757390000000E+14   0.1890446235878E-17
  0.3851740000000E+14   0.1591439025791E-17
  0.3948470000000E+14   0.1346329844434E-17
  0.4047620000000E+14   0.1187456733876E-17
  0.4149260000000E+14   0.1132406002433E-17
  0.4253460000000E+14   0.1085318660064E-17
  0.4360270000000E+14   0.1073005310587E-17
  0.4469770000000E+14   0.1062519209800E-17
  0.4582010000000E+14   0.1054073686427E-17
  0.4697070000000E+14   0.1047109870688E-17
  0.4815020000000E+14   0.1040260667396E-17
  0.4935940000000E+14   0.1033371268509E-17
  0.5059890000000E+14   0.1027478047848E-17
  0.5186950000000E+14   0.1023068094923E-17
  0.5317200000000E+14   0.1019143020572E-17
  0.5450730000000E+14   0.1017208085424E-17
  0.6258450000000E+14   0.1019294473443E-17
  0.7185870000000E+14   0.1030441306262E-17
  0.8250720000000E+14   0.1031308236171E-17
  0.9473370000000E+14   0.1018317103735E-17
  0.1087720000000E+15   0.9976308734589E-18
  0.1248910000000E+15   0.9787376967935E-18
  0.1433980000000E+15   0.9698941337656E-18
  0.1646470000000E+15   0.9793277790400E-18
  0.1890460000000E+15   0.1015108816899E-17
  0.2170600000000E+15   0.1078898383714E-17
  0.2492250000000E+15   0.1171928318184E-17
  0.2861570000000E+15   0.1292325438527E-17
  0.3285620000000E+15   0.1433736100558E-17
  0.3772500000000E+15   0.1585036344134E-17
  0.4331540000000E+15   0.1728421863197E-17
  0.4973410000000E+15   0.1839873212309E-17
  0.5710410000000E+15   0.1892645653619E-17
  0.6556610000000E+15   0.1863304659852E-17
  0.7528220000000E+15   0.1738325522493E-17
  0.8643800000000E+15   0.1521528525455E-17
  0.9924690000000E+15   0.1235888651450E-17
  0.1139540000000E+16   0.9183462966784E-18
  0.1308400000000E+16   0.6168863489797E-18
  0.1502290000000E+16   0.3681143127023E-18
  0.1724910000000E+16   0.1915259739692E-18
  0.1980520000000E+16   0.8498936436768E-19
  0.2274010000000E+16   0.3145603665061E-19
  0.2610990000000E+16   0.9449507285828E-20
  0.2997900000000E+16   0.2233807007671E-20
