mstar = 2 Msun, Rstar = 2.5 Rsun, Tstar = 10000, mdisk = 0.0043013 Msun, Rc = 150 AU, Rin = 0.5 AU, Rout = 250 AU, inclination = 45 degree, powerlaw = -0.5 
         130
  
  0.2997900000000E+11   0.5717317905337E-23
  0.3951060000000E+11   0.1302372439567E-22
  0.5207280000000E+11   0.2963968109845E-22
  0.6862910000000E+11   0.6736087501635E-22
  0.9044930000000E+11   0.1527883775332E-21
  0.1192070000000E+12   0.3456248371478E-21
  0.1571080000000E+12   0.7790158502702E-21
  0.2070600000000E+12   0.1747312915899E-20
  0.2728930000000E+12   0.3893647611287E-20
  0.3596580000000E+12   0.9379468111088E-20
  0.4740100000000E+12   0.2697355432395E-19
  0.6247180000000E+12   0.7635975238936E-19
  0.8233440000000E+12   0.2112241136230E-18
  0.1085120000000E+13   0.5668157207224E-18
  0.1430130000000E+13   0.1455839850539E-17
  0.1884830000000E+13   0.3519679889770E-17
  0.2484100000000E+13   0.7808664297341E-17
  0.3273910000000E+13   0.1526772748838E-16
  0.4314820000000E+13   0.2502504096496E-16
  0.5686700000000E+13   0.3227200001794E-16
  0.7494750000000E+13   0.3188123368370E-16
  0.7682960000000E+13   0.3149544155063E-16
  0.7875890000000E+13   0.3106235246873E-16
  0.8073670000000E+13   0.3058432490724E-16
  0.8276410000000E+13   0.3006842241973E-16
  0.8484250000000E+13   0.2952502743578E-16
  0.8697300000000E+13   0.2899410514690E-16
  0.8915700000000E+13   0.2843622457342E-16
  0.9139590000000E+13   0.2790932169251E-16
  0.9369100000000E+13   0.2737220058260E-16
  0.9604380000000E+13   0.2684899036978E-16
  0.9845560000000E+13   0.2634089360743E-16
  0.1009280000000E+14   0.2582278745249E-16
  0.1034620000000E+14   0.2531628661307E-16
  0.1060610000000E+14   0.2479722044925E-16
  0.1087240000000E+14   0.2432182051057E-16
  0.1114540000000E+14   0.2384303273718E-16
  0.1142530000000E+14   0.2338413923687E-16
  0.1171220000000E+14   0.2293858046816E-16
  0.1200630000000E+14   0.2248530390424E-16
  0.1230780000000E+14   0.2204069361854E-16
  0.1261690000000E+14   0.2158168930841E-16
  0.1293370000000E+14   0.2117711393321E-16
  0.1325850000000E+14   0.2076257989122E-16
  0.1359150000000E+14   0.2036197307647E-16
  0.1393280000000E+14   0.1996484114525E-16
  0.1428260000000E+14   0.1957039376960E-16
  0.1464130000000E+14   0.1922109918718E-16
  0.1500900000000E+14   0.1884791669250E-16
  0.1538590000000E+14   0.1835529180828E-16
  0.1577220000000E+14   0.1784732379222E-16
  0.1616830000000E+14   0.1702486341489E-16
  0.1657430000000E+14   0.1604613411666E-16
  0.1699050000000E+14   0.1499815141753E-16
  0.1741720000000E+14   0.1372083973303E-16
  0.1785460000000E+14   0.1252222346194E-16
  0.1830290000000E+14   0.1126871843782E-16
  0.1876260000000E+14   0.1009443771752E-16
  0.1923370000000E+14   0.9048603564380E-17
  0.1971670000000E+14   0.8101055785482E-17
  0.2021180000000E+14   0.7278594438162E-17
  0.2071940000000E+14   0.6633643462842E-17
  0.2123970000000E+14   0.6043582141097E-17
  0.2177310000000E+14   0.5966736017663E-17
  0.2231980000000E+14   0.5878192776554E-17
  0.2288030000000E+14   0.5934393055481E-17
  0.2345490000000E+14   0.6023749061939E-17
  0.2404390000000E+14   0.6124504880841E-17
  0.2464770000000E+14   0.6263167712915E-17
  0.2526660000000E+14   0.6364667246349E-17
  0.2590110000000E+14   0.6485235441788E-17
  0.2655150000000E+14   0.6568294930434E-17
  0.2721830000000E+14   0.6719448877551E-17
  0.2790180000000E+14   0.6865989462680E-17
  0.2860240000000E+14   0.6940554136942E-17
  0.2932070000000E+14   0.6938900999771E-17
  0.3005700000000E+14   0.6908552329948E-17
  0.3081180000000E+14   0.6737142132784E-17
  0.3158550000000E+14   0.6571618195706E-17
  0.3237870000000E+14   0.5888563462056E-17
  0.3319170000000E+14   0.5093993438717E-17
  0.3402530000000E+14   0.4363320103919E-17
  0.3487970000000E+14   0.3691693372976E-17
  0.3575560000000E+14   0.3066366845552E-17
  0.3665350000000E+14   0.2506500513113E-17
  0.3757390000000E+14   0.1967911775899E-17
  0.3851740000000E+14   0.1642141981914E-17
  0.3948470000000E+14   0.1378487730244E-17
  0.4047620000000E+14   0.1210301397273E-17
  0.4149260000000E+14   0.1152605301028E-17
  0.4253460000000E+14   0.1104064000994E-17
  0.4360270000000E+14   0.1091325124221E-17
  0.4469770000000E+14   0.1080618425423E-17
  0.4582010000000E+14   0.1072145248080E-17
  0.4697070000000E+14   0.1065335451552E-17
  0.4815020000000E+14   0.1058839095425E-17
  0.4935940000000E+14   0.1052511192507E-17
  0.5059890000000E+14   0.1047346855670E-17
  0.5186950000000E+14   0.1043781160865E-17
  0.5317200000000E+14   0.1040831749703E-17
  0.5450730000000E+14   0.1039895581475E-17
  0.6258450000000E+14   0.1047905202074E-17
  0.7185870000000E+14   0.1063882081546E-17
  0.8250720000000E+14   0.1067510342559E-17
  0.9473370000000E+14   0.1054258961822E-17
  0.1087720000000E+15   0.1029786230983E-17
  0.1248910000000E+15   0.1004221113681E-17
  0.1433980000000E+15   0.9872183940006E-18
  0.1646470000000E+15   0.9885085539788E-18
  0.1890460000000E+15   0.1017297302499E-17
  0.2170600000000E+15   0.1075858278523E-17
  0.2492250000000E+15   0.1165901642013E-17
  0.2861570000000E+15   0.1285586640762E-17
  0.3285620000000E+15   0.1427912011924E-17
  0.3772500000000E+15   0.1580751903860E-17
  0.4331540000000E+15   0.1725575149780E-17
  0.4973410000000E+15   0.1837986118377E-17
  0.5710410000000E+15   0.1891078403866E-17
  0.6556610000000E+15   0.1861486227981E-17
  0.7528220000000E+15   0.1735758948545E-17
  0.8643800000000E+15   0.1518424334849E-17
  0.9924690000000E+15   0.1233042643777E-17
  0.1139540000000E+16   0.9154272643370E-18
  0.1308400000000E+16   0.6150470069650E-18
  0.1502290000000E+16   0.3672070815652E-18
  0.1724910000000E+16   0.1911720333898E-18
  0.1980520000000E+16   0.8482361501259E-19
  0.2274010000000E+16   0.3139610516443E-19
  0.2610990000000E+16   0.9431835765864E-20
  0.2997900000000E+16   0.2229688899044E-20
