mstar = 2 Msun, Rstar = 2.5 Rsun, Tstar = 10000, mdisk = 0.0031851 Msun, Rc = 150 AU, Rin = 0.5 AU, Rout = 250 AU, inclination = 45 degree, powerlaw = -0.5 
         130
  
  0.2997900000000E+11   0.4372303431550E-23
  0.3951060000000E+11   0.9957569281056E-23
  0.5207280000000E+11   0.2265928448137E-22
  0.6862910000000E+11   0.5149749594255E-22
  0.9044930000000E+11   0.1168224844380E-21
  0.1192070000000E+12   0.2643356541433E-21
  0.1571080000000E+12   0.5960439910048E-21
  0.2070600000000E+12   0.1337721372938E-20
  0.2728930000000E+12   0.2983448875462E-20
  0.3596580000000E+12   0.7195427698739E-20
  0.4740100000000E+12   0.2072961710390E-19
  0.6247180000000E+12   0.5883645232929E-19
  0.8233440000000E+12   0.1633736977729E-18
  0.1085120000000E+13   0.4409081325612E-18
  0.1430130000000E+13   0.1142235651845E-17
  0.1884830000000E+13   0.2798296690142E-17
  0.2484100000000E+13   0.6337544138084E-17
  0.3273910000000E+13   0.1279334379515E-16
  0.4314820000000E+13   0.2199632032799E-16
  0.5686700000000E+13   0.3020547735515E-16
  0.7494750000000E+13   0.3155596206358E-16
  0.7682960000000E+13   0.3127398854744E-16
  0.7875890000000E+13   0.3092857813222E-16
  0.8073670000000E+13   0.3052172064644E-16
  0.8276410000000E+13   0.3006084845674E-16
  0.8484250000000E+13   0.2955713031565E-16
  0.8697300000000E+13   0.2905170919372E-16
  0.8915700000000E+13   0.2850497761203E-16
  0.9139590000000E+13   0.2797580740165E-16
  0.9369100000000E+13   0.2742414669270E-16
  0.9604380000000E+13   0.2687519510972E-16
  0.9845560000000E+13   0.2633158994741E-16
  0.1009280000000E+14   0.2577126456735E-16
  0.1034620000000E+14   0.2521693960457E-16
  0.1060610000000E+14   0.2464781051638E-16
  0.1087240000000E+14   0.2411850140287E-16
  0.1114540000000E+14   0.2358655428953E-16
  0.1142530000000E+14   0.2307518443328E-16
  0.1171220000000E+14   0.2257959002120E-16
  0.1200630000000E+14   0.2208115300736E-16
  0.1230780000000E+14   0.2159581986933E-16
  0.1261690000000E+14   0.2110246935772E-16
  0.1293370000000E+14   0.2066585297854E-16
  0.1325850000000E+14   0.2022571675181E-16
  0.1359150000000E+14   0.1980439392977E-16
  0.1393280000000E+14   0.1939179596610E-16
  0.1428260000000E+14   0.1898677405965E-16
  0.1464130000000E+14   0.1862939480439E-16
  0.1500900000000E+14   0.1825343678045E-16
  0.1538590000000E+14   0.1776650197190E-16
  0.1577220000000E+14   0.1726748867038E-16
  0.1616830000000E+14   0.1646815257522E-16
  0.1657430000000E+14   0.1551965859331E-16
  0.1699050000000E+14   0.1450536406859E-16
  0.1741720000000E+14   0.1327118062191E-16
  0.1785460000000E+14   0.1211346841441E-16
  0.1830290000000E+14   0.1090395109051E-16
  0.1876260000000E+14   0.9771324096006E-17
  0.1923370000000E+14   0.8762662707887E-17
  0.1971670000000E+14   0.7848810637639E-17
  0.2021180000000E+14   0.7055142268952E-17
  0.2071940000000E+14   0.6431742656344E-17
  0.2123970000000E+14   0.5861313405655E-17
  0.2177310000000E+14   0.5783193604437E-17
  0.2231980000000E+14   0.5695456408735E-17
  0.2288030000000E+14   0.5748651060724E-17
  0.2345490000000E+14   0.5835311340024E-17
  0.2404390000000E+14   0.5934085693654E-17
  0.2464770000000E+14   0.6070560675735E-17
  0.2526660000000E+14   0.6171660590512E-17
  0.2590110000000E+14   0.6291858297682E-17
  0.2655150000000E+14   0.6376165910831E-17
  0.2721830000000E+14   0.6527028904058E-17
  0.2790180000000E+14   0.6673594117016E-17
  0.2860240000000E+14   0.6750271624755E-17
  0.2932070000000E+14   0.6752553297243E-17
  0.3005700000000E+14   0.6726723849800E-17
  0.3081180000000E+14   0.6563348292806E-17
  0.3158550000000E+14   0.6405584104685E-17
  0.3237870000000E+14   0.5743244174904E-17
  0.3319170000000E+14   0.4971498512812E-17
  0.3402530000000E+14   0.4261998946498E-17
  0.3487970000000E+14   0.3610205577185E-17
  0.3575560000000E+14   0.3002984732188E-17
  0.3665350000000E+14   0.2458195697077E-17
  0.3757390000000E+14   0.1933180925045E-17
  0.3851740000000E+14   0.1615995191334E-17
  0.3948470000000E+14   0.1358158516089E-17
  0.4047620000000E+14   0.1192582639255E-17
  0.4149260000000E+14   0.1136055988388E-17
  0.4253460000000E+14   0.1088237600075E-17
  0.4360270000000E+14   0.1076306114413E-17
  0.4469770000000E+14   0.1066283816047E-17
  0.4582010000000E+14   0.1058383995264E-17
  0.4697070000000E+14   0.1052037022555E-17
  0.4815020000000E+14   0.1045871743197E-17
  0.4935940000000E+14   0.1039742694263E-17
  0.5059890000000E+14   0.1034681359491E-17
  0.5186950000000E+14   0.1031153660041E-17
  0.5317200000000E+14   0.1028160389972E-17
  0.5450730000000E+14   0.1027163627192E-17
  0.6258450000000E+14   0.1034355887991E-17
  0.7185870000000E+14   0.1049408345687E-17
  0.8250720000000E+14   0.1052389532129E-17
  0.9473370000000E+14   0.1039280889445E-17
  0.1087720000000E+15   0.1016093031544E-17
  0.1248910000000E+15   0.9928795195778E-18
  0.1433980000000E+15   0.9789328819526E-18
  0.1646470000000E+15   0.9834924410324E-18
  0.1890460000000E+15   0.1015232220934E-17
  0.2170600000000E+15   0.1076008911317E-17
  0.2492250000000E+15   0.1167276425255E-17
  0.2861570000000E+15   0.1287347201429E-17
  0.3285620000000E+15   0.1429576560107E-17
  0.3772500000000E+15   0.1582096894554E-17
  0.4331540000000E+15   0.1726529793199E-17
  0.4973410000000E+15   0.1838635155028E-17
  0.5710410000000E+15   0.1891624365052E-17
  0.6556610000000E+15   0.1862128322044E-17
  0.7528220000000E+15   0.1736671220134E-17
  0.8643800000000E+15   0.1519529194317E-17
  0.9924690000000E+15   0.1234055719873E-17
  0.1139540000000E+16   0.9164660671515E-18
  0.1308400000000E+16   0.6157016209289E-18
  0.1502290000000E+16   0.3675300152294E-18
  0.1724910000000E+16   0.1912980454621E-18
  0.1980520000000E+16   0.8488262415723E-19
  0.2274010000000E+16   0.3141744194170E-19
  0.2610990000000E+16   0.9438127242766E-20
  0.2997900000000E+16   0.2231155055175E-20
