mstar = 2 Msun, Rstar = 2.5 Rsun, Tstar = 10000, mdisk = 0.00021029 Msun, Rc = 150 AU, Rin = 0.5 AU, Rout = 250 AU, inclination = 45 degree, powerlaw = -0.5 
         130
  
  0.2997900000000E+11   0.4067538614575E-24
  0.3951060000000E+11   0.9135349183176E-24
  0.5207280000000E+11   0.2057660650810E-23
  0.6862910000000E+11   0.4642923740002E-23
  0.9044930000000E+11   0.1048401729034E-22
  0.1192070000000E+12   0.2366683087485E-22
  0.1571080000000E+12   0.5335459063012E-22
  0.2070600000000E+12   0.1199784245732E-21
  0.2728930000000E+12   0.2687302866770E-21
  0.3596580000000E+12   0.6524354248311E-21
  0.4740100000000E+12   0.1898654160842E-20
  0.6247180000000E+12   0.5473933007126E-20
  0.8233440000000E+12   0.1555128493000E-19
  0.1085120000000E+13   0.4337299686217E-19
  0.1430130000000E+13   0.1178210968030E-18
  0.1884830000000E+13   0.3092747644078E-18
  0.2484100000000E+13   0.7754630935891E-18
  0.3273910000000E+13   0.1820890923916E-17
  0.4314820000000E+13   0.3922235308375E-17
  0.5686700000000E+13   0.7464227071813E-17
  0.7494750000000E+13   0.1191714461228E-16
  0.7682960000000E+13   0.1230078692795E-16
  0.7875890000000E+13   0.1266652299872E-16
  0.8073670000000E+13   0.1300906056586E-16
  0.8276410000000E+13   0.1332714683067E-16
  0.8484250000000E+13   0.1362329475609E-16
  0.8697300000000E+13   0.1392882160976E-16
  0.8915700000000E+13   0.1420170248245E-16
  0.9139590000000E+13   0.1449248940991E-16
  0.9369100000000E+13   0.1475676781290E-16
  0.9604380000000E+13   0.1501376699282E-16
  0.9845560000000E+13   0.1526077324211E-16
  0.1009280000000E+14   0.1546892514879E-16
  0.1034620000000E+14   0.1565678890719E-16
  0.1060610000000E+14   0.1579804980115E-16
  0.1087240000000E+14   0.1594690393024E-16
  0.1114540000000E+14   0.1605489725906E-16
  0.1142530000000E+14   0.1614451752733E-16
  0.1171220000000E+14   0.1620847458565E-16
  0.1200630000000E+14   0.1622607936300E-16
  0.1230780000000E+14   0.1621383623757E-16
  0.1261690000000E+14   0.1615033018674E-16
  0.1293370000000E+14   0.1610157471187E-16
  0.1325850000000E+14   0.1600720429307E-16
  0.1359150000000E+14   0.1589063577503E-16
  0.1393280000000E+14   0.1574328196940E-16
  0.1428260000000E+14   0.1556588415504E-16
  0.1464130000000E+14   0.1539649208503E-16
  0.1500900000000E+14   0.1517657746008E-16
  0.1538590000000E+14   0.1483117612552E-16
  0.1577220000000E+14   0.1445245497711E-16
  0.1616830000000E+14   0.1380740946574E-16
  0.1657430000000E+14   0.1303275491611E-16
  0.1699050000000E+14   0.1220132892155E-16
  0.1741720000000E+14   0.1118950377127E-16
  0.1785460000000E+14   0.1023822340491E-16
  0.1830290000000E+14   0.9240713257244E-17
  0.1876260000000E+14   0.8301338550013E-17
  0.1923370000000E+14   0.7460151695029E-17
  0.1971670000000E+14   0.6693503574608E-17
  0.2021180000000E+14   0.6025163729826E-17
  0.2071940000000E+14   0.5503339187080E-17
  0.2123970000000E+14   0.5024550583160E-17
  0.2177310000000E+14   0.4987965782140E-17
  0.2231980000000E+14   0.4929952578796E-17
  0.2288030000000E+14   0.4976670909865E-17
  0.2345490000000E+14   0.5030945230447E-17
  0.2404390000000E+14   0.5076462221615E-17
  0.2464770000000E+14   0.5133665361488E-17
  0.2526660000000E+14   0.5154217573208E-17
  0.2590110000000E+14   0.5180894452081E-17
  0.2655150000000E+14   0.5181460567374E-17
  0.2721830000000E+14   0.5226217978802E-17
  0.2790180000000E+14   0.5272916885584E-17
  0.2860240000000E+14   0.5282963661650E-17
  0.2932070000000E+14   0.5254496385032E-17
  0.3005700000000E+14   0.5216861895511E-17
  0.3081180000000E+14   0.5096894838412E-17
  0.3158550000000E+14   0.4986618775606E-17
  0.3237870000000E+14   0.4540751328550E-17
  0.3319170000000E+14   0.4019764772064E-17
  0.3402530000000E+14   0.3537844176620E-17
  0.3487970000000E+14   0.3089842164231E-17
  0.3575560000000E+14   0.2664597313934E-17
  0.3665350000000E+14   0.2269366222097E-17
  0.3757390000000E+14   0.1853890885084E-17
  0.3851740000000E+14   0.1562400955412E-17
  0.3948470000000E+14   0.1275817574031E-17
  0.4047620000000E+14   0.1055417667465E-17
  0.4149260000000E+14   0.9788469314301E-18
  0.4253460000000E+14   0.9101258434733E-18
  0.4360270000000E+14   0.8986407472653E-18
  0.4469770000000E+14   0.8883583391342E-18
  0.4582010000000E+14   0.8799387474623E-18
  0.4697070000000E+14   0.8726200244203E-18
  0.4815020000000E+14   0.8642195457287E-18
  0.4935940000000E+14   0.8546765631170E-18
  0.5059890000000E+14   0.8460407190323E-18
  0.5186950000000E+14   0.8394250735139E-18
  0.5317200000000E+14   0.8331809372666E-18
  0.5450730000000E+14   0.8302034404696E-18
  0.6258450000000E+14   0.8356613409419E-18
  0.7185870000000E+14   0.8634277385069E-18
  0.8250720000000E+14   0.8858127591567E-18
  0.9473370000000E+14   0.8976597202179E-18
  0.1087720000000E+15   0.9043631086758E-18
  0.1248910000000E+15   0.9123402877177E-18
  0.1433980000000E+15   0.9266146553975E-18
  0.1646470000000E+15   0.9534445481177E-18
  0.1890460000000E+15   0.1000584896758E-17
  0.2170600000000E+15   0.1071095489795E-17
  0.2492250000000E+15   0.1167956056759E-17
  0.2861570000000E+15   0.1290555868989E-17
  0.3285620000000E+15   0.1433257904169E-17
  0.3772500000000E+15   0.1585312966489E-17
  0.4331540000000E+15   0.1729135459457E-17
  0.4973410000000E+15   0.1840892337610E-17
  0.5710410000000E+15   0.1894029428151E-17
  0.6556610000000E+15   0.1865251907519E-17
  0.7528220000000E+15   0.1741198162487E-17
  0.8643800000000E+15   0.1525024837392E-17
  0.9924690000000E+15   0.1239096677574E-17
  0.1139540000000E+16   0.9216398659402E-18
  0.1308400000000E+16   0.6189612649728E-18
  0.1502290000000E+16   0.3691371741542E-18
  0.1724910000000E+16   0.1919247638909E-18
  0.1980520000000E+16   0.8517613686216E-19
  0.2274010000000E+16   0.3152356642874E-19
  0.2610990000000E+16   0.9469418508802E-20
  0.2997900000000E+16   0.2238446917616E-20
