mstar = 2 Msun, Rstar = 2.5 Rsun, Tstar = 10000, mdisk = 0.00027926 Msun, Rc = 150 AU, Rin = 0.5 AU, Rout = 250 AU, inclination = 45 degree, powerlaw = -0.5 
         130
  
  0.2997900000000E+11   0.5150781625004E-24
  0.3951060000000E+11   0.1160731448631E-23
  0.5207280000000E+11   0.2621196826702E-23
  0.6862910000000E+11   0.5925909799850E-23
  0.9044930000000E+11   0.1339979886063E-22
  0.1192070000000E+12   0.3027790124641E-22
  0.1571080000000E+12   0.6829791048297E-22
  0.2070600000000E+12   0.1536170152813E-21
  0.2728930000000E+12   0.3440402096325E-21
  0.3596580000000E+12   0.8349991144364E-21
  0.4740100000000E+12   0.2428401114406E-20
  0.6247180000000E+12   0.6992374641146E-20
  0.8233440000000E+12   0.1982618905852E-19
  0.1085120000000E+13   0.5513978057918E-19
  0.1430130000000E+13   0.1491911301081E-18
  0.1884830000000E+13   0.3894528745323E-18
  0.2484100000000E+13   0.9689748239944E-18
  0.3273910000000E+13   0.2250970784418E-17
  0.4314820000000E+13   0.4777217409129E-17
  0.5686700000000E+13   0.8908992910849E-17
  0.7494750000000E+13   0.1384241819697E-16
  0.7682960000000E+13   0.1424762137218E-16
  0.7875890000000E+13   0.1462892583027E-16
  0.8073670000000E+13   0.1498045988958E-16
  0.8276410000000E+13   0.1530097060385E-16
  0.8484250000000E+13   0.1559341335624E-16
  0.8697300000000E+13   0.1589255345004E-16
  0.8915700000000E+13   0.1615176458930E-16
  0.9139590000000E+13   0.1642668718981E-16
  0.9369100000000E+13   0.1666839351930E-16
  0.9604380000000E+13   0.1689790264836E-16
  0.9845560000000E+13   0.1711215070757E-16
  0.1009280000000E+14   0.1728015598381E-16
  0.1034620000000E+14   0.1742214500317E-16
  0.1060610000000E+14   0.1751039200424E-16
  0.1087240000000E+14   0.1760254781303E-16
  0.1114540000000E+14   0.1764764655052E-16
  0.1142530000000E+14   0.1766961324397E-16
  0.1171220000000E+14   0.1766117119503E-16
  0.1200630000000E+14   0.1760158090332E-16
  0.1230780000000E+14   0.1750847361083E-16
  0.1261690000000E+14   0.1736086406764E-16
  0.1293370000000E+14   0.1722594354982E-16
  0.1325850000000E+14   0.1704347959271E-16
  0.1359150000000E+14   0.1683770861480E-16
  0.1393280000000E+14   0.1660094389176E-16
  0.1428260000000E+14   0.1633483111896E-16
  0.1464130000000E+14   0.1607719361526E-16
  0.1500900000000E+14   0.1577202072589E-16
  0.1538590000000E+14   0.1534850620186E-16
  0.1577220000000E+14   0.1489685510095E-16
  0.1616830000000E+14   0.1419460410193E-16
  0.1657430000000E+14   0.1337385002813E-16
  0.1699050000000E+14   0.1250444671763E-16
  0.1741720000000E+14   0.1146812101794E-16
  0.1785460000000E+14   0.1049509256530E-16
  0.1830290000000E+14   0.9483040827179E-17
  0.1876260000000E+14   0.8531281961787E-17
  0.1923370000000E+14   0.7677835194633E-17
  0.1971670000000E+14   0.6899747631677E-17
  0.2021180000000E+14   0.6219502475115E-17
  0.2071940000000E+14   0.5682969110385E-17
  0.2123970000000E+14   0.5190894942641E-17
  0.2177310000000E+14   0.5123501124185E-17
  0.2231980000000E+14   0.5037079279881E-17
  0.2288030000000E+14   0.5051928462539E-17
  0.2345490000000E+14   0.5076911824909E-17
  0.2404390000000E+14   0.5098024802501E-17
  0.2464770000000E+14   0.5136391855308E-17
  0.2526660000000E+14   0.5145953845388E-17
  0.2590110000000E+14   0.5168527005484E-17
  0.2655150000000E+14   0.5171443595049E-17
  0.2721830000000E+14   0.5225195044906E-17
  0.2790180000000E+14   0.5285923775379E-17
  0.2860240000000E+14   0.5311070291904E-17
  0.2932070000000E+14   0.5296271320591E-17
  0.3005700000000E+14   0.5271139982236E-17
  0.3081180000000E+14   0.5157381362611E-17
  0.3158550000000E+14   0.5052295418502E-17
  0.3237870000000E+14   0.4590193864328E-17
  0.3319170000000E+14   0.4048054159549E-17
  0.3402530000000E+14   0.3547545049149E-17
  0.3487970000000E+14   0.3084505469702E-17
  0.3575560000000E+14   0.2648168416756E-17
  0.3665350000000E+14   0.2248839652194E-17
  0.3757390000000E+14   0.1843681385319E-17
  0.3851740000000E+14   0.1571000704411E-17
  0.3948470000000E+14   0.1308917957742E-17
  0.4047620000000E+14   0.1105057450954E-17
  0.4149260000000E+14   0.1031817642142E-17
  0.4253460000000E+14   0.9655647894850E-18
  0.4360270000000E+14   0.9534503089341E-18
  0.4469770000000E+14   0.9426314115467E-18
  0.4582010000000E+14   0.9337073684307E-18
  0.4697070000000E+14   0.9259348974578E-18
  0.4815020000000E+14   0.9172202880155E-18
  0.4935940000000E+14   0.9074814370524E-18
  0.5059890000000E+14   0.8986448088859E-18
  0.5186950000000E+14   0.8917510183882E-18
  0.5317200000000E+14   0.8852228127299E-18
  0.5450730000000E+14   0.8818052928472E-18
  0.6258450000000E+14   0.8833855794245E-18
  0.7185870000000E+14   0.9047507756172E-18
  0.8250720000000E+14   0.9192653433483E-18
  0.9473370000000E+14   0.9226645947213E-18
  0.1087720000000E+15   0.9211325736488E-18
  0.1248910000000E+15   0.9221298368203E-18
  0.1433980000000E+15   0.9315546424911E-18
  0.1646470000000E+15   0.9559408330007E-18
  0.1890460000000E+15   0.1002549201166E-17
  0.2170600000000E+15   0.1073319725286E-17
  0.2492250000000E+15   0.1170250909841E-17
  0.2861570000000E+15   0.1292565629119E-17
  0.3285620000000E+15   0.1434826193576E-17
  0.3772500000000E+15   0.1586374065786E-17
  0.4331540000000E+15   0.1729697635146E-17
  0.4973410000000E+15   0.1841087405583E-17
  0.5710410000000E+15   0.1894018438645E-17
  0.6556610000000E+15   0.1865124726727E-17
  0.7528220000000E+15   0.1740972012651E-17
  0.8643800000000E+15   0.1524741881678E-17
  0.9924690000000E+15   0.1238836251803E-17
  0.1139540000000E+16   0.9213722818776E-18
  0.1308400000000E+16   0.6187927021043E-18
  0.1502290000000E+16   0.3690541005982E-18
  0.1724910000000E+16   0.1918923857657E-18
  0.1980520000000E+16   0.8516097182690E-19
  0.2274010000000E+16   0.3151808346066E-19
  0.2610990000000E+16   0.9467801879550E-20
  0.2997900000000E+16   0.2238070199869E-20
