mstar = 2 Msun, Rstar = 2.5 Rsun, Tstar = 10000, mdisk = 0.00013706 Msun, Rc = 150 AU, Rin = 0.5 AU, Rout = 250 AU, inclination = 45 degree, powerlaw = -0.5 
         130
  
  0.2997900000000E+11   0.2868186841894E-24
  0.3951060000000E+11   0.6398065396455E-24
  0.5207280000000E+11   0.1433531543305E-23
  0.6862910000000E+11   0.3221662793622E-23
  0.9044930000000E+11   0.7253008155767E-23
  0.1192070000000E+12   0.1633809899582E-22
  0.1571080000000E+12   0.3678030525504E-22
  0.2070600000000E+12   0.8264208630732E-22
  0.2728930000000E+12   0.1850633392027E-21
  0.3596580000000E+12   0.4493573543040E-21
  0.4740100000000E+12   0.1308371901625E-20
  0.6247180000000E+12   0.3778041953855E-20
  0.8233440000000E+12   0.1076160432385E-19
  0.1085120000000E+13   0.3013129649084E-19
  0.1430130000000E+13   0.8230229949418E-19
  0.1884830000000E+13   0.2177070749037E-18
  0.2484100000000E+13   0.5517331999726E-18
  0.3273910000000E+13   0.1314808213101E-17
  0.4314820000000E+13   0.2889870096392E-17
  0.5686700000000E+13   0.5650877760884E-17
  0.7494750000000E+13   0.9349288489817E-17
  0.7682960000000E+13   0.9685770617957E-17
  0.7875890000000E+13   0.1001113905847E-16
  0.8073670000000E+13   0.1032104423964E-16
  0.8276410000000E+13   0.1061435757471E-16
  0.8484250000000E+13   0.1089304078920E-16
  0.8697300000000E+13   0.1118301652798E-16
  0.8915700000000E+13   0.1144956848846E-16
  0.9139590000000E+13   0.1173497584304E-16
  0.9369100000000E+13   0.1200223780114E-16
  0.9604380000000E+13   0.1226763214150E-16
  0.9845560000000E+13   0.1252905729561E-16
  0.1009280000000E+14   0.1276174648193E-16
  0.1034620000000E+14   0.1298151952363E-16
  0.1060610000000E+14   0.1316529339492E-16
  0.1087240000000E+14   0.1336046849513E-16
  0.1114540000000E+14   0.1352437595970E-16
  0.1142530000000E+14   0.1367680950558E-16
  0.1171220000000E+14   0.1381111749011E-16
  0.1200630000000E+14   0.1390809333751E-16
  0.1230780000000E+14   0.1398225349618E-16
  0.1261690000000E+14   0.1401311074068E-16
  0.1293370000000E+14   0.1406198208991E-16
  0.1325850000000E+14   0.1407190466973E-16
  0.1359150000000E+14   0.1406436899021E-16
  0.1393280000000E+14   0.1403042340177E-16
  0.1428260000000E+14   0.1396988616607E-16
  0.1464130000000E+14   0.1391969680484E-16
  0.1500900000000E+14   0.1382097730397E-16
  0.1538590000000E+14   0.1359581695278E-16
  0.1577220000000E+14   0.1333471725114E-16
  0.1616830000000E+14   0.1279685468088E-16
  0.1657430000000E+14   0.1211863486326E-16
  0.1699050000000E+14   0.1137384272623E-16
  0.1741720000000E+14   0.1043423458890E-16
  0.1785460000000E+14   0.9548875855595E-17
  0.1830290000000E+14   0.8607915825698E-17
  0.1876260000000E+14   0.7719848153586E-17
  0.1923370000000E+14   0.6926401601647E-17
  0.1971670000000E+14   0.6203561452194E-17
  0.2021180000000E+14   0.5576040838484E-17
  0.2071940000000E+14   0.5093649461908E-17
  0.2123970000000E+14   0.4650487447418E-17
  0.2177310000000E+14   0.4660357934859E-17
  0.2231980000000E+14   0.4648388240337E-17
  0.2288030000000E+14   0.4747404458192E-17
  0.2345490000000E+14   0.4855081377957E-17
  0.2404390000000E+14   0.4951908296667E-17
  0.2464770000000E+14   0.5057189220862E-17
  0.2526660000000E+14   0.5116772552208E-17
  0.2590110000000E+14   0.5174326314920E-17
  0.2655150000000E+14   0.5195275315270E-17
  0.2721830000000E+14   0.5251056883015E-17
  0.2790180000000E+14   0.5297932657107E-17
  0.2860240000000E+14   0.5300513408524E-17
  0.2932070000000E+14   0.5261138285668E-17
  0.3005700000000E+14   0.5210378024229E-17
  0.3081180000000E+14   0.5082621367210E-17
  0.3158550000000E+14   0.4964505710879E-17
  0.3237870000000E+14   0.4539638408350E-17
  0.3319170000000E+14   0.4044622881794E-17
  0.3402530000000E+14   0.3582508834451E-17
  0.3487970000000E+14   0.3147104773659E-17
  0.3575560000000E+14   0.2723858393954E-17
  0.3665350000000E+14   0.2314158444542E-17
  0.3757390000000E+14   0.1856990540566E-17
  0.3851740000000E+14   0.1526718235023E-17
  0.3948470000000E+14   0.1204844950348E-17
  0.4047620000000E+14   0.9681574500194E-18
  0.4149260000000E+14   0.8899715851422E-18
  0.4253460000000E+14   0.8207240235589E-18
  0.4360270000000E+14   0.8103210563956E-18
  0.4469770000000E+14   0.8009897711829E-18
  0.4582010000000E+14   0.7934367630246E-18
  0.4697070000000E+14   0.7869066102000E-18
  0.4815020000000E+14   0.7791950303877E-18
  0.4935940000000E+14   0.7702682995912E-18
  0.5059890000000E+14   0.7622424024315E-18
  0.5186950000000E+14   0.7562703837182E-18
  0.5317200000000E+14   0.7506822989231E-18
  0.5450730000000E+14   0.7484374780223E-18
  0.6258450000000E+14   0.7592006811065E-18
  0.7185870000000E+14   0.7953135072266E-18
  0.8250720000000E+14   0.8290607363211E-18
  0.9473370000000E+14   0.8543373323114E-18
  0.1087720000000E+15   0.8752797365087E-18
  0.1248910000000E+15   0.8965129214963E-18
  0.1433980000000E+15   0.9211735810361E-18
  0.1646470000000E+15   0.9542202447181E-18
  0.1890460000000E+15   0.1003264066810E-17
  0.2170600000000E+15   0.1072686543367E-17
  0.2492250000000E+15   0.1167761234284E-17
  0.2861570000000E+15   0.1289434949598E-17
  0.3285620000000E+15   0.1432072863700E-17
  0.3772500000000E+15   0.1584409094249E-17
  0.4331540000000E+15   0.1728609006821E-17
  0.4973410000000E+15   0.1840705989071E-17
  0.5710410000000E+15   0.1894058588433E-17
  0.6556610000000E+15   0.1865406568605E-17
  0.7528220000000E+15   0.1741463692691E-17
  0.8643800000000E+15   0.1525355268594E-17
  0.9924690000000E+15   0.1239400606523E-17
  0.1139540000000E+16   0.9219521490109E-18
  0.1308400000000E+16   0.6191579803678E-18
  0.1502290000000E+16   0.3692341172166E-18
  0.1724910000000E+16   0.1919625453809E-18
  0.1980520000000E+16   0.8519383286589E-19
  0.2274010000000E+16   0.3152996444825E-19
  0.2610990000000E+16   0.9471304930418E-20
  0.2997900000000E+16   0.2238886503025E-20
