mstar = 2 Msun, Rstar = 2.5 Rsun, Tstar = 10000, mdisk = 0.00076948 Msun, Rc = 150 AU, Rin = 0.5 AU, Rout = 250 AU, inclination = 45 degree, powerlaw = -0.5 
         130
  
  0.2997900000000E+11   0.1228607766922E-23
  0.3951060000000E+11   0.2788592628450E-23
  0.5207280000000E+11   0.6330994302957E-23
  0.6862910000000E+11   0.1436812781179E-22
  0.9044930000000E+11   0.3257470962593E-22
  0.1192070000000E+12   0.7372000174061E-22
  0.1571080000000E+12   0.1663905428667E-21
  0.2070600000000E+12   0.3741277377426E-21
  0.2728930000000E+12   0.8368157536049E-21
  0.3596580000000E+12   0.2026628103064E-20
  0.4740100000000E+12   0.5874467823369E-20
  0.6247180000000E+12   0.1682432293584E-19
  0.8233440000000E+12   0.4732959664461E-19
  0.1085120000000E+13   0.1301696574138E-18
  0.1430130000000E+13   0.3467088193004E-18
  0.1884830000000E+13   0.8852359597030E-18
  0.2484100000000E+13   0.2134510151845E-17
  0.3273910000000E+13   0.4742584604236E-17
  0.4314820000000E+13   0.9446026619008E-17
  0.5686700000000E+13   0.1609338749061E-16
  0.7494750000000E+13   0.2204913760195E-16
  0.7682960000000E+13   0.2239669378371E-16
  0.7875890000000E+13   0.2268908324318E-16
  0.8073670000000E+13   0.2291999642710E-16
  0.8276410000000E+13   0.2308964486805E-16
  0.8484250000000E+13   0.2320357198346E-16
  0.8697300000000E+13   0.2330534810686E-16
  0.8915700000000E+13   0.2333909846372E-16
  0.9139590000000E+13   0.2337153602747E-16
  0.9369100000000E+13   0.2334627486966E-16
  0.9604380000000E+13   0.2328880972993E-16
  0.9845560000000E+13   0.2319687762755E-16
  0.1009280000000E+14   0.2303968702680E-16
  0.1034620000000E+14   0.2284178620777E-16
  0.1060610000000E+14   0.2257804207905E-16
  0.1087240000000E+14   0.2230920180552E-16
  0.1114540000000E+14   0.2198775359503E-16
  0.1142530000000E+14   0.2164017394061E-16
  0.1171220000000E+14   0.2126296265420E-16
  0.1200630000000E+14   0.2084109438501E-16
  0.1230780000000E+14   0.2039449523552E-16
  0.1261690000000E+14   0.1990843120531E-16
  0.1293370000000E+14   0.1944494410648E-16
  0.1325850000000E+14   0.1895462054498E-16
  0.1359150000000E+14   0.1846151354266E-16
  0.1393280000000E+14   0.1796186488734E-16
  0.1428260000000E+14   0.1745942998942E-16
  0.1464130000000E+14   0.1698904508768E-16
  0.1500900000000E+14   0.1650361999107E-16
  0.1538590000000E+14   0.1593874295031E-16
  0.1577220000000E+14   0.1537249349905E-16
  0.1616830000000E+14   0.1459391646168E-16
  0.1657430000000E+14   0.1371685516956E-16
  0.1699050000000E+14   0.1280292520375E-16
  0.1741720000000E+14   0.1173789656242E-16
  0.1785460000000E+14   0.1073978506073E-16
  0.1830290000000E+14   0.9712816077214E-17
  0.1876260000000E+14   0.8751238080809E-17
  0.1923370000000E+14   0.7889510207358E-17
  0.1971670000000E+14   0.7105481066193E-17
  0.2021180000000E+14   0.6418140528540E-17
  0.2071940000000E+14   0.5866186251198E-17
  0.2123970000000E+14   0.5360476046004E-17
  0.2177310000000E+14   0.5236698304250E-17
  0.2231980000000E+14   0.5108673041784E-17
  0.2288030000000E+14   0.5090839035572E-17
  0.2345490000000E+14   0.5104076047467E-17
  0.2404390000000E+14   0.5134793390143E-17
  0.2464770000000E+14   0.5204142095217E-17
  0.2526660000000E+14   0.5256882507135E-17
  0.2590110000000E+14   0.5334589463180E-17
  0.2655150000000E+14   0.5392993918078E-17
  0.2721830000000E+14   0.5512947985698E-17
  0.2790180000000E+14   0.5637213016128E-17
  0.2860240000000E+14   0.5710348244108E-17
  0.2932070000000E+14   0.5726262526482E-17
  0.3005700000000E+14   0.5721505096895E-17
  0.3081180000000E+14   0.5603312779011E-17
  0.3158550000000E+14   0.5490451556372E-17
  0.3237870000000E+14   0.4951374970249E-17
  0.3319170000000E+14   0.4317803947333E-17
  0.3402530000000E+14   0.3734448979087E-17
  0.3487970000000E+14   0.3196986578573E-17
  0.3575560000000E+14   0.2694678726183E-17
  0.3665350000000E+14   0.2242932031554E-17
  0.3757390000000E+14   0.1804672377493E-17
  0.3851740000000E+14   0.1537321198903E-17
  0.3948470000000E+14   0.1313468947341E-17
  0.4047620000000E+14   0.1160739777884E-17
  0.4149260000000E+14   0.1105466882401E-17
  0.4253460000000E+14   0.1056433760300E-17
  0.4360270000000E+14   0.1044420481904E-17
  0.4469770000000E+14   0.1033998983673E-17
  0.4582010000000E+14   0.1025454414682E-17
  0.4697070000000E+14   0.1018204263637E-17
  0.4815020000000E+14   0.1010753628078E-17
  0.4935940000000E+14   0.1002952824747E-17
  0.5059890000000E+14   0.9960088407730E-18
  0.5186950000000E+14   0.9905364785631E-18
  0.5317200000000E+14   0.9854323788762E-18
  0.5450730000000E+14   0.9824857494091E-18
  0.6258450000000E+14   0.9797986953441E-18
  0.7185870000000E+14   0.9880067541421E-18
  0.8250720000000E+14   0.9874363669915E-18
  0.9473370000000E+14   0.9755789909768E-18
  0.1087720000000E+15   0.9592664613908E-18
  0.1248910000000E+15   0.9475170015932E-18
  0.1433980000000E+15   0.9473182675718E-18
  0.1646470000000E+15   0.9651998876515E-18
  0.1890460000000E+15   0.1007703735622E-17
  0.2170600000000E+15   0.1075959055980E-17
  0.2492250000000E+15   0.1171590829235E-17
  0.2861570000000E+15   0.1293429289314E-17
  0.3285620000000E+15   0.1435379856454E-17
  0.3772500000000E+15   0.1586489447299E-17
  0.4331540000000E+15   0.1729471004267E-17
  0.4973410000000E+15   0.1840685739931E-17
  0.5710410000000E+15   0.1893458561385E-17
  0.6556610000000E+15   0.1864331367403E-17
  0.7528220000000E+15   0.1739799953592E-17
  0.8643800000000E+15   0.1523314999240E-17
  0.9924690000000E+15   0.1237526908563E-17
  0.1139540000000E+16   0.9200277333110E-18
  0.1308400000000E+16   0.6179456895523E-18
  0.1502290000000E+16   0.3686366051025E-18
  0.1724910000000E+16   0.1917296382538E-18
  0.1980520000000E+16   0.8508474745637E-19
  0.2274010000000E+16   0.3149052394872E-19
  0.2610990000000E+16   0.9459675998855E-20
  0.2997900000000E+16   0.2236176639018E-20
