mstar = 2 Msun, Rstar = 2.5 Rsun, Tstar = 10000, mdisk = 0.0064273 Msun, Rc = 150 AU, Rin = 0.5 AU, Rout = 250 AU, inclination = 45 degree, powerlaw = -0.5 
         130
  
  0.2997900000000E+11   0.8222162749329E-23
  0.3951060000000E+11   0.1873313805221E-22
  0.5207280000000E+11   0.4263547684413E-22
  0.6862910000000E+11   0.9688791459223E-22
  0.9044930000000E+11   0.2197128002398E-21
  0.1192070000000E+12   0.4968255681720E-21
  0.1571080000000E+12   0.1119170639548E-20
  0.2070600000000E+12   0.2508233578183E-20
  0.2728930000000E+12   0.5583000962678E-20
  0.3596580000000E+12   0.1342755967756E-19
  0.4740100000000E+12   0.3851927022997E-19
  0.6247180000000E+12   0.1086431117713E-18
  0.8233440000000E+12   0.2988647626352E-18
  0.1085120000000E+13   0.7952384423900E-18
  0.1430130000000E+13   0.2015926498574E-17
  0.1884830000000E+13   0.4774487629766E-17
  0.2484100000000E+13   0.1025496592338E-16
  0.3273910000000E+13   0.1907628418436E-16
  0.4314820000000E+13   0.2910385010052E-16
  0.5686700000000E+13   0.3452445006153E-16
  0.7494750000000E+13   0.3239894583086E-16
  0.7682960000000E+13   0.3196676657068E-16
  0.7875890000000E+13   0.3150635909033E-16
  0.8073670000000E+13   0.3101812729396E-16
  0.8276410000000E+13   0.3050690959366E-16
  0.8484250000000E+13   0.2998094958575E-16
  0.8697300000000E+13   0.2948015122188E-16
  0.8915700000000E+13   0.2896058289783E-16
  0.9139590000000E+13   0.2848196160860E-16
  0.9369100000000E+13   0.2799762773715E-16
  0.9604380000000E+13   0.2753128577369E-16
  0.9845560000000E+13   0.2708200079766E-16
  0.1009280000000E+14   0.2662005512919E-16
  0.1034620000000E+14   0.2616730695518E-16
  0.1060610000000E+14   0.2569583696897E-16
  0.1087240000000E+14   0.2526611957098E-16
  0.1114540000000E+14   0.2482585818482E-16
  0.1142530000000E+14   0.2440005997803E-16
  0.1171220000000E+14   0.2398137163866E-16
  0.1200630000000E+14   0.2354716357614E-16
  0.1230780000000E+14   0.2311556230165E-16
  0.1261690000000E+14   0.2266234946303E-16
  0.1293370000000E+14   0.2226181120489E-16
  0.1325850000000E+14   0.2184564307686E-16
  0.1359150000000E+14   0.2144001021642E-16
  0.1393280000000E+14   0.2103443008913E-16
  0.1428260000000E+14   0.2062868995043E-16
  0.1464130000000E+14   0.2026818884746E-16
  0.1500900000000E+14   0.1988047946198E-16
  0.1538590000000E+14   0.1936534192231E-16
  0.1577220000000E+14   0.1883305194108E-16
  0.1616830000000E+14   0.1796889759943E-16
  0.1657430000000E+14   0.1693981810830E-16
  0.1699050000000E+14   0.1583749105270E-16
  0.1741720000000E+14   0.1449330536514E-16
  0.1785460000000E+14   0.1323157708179E-16
  0.1830290000000E+14   0.1191160178946E-16
  0.1876260000000E+14   0.1067437120874E-16
  0.1923370000000E+14   0.9571903850893E-17
  0.1971670000000E+14   0.8572575157660E-17
  0.2021180000000E+14   0.7704855161433E-17
  0.2071940000000E+14   0.7024568187450E-17
  0.2123970000000E+14   0.6401987475354E-17
  0.2177310000000E+14   0.6323641238658E-17
  0.2231980000000E+14   0.6231986097151E-17
  0.2288030000000E+14   0.6292617346450E-17
  0.2345490000000E+14   0.6387253336860E-17
  0.2404390000000E+14   0.6493103518107E-17
  0.2464770000000E+14   0.6638263558339E-17
  0.2526660000000E+14   0.6743442542246E-17
  0.2590110000000E+14   0.6868318401628E-17
  0.2655150000000E+14   0.6953342194333E-17
  0.2721830000000E+14   0.7109547525867E-17
  0.2790180000000E+14   0.7260470466857E-17
  0.2860240000000E+14   0.7335614316822E-17
  0.2932070000000E+14   0.7330426197270E-17
  0.3005700000000E+14   0.7294809216052E-17
  0.3081180000000E+14   0.7110877840848E-17
  0.3158550000000E+14   0.6932942521455E-17
  0.3237870000000E+14   0.6212038763945E-17
  0.3319170000000E+14   0.5373711174724E-17
  0.3402530000000E+14   0.4602281818210E-17
  0.3487970000000E+14   0.3892234742744E-17
  0.3575560000000E+14   0.3229803271043E-17
  0.3665350000000E+14   0.2635483603219E-17
  0.3757390000000E+14   0.2062036472584E-17
  0.3851740000000E+14   0.1713282859612E-17
  0.3948470000000E+14   0.1430088769096E-17
  0.4047620000000E+14   0.1249133380076E-17
  0.4149260000000E+14   0.1185942525392E-17
  0.4253460000000E+14   0.1132803056975E-17
  0.4360270000000E+14   0.1117449855574E-17
  0.4469770000000E+14   0.1104376619460E-17
  0.4582010000000E+14   0.1093793291376E-17
  0.4697070000000E+14   0.1085106314695E-17
  0.4815020000000E+14   0.1076928592337E-17
  0.4935940000000E+14   0.1069116021653E-17
  0.5059890000000E+14   0.1062687908155E-17
  0.5186950000000E+14   0.1058077543375E-17
  0.5317200000000E+14   0.1054271107687E-17
  0.5450730000000E+14   0.1052661396844E-17
  0.6258450000000E+14   0.1059225348104E-17
  0.7185870000000E+14   0.1075940824346E-17
  0.8250720000000E+14   0.1080969996639E-17
  0.9473370000000E+14   0.1068710190902E-17
  0.1087720000000E+15   0.1044058619804E-17
  0.1248910000000E+15   0.1016833355079E-17
  0.1433980000000E+15   0.9968042492071E-18
  0.1646470000000E+15   0.9942372558093E-18
  0.1890460000000E+15   0.1019201047131E-17
  0.2170600000000E+15   0.1074780486621E-17
  0.2492250000000E+15   0.1163130279755E-17
  0.2861570000000E+15   0.1282278221257E-17
  0.3285620000000E+15   0.1424880715476E-17
  0.3772500000000E+15   0.1578474062362E-17
  0.4331540000000E+15   0.1724130624993E-17
  0.4973410000000E+15   0.1837087746504E-17
  0.5710410000000E+15   0.1890313959905E-17
  0.6556610000000E+15   0.1860544279038E-17
  0.7528220000000E+15   0.1734394901420E-17
  0.8643800000000E+15   0.1516766667420E-17
  0.9924690000000E+15   0.1231522232278E-17
  0.1139540000000E+16   0.9138687798772E-18
  0.1308400000000E+16   0.6140648193289E-18
  0.1502290000000E+16   0.3667224373992E-18
  0.1724910000000E+16   0.1909828681089E-18
  0.1980520000000E+16   0.8473503642119E-19
  0.2274010000000E+16   0.3136407589746E-19
  0.2610990000000E+16   0.9422391295715E-20
  0.2997900000000E+16   0.2227487948098E-20
