mstar = 2 Msun, Rstar = 2.5 Rsun, Tstar = 10000, mdisk = 0.0015922 Msun, Rc = 150 AU, Rin = 0.5 AU, Rout = 250 AU, inclination = 45 degree, powerlaw = -0.5 
         130
  
  0.2997900000000E+11   0.2346524105282E-23
  0.3951060000000E+11   0.5338375772254E-23
  0.5207280000000E+11   0.1213982627189E-22
  0.6862910000000E+11   0.2758110065461E-22
  0.9044930000000E+11   0.6256770883071E-22
  0.1192070000000E+12   0.1416179139213E-21
  0.1571080000000E+12   0.3195450717744E-21
  0.2070600000000E+12   0.7179408521639E-21
  0.2728930000000E+12   0.1603721349873E-20
  0.3596580000000E+12   0.3876506403648E-20
  0.4740100000000E+12   0.1120502338757E-19
  0.6247180000000E+12   0.3195686969634E-19
  0.8233440000000E+12   0.8936017116702E-19
  0.1085120000000E+13   0.2436538945339E-18
  0.1430130000000E+13   0.6409466768549E-18
  0.1884830000000E+13   0.1607005657552E-17
  0.2484100000000E+13   0.3771729850962E-17
  0.3273910000000E+13   0.8047402659858E-17
  0.4314820000000E+13   0.1506984065168E-16
  0.5686700000000E+13   0.2340551382841E-16
  0.7494750000000E+13   0.2823201627119E-16
  0.7682960000000E+13   0.2831514926388E-16
  0.7875890000000E+13   0.2832277067009E-16
  0.8073670000000E+13   0.2825204650588E-16
  0.8276410000000E+13   0.2810698179602E-16
  0.8484250000000E+13   0.2789661970745E-16
  0.8697300000000E+13   0.2766519052363E-16
  0.8915700000000E+13   0.2736320209819E-16
  0.9139590000000E+13   0.2705535784237E-16
  0.9369100000000E+13   0.2669320764036E-16
  0.9604380000000E+13   0.2630338426905E-16
  0.9845560000000E+13   0.2588732567649E-16
  0.1009280000000E+14   0.2542163880450E-16
  0.1034620000000E+14   0.2493158908394E-16
  0.1060610000000E+14   0.2439823202336E-16
  0.1087240000000E+14   0.2387803141076E-16
  0.1114540000000E+14   0.2333176465459E-16
  0.1142530000000E+14   0.2278494212279E-16
  0.1171220000000E+14   0.2223628335884E-16
  0.1200630000000E+14   0.2167283597358E-16
  0.1230780000000E+14   0.2111286336377E-16
  0.1261690000000E+14   0.2054154537257E-16
  0.1293370000000E+14   0.2001813311776E-16
  0.1325850000000E+14   0.1949326331065E-16
  0.1359150000000E+14   0.1898870970176E-16
  0.1393280000000E+14   0.1849802161668E-16
  0.1428260000000E+14   0.1802189717525E-16
  0.1464130000000E+14   0.1759572619339E-16
  0.1500900000000E+14   0.1716391480940E-16
  0.1538590000000E+14   0.1664676724058E-16
  0.1577220000000E+14   0.1612848832105E-16
  0.1616830000000E+14   0.1535738923044E-16
  0.1657430000000E+14   0.1446231770896E-16
  0.1699050000000E+14   0.1351478821552E-16
  0.1741720000000E+14   0.1237989318630E-16
  0.1785460000000E+14   0.1131584800049E-16
  0.1830290000000E+14   0.1021099859800E-16
  0.1876260000000E+14   0.9177302305372E-17
  0.1923370000000E+14   0.8255148165550E-17
  0.1971670000000E+14   0.7418858528873E-17
  0.2021180000000E+14   0.6689931977981E-17
  0.2071940000000E+14   0.6111200399165E-17
  0.2123970000000E+14   0.5581194585107E-17
  0.2177310000000E+14   0.5480311417847E-17
  0.2231980000000E+14   0.5375884423040E-17
  0.2288030000000E+14   0.5400066276363E-17
  0.2345490000000E+14   0.5460076709411E-17
  0.2404390000000E+14   0.5537061510827E-17
  0.2464770000000E+14   0.5653408349093E-17
  0.2526660000000E+14   0.5742411871732E-17
  0.2590110000000E+14   0.5852363401616E-17
  0.2655150000000E+14   0.5932203134518E-17
  0.2721830000000E+14   0.6075214092019E-17
  0.2790180000000E+14   0.6216327155440E-17
  0.2860240000000E+14   0.6294625653566E-17
  0.2932070000000E+14   0.6305352929290E-17
  0.3005700000000E+14   0.6290714985544E-17
  0.3081180000000E+14   0.6148682841601E-17
  0.3158550000000E+14   0.6011890032422E-17
  0.3237870000000E+14   0.5404523124018E-17
  0.3319170000000E+14   0.4694328561137E-17
  0.3402530000000E+14   0.4040783505127E-17
  0.3487970000000E+14   0.3438898372810E-17
  0.3575560000000E+14   0.2876709762528E-17
  0.3665350000000E+14   0.2371472439478E-17
  0.3757390000000E+14   0.1882422913173E-17
  0.3851740000000E+14   0.1585323792804E-17
  0.3948470000000E+14   0.1341029947781E-17
  0.4047620000000E+14   0.1181928291445E-17
  0.4149260000000E+14   0.1126646354828E-17
  0.4253460000000E+14   0.1079245700576E-17
  0.4360270000000E+14   0.1066957824200E-17
  0.4469770000000E+14   0.1056499751385E-17
  0.4582010000000E+14   0.1048092645834E-17
  0.4697070000000E+14   0.1041173617978E-17
  0.4815020000000E+14   0.1034359323057E-17
  0.4935940000000E+14   0.1027494187951E-17
  0.5059890000000E+14   0.1021633381142E-17
  0.5186950000000E+14   0.1017276639269E-17
  0.5317200000000E+14   0.1013411489889E-17
  0.5450730000000E+14   0.1011574873721E-17
  0.6258450000000E+14   0.1014564381998E-17
  0.7185870000000E+14   0.1027027076147E-17
  0.8250720000000E+14   0.1029194098336E-17
  0.9473370000000E+14   0.1017291818424E-17
  0.1087720000000E+15   0.9974455025785E-18
  0.1248910000000E+15   0.9791615161071E-18
  0.1433980000000E+15   0.9707405342085E-18
  0.1646470000000E+15   0.9804553135350E-18
  0.1890460000000E+15   0.1016414087944E-17
  0.2170600000000E+15   0.1080296846651E-17
  0.2492250000000E+15   0.1173338533743E-17
  0.2861570000000E+15   0.1293633967577E-17
  0.3285620000000E+15   0.1434801241965E-17
  0.3772500000000E+15   0.1585776388587E-17
  0.4331540000000E+15   0.1728862151076E-17
  0.4973410000000E+15   0.1840107406660E-17
  0.5710410000000E+15   0.1892777792701E-17
  0.6556610000000E+15   0.1863411844389E-17
  0.7528220000000E+15   0.1738456055251E-17
  0.8643800000000E+15   0.1521681778762E-17
  0.9924690000000E+15   0.1236028658684E-17
  0.1139540000000E+16   0.9184898942374E-18
  0.1308400000000E+16   0.6169768195005E-18
  0.1502290000000E+16   0.3681589238159E-18
  0.1724910000000E+16   0.1915433725805E-18
  0.1980520000000E+16   0.8499751252466E-19
  0.2274010000000E+16   0.3145898278342E-19
  0.2610990000000E+16   0.9450375972503E-20
  0.2997900000000E+16   0.2234009440522E-20
