mstar = 2 Msun, Rstar = 2.5 Rsun, Tstar = 10000, mdisk = 0.0015156 Msun, Rc = 150 AU, Rin = 0.5 AU, Rout = 250 AU, inclination = 45 degree, powerlaw = -0.5 
         130
  
  0.2997900000000E+11   0.2243860525843E-23
  0.3951060000000E+11   0.5104230804397E-23
  0.5207280000000E+11   0.1160644644337E-22
  0.6862910000000E+11   0.2636798085119E-22
  0.9044930000000E+11   0.5981434430832E-22
  0.1192070000000E+12   0.1353860023855E-21
  0.1571080000000E+12   0.3054914155409E-21
  0.2070600000000E+12   0.6864023800910E-21
  0.2728930000000E+12   0.1533402776382E-20
  0.3596580000000E+12   0.3706993807771E-20
  0.4740100000000E+12   0.1071702858886E-19
  0.6247180000000E+12   0.3057351190912E-19
  0.8233440000000E+12   0.8552629738040E-19
  0.1085120000000E+13   0.2333374217557E-18
  0.1430130000000E+13   0.6143447248232E-18
  0.1884830000000E+13   0.1542342870398E-17
  0.2484100000000E+13   0.3627343977127E-17
  0.3273910000000E+13   0.7764084272196E-17
  0.4314820000000E+13   0.1461250166055E-16
  0.5686700000000E+13   0.2286881936962E-16
  0.7494750000000E+13   0.2786292627221E-16
  0.7682960000000E+13   0.2797126313436E-16
  0.7875890000000E+13   0.2800469080559E-16
  0.8073670000000E+13   0.2796000635741E-16
  0.8276410000000E+13   0.2784087779319E-16
  0.8484250000000E+13   0.2765605926413E-16
  0.8697300000000E+13   0.2744984868182E-16
  0.8915700000000E+13   0.2717202246107E-16
  0.9139590000000E+13   0.2688758421485E-16
  0.9369100000000E+13   0.2654731863229E-16
  0.9604380000000E+13   0.2617781575877E-16
  0.9845560000000E+13   0.2578024224551E-16
  0.1009280000000E+14   0.2533076158506E-16
  0.1034620000000E+14   0.2485467949475E-16
  0.1060610000000E+14   0.2433282429862E-16
  0.1087240000000E+14   0.2382188870569E-16
  0.1114540000000E+14   0.2328242330880E-16
  0.1142530000000E+14   0.2274005545301E-16
  0.1171220000000E+14   0.2219357861522E-16
  0.1200630000000E+14   0.2163028214002E-16
  0.1230780000000E+14   0.2106860883164E-16
  0.1261690000000E+14   0.2049412972134E-16
  0.1293370000000E+14   0.1996587726162E-16
  0.1325850000000E+14   0.1943518026546E-16
  0.1359150000000E+14   0.1892391586418E-16
  0.1393280000000E+14   0.1842603152987E-16
  0.1428260000000E+14   0.1794249456126E-16
  0.1464130000000E+14   0.1750839877371E-16
  0.1500900000000E+14   0.1706925069903E-16
  0.1538590000000E+14   0.1654687587304E-16
  0.1577220000000E+14   0.1602426065271E-16
  0.1616830000000E+14   0.1525382339598E-16
  0.1657430000000E+14   0.1436226454244E-16
  0.1699050000000E+14   0.1341989559228E-16
  0.1741720000000E+14   0.1229388509007E-16
  0.1785460000000E+14   0.1123829195352E-16
  0.1830290000000E+14   0.1014321952642E-16
  0.1876260000000E+14   0.9118714057343E-17
  0.1923370000000E+14   0.8204600502611E-17
  0.1971670000000E+14   0.7375603063137E-17
  0.2021180000000E+14   0.6652833133060E-17
  0.2071940000000E+14   0.6078312913070E-17
  0.2123970000000E+14   0.5552240229865E-17
  0.2177310000000E+14   0.5448391255456E-17
  0.2231980000000E+14   0.5341493147417E-17
  0.2288030000000E+14   0.5361613194834E-17
  0.2345490000000E+14   0.5417758868433E-17
  0.2404390000000E+14   0.5491446603595E-17
  0.2464770000000E+14   0.5604841730727E-17
  0.2526660000000E+14   0.5691919286810E-17
  0.2590110000000E+14   0.5800225725946E-17
  0.2655150000000E+14   0.5879214952599E-17
  0.2721830000000E+14   0.6021113573548E-17
  0.2790180000000E+14   0.6161532607697E-17
  0.2860240000000E+14   0.6239934030355E-17
  0.2932070000000E+14   0.6251417031957E-17
  0.3005700000000E+14   0.6237875972284E-17
  0.3081180000000E+14   0.6098011539864E-17
  0.3158550000000E+14   0.5963329709464E-17
  0.3237870000000E+14   0.5361717273572E-17
  0.3319170000000E+14   0.4657800191969E-17
  0.3402530000000E+14   0.4009885395971E-17
  0.3487970000000E+14   0.3412916510017E-17
  0.3575560000000E+14   0.2855112767156E-17
  0.3665350000000E+14   0.2354404378726E-17
  0.3757390000000E+14   0.1870287383012E-17
  0.3851740000000E+14   0.1576428806045E-17
  0.3948470000000E+14   0.1335017824117E-17
  0.4047620000000E+14   0.1178009581472E-17
  0.4149260000000E+14   0.1123225993209E-17
  0.4253460000000E+14   0.1076198113717E-17
  0.4360270000000E+14   0.1063753129616E-17
  0.4469770000000E+14   0.1053143644999E-17
  0.4582010000000E+14   0.1044583184549E-17
  0.4697070000000E+14   0.1037512771756E-17
  0.4815020000000E+14   0.1030564372545E-17
  0.4935940000000E+14   0.1023580393713E-17
  0.5059890000000E+14   0.1017598203388E-17
  0.5186950000000E+14   0.1013109293429E-17
  0.5317200000000E+14   0.1009112803296E-17
  0.5450730000000E+14   0.1007125655087E-17
  0.6258450000000E+14   0.1009203760941E-17
  0.7185870000000E+14   0.1020815435580E-17
  0.8250720000000E+14   0.1022508981379E-17
  0.9473370000000E+14   0.1010677103068E-17
  0.1087720000000E+15   0.9914511727281E-18
  0.1248910000000E+15   0.9741826373815E-18
  0.1433980000000E+15   0.9669242706306E-18
  0.1646470000000E+15   0.9777005503143E-18
  0.1890460000000E+15   0.1014457150810E-17
  0.2170600000000E+15   0.1078879204768E-17
  0.2492250000000E+15   0.1172290865274E-17
  0.2861570000000E+15   0.1292870134848E-17
  0.3285620000000E+15   0.1434267484208E-17
  0.3772500000000E+15   0.1585437401029E-17
  0.4331540000000E+15   0.1728689706546E-17
  0.4973410000000E+15   0.1840059397578E-17
  0.5710410000000E+15   0.1892809351171E-17
  0.6556610000000E+15   0.1863497391071E-17
  0.7528220000000E+15   0.1738596534673E-17
  0.8643800000000E+15   0.1521855591856E-17
  0.9924690000000E+15   0.1236188421754E-17
  0.1139540000000E+16   0.9186538855531E-18
  0.1308400000000E+16   0.6170801443797E-18
  0.1502290000000E+16   0.3682098722865E-18
  0.1724910000000E+16   0.1915632421669E-18
  0.1980520000000E+16   0.8500681794490E-19
  0.2274010000000E+16   0.3146234734046E-19
  0.2610990000000E+16   0.9451368032482E-20
  0.2997900000000E+16   0.2234240623128E-20
