mstar = 2 Msun, Rstar = 2.5 Rsun, Tstar = 10000, mdisk = 0.0010277 Msun, Rc = 150 AU, Rin = 0.5 AU, Rout = 250 AU, inclination = 45 degree, powerlaw = -0.5 
         130
  
  0.2997900000000E+11   0.1586932451870E-23
  0.3951060000000E+11   0.3605939298823E-23
  0.5207280000000E+11   0.8193248369567E-23
  0.6862910000000E+11   0.1860468234250E-22
  0.9044930000000E+11   0.4219336609993E-22
  0.1192070000000E+12   0.9550010063647E-22
  0.1571080000000E+12   0.2155353505571E-21
  0.2070600000000E+12   0.4845005370461E-21
  0.2728930000000E+12   0.1083156837505E-20
  0.3596580000000E+12   0.2621315016274E-20
  0.4740100000000E+12   0.7590105701252E-20
  0.6247180000000E+12   0.2170280923718E-19
  0.8233440000000E+12   0.6091199764202E-19
  0.1085120000000E+13   0.1669717572376E-18
  0.1430130000000E+13   0.4426317203184E-18
  0.1884830000000E+13   0.1122451505544E-17
  0.2484100000000E+13   0.2679546907019E-17
  0.3273910000000E+13   0.5866131236911E-17
  0.4314820000000E+13   0.1142749070089E-16
  0.5686700000000E+13   0.1883529193174E-16
  0.7494750000000E+13   0.2463305000762E-16
  0.7682960000000E+13   0.2490227532865E-16
  0.7875890000000E+13   0.2510640676941E-16
  0.8073670000000E+13   0.2524002084853E-16
  0.8276410000000E+13   0.2530453973134E-16
  0.8484250000000E+13   0.2530675257994E-16
  0.8697300000000E+13   0.2529115863976E-16
  0.8915700000000E+13   0.2520293769787E-16
  0.9139590000000E+13   0.2510904154479E-16
  0.9369100000000E+13   0.2495491873035E-16
  0.9604380000000E+13   0.2476677006733E-16
  0.9845560000000E+13   0.2454359109694E-16
  0.1009280000000E+14   0.2425724103701E-16
  0.1034620000000E+14   0.2393292355954E-16
  0.1060610000000E+14   0.2354814998821E-16
  0.1087240000000E+14   0.2316226426984E-16
  0.1114540000000E+14   0.2273145299386E-16
  0.1142530000000E+14   0.2228215591513E-16
  0.1171220000000E+14   0.2181231169498E-16
  0.1200630000000E+14   0.2130865608126E-16
  0.1230780000000E+14   0.2079087852164E-16
  0.1261690000000E+14   0.2024529364877E-16
  0.1293370000000E+14   0.1973206985173E-16
  0.1325850000000E+14   0.1920368516795E-16
  0.1359150000000E+14   0.1868335460167E-16
  0.1393280000000E+14   0.1816695528634E-16
  0.1428260000000E+14   0.1765741996141E-16
  0.1464130000000E+14   0.1718933535252E-16
  0.1500900000000E+14   0.1671370141747E-16
  0.1538590000000E+14   0.1616117676601E-16
  0.1577220000000E+14   0.1561023343822E-16
  0.1616830000000E+14   0.1483618726820E-16
  0.1657430000000E+14   0.1395589292949E-16
  0.1699050000000E+14   0.1303356959723E-16
  0.1741720000000E+14   0.1194783106091E-16
  0.1785460000000E+14   0.1093009846848E-16
  0.1830290000000E+14   0.9879511989937E-17
  0.1876260000000E+14   0.8896189206868E-17
  0.1923370000000E+14   0.8016363266743E-17
  0.1971670000000E+14   0.7216756183667E-17
  0.2021180000000E+14   0.6517011650261E-17
  0.2071940000000E+14   0.5956811413048E-17
  0.2123970000000E+14   0.5443516150750E-17
  0.2177310000000E+14   0.5325760305413E-17
  0.2231980000000E+14   0.5205503828330E-17
  0.2288030000000E+14   0.5203418292711E-17
  0.2345490000000E+14   0.5236061694976E-17
  0.2404390000000E+14   0.5287511572871E-17
  0.2464770000000E+14   0.5379054821096E-17
  0.2526660000000E+14   0.5450153841127E-17
  0.2590110000000E+14   0.5544899940957E-17
  0.2655150000000E+14   0.5615654303859E-17
  0.2721830000000E+14   0.5748622020974E-17
  0.2790180000000E+14   0.5882767056116E-17
  0.2860240000000E+14   0.5959969996425E-17
  0.2932070000000E+14   0.5974796167323E-17
  0.3005700000000E+14   0.5966425452965E-17
  0.3081180000000E+14   0.5838171122859E-17
  0.3158550000000E+14   0.5714982765944E-17
  0.3237870000000E+14   0.5146434298924E-17
  0.3319170000000E+14   0.4479690765226E-17
  0.3402530000000E+14   0.3865985574941E-17
  0.3487970000000E+14   0.3301053504833E-17
  0.3575560000000E+14   0.2773293859922E-17
  0.3665350000000E+14   0.2298517658407E-17
  0.3757390000000E+14   0.1838223219167E-17
  0.3851740000000E+14   0.1558465693928E-17
  0.3948470000000E+14   0.1327458234192E-17
  0.4047620000000E+14   0.1174706132176E-17
  0.4149260000000E+14   0.1120549274208E-17
  0.4253460000000E+14   0.1073324130107E-17
  0.4360270000000E+14   0.1061128362264E-17
  0.4469770000000E+14   0.1050617561860E-17
  0.4582010000000E+14   0.1042030373253E-17
  0.4697070000000E+14   0.1034806141659E-17
  0.4815020000000E+14   0.1027540155800E-17
  0.4935940000000E+14   0.1020077201255E-17
  0.5059890000000E+14   0.1013513034277E-17
  0.5186950000000E+14   0.1008386591292E-17
  0.5317200000000E+14   0.1003667237560E-17
  0.5450730000000E+14   0.1000975131116E-17
  0.6258450000000E+14   0.9989454267801E-18
  0.7185870000000E+14   0.1006759344781E-17
  0.8250720000000E+14   0.1005419963771E-17
  0.9473370000000E+14   0.9921249835303E-18
  0.1087720000000E+15   0.9734828866481E-18
  0.1248910000000E+15   0.9586763079717E-18
  0.1433980000000E+15   0.9550609311930E-18
  0.1646470000000E+15   0.9696722840190E-18
  0.1890460000000E+15   0.1009578575634E-17
  0.2170600000000E+15   0.1076184358095E-17
  0.2492250000000E+15   0.1171039605952E-17
  0.2861570000000E+15   0.1292613234520E-17
  0.3285620000000E+15   0.1434552160947E-17
  0.3772500000000E+15   0.1585840304991E-17
  0.4331540000000E+15   0.1729049403748E-17
  0.4973410000000E+15   0.1840394423065E-17
  0.5710410000000E+15   0.1893185148117E-17
  0.6556610000000E+15   0.1863992198592E-17
  0.7528220000000E+15   0.1739314425190E-17
  0.8643800000000E+15   0.1522726875915E-17
  0.9924690000000E+15   0.1236987574897E-17
  0.1139540000000E+16   0.9194740947433E-18
  0.1308400000000E+16   0.6175968991622E-18
  0.1502290000000E+16   0.3684646562908E-18
  0.1724910000000E+16   0.1916625959957E-18
  0.1980520000000E+16   0.8505334860861E-19
  0.2274010000000E+16   0.3147917128619E-19
  0.2610990000000E+16   0.9456328645184E-20
  0.2997900000000E+16   0.2235396603876E-20
