mstar = 2 Msun, Rstar = 2.5 Rsun, Tstar = 10000, mdisk = 0.0027634 Msun, Rc = 150 AU, Rin = 0.5 AU, Rout = 250 AU, inclination = 45 degree, powerlaw = -0.5 
         130
  
  0.2997900000000E+11   0.3840501317851E-23
  0.3951060000000E+11   0.8745006430686E-23
  0.5207280000000E+11   0.1989803753040E-22
  0.6862910000000E+11   0.4522019483965E-22
  0.9044930000000E+11   0.1025838147349E-21
  0.1192070000000E+12   0.2321340052133E-21
  0.1571080000000E+12   0.5235029901263E-21
  0.2070600000000E+12   0.1175158766508E-20
  0.2728930000000E+12   0.2621678492813E-20
  0.3596580000000E+12   0.6325616257925E-20
  0.4740100000000E+12   0.1823554256274E-19
  0.6247180000000E+12   0.5180711984619E-19
  0.8233440000000E+12   0.1440588190508E-18
  0.1085120000000E+13   0.3896066564116E-18
  0.1430130000000E+13   0.1012602226036E-17
  0.1884830000000E+13   0.2493223734308E-17
  0.2484100000000E+13   0.5691608401377E-17
  0.3273910000000E+13   0.1163444153706E-16
  0.4314820000000E+13   0.2039608360092E-16
  0.5686700000000E+13   0.2878176181895E-16
  0.7494750000000E+13   0.3094127288931E-16
  0.7682960000000E+13   0.3072823131806E-16
  0.7875890000000E+13   0.3044661506623E-16
  0.8073670000000E+13   0.3009769244241E-16
  0.8276410000000E+13   0.2968851891651E-16
  0.8484250000000E+13   0.2923013919694E-16
  0.8697300000000E+13   0.2876421777216E-16
  0.8915700000000E+13   0.2825001706434E-16
  0.9139590000000E+13   0.2774717459627E-16
  0.9369100000000E+13   0.2721505485739E-16
  0.9604380000000E+13   0.2667925416688E-16
  0.9845560000000E+13   0.2614266216571E-16
  0.1009280000000E+14   0.2558394868621E-16
  0.1034620000000E+14   0.2502641932402E-16
  0.1060610000000E+14   0.2445049403694E-16
  0.1087240000000E+14   0.2391048317888E-16
  0.1114540000000E+14   0.2336570789536E-16
  0.1142530000000E+14   0.2283963805345E-16
  0.1171220000000E+14   0.2232838636159E-16
  0.1200630000000E+14   0.2181466173721E-16
  0.1230780000000E+14   0.2131454532478E-16
  0.1261690000000E+14   0.2080812096848E-16
  0.1293370000000E+14   0.2035842865448E-16
  0.1325850000000E+14   0.1990746356204E-16
  0.1359150000000E+14   0.1947701645220E-16
  0.1393280000000E+14   0.1905734945999E-16
  0.1428260000000E+14   0.1864734663413E-16
  0.1464130000000E+14   0.1828587272706E-16
  0.1500900000000E+14   0.1790840841359E-16
  0.1538590000000E+14   0.1742450558042E-16
  0.1577220000000E+14   0.1693020509462E-16
  0.1616830000000E+14   0.1614366838780E-16
  0.1657430000000E+14   0.1521207985016E-16
  0.1699050000000E+14   0.1421671454948E-16
  0.1741720000000E+14   0.1300698441603E-16
  0.1785460000000E+14   0.1187237690786E-16
  0.1830290000000E+14   0.1068760955399E-16
  0.1876260000000E+14   0.9578620715136E-17
  0.1923370000000E+14   0.8591257385459E-17
  0.1971670000000E+14   0.7697057376006E-17
  0.2021180000000E+14   0.6920713107405E-17
  0.2071940000000E+14   0.6310664293523E-17
  0.2123970000000E+14   0.5752681023325E-17
  0.2177310000000E+14   0.5673853036353E-17
  0.2231980000000E+14   0.5586502606255E-17
  0.2288030000000E+14   0.5637380134840E-17
  0.2345490000000E+14   0.5721908604313E-17
  0.2404390000000E+14   0.5819139342522E-17
  0.2464770000000E+14   0.5953790220835E-17
  0.2526660000000E+14   0.6054158865697E-17
  0.2590110000000E+14   0.6173379163782E-17
  0.2655150000000E+14   0.6257341588546E-17
  0.2721830000000E+14   0.6406449720044E-17
  0.2790180000000E+14   0.6551498718548E-17
  0.2860240000000E+14   0.6628183448132E-17
  0.2932070000000E+14   0.6632259626990E-17
  0.3005700000000E+14   0.6608948042777E-17
  0.3081180000000E+14   0.6450812057420E-17
  0.3158550000000E+14   0.6298220334289E-17
  0.3237870000000E+14   0.5650658435319E-17
  0.3319170000000E+14   0.4896069107527E-17
  0.3402530000000E+14   0.4202248964387E-17
  0.3487970000000E+14   0.3563876810603E-17
  0.3575560000000E+14   0.2968430976542E-17
  0.3665350000000E+14   0.2434221484776E-17
  0.3757390000000E+14   0.1919169661637E-17
  0.3851740000000E+14   0.1608259729279E-17
  0.3948470000000E+14   0.1355324363115E-17
  0.4047620000000E+14   0.1192711120582E-17
  0.4149260000000E+14   0.1136948419700E-17
  0.4253460000000E+14   0.1089678320798E-17
  0.4360270000000E+14   0.1077500005420E-17
  0.4469770000000E+14   0.1067183863101E-17
  0.4582010000000E+14   0.1058943590374E-17
  0.4697070000000E+14   0.1052224790984E-17
  0.4815020000000E+14   0.1045683151839E-17
  0.4935940000000E+14   0.1039175500588E-17
  0.5059890000000E+14   0.1033718541003E-17
  0.5186950000000E+14   0.1029775289380E-17
  0.5317200000000E+14   0.1026366577759E-17
  0.5450730000000E+14   0.1024939138828E-17
  0.6258450000000E+14   0.1029892891448E-17
  0.7185870000000E+14   0.1043328643526E-17
  0.8250720000000E+14   0.1045525163330E-17
  0.9473370000000E+14   0.1032418642046E-17
  0.1087720000000E+15   0.1009919202449E-17
  0.1248910000000E+15   0.9878706646278E-18
  0.1433980000000E+15   0.9753011083252E-18
  0.1646470000000E+15   0.9812340302282E-18
  0.1890460000000E+15   0.1014225147858E-17
  0.2170600000000E+15   0.1076041579620E-17
  0.2492250000000E+15   0.1167990193367E-17
  0.2861570000000E+15   0.1288309345062E-17
  0.3285620000000E+15   0.1430458519221E-17
  0.3772500000000E+15   0.1582755114489E-17
  0.4331540000000E+15   0.1726964795837E-17
  0.4973410000000E+15   0.1838928314700E-17
  0.5710410000000E+15   0.1891885782372E-17
  0.6556610000000E+15   0.1862451261751E-17
  0.7528220000000E+15   0.1737137768915E-17
  0.8643800000000E+15   0.1520096160381E-17
  0.9924690000000E+15   0.1234575827058E-17
  0.1139540000000E+16   0.9169995332336E-18
  0.1308400000000E+16   0.6160377744184E-18
  0.1502290000000E+16   0.3676958230908E-18
  0.1724910000000E+16   0.1913627346428E-18
  0.1980520000000E+16   0.8491291775160E-19
  0.2274010000000E+16   0.3142839549521E-19
  0.2610990000000E+16   0.9441357035817E-20
  0.2997900000000E+16   0.2231907715797E-20
