mstar = 2 Msun, Rstar = 2.5 Rsun, Tstar = 10000, mdisk = 0.0031057 Msun, Rc = 150 AU, Rin = 0.5 AU, Rout = 250 AU, inclination = 45 degree, powerlaw = -0.5 
         130
  
  0.2997900000000E+11   0.4265753856392E-23
  0.3951060000000E+11   0.9714568458818E-23
  0.5207280000000E+11   0.2210575156285E-22
  0.6862910000000E+11   0.5023860087370E-22
  0.9044930000000E+11   0.1139654051300E-21
  0.1192070000000E+12   0.2578695227187E-21
  0.1571080000000E+12   0.5814636805277E-21
  0.2070600000000E+12   0.1305005412150E-20
  0.2728930000000E+12   0.2910517089708E-20
  0.3596580000000E+12   0.7019671986124E-20
  0.4740100000000E+12   0.2022408853839E-19
  0.6247180000000E+12   0.5740560695397E-19
  0.8233440000000E+12   0.1594191746747E-18
  0.1085120000000E+13   0.4303186166800E-18
  0.1430130000000E+13   0.1115166393805E-17
  0.1884830000000E+13   0.2733504303776E-17
  0.2484100000000E+13   0.6196705429124E-17
  0.3273910000000E+13   0.1252933410935E-16
  0.4314820000000E+13   0.2159990368364E-16
  0.5686700000000E+13   0.2977655800695E-16
  0.7494750000000E+13   0.3123635713142E-16
  0.7682960000000E+13   0.3096647460099E-16
  0.7875890000000E+13   0.3063285171803E-16
  0.8073670000000E+13   0.3023736057828E-16
  0.8276410000000E+13   0.2978734307493E-16
  0.8484250000000E+13   0.2929391892430E-16
  0.8697300000000E+13   0.2879815491031E-16
  0.8915700000000E+13   0.2826042498178E-16
  0.9139590000000E+13   0.2773949795386E-16
  0.9369100000000E+13   0.2719539641288E-16
  0.9604380000000E+13   0.2665329097609E-16
  0.9845560000000E+13   0.2611584641190E-16
  0.1009280000000E+14   0.2556118078154E-16
  0.1034620000000E+14   0.2501201177641E-16
  0.1060610000000E+14   0.2444778361972E-16
  0.1087240000000E+14   0.2392286745049E-16
  0.1114540000000E+14   0.2339518570383E-16
  0.1142530000000E+14   0.2288790803709E-16
  0.1171220000000E+14   0.2239635402204E-16
  0.1200630000000E+14   0.2190210460136E-16
  0.1230780000000E+14   0.2142107737018E-16
  0.1261690000000E+14   0.2093232604881E-16
  0.1293370000000E+14   0.2050017218654E-16
  0.1325850000000E+14   0.2006479341172E-16
  0.1359150000000E+14   0.1964837309417E-16
  0.1393280000000E+14   0.1924086749857E-16
  0.1428260000000E+14   0.1884109300791E-16
  0.1464130000000E+14   0.1848878021005E-16
  0.1500900000000E+14   0.1811808856834E-16
  0.1538590000000E+14   0.1763711748745E-16
  0.1577220000000E+14   0.1714411470429E-16
  0.1616830000000E+14   0.1635250220389E-16
  0.1657430000000E+14   0.1541250394771E-16
  0.1699050000000E+14   0.1440694186701E-16
  0.1741720000000E+14   0.1318250113401E-16
  0.1785460000000E+14   0.1203377119489E-16
  0.1830290000000E+14   0.1083327701792E-16
  0.1876260000000E+14   0.9708932642600E-17
  0.1923370000000E+14   0.8707610324973E-17
  0.1971670000000E+14   0.7800378907523E-17
  0.2021180000000E+14   0.7012608442468E-17
  0.2071940000000E+14   0.6394075705869E-17
  0.2123970000000E+14   0.5828058853006E-17
  0.2177310000000E+14   0.5751938097091E-17
  0.2231980000000E+14   0.5666183051260E-17
  0.2288030000000E+14   0.5720760849008E-17
  0.2345490000000E+14   0.5808678553716E-17
  0.2404390000000E+14   0.5908685704744E-17
  0.2464770000000E+14   0.6046099395244E-17
  0.2526660000000E+14   0.6148042469734E-17
  0.2590110000000E+14   0.6268813534492E-17
  0.2655150000000E+14   0.6353597106476E-17
  0.2721830000000E+14   0.6504239559833E-17
  0.2790180000000E+14   0.6650490394747E-17
  0.2860240000000E+14   0.6727140894266E-17
  0.2932070000000E+14   0.6729786720770E-17
  0.3005700000000E+14   0.6704493040860E-17
  0.3081180000000E+14   0.6542534945593E-17
  0.3158550000000E+14   0.6386156649383E-17
  0.3237870000000E+14   0.5727992249572E-17
  0.3319170000000E+14   0.4960780899318E-17
  0.3402530000000E+14   0.4254841750206E-17
  0.3487970000000E+14   0.3605367540364E-17
  0.3575560000000E+14   0.2999604765042E-17
  0.3665350000000E+14   0.2455971805447E-17
  0.3757390000000E+14   0.1931550911120E-17
  0.3851740000000E+14   0.1614764147464E-17
  0.3948470000000E+14   0.1357322220997E-17
  0.4047620000000E+14   0.1192328424618E-17
  0.4149260000000E+14   0.1136129896346E-17
  0.4253460000000E+14   0.1088641197198E-17
  0.4360270000000E+14   0.1076767286364E-17
  0.4469770000000E+14   0.1066781946385E-17
  0.4582010000000E+14   0.1058896895288E-17
  0.4697070000000E+14   0.1052547567312E-17
  0.4815020000000E+14   0.1046378126542E-17
  0.4935940000000E+14   0.1040246100219E-17
  0.5059890000000E+14   0.1035171610550E-17
  0.5186950000000E+14   0.1031613860477E-17
  0.5317200000000E+14   0.1028586407358E-17
  0.5450730000000E+14   0.1027530216255E-17
  0.6258450000000E+14   0.1034205346711E-17
  0.7185870000000E+14   0.1048603558679E-17
  0.8250720000000E+14   0.1051086543039E-17
  0.9473370000000E+14   0.1037704059086E-17
  0.1087720000000E+15   0.1014455739752E-17
  0.1248910000000E+15   0.9913685481522E-18
  0.1433980000000E+15   0.9777005989863E-18
  0.1646470000000E+15   0.9826533828602E-18
  0.1890460000000E+15   0.1014852271895E-17
  0.2170600000000E+15   0.1076063558136E-17
  0.2492250000000E+15   0.1167624122349E-17
  0.2861570000000E+15   0.1287793262847E-17
  0.3285620000000E+15   0.1429964421239E-17
  0.3772500000000E+15   0.1582359786408E-17
  0.4331540000000E+15   0.1726679573907E-17
  0.4973410000000E+15   0.1838720597535E-17
  0.5710410000000E+15   0.1891694348245E-17
  0.6556610000000E+15   0.1862215003903E-17
  0.7528220000000E+15   0.1736797922308E-17
  0.8643800000000E+15   0.1519683769894E-17
  0.9924690000000E+15   0.1234197604218E-17
  0.1139540000000E+16   0.9166115991225E-18
  0.1308400000000E+16   0.6157933271025E-18
  0.1502290000000E+16   0.3675752509273E-18
  0.1724910000000E+16   0.1913156946892E-18
  0.1980520000000E+16   0.8489088913886E-19
  0.2274010000000E+16   0.3142043040153E-19
  0.2610990000000E+16   0.9439008429803E-20
  0.2997900000000E+16   0.2231360404541E-20
