mstar = 2 Msun, Rstar = 2.5 Rsun, Tstar = 10000, mdisk = 0.0054655 Msun, Rc = 150 AU, Rin = 0.5 AU, Rout = 250 AU, inclination = 45 degree, powerlaw = -0.5 
         130
  
  0.2997900000000E+11   0.7092835256438E-23
  0.3951060000000E+11   0.1615907923511E-22
  0.5207280000000E+11   0.3677660776218E-22
  0.6862910000000E+11   0.8357694792727E-22
  0.9044930000000E+11   0.1895448132357E-21
  0.1192070000000E+12   0.4286735592545E-21
  0.1571080000000E+12   0.9658669387476E-21
  0.2070600000000E+12   0.2165346790999E-20
  0.2728930000000E+12   0.4821893983434E-20
  0.3596580000000E+12   0.1160433681186E-19
  0.4740100000000E+12   0.3332238775149E-19
  0.6247180000000E+12   0.9412640572403E-19
  0.8233440000000E+12   0.2595222155295E-18
  0.1085120000000E+13   0.6929937960133E-18
  0.1430130000000E+13   0.1766469706938E-17
  0.1884830000000E+13   0.4220398411227E-17
  0.2484100000000E+13   0.9191019605797E-17
  0.3273910000000E+13   0.1746449058663E-16
  0.4314820000000E+13   0.2746280752662E-16
  0.5686700000000E+13   0.3370013317181E-16
  0.7494750000000E+13   0.3221294740988E-16
  0.7682960000000E+13   0.3179210159627E-16
  0.7875890000000E+13   0.3133627965907E-16
  0.8073670000000E+13   0.3084690944247E-16
  0.8276410000000E+13   0.3032983935056E-16
  0.8484250000000E+13   0.2979421055016E-16
  0.8697300000000E+13   0.2927975785821E-16
  0.8915700000000E+13   0.2874473344512E-16
  0.9139590000000E+13   0.2824782238512E-16
  0.9369100000000E+13   0.2774478104380E-16
  0.9604380000000E+13   0.2725931462458E-16
  0.9845560000000E+13   0.2679125252403E-16
  0.1009280000000E+14   0.2631254564455E-16
  0.1034620000000E+14   0.2584473462154E-16
  0.1060610000000E+14   0.2536112936280E-16
  0.1087240000000E+14   0.2492040574358E-16
  0.1114540000000E+14   0.2447204737020E-16
  0.1142530000000E+14   0.2404023356141E-16
  0.1171220000000E+14   0.2361774350417E-16
  0.1200630000000E+14   0.2318233984435E-16
  0.1230780000000E+14   0.2275139779705E-16
  0.1261690000000E+14   0.2230101081354E-16
  0.1293370000000E+14   0.2190348026119E-16
  0.1325850000000E+14   0.2149180280407E-16
  0.1359150000000E+14   0.2109131762403E-16
  0.1393280000000E+14   0.2069153547728E-16
  0.1428260000000E+14   0.2029203247414E-16
  0.1464130000000E+14   0.1993717804052E-16
  0.1500900000000E+14   0.1955576456901E-16
  0.1538590000000E+14   0.1904927616902E-16
  0.1577220000000E+14   0.1852584107542E-16
  0.1616830000000E+14   0.1767646943186E-16
  0.1657430000000E+14   0.1666496077578E-16
  0.1699050000000E+14   0.1558128374279E-16
  0.1741720000000E+14   0.1425979008492E-16
  0.1785460000000E+14   0.1301890103638E-16
  0.1830290000000E+14   0.1172047693023E-16
  0.1876260000000E+14   0.1050292391071E-16
  0.1923370000000E+14   0.9417553206185E-17
  0.1971670000000E+14   0.8433391733179E-17
  0.2021180000000E+14   0.7578397134261E-17
  0.2071940000000E+14   0.6907634106728E-17
  0.2123970000000E+14   0.6293594668381E-17
  0.2177310000000E+14   0.6214758297436E-17
  0.2231980000000E+14   0.6122984100917E-17
  0.2288030000000E+14   0.6181193791856E-17
  0.2345490000000E+14   0.6272906283524E-17
  0.2404390000000E+14   0.6375676321765E-17
  0.2464770000000E+14   0.6517116056290E-17
  0.2526660000000E+14   0.6619161916056E-17
  0.2590110000000E+14   0.6740359806742E-17
  0.2655150000000E+14   0.6822377760070E-17
  0.2721830000000E+14   0.6973954435653E-17
  0.2790180000000E+14   0.7120317889682E-17
  0.2860240000000E+14   0.7192355225444E-17
  0.2932070000000E+14   0.7185716434662E-17
  0.3005700000000E+14   0.7149378504756E-17
  0.3081180000000E+14   0.6968141946724E-17
  0.3158550000000E+14   0.6793027595081E-17
  0.3237870000000E+14   0.6087107650559E-17
  0.3319170000000E+14   0.5266398463796E-17
  0.3402530000000E+14   0.4511068623055E-17
  0.3487970000000E+14   0.3815518436300E-17
  0.3575560000000E+14   0.3166415445966E-17
  0.3665350000000E+14   0.2584174898679E-17
  0.3757390000000E+14   0.2022418489136E-17
  0.3851740000000E+14   0.1680736649194E-17
  0.3948470000000E+14   0.1402669090363E-17
  0.4047620000000E+14   0.1224623480292E-17
  0.4149260000000E+14   0.1163114689500E-17
  0.4253460000000E+14   0.1111410454172E-17
  0.4360270000000E+14   0.1097350119515E-17
  0.4469770000000E+14   0.1085469369252E-17
  0.4582010000000E+14   0.1075980421654E-17
  0.4697070000000E+14   0.1068287638326E-17
  0.4815020000000E+14   0.1060998191546E-17
  0.4935940000000E+14   0.1053970169425E-17
  0.5059890000000E+14   0.1048230155690E-17
  0.5186950000000E+14   0.1044217087874E-17
  0.5317200000000E+14   0.1040916400913E-17
  0.5450730000000E+14   0.1039741472883E-17
  0.6258450000000E+14   0.1047572493268E-17
  0.7185870000000E+14   0.1064343695370E-17
  0.8250720000000E+14   0.1069056500650E-17
  0.9473370000000E+14   0.1056858119506E-17
  0.1087720000000E+15   0.1033150998310E-17
  0.1248910000000E+15   0.1007864243192E-17
  0.1433980000000E+15   0.9905212436523E-18
  0.1646470000000E+15   0.9908737445079E-18
  0.1890460000000E+15   0.1018390964653E-17
  0.2170600000000E+15   0.1075742665918E-17
  0.2492250000000E+15   0.1164970708901E-17
  0.2861570000000E+15   0.1284289750950E-17
  0.3285620000000E+15   0.1426607537200E-17
  0.3772500000000E+15   0.1579694145009E-17
  0.4331540000000E+15   0.1724858292860E-17
  0.4973410000000E+15   0.1837518120705E-17
  0.5710410000000E+15   0.1890672901330E-17
  0.6556610000000E+15   0.1860986521426E-17
  0.7528220000000E+15   0.1735036006252E-17
  0.8643800000000E+15   0.1517545903080E-17
  0.9924690000000E+15   0.1232236940189E-17
  0.1139540000000E+16   0.9146012957941E-18
  0.1308400000000E+16   0.6145264783468E-18
  0.1502290000000E+16   0.3669502521245E-18
  0.1724910000000E+16   0.1910717960599E-18
  0.1980520000000E+16   0.8477667724545E-19
  0.2274010000000E+16   0.3137913296239E-19
  0.2610990000000E+16   0.9426831194716E-20
  0.2997900000000E+16   0.2228522631530E-20
