mstar = 2 Msun, Rstar = 2.5 Rsun, Tstar = 10000, mdisk = 0.0044789 Msun, Rc = 150 AU, Rin = 0.5 AU, Rout = 250 AU, inclination = 45 degree, powerlaw = -0.5 
         130
  
  0.2997900000000E+11   0.5928444086128E-23
  0.3951060000000E+11   0.1350498371801E-22
  0.5207280000000E+11   0.3073521355499E-22
  0.6862910000000E+11   0.6985023712459E-22
  0.9044930000000E+11   0.1584314136958E-21
  0.1192070000000E+12   0.3583763294511E-21
  0.1571080000000E+12   0.8077096349054E-21
  0.2070600000000E+12   0.1811520744316E-20
  0.2728930000000E+12   0.4036257115322E-20
  0.3596580000000E+12   0.9721408033438E-20
  0.4740100000000E+12   0.2794991643431E-19
  0.6247180000000E+12   0.7909475574063E-19
  0.8233440000000E+12   0.2186715889916E-18
  0.1085120000000E+13   0.5863240137800E-18
  0.1430130000000E+13   0.1504075470949E-17
  0.1884830000000E+13   0.3629279135957E-17
  0.2484100000000E+13   0.8027533236244E-17
  0.3273910000000E+13   0.1562274749676E-16
  0.4314820000000E+13   0.2543258639255E-16
  0.5686700000000E+13   0.3252146251594E-16
  0.7494750000000E+13   0.3193032938956E-16
  0.7682960000000E+13   0.3153689237742E-16
  0.7875890000000E+13   0.3109847830205E-16
  0.8073670000000E+13   0.3061735355218E-16
  0.8276410000000E+13   0.3010040926835E-16
  0.8484250000000E+13   0.2955784344274E-16
  0.8697300000000E+13   0.2902952181781E-16
  0.8915700000000E+13   0.2847574400157E-16
  0.9139590000000E+13   0.2795449934839E-16
  0.9369100000000E+13   0.2742417160167E-16
  0.9604380000000E+13   0.2690877914169E-16
  0.9845560000000E+13   0.2640928296202E-16
  0.1009280000000E+14   0.2590005251866E-16
  0.1034620000000E+14   0.2540264723117E-16
  0.1060610000000E+14   0.2489236342993E-16
  0.1087240000000E+14   0.2442587505382E-16
  0.1114540000000E+14   0.2395541530410E-16
  0.1142530000000E+14   0.2350440983089E-16
  0.1171220000000E+14   0.2306614858723E-16
  0.1200630000000E+14   0.2261927554094E-16
  0.1230780000000E+14   0.2218030956113E-16
  0.1261690000000E+14   0.2172594305925E-16
  0.1293370000000E+14   0.2132579059812E-16
  0.1325850000000E+14   0.2091479774201E-16
  0.1359150000000E+14   0.2051718957544E-16
  0.1393280000000E+14   0.2012244066696E-16
  0.1428260000000E+14   0.1972978585539E-16
  0.1464130000000E+14   0.1938222010204E-16
  0.1500900000000E+14   0.1901002796176E-16
  0.1538590000000E+14   0.1851659936715E-16
  0.1577220000000E+14   0.1800724794516E-16
  0.1616830000000E+14   0.1717952882707E-16
  0.1657430000000E+14   0.1619335507756E-16
  0.1699050000000E+14   0.1513666124708E-16
  0.1741720000000E+14   0.1384743564970E-16
  0.1785460000000E+14   0.1263722992082E-16
  0.1830290000000E+14   0.1137102292906E-16
  0.1876260000000E+14   0.1018433642547E-16
  0.1923370000000E+14   0.9127109711767E-17
  0.1971670000000E+14   0.8168859474450E-17
  0.2021180000000E+14   0.7336951617501E-17
  0.2071940000000E+14   0.6684735192935E-17
  0.2123970000000E+14   0.6087946116154E-17
  0.2177310000000E+14   0.6011783163486E-17
  0.2231980000000E+14   0.5923588138744E-17
  0.2288030000000E+14   0.5982031128309E-17
  0.2345490000000E+14   0.6073855672688E-17
  0.2404390000000E+14   0.6176838732927E-17
  0.2464770000000E+14   0.6317871214588E-17
  0.2526660000000E+14   0.6420740103395E-17
  0.2590110000000E+14   0.6542627305468E-17
  0.2655150000000E+14   0.6626220163435E-17
  0.2721830000000E+14   0.6778074576930E-17
  0.2790180000000E+14   0.6925026288383E-17
  0.2860240000000E+14   0.6999123860924E-17
  0.2932070000000E+14   0.6995887961025E-17
  0.3005700000000E+14   0.6963324762476E-17
  0.3081180000000E+14   0.6788218886897E-17
  0.3158550000000E+14   0.6618954735830E-17
  0.3237870000000E+14   0.5928070188841E-17
  0.3319170000000E+14   0.5125196367112E-17
  0.3402530000000E+14   0.4387800487277E-17
  0.3487970000000E+14   0.3710083066646E-17
  0.3575560000000E+14   0.3078902445615E-17
  0.3665350000000E+14   0.2513659942901E-17
  0.3757390000000E+14   0.1969566126672E-17
  0.3851740000000E+14   0.1639984601845E-17
  0.3948470000000E+14   0.1372894179513E-17
  0.4047620000000E+14   0.1202448669144E-17
  0.4149260000000E+14   0.1144095547829E-17
  0.4253460000000E+14   0.1095029982951E-17
  0.4360270000000E+14   0.1082264405914E-17
  0.4469770000000E+14   0.1071538382317E-17
  0.4582010000000E+14   0.1063057651125E-17
  0.4697070000000E+14   0.1056247337706E-17
  0.4815020000000E+14   0.1049749417494E-17
  0.4935940000000E+14   0.1043422061923E-17
  0.5059890000000E+14   0.1038272403390E-17
  0.5186950000000E+14   0.1034741545809E-17
  0.5317200000000E+14   0.1031840539795E-17
  0.5450730000000E+14   0.1030972455028E-17
  0.6258450000000E+14   0.1039543618277E-17
  0.7185870000000E+14   0.1056283975793E-17
  0.8250720000000E+14   0.1060888989858E-17
  0.9473370000000E+14   0.1048819613576E-17
  0.1087720000000E+15   0.1025660922539E-17
  0.1248910000000E+15   0.1001437087719E-17
  0.1433980000000E+15   0.9856766494788E-18
  0.1646470000000E+15   0.9879751169822E-18
  0.1890460000000E+15   0.1017451471404E-17
  0.2170600000000E+15   0.1076372366966E-17
  0.2492250000000E+15   0.1166513907118E-17
  0.2861570000000E+15   0.1286131843157E-17
  0.3285620000000E+15   0.1428305251338E-17
  0.3772500000000E+15   0.1580980499912E-17
  0.4331540000000E+15   0.1725673119435E-17
  0.4973410000000E+15   0.1837999173191E-17
  0.5710410000000E+15   0.1891036713392E-17
  0.6556610000000E+15   0.1861400898072E-17
  0.7528220000000E+15   0.1735622872733E-17
  0.8643800000000E+15   0.1518256581393E-17
  0.9924690000000E+15   0.1232888534044E-17
  0.1139540000000E+16   0.9152692324621E-18
  0.1308400000000E+16   0.6149474153299E-18
  0.1502290000000E+16   0.3671579457957E-18
  0.1724910000000E+16   0.1911528576666E-18
  0.1980520000000E+16   0.8481463556141E-19
  0.2274010000000E+16   0.3139285830627E-19
  0.2610990000000E+16   0.9430878372886E-20
  0.2997900000000E+16   0.2229465788434E-20
