mstar = 2 Msun, Rstar = 2.5 Rsun, Tstar = 10000, mdisk = 0.0054892 Msun, Rc = 150 AU, Rin = 0.5 AU, Rout = 250 AU, inclination = 45 degree, powerlaw = -0.5 
         130
  
  0.2997900000000E+11   0.7124141534187E-23
  0.3951060000000E+11   0.1623046870273E-22
  0.5207280000000E+11   0.3693919986201E-22
  0.6862910000000E+11   0.8394665124198E-22
  0.9044930000000E+11   0.1903836317738E-21
  0.1192070000000E+12   0.4305713138033E-21
  0.1571080000000E+12   0.9701442626410E-21
  0.2070600000000E+12   0.2174939213790E-20
  0.2728930000000E+12   0.4843262599777E-20
  0.3596580000000E+12   0.1165577185329E-19
  0.4740100000000E+12   0.3346997172723E-19
  0.6247180000000E+12   0.9454288260056E-19
  0.8233440000000E+12   0.2606671693771E-18
  0.1085120000000E+13   0.6960314890487E-18
  0.1430130000000E+13   0.1774118138926E-17
  0.1884830000000E+13   0.4238285637524E-17
  0.2484100000000E+13   0.9228546997606E-17
  0.3273910000000E+13   0.1753119352148E-16
  0.4314820000000E+13   0.2755574557856E-16
  0.5686700000000E+13   0.3379057111409E-16
  0.7494750000000E+13   0.3226627856701E-16
  0.7682960000000E+13   0.3184128797201E-16
  0.7875890000000E+13   0.3138131928061E-16
  0.8073670000000E+13   0.3088783593144E-16
  0.8276410000000E+13   0.3036669503626E-16
  0.8484250000000E+13   0.2982705495034E-16
  0.8697300000000E+13   0.2930857057469E-16
  0.8915700000000E+13   0.2876962590620E-16
  0.9139590000000E+13   0.2826878876551E-16
  0.9369100000000E+13   0.2776194000319E-16
  0.9604380000000E+13   0.2727275315947E-16
  0.9845560000000E+13   0.2680108093534E-16
  0.1009280000000E+14   0.2631895101444E-16
  0.1034620000000E+14   0.2584787033403E-16
  0.1060610000000E+14   0.2536122068650E-16
  0.1087240000000E+14   0.2491758812444E-16
  0.1114540000000E+14   0.2446653352242E-16
  0.1142530000000E+14   0.2403222270233E-16
  0.1171220000000E+14   0.2360745275810E-16
  0.1200630000000E+14   0.2316999647078E-16
  0.1230780000000E+14   0.2273721451840E-16
  0.1261690000000E+14   0.2228523548629E-16
  0.1293370000000E+14   0.2188630414389E-16
  0.1325850000000E+14   0.2147343455247E-16
  0.1359150000000E+14   0.2107198085993E-16
  0.1393280000000E+14   0.2067145462086E-16
  0.1428260000000E+14   0.2027139554407E-16
  0.1464130000000E+14   0.1991614032559E-16
  0.1500900000000E+14   0.1953450958153E-16
  0.1538590000000E+14   0.1902801883874E-16
  0.1577220000000E+14   0.1850471703300E-16
  0.1616830000000E+14   0.1765563420206E-16
  0.1657430000000E+14   0.1664454259477E-16
  0.1699050000000E+14   0.1556142245050E-16
  0.1741720000000E+14   0.1424072260488E-16
  0.1785460000000E+14   0.1300076908356E-16
  0.1830290000000E+14   0.1170350403447E-16
  0.1876260000000E+14   0.1048746539875E-16
  0.1923370000000E+14   0.9403716423263E-17
  0.1971670000000E+14   0.8421366669688E-17
  0.2021180000000E+14   0.7568293939631E-17
  0.2071940000000E+14   0.6899287822562E-17
  0.2123970000000E+14   0.6287068922276E-17
  0.2177310000000E+14   0.6208561096534E-17
  0.2231980000000E+14   0.6117206802632E-17
  0.2288030000000E+14   0.6175474901240E-17
  0.2345490000000E+14   0.6267277393862E-17
  0.2404390000000E+14   0.6370288249337E-17
  0.2464770000000E+14   0.6511837586337E-17
  0.2526660000000E+14   0.6614303682232E-17
  0.2590110000000E+14   0.6736053476985E-17
  0.2655150000000E+14   0.6818690479275E-17
  0.2721830000000E+14   0.6970965072310E-17
  0.2790180000000E+14   0.7117991562736E-17
  0.2860240000000E+14   0.7190921435758E-17
  0.2932070000000E+14   0.7185433712410E-17
  0.3005700000000E+14   0.7150274153344E-17
  0.3081180000000E+14   0.6970140939374E-17
  0.3158550000000E+14   0.6796122596184E-17
  0.3237870000000E+14   0.6090650976930E-17
  0.3319170000000E+14   0.5270560517278E-17
  0.3402530000000E+14   0.4516000473616E-17
  0.3487970000000E+14   0.3821199853276E-17
  0.3575560000000E+14   0.3173099562145E-17
  0.3665350000000E+14   0.2591910855781E-17
  0.3757390000000E+14   0.2031494042697E-17
  0.3851740000000E+14   0.1691090997036E-17
  0.3948470000000E+14   0.1414765856262E-17
  0.4047620000000E+14   0.1238087892114E-17
  0.4149260000000E+14   0.1176723337721E-17
  0.4253460000000E+14   0.1125118378652E-17
  0.4360270000000E+14   0.1110727024651E-17
  0.4469770000000E+14   0.1098515929914E-17
  0.4582010000000E+14   0.1088693027567E-17
  0.4697070000000E+14   0.1080670194468E-17
  0.4815020000000E+14   0.1073070283719E-17
  0.4935940000000E+14   0.1065751135973E-17
  0.5059890000000E+14   0.1059724239920E-17
  0.5186950000000E+14   0.1055420615547E-17
  0.5317200000000E+14   0.1051836884477E-17
  0.5450730000000E+14   0.1050366141844E-17
  0.6258450000000E+14   0.1056564672120E-17
  0.7185870000000E+14   0.1071777463244E-17
  0.8250720000000E+14   0.1075106667173E-17
  0.9473370000000E+14   0.1061698002660E-17
  0.1087720000000E+15   0.1036935168488E-17
  0.1248910000000E+15   0.1010749779983E-17
  0.1433980000000E+15   0.9926562578485E-18
  0.1646470000000E+15   0.9923946699392E-18
  0.1890460000000E+15   0.1019431078746E-17
  0.2170600000000E+15   0.1076421395359E-17
  0.2492250000000E+15   0.1165398087365E-17
  0.2861570000000E+15   0.1284552700638E-17
  0.3285620000000E+15   0.1426764437674E-17
  0.3772500000000E+15   0.1579780934322E-17
  0.4331540000000E+15   0.1724899480391E-17
  0.4973410000000E+15   0.1837532855089E-17
  0.5710410000000E+15   0.1890674611643E-17
  0.6556610000000E+15   0.1860982089615E-17
  0.7528220000000E+15   0.1735027298466E-17
  0.8643800000000E+15   0.1517534888908E-17
  0.9924690000000E+15   0.1232226792081E-17
  0.1139540000000E+16   0.9145908877092E-18
  0.1308400000000E+16   0.6145199186055E-18
  0.1502290000000E+16   0.3669470152868E-18
  0.1724910000000E+16   0.1910705326497E-18
  0.1980520000000E+16   0.8477608564168E-19
  0.2274010000000E+16   0.3137891904332E-19
  0.2610990000000E+16   0.9426768116357E-20
  0.2997900000000E+16   0.2228507931664E-20
