mstar = 2 Msun, Rstar = 2.5 Rsun, Tstar = 10000, mdisk = 0.0055815 Msun, Rc = 150 AU, Rin = 0.5 AU, Rout = 250 AU, inclination = 45 degree, powerlaw = -0.5 
         130
  
  0.2997900000000E+11   0.7234004203306E-23
  0.3951060000000E+11   0.1648089365200E-22
  0.5207280000000E+11   0.3750924708066E-22
  0.6862910000000E+11   0.8524190781138E-22
  0.9044930000000E+11   0.1933196397747E-21
  0.1192070000000E+12   0.4372053069433E-21
  0.1571080000000E+12   0.9850709017479E-21
  0.2070600000000E+12   0.2208336327626E-20
  0.2728930000000E+12   0.4917427666308E-20
  0.3596580000000E+12   0.1183354332099E-19
  0.4740100000000E+12   0.3397715820192E-19
  0.6247180000000E+12   0.9596136387476E-19
  0.8233440000000E+12   0.2645190270849E-18
  0.1085120000000E+13   0.7060694248316E-18
  0.1430130000000E+13   0.1798702159666E-17
  0.1884830000000E+13   0.4293199334438E-17
  0.2484100000000E+13   0.9334751596087E-17
  0.3273910000000E+13   0.1769306837017E-16
  0.4314820000000E+13   0.2771858933300E-16
  0.5686700000000E+13   0.3385868523822E-16
  0.7494750000000E+13   0.3225451212839E-16
  0.7682960000000E+13   0.3182788474536E-16
  0.7875890000000E+13   0.3136720783784E-16
  0.8073670000000E+13   0.3087384141088E-16
  0.8276410000000E+13   0.3035353427282E-16
  0.8484250000000E+13   0.2981534383949E-16
  0.8697300000000E+13   0.2929892350934E-16
  0.8915700000000E+13   0.2876242695495E-16
  0.9139590000000E+13   0.2826450136469E-16
  0.9369100000000E+13   0.2776078986462E-16
  0.9604380000000E+13   0.2727493015584E-16
  0.9845560000000E+13   0.2680666820221E-16
  0.1009280000000E+14   0.2632783616530E-16
  0.1034620000000E+14   0.2585993801739E-16
  0.1060610000000E+14   0.2537620855533E-16
  0.1087240000000E+14   0.2493537081092E-16
  0.1114540000000E+14   0.2448678959010E-16
  0.1142530000000E+14   0.2405468923014E-16
  0.1171220000000E+14   0.2363183391776E-16
  0.1200630000000E+14   0.2319599020250E-16
  0.1230780000000E+14   0.2276457587609E-16
  0.1261690000000E+14   0.2231367481330E-16
  0.1293370000000E+14   0.2191568160421E-16
  0.1325850000000E+14   0.2150353073205E-16
  0.1359150000000E+14   0.2110259222262E-16
  0.1393280000000E+14   0.2070239100560E-16
  0.1428260000000E+14   0.2030249308094E-16
  0.1464130000000E+14   0.1994731251390E-16
  0.1500900000000E+14   0.1956560534722E-16
  0.1538590000000E+14   0.1905879265409E-16
  0.1577220000000E+14   0.1853504412059E-16
  0.1616830000000E+14   0.1768514523327E-16
  0.1657430000000E+14   0.1667302052737E-16
  0.1699050000000E+14   0.1558870571019E-16
  0.1741720000000E+14   0.1426651109175E-16
  0.1785460000000E+14   0.1302505729215E-16
  0.1830290000000E+14   0.1172608558677E-16
  0.1876260000000E+14   0.1050836751692E-16
  0.1923370000000E+14   0.9423116188839E-17
  0.1971670000000E+14   0.8439218440534E-17
  0.2021180000000E+14   0.7584574273502E-17
  0.2071940000000E+14   0.6914308702492E-17
  0.2123970000000E+14   0.6300884624488E-17
  0.2177310000000E+14   0.6222111372312E-17
  0.2231980000000E+14   0.6130410899376E-17
  0.2288030000000E+14   0.6188522693370E-17
  0.2345490000000E+14   0.6280090620835E-17
  0.2404390000000E+14   0.6382546232492E-17
  0.2464770000000E+14   0.6523654477905E-17
  0.2526660000000E+14   0.6625591615245E-17
  0.2590110000000E+14   0.6746834468628E-17
  0.2655150000000E+14   0.6828838320718E-17
  0.2721830000000E+14   0.6980528920107E-17
  0.2790180000000E+14   0.7126888485208E-17
  0.2860240000000E+14   0.7198967445079E-17
  0.2932070000000E+14   0.7192440741798E-17
  0.3005700000000E+14   0.7156222703029E-17
  0.3081180000000E+14   0.6975092515816E-17
  0.3158550000000E+14   0.6800065534759E-17
  0.3237870000000E+14   0.6093909558540E-17
  0.3319170000000E+14   0.5272993058181E-17
  0.3402530000000E+14   0.4517437682009E-17
  0.3487970000000E+14   0.3821894094786E-17
  0.3575560000000E+14   0.3173576436948E-17
  0.3665350000000E+14   0.2592140230161E-17
  0.3757390000000E+14   0.2031347969627E-17
  0.3851740000000E+14   0.1690272670271E-17
  0.3948470000000E+14   0.1413115570959E-17
  0.4047620000000E+14   0.1235815930375E-17
  0.4149260000000E+14   0.1174067924003E-17
  0.4253460000000E+14   0.1122101264229E-17
  0.4360270000000E+14   0.1107368461700E-17
  0.4469770000000E+14   0.1094835129686E-17
  0.4582010000000E+14   0.1084712045450E-17
  0.4697070000000E+14   0.1076412885730E-17
  0.4815020000000E+14   0.1068562866891E-17
  0.4935940000000E+14   0.1061021435220E-17
  0.5059890000000E+14   0.1054804271306E-17
  0.5186950000000E+14   0.1050342326166E-17
  0.5317200000000E+14   0.1046632365212E-17
  0.5450730000000E+14   0.1045067320101E-17
  0.6258450000000E+14   0.1051282465479E-17
  0.7185870000000E+14   0.1067202890290E-17
  0.8250720000000E+14   0.1071582836912E-17
  0.9473370000000E+14   0.1059238280225E-17
  0.1087720000000E+15   0.1035329241322E-17
  0.1248910000000E+15   0.1009701565500E-17
  0.1433980000000E+15   0.9918996720669E-18
  0.1646470000000E+15   0.9917454377747E-18
  0.1890460000000E+15   0.1018788589945E-17
  0.2170600000000E+15   0.1075763178392E-17
  0.2492250000000E+15   0.1164764042691E-17
  0.2861570000000E+15   0.1284008772382E-17
  0.3285620000000E+15   0.1426360078641E-17
  0.3772500000000E+15   0.1579522979678E-17
  0.4331540000000E+15   0.1724754906461E-17
  0.4973410000000E+15   0.1837448246782E-17
  0.5710410000000E+15   0.1890602244962E-17
  0.6556610000000E+15   0.1860891671570E-17
  0.7528220000000E+15   0.1734895956800E-17
  0.8643800000000E+15   0.1517375272565E-17
  0.9924690000000E+15   0.1232080403036E-17
  0.1139540000000E+16   0.9144408409483E-18
  0.1308400000000E+16   0.6144253555206E-18
  0.1502290000000E+16   0.3669003536147E-18
  0.1724910000000E+16   0.1910523192553E-18
  0.1980520000000E+16   0.8476755707176E-19
  0.2274010000000E+16   0.3137583517851E-19
  0.2610990000000E+16   0.9425858775670E-20
  0.2997900000000E+16   0.2228296017536E-20
