mstar = 2 Msun, Rstar = 2.5 Rsun, Tstar = 10000, mdisk = 0.00043422 Msun, Rc = 150 AU, Rin = 0.5 AU, Rout = 250 AU, inclination = 45 degree, powerlaw = -0.5 
         130
  
  0.2997900000000E+11   0.7485931194404E-24
  0.3951060000000E+11   0.1693541186325E-23
  0.5207280000000E+11   0.3835630403475E-23
  0.6862910000000E+11   0.8690119680358E-23
  0.9044930000000E+11   0.1967992188351E-22
  0.1192070000000E+12   0.4451118003014E-22
  0.1571080000000E+12   0.1004524256829E-21
  0.2070600000000E+12   0.2259466649558E-21
  0.2728930000000E+12   0.5058148099396E-21
  0.3596580000000E+12   0.1226658529633E-20
  0.4740100000000E+12   0.3562872090411E-20
  0.6247180000000E+12   0.1023634999749E-19
  0.8233440000000E+12   0.2892898706351E-19
  0.1085120000000E+13   0.8008182211548E-19
  0.1430130000000E+13   0.2152672884610E-18
  0.1884830000000E+13   0.5568464825388E-18
  0.2484100000000E+13   0.1367965214820E-17
  0.3273910000000E+13   0.3122131090994E-17
  0.4314820000000E+13   0.6465366513683E-17
  0.5686700000000E+13   0.1165480608770E-16
  0.7494750000000E+13   0.1728721353084E-16
  0.7682960000000E+13   0.1770648813304E-16
  0.7875890000000E+13   0.1808994992462E-16
  0.8073670000000E+13   0.1843100545983E-16
  0.8276410000000E+13   0.1872861128937E-16
  0.8484250000000E+13   0.1898657740166E-16
  0.8697300000000E+13   0.1924463144045E-16
  0.8915700000000E+13   0.1944981247404E-16
  0.9139590000000E+13   0.1966471639301E-16
  0.9369100000000E+13   0.1983453277378E-16
  0.9604380000000E+13   0.1998276950957E-16
  0.9845560000000E+13   0.2010608128356E-16
  0.1009280000000E+14   0.2017149185686E-16
  0.1034620000000E+14   0.2020157378510E-16
  0.1060610000000E+14   0.2016785436130E-16
  0.1087240000000E+14   0.2013163502187E-16
  0.1114540000000E+14   0.2004047468193E-16
  0.1142530000000E+14   0.1992009870371E-16
  0.1171220000000E+14   0.1976410442101E-16
  0.1200630000000E+14   0.1955313562089E-16
  0.1230780000000E+14   0.1930639001754E-16
  0.1261690000000E+14   0.1900493171303E-16
  0.1293370000000E+14   0.1871559814890E-16
  0.1325850000000E+14   0.1838126975855E-16
  0.1359150000000E+14   0.1802693375451E-16
  0.1393280000000E+14   0.1764689144083E-16
  0.1428260000000E+14   0.1724432654731E-16
  0.1464130000000E+14   0.1685616636351E-16
  0.1500900000000E+14   0.1643135675860E-16
  0.1538590000000E+14   0.1590488886359E-16
  0.1577220000000E+14   0.1536188456512E-16
  0.1616830000000E+14   0.1459274270918E-16
  0.1657430000000E+14   0.1372010971519E-16
  0.1699050000000E+14   0.1280877840367E-16
  0.1741720000000E+14   0.1174620313717E-16
  0.1785460000000E+14   0.1074973482685E-16
  0.1830290000000E+14   0.9722772102630E-17
  0.1876260000000E+14   0.8759030978905E-17
  0.1923370000000E+14   0.7893842288820E-17
  0.1971670000000E+14   0.7105151505262E-17
  0.2021180000000E+14   0.6413500465791E-17
  0.2071940000000E+14   0.5860868727841E-17
  0.2123970000000E+14   0.5354415131469E-17
  0.2177310000000E+14   0.5246051262098E-17
  0.2231980000000E+14   0.5125033205345E-17
  0.2288030000000E+14   0.5105420619204E-17
  0.2345490000000E+14   0.5104617369402E-17
  0.2404390000000E+14   0.5110576408317E-17
  0.2464770000000E+14   0.5144888456895E-17
  0.2526660000000E+14   0.5160360420485E-17
  0.2590110000000E+14   0.5197636112640E-17
  0.2655150000000E+14   0.5219774141308E-17
  0.2721830000000E+14   0.5300095662821E-17
  0.2790180000000E+14   0.5389170261971E-17
  0.2860240000000E+14   0.5437963596573E-17
  0.2932070000000E+14   0.5440243838117E-17
  0.3005700000000E+14   0.5427958186696E-17
  0.3081180000000E+14   0.5315925189052E-17
  0.3158550000000E+14   0.5210762901337E-17
  0.3237870000000E+14   0.4717699149790E-17
  0.3319170000000E+14   0.4138323159637E-17
  0.3402530000000E+14   0.3604069352496E-17
  0.3487970000000E+14   0.3111109189682E-17
  0.3575560000000E+14   0.2649167747324E-17
  0.3665350000000E+14   0.2231534282195E-17
  0.3757390000000E+14   0.1820823203690E-17
  0.3851740000000E+14   0.1560558952606E-17
  0.3948470000000E+14   0.1327220634788E-17
  0.4047620000000E+14   0.1151921313718E-17
  0.4149260000000E+14   0.1086921140810E-17
  0.4253460000000E+14   0.1027921460837E-17
  0.4360270000000E+14   0.1015444754199E-17
  0.4469770000000E+14   0.1004411170960E-17
  0.4582010000000E+14   0.9952802200984E-18
  0.4697070000000E+14   0.9873734514211E-18
  0.4815020000000E+14   0.9788479591518E-18
  0.4935940000000E+14   0.9695859720866E-18
  0.5059890000000E+14   0.9612039946228E-18
  0.5186950000000E+14   0.9545628542964E-18
  0.5317200000000E+14   0.9482830517882E-18
  0.5450730000000E+14   0.9447120930475E-18
  0.6258450000000E+14   0.9423898586001E-18
  0.7185870000000E+14   0.9555262695565E-18
  0.8250720000000E+14   0.9604119441810E-18
  0.9473370000000E+14   0.9539316977305E-18
  0.1087720000000E+15   0.9429465767494E-18
  0.1248910000000E+15   0.9360305555267E-18
  0.1433980000000E+15   0.9398815776115E-18
  0.1646470000000E+15   0.9610000316113E-18
  0.1890460000000E+15   0.1005879271811E-17
  0.2170600000000E+15   0.1075524748029E-17
  0.2492250000000E+15   0.1171594565547E-17
  0.2861570000000E+15   0.1293394330481E-17
  0.3285620000000E+15   0.1435379318377E-17
  0.3772500000000E+15   0.1586660370357E-17
  0.4331540000000E+15   0.1729728629086E-17
  0.4973410000000E+15   0.1840971326133E-17
  0.5710410000000E+15   0.1893815561835E-17
  0.6556610000000E+15   0.1864826676702E-17
  0.7528220000000E+15   0.1740529246808E-17
  0.8643800000000E+15   0.1524202600625E-17
  0.9924690000000E+15   0.1238341373905E-17
  0.1139540000000E+16   0.9208640349305E-18
  0.1308400000000E+16   0.6184725355922E-18
  0.1502290000000E+16   0.3688963010600E-18
  0.1724910000000E+16   0.1918308779919E-18
  0.1980520000000E+16   0.8513216364545E-19
  0.2274010000000E+16   0.3150766770636E-19
  0.2610990000000E+16   0.9464730825471E-20
  0.2997900000000E+16   0.2237354559815E-20
