mstar = 2 Msun, Rstar = 2.5 Rsun, Tstar = 10000, mdisk = 0.0091253 Msun, Rc = 150 AU, Rin = 0.5 AU, Rout = 250 AU, inclination = 45 degree, powerlaw = -0.5 
         130
  
  0.2997900000000E+11   0.1126189954246E-22
  0.3951060000000E+11   0.2566004741321E-22
  0.5207280000000E+11   0.5839740140526E-22
  0.6862910000000E+11   0.1326842723892E-21
  0.9044930000000E+11   0.3008005405358E-21
  0.1192070000000E+12   0.6798862268765E-21
  0.1571080000000E+12   0.1530585090885E-20
  0.2070600000000E+12   0.3427324777711E-20
  0.2728930000000E+12   0.7619857504312E-20
  0.3596580000000E+12   0.1829562689363E-19
  0.4740100000000E+12   0.5234343322566E-19
  0.6247180000000E+12   0.1470406115487E-18
  0.8233440000000E+12   0.4020222791530E-18
  0.1085120000000E+13   0.1059648760443E-17
  0.1430130000000E+13   0.2646730640088E-17
  0.1884830000000E+13   0.6124200750329E-17
  0.2484100000000E+13   0.1268541715185E-16
  0.3273910000000E+13   0.2235769410188E-16
  0.4314820000000E+13   0.3175662089155E-16
  0.5686700000000E+13   0.3523924555518E-16
  0.7494750000000E+13   0.3254346702996E-16
  0.7682960000000E+13   0.3215628802957E-16
  0.7875890000000E+13   0.3174882104690E-16
  0.8073670000000E+13   0.3131874659383E-16
  0.8276410000000E+13   0.3086858852450E-16
  0.8484250000000E+13   0.3040491395220E-16
  0.8697300000000E+13   0.2996882284659E-16
  0.8915700000000E+13   0.2951111531092E-16
  0.9139590000000E+13   0.2909479175213E-16
  0.9369100000000E+13   0.2866808231429E-16
  0.9604380000000E+13   0.2825550506077E-16
  0.9845560000000E+13   0.2785520284931E-16
  0.1009280000000E+14   0.2743485119897E-16
  0.1034620000000E+14   0.2701773085301E-16
  0.1060610000000E+14   0.2657427164764E-16
  0.1087240000000E+14   0.2616883058024E-16
  0.1114540000000E+14   0.2574626391548E-16
  0.1142530000000E+14   0.2533345471694E-16
  0.1171220000000E+14   0.2492310759135E-16
  0.1200630000000E+14   0.2449201484373E-16
  0.1230780000000E+14   0.2405977098363E-16
  0.1261690000000E+14   0.2360162870731E-16
  0.1293370000000E+14   0.2319557842048E-16
  0.1325850000000E+14   0.2277064014335E-16
  0.1359150000000E+14   0.2235450552866E-16
  0.1393280000000E+14   0.2193654788372E-16
  0.1428260000000E+14   0.2151682932123E-16
  0.1464130000000E+14   0.2114281158457E-16
  0.1500900000000E+14   0.2073924779946E-16
  0.1538590000000E+14   0.2020213438939E-16
  0.1577220000000E+14   0.1964632007966E-16
  0.1616830000000E+14   0.1874458321563E-16
  0.1657430000000E+14   0.1767058266646E-16
  0.1699050000000E+14   0.1651972981312E-16
  0.1741720000000E+14   0.1511653257275E-16
  0.1785460000000E+14   0.1379865376167E-16
  0.1830290000000E+14   0.1241980018281E-16
  0.1876260000000E+14   0.1112708615819E-16
  0.1923370000000E+14   0.9974733997132E-17
  0.1971670000000E+14   0.8929956561438E-17
  0.2021180000000E+14   0.8022199311814E-17
  0.2071940000000E+14   0.7309707272406E-17
  0.2123970000000E+14   0.6657581239898E-17
  0.2177310000000E+14   0.6571606745884E-17
  0.2231980000000E+14   0.6471591078318E-17
  0.2288030000000E+14   0.6529484083987E-17
  0.2345490000000E+14   0.6622287766321E-17
  0.2404390000000E+14   0.6726443372512E-17
  0.2464770000000E+14   0.6871191294964E-17
  0.2526660000000E+14   0.6974677932713E-17
  0.2590110000000E+14   0.7098479560275E-17
  0.2655150000000E+14   0.7181060756246E-17
  0.2721830000000E+14   0.7337295022221E-17
  0.2790180000000E+14   0.7487814334339E-17
  0.2860240000000E+14   0.7559662063537E-17
  0.2932070000000E+14   0.7548363960771E-17
  0.3005700000000E+14   0.7505544738095E-17
  0.3081180000000E+14   0.7309698151881E-17
  0.3158550000000E+14   0.7120247665853E-17
  0.3237870000000E+14   0.6371665703035E-17
  0.3319170000000E+14   0.5503367595341E-17
  0.3402530000000E+14   0.4705276939540E-17
  0.3487970000000E+14   0.3972225558452E-17
  0.3575560000000E+14   0.3289997535465E-17
  0.3665350000000E+14   0.2678861260681E-17
  0.3757390000000E+14   0.2092008068166E-17
  0.3851740000000E+14   0.1737020418987E-17
  0.3948470000000E+14   0.1450252254563E-17
  0.4047620000000E+14   0.1267224067794E-17
  0.4149260000000E+14   0.1202758862881E-17
  0.4253460000000E+14   0.1148688754078E-17
  0.4360270000000E+14   0.1132405887278E-17
  0.4469770000000E+14   0.1118541404826E-17
  0.4582010000000E+14   0.1107290926590E-17
  0.4697070000000E+14   0.1098057276627E-17
  0.4815020000000E+14   0.1089461855344E-17
  0.4935940000000E+14   0.1081359516036E-17
  0.5059890000000E+14   0.1074743197737E-17
  0.5186950000000E+14   0.1070017769566E-17
  0.5317200000000E+14   0.1066176962199E-17
  0.5450730000000E+14   0.1064569054957E-17
  0.6258450000000E+14   0.1071772274605E-17
  0.7185870000000E+14   0.1089415845183E-17
  0.8250720000000E+14   0.1095073360759E-17
  0.9473370000000E+14   0.1082585170966E-17
  0.1087720000000E+15   0.1056430850993E-17
  0.1248910000000E+15   0.1026360845479E-17
  0.1433980000000E+15   0.1002461497705E-17
  0.1646470000000E+15   0.9956785594441E-18
  0.1890460000000E+15   0.1016930166519E-17
  0.2170600000000E+15   0.1069962570526E-17
  0.2492250000000E+15   0.1157190698310E-17
  0.2861570000000E+15   0.1276490750394E-17
  0.3285620000000E+15   0.1420204752177E-17
  0.3772500000000E+15   0.1575360891514E-17
  0.4331540000000E+15   0.1722387064515E-17
  0.4973410000000E+15   0.1836109231561E-17
  0.5710410000000E+15   0.1889521304592E-17
  0.6556610000000E+15   0.1859579380136E-17
  0.7528220000000E+15   0.1733003380084E-17
  0.8643800000000E+15   0.1515078114235E-17
  0.9924690000000E+15   0.1229973998761E-17
  0.1139540000000E+16   0.9122825724990E-18
  0.1308400000000E+16   0.6130650561667E-18
  0.1502290000000E+16   0.3662289827244E-18
  0.1724910000000E+16   0.1907901996092E-18
  0.1980520000000E+16   0.8464482240574E-19
  0.2274010000000E+16   0.3133145448032E-19
  0.2610990000000E+16   0.9412772035188E-20
  0.2997900000000E+16   0.2225246231549E-20
