mstar = 2 Msun, Rstar = 2.5 Rsun, Tstar = 10000, mdisk = 0.0020008 Msun, Rc = 150 AU, Rin = 0.5 AU, Rout = 250 AU, inclination = 45 degree, powerlaw = -0.5 
         130
  
  0.2997900000000E+11   0.2878278710750E-23
  0.3951060000000E+11   0.6551008727131E-23
  0.5207280000000E+11   0.1490176954240E-22
  0.6862910000000E+11   0.3386159777070E-22
  0.9044930000000E+11   0.7681846775179E-22
  0.1192070000000E+12   0.1738614054391E-21
  0.1571080000000E+12   0.3922237088710E-21
  0.2070600000000E+12   0.8809411831878E-21
  0.2728930000000E+12   0.1966849225679E-20
  0.3596580000000E+12   0.4750895199923E-20
  0.4740100000000E+12   0.1371822734841E-19
  0.6247180000000E+12   0.3906553144114E-19
  0.8233440000000E+12   0.1090002899299E-18
  0.1085120000000E+13   0.2962670715917E-18
  0.1430130000000E+13   0.7757312748568E-18
  0.1884830000000E+13   0.1931437847655E-17
  0.2484100000000E+13   0.4485259999664E-17
  0.3273910000000E+13   0.9414043367619E-17
  0.4314820000000E+13   0.1718606848195E-16
  0.5686700000000E+13   0.2570154300412E-16
  0.7494750000000E+13   0.2954112230683E-16
  0.7682960000000E+13   0.2949805038386E-16
  0.7875890000000E+13   0.2937936812066E-16
  0.8073670000000E+13   0.2918407016268E-16
  0.8276410000000E+13   0.2891766703960E-16
  0.8484250000000E+13   0.2859029803277E-16
  0.8697300000000E+13   0.2824520804206E-16
  0.8915700000000E+13   0.2783700485392E-16
  0.9139590000000E+13   0.2742813648650E-16
  0.9369100000000E+13   0.2697416394643E-16
  0.9604380000000E+13   0.2650144951243E-16
  0.9845560000000E+13   0.2601246678357E-16
  0.1009280000000E+14   0.2548566677875E-16
  0.1034620000000E+14   0.2494566809225E-16
  0.1060610000000E+14   0.2437422808523E-16
  0.1087240000000E+14   0.2382629572651E-16
  0.1114540000000E+14   0.2326335168392E-16
  0.1142530000000E+14   0.2270993983969E-16
  0.1171220000000E+14   0.2216411235226E-16
  0.1200630000000E+14   0.2161163383175E-16
  0.1230780000000E+14   0.2106962221406E-16
  0.1261690000000E+14   0.2052138247321E-16
  0.1293370000000E+14   0.2002682541421E-16
  0.1325850000000E+14   0.1953361193667E-16
  0.1359150000000E+14   0.1906303338189E-16
  0.1393280000000E+14   0.1860707832205E-16
  0.1428260000000E+14   0.1816532900667E-16
  0.1464130000000E+14   0.1777416590320E-16
  0.1500900000000E+14   0.1737409912878E-16
  0.1538590000000E+14   0.1688056795800E-16
  0.1577220000000E+14   0.1638221180452E-16
  0.1616830000000E+14   0.1561431246339E-16
  0.1657430000000E+14   0.1471307698984E-16
  0.1699050000000E+14   0.1375402218217E-16
  0.1741720000000E+14   0.1259538119971E-16
  0.1785460000000E+14   0.1150874469497E-16
  0.1830290000000E+14   0.1037671616215E-16
  0.1876260000000E+14   0.9317177239650E-17
  0.1923370000000E+14   0.8372905120041E-17
  0.1971670000000E+14   0.7517088612382E-17
  0.2021180000000E+14   0.6772617936739E-17
  0.2071940000000E+14   0.6184622257109E-17
  0.2123970000000E+14   0.5646327836169E-17
  0.2177310000000E+14   0.5557866134320E-17
  0.2231980000000E+14   0.5463844015390E-17
  0.2288030000000E+14   0.5502784857641E-17
  0.2345490000000E+14   0.5576775381921E-17
  0.2404390000000E+14   0.5665865463015E-17
  0.2464770000000E+14   0.5793433398226E-17
  0.2526660000000E+14   0.5890289403917E-17
  0.2590110000000E+14   0.6007076703897E-17
  0.2655150000000E+14   0.6091179749837E-17
  0.2721830000000E+14   0.6239343252855E-17
  0.2790180000000E+14   0.6384505423744E-17
  0.2860240000000E+14   0.6464087899814E-17
  0.2932070000000E+14   0.6473545939614E-17
  0.3005700000000E+14   0.6456568869427E-17
  0.3081180000000E+14   0.6308227360994E-17
  0.3158550000000E+14   0.6165084710359E-17
  0.3237870000000E+14   0.5538042778846E-17
  0.3319170000000E+14   0.4805148359021E-17
  0.3402530000000E+14   0.4130255270201E-17
  0.3487970000000E+14   0.3508416355693E-17
  0.3575560000000E+14   0.2927740226027E-17
  0.3665350000000E+14   0.2406338785303E-17
  0.3757390000000E+14   0.1903265014421E-17
  0.3851740000000E+14   0.1598520269333E-17
  0.3948470000000E+14   0.1349398083838E-17
  0.4047620000000E+14   0.1188347106905E-17
  0.4149260000000E+14   0.1132451270922E-17
  0.4253460000000E+14   0.1084770536771E-17
  0.4360270000000E+14   0.1071978387329E-17
  0.4469770000000E+14   0.1061053855747E-17
  0.4582010000000E+14   0.1052211626672E-17
  0.4697070000000E+14   0.1044895593240E-17
  0.4815020000000E+14   0.1037749769163E-17
  0.4935940000000E+14   0.1030623811951E-17
  0.5059890000000E+14   0.1024545695017E-17
  0.5186950000000E+14   0.1019992320159E-17
  0.5317200000000E+14   0.1015973017526E-17
  0.5450730000000E+14   0.1013967047923E-17
  0.6258450000000E+14   0.1016117805812E-17
  0.7185870000000E+14   0.1027685934753E-17
  0.8250720000000E+14   0.1029005943043E-17
  0.9473370000000E+14   0.1016202940339E-17
  0.1087720000000E+15   0.9952986282989E-18
  0.1248910000000E+15   0.9759240330753E-18
  0.1433980000000E+15   0.9666655849864E-18
  0.1646470000000E+15   0.9760191378058E-18
  0.1890460000000E+15   0.1012077868271E-17
  0.2170600000000E+15   0.1076313043748E-17
  0.2492250000000E+15   0.1169773006035E-17
  0.2861570000000E+15   0.1290597415896E-17
  0.3285620000000E+15   0.1432494902842E-17
  0.3772500000000E+15   0.1584249487490E-17
  0.4331540000000E+15   0.1727956043718E-17
  0.4973410000000E+15   0.1839584692618E-17
  0.5710410000000E+15   0.1892418501942E-17
  0.6556610000000E+15   0.1863052126364E-17
  0.7528220000000E+15   0.1737975518216E-17
  0.8643800000000E+15   0.1521106853449E-17
  0.9924690000000E+15   0.1235502212676E-17
  0.1139540000000E+16   0.9179498195410E-18
  0.1308400000000E+16   0.6166365434751E-18
  0.1502290000000E+16   0.3679911270902E-18
  0.1724910000000E+16   0.1914779280564E-18
  0.1980520000000E+16   0.8496686360936E-19
  0.2274010000000E+16   0.3144790100734E-19
  0.2610990000000E+16   0.9447108429994E-20
  0.2997900000000E+16   0.2233247993203E-20
