mstar = 2 Msun, Rstar = 2.5 Rsun, Tstar = 10000, mdisk = 0.0087806 Msun, Rc = 150 AU, Rin = 0.5 AU, Rout = 250 AU, inclination = 45 degree, powerlaw = -0.5 
         130
  
  0.2997900000000E+11   0.1088492784749E-22
  0.3951060000000E+11   0.2480114661336E-22
  0.5207280000000E+11   0.5644341655008E-22
  0.6862910000000E+11   0.1282478808374E-21
  0.9044930000000E+11   0.2907547093854E-21
  0.1192070000000E+12   0.6572182598956E-21
  0.1571080000000E+12   0.1479674165128E-20
  0.2070600000000E+12   0.3313691588843E-20
  0.2728930000000E+12   0.7368327856038E-20
  0.3596580000000E+12   0.1769551013984E-19
  0.4740100000000E+12   0.5064399467982E-19
  0.6247180000000E+12   0.1423400766560E-18
  0.8233440000000E+12   0.3894771569874E-18
  0.1085120000000E+13   0.1027825063117E-17
  0.1430130000000E+13   0.2572103000663E-17
  0.1884830000000E+13   0.5969198744638E-17
  0.2484100000000E+13   0.1242115883153E-16
  0.3273910000000E+13   0.2203935162821E-16
  0.4314820000000E+13   0.3157479719943E-16
  0.5686700000000E+13   0.3529653684390E-16
  0.7494750000000E+13   0.3263005202635E-16
  0.7682960000000E+13   0.3223509916807E-16
  0.7875890000000E+13   0.3181919930236E-16
  0.8073670000000E+13   0.3138030077611E-16
  0.8276410000000E+13   0.3092115678877E-16
  0.8484250000000E+13   0.3044847437900E-16
  0.8697300000000E+13   0.3000318610482E-16
  0.8915700000000E+13   0.2953662465502E-16
  0.9139590000000E+13   0.2911138807351E-16
  0.9369100000000E+13   0.2867620345159E-16
  0.9604380000000E+13   0.2825546878279E-16
  0.9845560000000E+13   0.2784741971537E-16
  0.1009280000000E+14   0.2741997613203E-16
  0.1034620000000E+14   0.2699624828896E-16
  0.1060610000000E+14   0.2654683589931E-16
  0.1087240000000E+14   0.2613567768365E-16
  0.1114540000000E+14   0.2570794103475E-16
  0.1142530000000E+14   0.2529032453962E-16
  0.1171220000000E+14   0.2487555499911E-16
  0.1200630000000E+14   0.2444057035126E-16
  0.1230780000000E+14   0.2400482594695E-16
  0.1261690000000E+14   0.2354367147322E-16
  0.1293370000000E+14   0.2313463014048E-16
  0.1325850000000E+14   0.2270715846816E-16
  0.1359150000000E+14   0.2228874551351E-16
  0.1393280000000E+14   0.2186881517202E-16
  0.1428260000000E+14   0.2144741232139E-16
  0.1464130000000E+14   0.2107169982778E-16
  0.1500900000000E+14   0.2066698805469E-16
  0.1538590000000E+14   0.2012986875193E-16
  0.1577220000000E+14   0.1957445632097E-16
  0.1616830000000E+14   0.1867565100192E-16
  0.1657430000000E+14   0.1760600591731E-16
  0.1699050000000E+14   0.1646029630752E-16
  0.1741720000000E+14   0.1506426524617E-16
  0.1785460000000E+14   0.1375315990089E-16
  0.1830290000000E+14   0.1238157944591E-16
  0.1876260000000E+14   0.1109569815450E-16
  0.1923370000000E+14   0.9949349050571E-17
  0.1971670000000E+14   0.8909935107190E-17
  0.2021180000000E+14   0.8006799461166E-17
  0.2071940000000E+14   0.7297760066493E-17
  0.2123970000000E+14   0.6648676488915E-17
  0.2177310000000E+14   0.6562616218809E-17
  0.2231980000000E+14   0.6462609211383E-17
  0.2288030000000E+14   0.6519684422460E-17
  0.2345490000000E+14   0.6611502108045E-17
  0.2404390000000E+14   0.6714875801306E-17
  0.2464770000000E+14   0.6858656301874E-17
  0.2526660000000E+14   0.6961465550757E-17
  0.2590110000000E+14   0.7084594969138E-17
  0.2655150000000E+14   0.7166710540209E-17
  0.2721830000000E+14   0.7322191460452E-17
  0.2790180000000E+14   0.7471998361220E-17
  0.2860240000000E+14   0.7543586233579E-17
  0.2932070000000E+14   0.7532484766828E-17
  0.3005700000000E+14   0.7489957352140E-17
  0.3081180000000E+14   0.7295358681026E-17
  0.3158550000000E+14   0.7107108084974E-17
  0.3237870000000E+14   0.6362687277639E-17
  0.3319170000000E+14   0.5498196296789E-17
  0.3402530000000E+14   0.4702849891561E-17
  0.3487970000000E+14   0.3971616527252E-17
  0.3575560000000E+14   0.3290583834738E-17
  0.3665350000000E+14   0.2680306858972E-17
  0.3757390000000E+14   0.2093208840050E-17
  0.3851740000000E+14   0.1735808970558E-17
  0.3948470000000E+14   0.1445831670121E-17
  0.4047620000000E+14   0.1260492301179E-17
  0.4149260000000E+14   0.1195199205158E-17
  0.4253460000000E+14   0.1140445465180E-17
  0.4360270000000E+14   0.1123992842598E-17
  0.4469770000000E+14   0.1109997340213E-17
  0.4582010000000E+14   0.1098662068364E-17
  0.4697070000000E+14   0.1089380987028E-17
  0.4815020000000E+14   0.1080759203732E-17
  0.4935940000000E+14   0.1072649294780E-17
  0.5059890000000E+14   0.1066052003663E-17
  0.5186950000000E+14   0.1061383073962E-17
  0.5317200000000E+14   0.1057621753441E-17
  0.5450730000000E+14   0.1056129560547E-17
  0.6258450000000E+14   0.1064318660692E-17
  0.7185870000000E+14   0.1083305509002E-17
  0.8250720000000E+14   0.1090386350913E-17
  0.9473370000000E+14   0.1079277404980E-17
  0.1087720000000E+15   0.1054442792865E-17
  0.1248910000000E+15   0.1025608567280E-17
  0.1433980000000E+15   0.1002784120667E-17
  0.1646470000000E+15   0.9968071946299E-18
  0.1890460000000E+15   0.1018523799449E-17
  0.2170600000000E+15   0.1071688830665E-17
  0.2492250000000E+15   0.1158804370109E-17
  0.2861570000000E+15   0.1277839091612E-17
  0.3285620000000E+15   0.1421192559687E-17
  0.3772500000000E+15   0.1575975998152E-17
  0.4331540000000E+15   0.1722715349556E-17
  0.4973410000000E+15   0.1836282646152E-17
  0.5710410000000E+15   0.1889647100198E-17
  0.6556610000000E+15   0.1859720287461E-17
  0.7528220000000E+15   0.1733200886717E-17
  0.8643800000000E+15   0.1515316417095E-17
  0.9924690000000E+15   0.1230192332828E-17
  0.1139540000000E+16   0.9125061954795E-18
  0.1308400000000E+16   0.6132060077734E-18
  0.1502290000000E+16   0.3662985608420E-18
  0.1724910000000E+16   0.1908173701938E-18
  0.1980520000000E+16   0.8465754430209E-19
  0.2274010000000E+16   0.3133605477076E-19
  0.2610990000000E+16   0.9414128559868E-20
  0.2997900000000E+16   0.2225562364248E-20
