mstar = 2 Msun, Rstar = 2.5 Rsun, Tstar = 10000, mdisk = 0.0052819 Msun, Rc = 150 AU, Rin = 0.5 AU, Rout = 250 AU, inclination = 45 degree, powerlaw = -0.5 
         130
  
  0.2997900000000E+11   0.6875582055965E-23
  0.3951060000000E+11   0.1566387251824E-22
  0.5207280000000E+11   0.3564938260013E-22
  0.6862910000000E+11   0.8101574265073E-22
  0.9044930000000E+11   0.1837394386450E-21
  0.1192070000000E+12   0.4155568262524E-21
  0.1571080000000E+12   0.9363561397293E-21
  0.2070600000000E+12   0.2099325319787E-20
  0.2728930000000E+12   0.4675298918770E-20
  0.3596580000000E+12   0.1125299785548E-19
  0.4740100000000E+12   0.3232002293636E-19
  0.6247180000000E+12   0.9132287504212E-19
  0.8233440000000E+12   0.2519085680977E-18
  0.1085120000000E+13   0.6731382934719E-18
  0.1430130000000E+13   0.1717749487271E-17
  0.1884830000000E+13   0.4111191382289E-17
  0.2484100000000E+13   0.8978126947470E-17
  0.3273910000000E+13   0.1713390774901E-16
  0.4314820000000E+13   0.2711276300351E-16
  0.5686700000000E+13   0.3351720257138E-16
  0.7494750000000E+13   0.3218715583355E-16
  0.7682960000000E+13   0.3177059975702E-16
  0.7875890000000E+13   0.3131740012257E-16
  0.8073670000000E+13   0.3082916915296E-16
  0.8276410000000E+13   0.3031193925037E-16
  0.8484250000000E+13   0.2977501843361E-16
  0.8697300000000E+13   0.2925795460252E-16
  0.8915700000000E+13   0.2871962545630E-16
  0.9139590000000E+13   0.2821830368457E-16
  0.9369100000000E+13   0.2771045203716E-16
  0.9604380000000E+13   0.2721972045352E-16
  0.9845560000000E+13   0.2674614604543E-16
  0.1009280000000E+14   0.2626218941870E-16
  0.1034620000000E+14   0.2578929745967E-16
  0.1060610000000E+14   0.2530119675797E-16
  0.1087240000000E+14   0.2485604573319E-16
  0.1114540000000E+14   0.2440389505977E-16
  0.1142530000000E+14   0.2396873141928E-16
  0.1171220000000E+14   0.2354345296210E-16
  0.1200630000000E+14   0.2310597946127E-16
  0.1230780000000E+14   0.2267352045998E-16
  0.1261690000000E+14   0.2222230346130E-16
  0.1293370000000E+14   0.2182414078928E-16
  0.1325850000000E+14   0.2141240647577E-16
  0.1359150000000E+14   0.2101224351697E-16
  0.1393280000000E+14   0.2061314201144E-16
  0.1428260000000E+14   0.2021466672813E-16
  0.1464130000000E+14   0.1986096995598E-16
  0.1500900000000E+14   0.1948109552054E-16
  0.1538590000000E+14   0.1897677320203E-16
  0.1577220000000E+14   0.1845566927205E-16
  0.1616830000000E+14   0.1760958337229E-16
  0.1657430000000E+14   0.1660174911436E-16
  0.1699050000000E+14   0.1552186399135E-16
  0.1741720000000E+14   0.1420481946144E-16
  0.1785460000000E+14   0.1296826583666E-16
  0.1830290000000E+14   0.1167444763652E-16
  0.1876260000000E+14   0.1046171793568E-16
  0.1923370000000E+14   0.9380923376144E-17
  0.1971670000000E+14   0.8401126324275E-17
  0.2021180000000E+14   0.7550098730232E-17
  0.2071940000000E+14   0.6882542348583E-17
  0.2123970000000E+14   0.6271589884138E-17
  0.2177310000000E+14   0.6192255396365E-17
  0.2231980000000E+14   0.6100295107293E-17
  0.2288030000000E+14   0.6157690582145E-17
  0.2345490000000E+14   0.6248663911983E-17
  0.2404390000000E+14   0.6350817215890E-17
  0.2464770000000E+14   0.6491485360940E-17
  0.2526660000000E+14   0.6593263406269E-17
  0.2590110000000E+14   0.6714373642936E-17
  0.2655150000000E+14   0.6796496717999E-17
  0.2721830000000E+14   0.6948223375873E-17
  0.2790180000000E+14   0.7094674436008E-17
  0.2860240000000E+14   0.7166862297143E-17
  0.2932070000000E+14   0.7160606952268E-17
  0.3005700000000E+14   0.7124579856910E-17
  0.3081180000000E+14   0.6943733331374E-17
  0.3158550000000E+14   0.6768933881601E-17
  0.3237870000000E+14   0.6063993150554E-17
  0.3319170000000E+14   0.5245167016985E-17
  0.3402530000000E+14   0.4492288682290E-17
  0.3487970000000E+14   0.3800357630488E-17
  0.3575560000000E+14   0.3156015609977E-17
  0.3665350000000E+14   0.2578521460310E-17
  0.3757390000000E+14   0.2022493100260E-17
  0.3851740000000E+14   0.1685313151181E-17
  0.3948470000000E+14   0.1411621093105E-17
  0.4047620000000E+14   0.1236284251654E-17
  0.4149260000000E+14   0.1175292271018E-17
  0.4253460000000E+14   0.1123899619722E-17
  0.4360270000000E+14   0.1109586795667E-17
  0.4469770000000E+14   0.1097451249677E-17
  0.4582010000000E+14   0.1087701786974E-17
  0.4697070000000E+14   0.1079751693489E-17
  0.4815020000000E+14   0.1072219489472E-17
  0.4935940000000E+14   0.1064960919162E-17
  0.5059890000000E+14   0.1058991807080E-17
  0.5186950000000E+14   0.1054749930075E-17
  0.5317200000000E+14   0.1051229438390E-17
  0.5450730000000E+14   0.1049835370204E-17
  0.6258450000000E+14   0.1056587254750E-17
  0.7185870000000E+14   0.1072389419656E-17
  0.8250720000000E+14   0.1076034942095E-17
  0.9473370000000E+14   0.1062558526679E-17
  0.1087720000000E+15   0.1037373801142E-17
  0.1248910000000E+15   0.1010548243712E-17
  0.1433980000000E+15   0.9918138535765E-18
  0.1646470000000E+15   0.9911260327096E-18
  0.1890460000000E+15   0.1018061211279E-17
  0.2170600000000E+15   0.1075253325490E-17
  0.2492250000000E+15   0.1164600912645E-17
  0.2861570000000E+15   0.1284138969923E-17
  0.3285620000000E+15   0.1426637803789E-17
  0.3772500000000E+15   0.1579804615180E-17
  0.4331540000000E+15   0.1724970572258E-17
  0.4973410000000E+15   0.1837611281693E-17
  0.5710410000000E+15   0.1890765589994E-17
  0.6556610000000E+15   0.1861104482877E-17
  0.7528220000000E+15   0.1735206426231E-17
  0.8643800000000E+15   0.1517752511986E-17
  0.9924690000000E+15   0.1232426357321E-17
  0.1139540000000E+16   0.9147954459791E-18
  0.1308400000000E+16   0.6146488343128E-18
  0.1502290000000E+16   0.3670106260655E-18
  0.1724910000000E+16   0.1910953608338E-18
  0.1980520000000E+16   0.8478771171317E-19
  0.2274010000000E+16   0.3138312292916E-19
  0.2610990000000E+16   0.9428007715521E-20
  0.2997900000000E+16   0.2228796809259E-20
