mstar = 2 Msun, Rstar = 2.5 Rsun, Tstar = 10000, mdisk = 0.00066946 Msun, Rc = 150 AU, Rin = 0.5 AU, Rout = 250 AU, inclination = 45 degree, powerlaw = -0.5 
         130
  
  0.2997900000000E+11   0.1087922876928E-23
  0.3951060000000E+11   0.2467670766464E-23
  0.5207280000000E+11   0.5599751462824E-23
  0.6862910000000E+11   0.1270442936233E-22
  0.9044930000000E+11   0.2879700710018E-22
  0.1192070000000E+12   0.6516458151066E-22
  0.1571080000000E+12   0.1470820111504E-21
  0.2070600000000E+12   0.3307514056258E-21
  0.2728930000000E+12   0.7399689336931E-21
  0.3596580000000E+12   0.1792716394658E-20
  0.4740100000000E+12   0.5199163447346E-20
  0.6247180000000E+12   0.1490214194599E-19
  0.8233440000000E+12   0.4197036985074E-19
  0.1085120000000E+13   0.1156188772883E-18
  0.1430130000000E+13   0.3086687623132E-18
  0.1884830000000E+13   0.7907421608476E-18
  0.2484100000000E+13   0.1915916811838E-17
  0.3273910000000E+13   0.4287221659064E-17
  0.4314820000000E+13   0.8629370001077E-17
  0.5686700000000E+13   0.1493276877198E-16
  0.7494750000000E+13   0.2091639495431E-16
  0.7682960000000E+13   0.2129521912253E-16
  0.7875890000000E+13   0.2162379933490E-16
  0.8073670000000E+13   0.2189555838326E-16
  0.8276410000000E+13   0.2211025421903E-16
  0.8484250000000E+13   0.2227291725283E-16
  0.8697300000000E+13   0.2242656801490E-16
  0.8915700000000E+13   0.2251523174223E-16
  0.9139590000000E+13   0.2260530644651E-16
  0.9369100000000E+13   0.2263991220039E-16
  0.9604380000000E+13   0.2264422440421E-16
  0.9845560000000E+13   0.2261549911449E-16
  0.1009280000000E+14   0.2252182842810E-16
  0.1034620000000E+14   0.2238742906431E-16
  0.1060610000000E+14   0.2218588383549E-16
  0.1087240000000E+14   0.2197868858232E-16
  0.1114540000000E+14   0.2171641630195E-16
  0.1142530000000E+14   0.2142556610495E-16
  0.1171220000000E+14   0.2110180983762E-16
  0.1200630000000E+14   0.2072893850568E-16
  0.1230780000000E+14   0.2032691416221E-16
  0.1261690000000E+14   0.1988000314788E-16
  0.1293370000000E+14   0.1945176899610E-16
  0.1325850000000E+14   0.1899087578946E-16
  0.1359150000000E+14   0.1852187019990E-16
  0.1393280000000E+14   0.1804074829271E-16
  0.1428260000000E+14   0.1755140356754E-16
  0.1464130000000E+14   0.1708927537760E-16
  0.1500900000000E+14   0.1660684619918E-16
  0.1538590000000E+14   0.1604039487136E-16
  0.1577220000000E+14   0.1546948976382E-16
  0.1616830000000E+14   0.1468518773189E-16
  0.1657430000000E+14   0.1380266881048E-16
  0.1699050000000E+14   0.1288382810982E-16
  0.1741720000000E+14   0.1181555292316E-16
  0.1785460000000E+14   0.1081414585848E-16
  0.1830290000000E+14   0.9784322856994E-17
  0.1876260000000E+14   0.8819500635828E-17
  0.1923370000000E+14   0.7954147412797E-17
  0.1971670000000E+14   0.7166280901624E-17
  0.2021180000000E+14   0.6475137690555E-17
  0.2071940000000E+14   0.5919903077702E-17
  0.2123970000000E+14   0.5411085361141E-17
  0.2177310000000E+14   0.5285981411226E-17
  0.2231980000000E+14   0.5154907312158E-17
  0.2288030000000E+14   0.5131557599468E-17
  0.2345490000000E+14   0.5136901089938E-17
  0.2404390000000E+14   0.5158123005335E-17
  0.2464770000000E+14   0.5216602404476E-17
  0.2526660000000E+14   0.5259095668518E-17
  0.2590110000000E+14   0.5326822202645E-17
  0.2655150000000E+14   0.5376884184681E-17
  0.2721830000000E+14   0.5488447876267E-17
  0.2790180000000E+14   0.5605673931513E-17
  0.2860240000000E+14   0.5673994428492E-17
  0.2932070000000E+14   0.5686995700810E-17
  0.3005700000000E+14   0.5680348587761E-17
  0.3081180000000E+14   0.5562578669536E-17
  0.3158550000000E+14   0.5450355942764E-17
  0.3237870000000E+14   0.4918800212841E-17
  0.3319170000000E+14   0.4293991309597E-17
  0.3402530000000E+14   0.3718663190286E-17
  0.3487970000000E+14   0.3188723721161E-17
  0.3575560000000E+14   0.2693660520966E-17
  0.3665350000000E+14   0.2248489778945E-17
  0.3757390000000E+14   0.1816086349159E-17
  0.3851740000000E+14   0.1550444022910E-17
  0.3948470000000E+14   0.1325127396950E-17
  0.4047620000000E+14   0.1167582364093E-17
  0.4149260000000E+14   0.1109470613459E-17
  0.4253460000000E+14   0.1057488121710E-17
  0.4360270000000E+14   0.1044641886024E-17
  0.4469770000000E+14   0.1033405880822E-17
  0.4582010000000E+14   0.1024102090696E-17
  0.4697070000000E+14   0.1016125216132E-17
  0.4815020000000E+14   0.1007902862159E-17
  0.4935940000000E+14   0.9992906587307E-18
  0.5059890000000E+14   0.9915824184096E-18
  0.5186950000000E+14   0.9854435483484E-18
  0.5317200000000E+14   0.9797080787153E-18
  0.5450730000000E+14   0.9762831069022E-18
  0.6258450000000E+14   0.9722300833151E-18
  0.7185870000000E+14   0.9805229602976E-18
  0.8250720000000E+14   0.9804283503613E-18
  0.9473370000000E+14   0.9693021589371E-18
  0.1087720000000E+15   0.9540310775589E-18
  0.1248910000000E+15   0.9435793397397E-18
  0.1433980000000E+15   0.9448194645318E-18
  0.1646470000000E+15   0.9640906429038E-18
  0.1890460000000E+15   0.1007682877951E-17
  0.2170600000000E+15   0.1076542837876E-17
  0.2492250000000E+15   0.1172313665580E-17
  0.2861570000000E+15   0.1294042187395E-17
  0.3285620000000E+15   0.1435842534850E-17
  0.3772500000000E+15   0.1586811882099E-17
  0.4331540000000E+15   0.1729668502793E-17
  0.4973410000000E+15   0.1840812031799E-17
  0.5710410000000E+15   0.1893571213388E-17
  0.6556610000000E+15   0.1864469583146E-17
  0.7528220000000E+15   0.1739997729460E-17
  0.8643800000000E+15   0.1523554628546E-17
  0.9924690000000E+15   0.1237746679124E-17
  0.1139540000000E+16   0.9202533623379E-18
  0.1308400000000E+16   0.6180878315222E-18
  0.1502290000000E+16   0.3687066742923E-18
  0.1724910000000E+16   0.1917569557480E-18
  0.1980520000000E+16   0.8509754161868E-19
  0.2274010000000E+16   0.3149514981706E-19
  0.2610990000000E+16   0.9461039938355E-20
  0.2997900000000E+16   0.2236494477250E-20
