mstar = 2 Msun, Rstar = 2.5 Rsun, Tstar = 10000, mdisk = 0.00057158 Msun, Rc = 150 AU, Rin = 0.5 AU, Rout = 250 AU, inclination = 45 degree, powerlaw = -0.5 
         130
  
  0.2997900000000E+11   0.9482699364919E-24
  0.3951060000000E+11   0.2149086202471E-23
  0.5207280000000E+11   0.4873784032736E-23
  0.6862910000000E+11   0.1105258170320E-22
  0.9044930000000E+11   0.2504575703286E-22
  0.1192070000000E+12   0.5666769226678E-22
  0.1571080000000E+12   0.1279014362729E-21
  0.2070600000000E+12   0.2876500861617E-21
  0.2728930000000E+12   0.6436987766714E-21
  0.3596580000000E+12   0.1560073657112E-20
  0.4740100000000E+12   0.4527014287773E-20
  0.6247180000000E+12   0.1298689796343E-19
  0.8233440000000E+12   0.3662225862014E-19
  0.1085120000000E+13   0.1010652523518E-18
  0.1430130000000E+13   0.2704902878339E-18
  0.1884830000000E+13   0.6953908752578E-18
  0.2484100000000E+13   0.1693377172488E-17
  0.3273910000000E+13   0.3816571105309E-17
  0.4314820000000E+13   0.7761875419441E-17
  0.5686700000000E+13   0.1363339967009E-16
  0.7494750000000E+13   0.1949950965229E-16
  0.7682960000000E+13   0.1989610980666E-16
  0.7875890000000E+13   0.2024794501989E-16
  0.8073670000000E+13   0.2054836722476E-16
  0.8276410000000E+13   0.2079678518956E-16
  0.8484250000000E+13   0.2099773638024E-16
  0.8697300000000E+13   0.2119309421109E-16
  0.8915700000000E+13   0.2132778622651E-16
  0.9139590000000E+13   0.2146694243990E-16
  0.9369100000000E+13   0.2155421077179E-16
  0.9604380000000E+13   0.2161416090927E-16
  0.9845560000000E+13   0.2164374442025E-16
  0.1009280000000E+14   0.2161049304331E-16
  0.1034620000000E+14   0.2153801598514E-16
  0.1060610000000E+14   0.2139902374137E-16
  0.1087240000000E+14   0.2125498546837E-16
  0.1114540000000E+14   0.2105522918994E-16
  0.1142530000000E+14   0.2082596287506E-16
  0.1171220000000E+14   0.2056205344574E-16
  0.1200630000000E+14   0.2024616511126E-16
  0.1230780000000E+14   0.1989798655213E-16
  0.1261690000000E+14   0.1950073839352E-16
  0.1293370000000E+14   0.1911896044103E-16
  0.1325850000000E+14   0.1869951815178E-16
  0.1359150000000E+14   0.1826708255370E-16
  0.1393280000000E+14   0.1781720158908E-16
  0.1428260000000E+14   0.1735366457316E-16
  0.1464130000000E+14   0.1691218421375E-16
  0.1500900000000E+14   0.1644473945792E-16
  0.1538590000000E+14   0.1588840525195E-16
  0.1577220000000E+14   0.1532389518223E-16
  0.1616830000000E+14   0.1454549492436E-16
  0.1657430000000E+14   0.1366945066835E-16
  0.1699050000000E+14   0.1275771994903E-16
  0.1741720000000E+14   0.1169909918313E-16
  0.1785460000000E+14   0.1070673166252E-16
  0.1830290000000E+14   0.9686212271077E-17
  0.1876260000000E+14   0.8729619368237E-17
  0.1923370000000E+14   0.7871211482486E-17
  0.1971670000000E+14   0.7089303605803E-17
  0.2021180000000E+14   0.6403276966336E-17
  0.2071940000000E+14   0.5852767240252E-17
  0.2123970000000E+14   0.5348333778194E-17
  0.2177310000000E+14   0.5227845512680E-17
  0.2231980000000E+14   0.5099289035978E-17
  0.2288030000000E+14   0.5074928406808E-17
  0.2345490000000E+14   0.5075797084829E-17
  0.2404390000000E+14   0.5089791558976E-17
  0.2464770000000E+14   0.5138331946223E-17
  0.2526660000000E+14   0.5170941575368E-17
  0.2590110000000E+14   0.5228097541136E-17
  0.2655150000000E+14   0.5269258297489E-17
  0.2721830000000E+14   0.5370836354661E-17
  0.2790180000000E+14   0.5479659964066E-17
  0.2860240000000E+14   0.5543171835313E-17
  0.2932070000000E+14   0.5554922077130E-17
  0.3005700000000E+14   0.5548943469123E-17
  0.3081180000000E+14   0.5436271290569E-17
  0.3158550000000E+14   0.5329489465604E-17
  0.3237870000000E+14   0.4815684777246E-17
  0.3319170000000E+14   0.4211409108895E-17
  0.3402530000000E+14   0.3654639812894E-17
  0.3487970000000E+14   0.3141081310823E-17
  0.3575560000000E+14   0.2660590124905E-17
  0.3665350000000E+14   0.2227724393540E-17
  0.3757390000000E+14   0.1805866992047E-17
  0.3851740000000E+14   0.1545153695431E-17
  0.3948470000000E+14   0.1320972023622E-17
  0.4047620000000E+14   0.1160298713091E-17
  0.4149260000000E+14   0.1100851051315E-17
  0.4253460000000E+14   0.1047248442293E-17
  0.4360270000000E+14   0.1034907842095E-17
  0.4469770000000E+14   0.1024079821175E-17
  0.4582010000000E+14   0.1015131692738E-17
  0.4697070000000E+14   0.1007438083715E-17
  0.4815020000000E+14   0.9993437473972E-18
  0.4935940000000E+14   0.9907130860330E-18
  0.5059890000000E+14   0.9829437174329E-18
  0.5186950000000E+14   0.9767671524300E-18
  0.5317200000000E+14   0.9709517428199E-18
  0.5450730000000E+14   0.9675515713890E-18
  0.6258450000000E+14   0.9641206436034E-18
  0.7185870000000E+14   0.9736660083092E-18
  0.8250720000000E+14   0.9747255182665E-18
  0.9473370000000E+14   0.9647053613598E-18
  0.1087720000000E+15   0.9505923785331E-18
  0.1248910000000E+15   0.9412602561547E-18
  0.1433980000000E+15   0.9434851146579E-18
  0.1646470000000E+15   0.9635423809814E-18
  0.1890460000000E+15   0.1007656740968E-17
  0.2170600000000E+15   0.1076733067529E-17
  0.2492250000000E+15   0.1172475944688E-17
  0.2861570000000E+15   0.1294110119243E-17
  0.3285620000000E+15   0.1435895208501E-17
  0.3772500000000E+15   0.1586898929207E-17
  0.4331540000000E+15   0.1729758628981E-17
  0.4973410000000E+15   0.1840896880475E-17
  0.5710410000000E+15   0.1893673346391E-17
  0.6556610000000E+15   0.1864611909824E-17
  0.7528220000000E+15   0.1740208386423E-17
  0.8643800000000E+15   0.1523811479656E-17
  0.9924690000000E+15   0.1237982434508E-17
  0.1139540000000E+16   0.9204954427023E-18
  0.1308400000000E+16   0.6182403365849E-18
  0.1502290000000E+16   0.3687818489308E-18
  0.1724910000000E+16   0.1917862622327E-18
  0.1980520000000E+16   0.8511126743799E-19
  0.2274010000000E+16   0.3150011251826E-19
  0.2610990000000E+16   0.9462503189069E-20
  0.2997900000000E+16   0.2236835457208E-20
