mstar = 2 Msun, Rstar = 2.5 Rsun, Tstar = 10000, mdisk = 0.0039249 Msun, Rc = 150 AU, Rin = 0.5 AU, Rout = 250 AU, inclination = 45 degree, powerlaw = -0.5 
         130
  
  0.2997900000000E+11   0.5276881224055E-23
  0.3951060000000E+11   0.1201981738120E-22
  0.5207280000000E+11   0.2735458760447E-22
  0.6862910000000E+11   0.6216905344030E-22
  0.9044930000000E+11   0.1410209154069E-21
  0.1192070000000E+12   0.3190390394614E-21
  0.1571080000000E+12   0.7192065457659E-21
  0.2070600000000E+12   0.1613522164221E-20
  0.2728930000000E+12   0.3596618588872E-20
  0.3596580000000E+12   0.8667672631593E-20
  0.4740100000000E+12   0.2494249503735E-19
  0.6247180000000E+12   0.7067515645920E-19
  0.8233440000000E+12   0.1957627882016E-18
  0.1085120000000E+13   0.5263720383284E-18
  0.1430130000000E+13   0.1356014943951E-17
  0.1884830000000E+13   0.3293324244860E-17
  0.2484100000000E+13   0.7357943549059E-17
  0.3273910000000E+13   0.1454122942049E-16
  0.4314820000000E+13   0.2420973964569E-16
  0.5686700000000E+13   0.3183875808994E-16
  0.7494750000000E+13   0.3193938473743E-16
  0.7682960000000E+13   0.3157434900638E-16
  0.7875890000000E+13   0.3115648419655E-16
  0.8073670000000E+13   0.3068826086619E-16
  0.8276410000000E+13   0.3017707230438E-16
  0.8484250000000E+13   0.2963375412527E-16
  0.8697300000000E+13   0.2909873422397E-16
  0.8915700000000E+13   0.2853281941715E-16
  0.9139590000000E+13   0.2799426105732E-16
  0.9369100000000E+13   0.2744249949851E-16
  0.9604380000000E+13   0.2690206486621E-16
  0.9845560000000E+13   0.2637473451326E-16
  0.1009280000000E+14   0.2583643502385E-16
  0.1034620000000E+14   0.2530912375048E-16
  0.1060610000000E+14   0.2476965249097E-16
  0.1087240000000E+14   0.2427376518255E-16
  0.1114540000000E+14   0.2377571350856E-16
  0.1142530000000E+14   0.2329871223386E-16
  0.1171220000000E+14   0.2283664375626E-16
  0.1200630000000E+14   0.2236900300601E-16
  0.1230780000000E+14   0.2191194969641E-16
  0.1261690000000E+14   0.2144282169151E-16
  0.1293370000000E+14   0.2102937340012E-16
  0.1325850000000E+14   0.2060811211290E-16
  0.1359150000000E+14   0.2020243174501E-16
  0.1393280000000E+14   0.1980187613600E-16
  0.1428260000000E+14   0.1940545589615E-16
  0.1464130000000E+14   0.1905506570816E-16
  0.1500900000000E+14   0.1868218989943E-16
  0.1538590000000E+14   0.1819170209076E-16
  0.1577220000000E+14   0.1768661866596E-16
  0.1616830000000E+14   0.1686976131596E-16
  0.1657430000000E+14   0.1589804145552E-16
  0.1699050000000E+14   0.1485780546758E-16
  0.1741720000000E+14   0.1359031612836E-16
  0.1785460000000E+14   0.1240129320261E-16
  0.1830290000000E+14   0.1115834794588E-16
  0.1876260000000E+14   0.9994294784135E-17
  0.1923370000000E+14   0.8957884825096E-17
  0.1971670000000E+14   0.8019134035817E-17
  0.2021180000000E+14   0.7204390221418E-17
  0.2071940000000E+14   0.6565363064865E-17
  0.2123970000000E+14   0.5980860029832E-17
  0.2177310000000E+14   0.5903981449567E-17
  0.2231980000000E+14   0.5816001476592E-17
  0.2288030000000E+14   0.5871785641531E-17
  0.2345490000000E+14   0.5960713805179E-17
  0.2404390000000E+14   0.6061165481612E-17
  0.2464770000000E+14   0.6199360984970E-17
  0.2526660000000E+14   0.6300677929003E-17
  0.2590110000000E+14   0.6420870539720E-17
  0.2655150000000E+14   0.6503942086540E-17
  0.2721830000000E+14   0.6654562509666E-17
  0.2790180000000E+14   0.6800411296916E-17
  0.2860240000000E+14   0.6874973832692E-17
  0.2932070000000E+14   0.6873888122291E-17
  0.3005700000000E+14   0.6844163333796E-17
  0.3081180000000E+14   0.6674474675496E-17
  0.3158550000000E+14   0.6510631996663E-17
  0.3237870000000E+14   0.5833943756273E-17
  0.3319170000000E+14   0.5046865750280E-17
  0.3402530000000E+14   0.4323603179934E-17
  0.3487970000000E+14   0.3659176638905E-17
  0.3575560000000E+14   0.3040288270358E-17
  0.3665350000000E+14   0.2485763716407E-17
  0.3757390000000E+14   0.1952163732358E-17
  0.3851740000000E+14   0.1629896114704E-17
  0.3948470000000E+14   0.1369096246538E-17
  0.4047620000000E+14   0.1202484809868E-17
  0.4149260000000E+14   0.1145552240310E-17
  0.4253460000000E+14   0.1097582349162E-17
  0.4360270000000E+14   0.1085314688190E-17
  0.4469770000000E+14   0.1075033255457E-17
  0.4582010000000E+14   0.1066941298422E-17
  0.4697070000000E+14   0.1060469094480E-17
  0.4815020000000E+14   0.1054263804589E-17
  0.4935940000000E+14   0.1048179119055E-17
  0.5059890000000E+14   0.1043219007128E-17
  0.5186950000000E+14   0.1039828362295E-17
  0.5317200000000E+14   0.1037022092613E-17
  0.5450730000000E+14   0.1036212676041E-17
  0.6258450000000E+14   0.1044593567779E-17
  0.7185870000000E+14   0.1060569944714E-17
  0.8250720000000E+14   0.1064028045239E-17
  0.9473370000000E+14   0.1050706058810E-17
  0.1087720000000E+15   0.1026492398449E-17
  0.1248910000000E+15   0.1001623284967E-17
  0.1433980000000E+15   0.9857222187500E-18
  0.1646470000000E+15   0.9883462009610E-18
  0.1890460000000E+15   0.1018417912998E-17
  0.2170600000000E+15   0.1077885224747E-17
  0.2492250000000E+15   0.1168254088461E-17
  0.2861570000000E+15   0.1287748746710E-17
  0.3285620000000E+15   0.1429583353030E-17
  0.3772500000000E+15   0.1581859938966E-17
  0.4331540000000E+15   0.1726209337777E-17
  0.4973410000000E+15   0.1838319837740E-17
  0.5710410000000E+15   0.1891286673325E-17
  0.6556610000000E+15   0.1861689012362E-17
  0.7528220000000E+15   0.1736031324534E-17
  0.8643800000000E+15   0.1518751092295E-17
  0.9924690000000E+15   0.1233341927658E-17
  0.1139540000000E+16   0.9157340752812E-18
  0.1308400000000E+16   0.6152403501975E-18
  0.1502290000000E+16   0.3673024676333E-18
  0.1724910000000E+16   0.1912092569078E-18
  0.1980520000000E+16   0.8484104587982E-19
  0.2274010000000E+16   0.3140240792713E-19
  0.2610990000000E+16   0.9433694240586E-20
  0.2997900000000E+16   0.2230121996590E-20
