mstar = 2 Msun, Rstar = 2.5 Rsun, Tstar = 10000, mdisk = 0.0051269 Msun, Rc = 150 AU, Rin = 0.5 AU, Rout = 250 AU, inclination = 45 degree, powerlaw = -0.5 
         130
  
  0.2997900000000E+11   0.6694108786211E-23
  0.3951060000000E+11   0.1525024055799E-22
  0.5207280000000E+11   0.3470789782224E-22
  0.6862910000000E+11   0.7887672508501E-22
  0.9044930000000E+11   0.1788914913231E-21
  0.1192070000000E+12   0.4046046985515E-21
  0.1571080000000E+12   0.9117195645810E-21
  0.2070600000000E+12   0.2044221190525E-20
  0.2728930000000E+12   0.4552983528160E-20
  0.3596580000000E+12   0.1095998309827E-19
  0.4740100000000E+12   0.3148460967965E-19
  0.6247180000000E+12   0.8898802954492E-19
  0.8233440000000E+12   0.2455743770257E-18
  0.1085120000000E+13   0.6566468160776E-18
  0.1430130000000E+13   0.1677384520821E-17
  0.1884830000000E+13   0.4021067758182E-17
  0.2484100000000E+13   0.8803693416344E-17
  0.3273910000000E+13   0.1686694002928E-16
  0.4314820000000E+13   0.2684107123760E-16
  0.5686700000000E+13   0.3339649445989E-16
  0.7494750000000E+13   0.3218211966585E-16
  0.7682960000000E+13   0.3176561230829E-16
  0.7875890000000E+13   0.3131072971775E-16
  0.8073670000000E+13   0.3081926353342E-16
  0.8276410000000E+13   0.3029746377700E-16
  0.8484250000000E+13   0.2975484152266E-16
  0.8697300000000E+13   0.2923100677549E-16
  0.8915700000000E+13   0.2868520463204E-16
  0.9139590000000E+13   0.2817563271358E-16
  0.9369100000000E+13   0.2765919891765E-16
  0.9604380000000E+13   0.2715962934364E-16
  0.9845560000000E+13   0.2667717421500E-16
  0.1009280000000E+14   0.2618468600519E-16
  0.1034620000000E+14   0.2570361659400E-16
  0.1060610000000E+14   0.2520802003374E-16
  0.1087240000000E+14   0.2475572735692E-16
  0.1114540000000E+14   0.2429723880603E-16
  0.1142530000000E+14   0.2385643163762E-16
  0.1171220000000E+14   0.2342625492402E-16
  0.1200630000000E+14   0.2298478239837E-16
  0.1230780000000E+14   0.2254908805202E-16
  0.1261690000000E+14   0.2209549728324E-16
  0.1293370000000E+14   0.2169531961892E-16
  0.1325850000000E+14   0.2128231252049E-16
  0.1359150000000E+14   0.2088140748638E-16
  0.1393280000000E+14   0.2048214294283E-16
  0.1428260000000E+14   0.2008399853011E-16
  0.1464130000000E+14   0.1973082683533E-16
  0.1500900000000E+14   0.1935199910538E-16
  0.1538590000000E+14   0.1884975830105E-16
  0.1577220000000E+14   0.1833114932620E-16
  0.1616830000000E+14   0.1748960678520E-16
  0.1657430000000E+14   0.1648747892324E-16
  0.1699050000000E+14   0.1541399985355E-16
  0.1741720000000E+14   0.1410498422037E-16
  0.1785460000000E+14   0.1287631093639E-16
  0.1830290000000E+14   0.1159110491779E-16
  0.1876260000000E+14   0.1038674629581E-16
  0.1923370000000E+14   0.9313765782486E-17
  0.1971670000000E+14   0.8341330529018E-17
  0.2021180000000E+14   0.7496940649217E-17
  0.2071940000000E+14   0.6834882842123E-17
  0.2123970000000E+14   0.6229149177825E-17
  0.2177310000000E+14   0.6151383985715E-17
  0.2231980000000E+14   0.6061105464090E-17
  0.2288030000000E+14   0.6119190003674E-17
  0.2345490000000E+14   0.6210620796299E-17
  0.2404390000000E+14   0.6313093312222E-17
  0.2464770000000E+14   0.6453923360154E-17
  0.2526660000000E+14   0.6556219830378E-17
  0.2590110000000E+14   0.6677798669487E-17
  0.2655150000000E+14   0.6760803200611E-17
  0.2721830000000E+14   0.6913077496592E-17
  0.2790180000000E+14   0.7060261464189E-17
  0.2860240000000E+14   0.7133654446176E-17
  0.2932070000000E+14   0.7128883838030E-17
  0.3005700000000E+14   0.7094590212746E-17
  0.3081180000000E+14   0.6916162803273E-17
  0.3158550000000E+14   0.6743730348417E-17
  0.3237870000000E+14   0.6043343840794E-17
  0.3319170000000E+14   0.5229304464041E-17
  0.3402530000000E+14   0.4480743783860E-17
  0.3487970000000E+14   0.3792598944819E-17
  0.3575560000000E+14   0.3151696013501E-17
  0.3665350000000E+14   0.2576968716440E-17
  0.3757390000000E+14   0.2023052267916E-17
  0.3851740000000E+14   0.1686473880058E-17
  0.3948470000000E+14   0.1412652500843E-17
  0.4047620000000E+14   0.1237184362382E-17
  0.4149260000000E+14   0.1176263327206E-17
  0.4253460000000E+14   0.1124950104000E-17
  0.4360270000000E+14   0.1110767472717E-17
  0.4469770000000E+14   0.1098750856040E-17
  0.4582010000000E+14   0.1089110489154E-17
  0.4697070000000E+14   0.1081261122922E-17
  0.4815020000000E+14   0.1073817657055E-17
  0.4935940000000E+14   0.1066636282330E-17
  0.5059890000000E+14   0.1060736965329E-17
  0.5186950000000E+14   0.1056559131617E-17
  0.5317200000000E+14   0.1053094473180E-17
  0.5450730000000E+14   0.1051753332258E-17
  0.6258450000000E+14   0.1058713320852E-17
  0.7185870000000E+14   0.1074612748966E-17
  0.8250720000000E+14   0.1078222000781E-17
  0.9473370000000E+14   0.1064571309731E-17
  0.1087720000000E+15   0.1039110484903E-17
  0.1248910000000E+15   0.1011967356846E-17
  0.1433980000000E+15   0.9929415302771E-18
  0.1646470000000E+15   0.9920302059853E-18
  0.1890460000000E+15   0.1018796095285E-17
  0.2170600000000E+15   0.1075820402239E-17
  0.2492250000000E+15   0.1164985944142E-17
  0.2861570000000E+15   0.1284366995483E-17
  0.3285620000000E+15   0.1426765898881E-17
  0.3772500000000E+15   0.1579882574245E-17
  0.4331540000000E+15   0.1725025303432E-17
  0.4973410000000E+15   0.1837657115092E-17
  0.5710410000000E+15   0.1890815289319E-17
  0.6556610000000E+15   0.1861170286236E-17
  0.7528220000000E+15   0.1735302431192E-17
  0.8643800000000E+15   0.1517869112160E-17
  0.9924690000000E+15   0.1232533287485E-17
  0.1139540000000E+16   0.9149050585813E-18
  0.1308400000000E+16   0.6147179132643E-18
  0.1502290000000E+16   0.3670447106951E-18
  0.1724910000000E+16   0.1911086641027E-18
  0.1980520000000E+16   0.8479394115019E-19
  0.2274010000000E+16   0.3138537543367E-19
  0.2610990000000E+16   0.9428671909913E-20
  0.2997900000000E+16   0.2228951593651E-20
