mstar = 2 Msun, Rstar = 2.5 Rsun, Tstar = 10000, mdisk = 0.00024992 Msun, Rc = 150 AU, Rin = 0.5 AU, Rout = 250 AU, inclination = 45 degree, powerlaw = -0.5 
         130
  
  0.2997900000000E+11   0.4692219358017E-24
  0.3951060000000E+11   0.1056088977066E-23
  0.5207280000000E+11   0.2382647401343E-23
  0.6862910000000E+11   0.5382826459384E-23
  0.9044930000000E+11   0.1216560352460E-22
  0.1192070000000E+12   0.2747969361261E-22
  0.1571080000000E+12   0.6197338761644E-22
  0.2070600000000E+12   0.1393812054379E-21
  0.2728930000000E+12   0.3121726661998E-21
  0.3596580000000E+12   0.7577583545274E-21
  0.4740100000000E+12   0.2204316096946E-20
  0.6247180000000E+12   0.6350243552442E-20
  0.8233440000000E+12   0.1801905358060E-19
  0.1085120000000E+13   0.5016809935061E-19
  0.1430130000000E+13   0.1359458840232E-18
  0.1884830000000E+13   0.3556317236460E-18
  0.2484100000000E+13   0.8874507273921E-18
  0.3273910000000E+13   0.2070092118711E-17
  0.4314820000000E+13   0.4418460971244E-17
  0.5686700000000E+13   0.8304631407868E-17
  0.7494750000000E+13   0.1304062117528E-16
  0.7682960000000E+13   0.1343723038111E-16
  0.7875890000000E+13   0.1381244488792E-16
  0.8073670000000E+13   0.1416062763525E-16
  0.8276410000000E+13   0.1448052141333E-16
  0.8484250000000E+13   0.1477489861063E-16
  0.8697300000000E+13   0.1507712535526E-16
  0.8915700000000E+13   0.1534243546313E-16
  0.9139590000000E+13   0.1562441317862E-16
  0.9369100000000E+13   0.1587594620434E-16
  0.9604380000000E+13   0.1611732614947E-16
  0.9845560000000E+13   0.1634562039880E-16
  0.1009280000000E+14   0.1653067659304E-16
  0.1034620000000E+14   0.1669204342407E-16
  0.1060610000000E+14   0.1680253872514E-16
  0.1087240000000E+14   0.1691843745225E-16
  0.1114540000000E+14   0.1698974037894E-16
  0.1142530000000E+14   0.1703979454930E-16
  0.1171220000000E+14   0.1706129043790E-16
  0.1200630000000E+14   0.1703347925695E-16
  0.1230780000000E+14   0.1697352740373E-16
  0.1261690000000E+14   0.1686023834005E-16
  0.1293370000000E+14   0.1676034190529E-16
  0.1325850000000E+14   0.1661349858350E-16
  0.1359150000000E+14   0.1644360224240E-16
  0.1393280000000E+14   0.1624258103885E-16
  0.1428260000000E+14   0.1601171648460E-16
  0.1464130000000E+14   0.1578889286623E-16
  0.1500900000000E+14   0.1551711722319E-16
  0.1538590000000E+14   0.1512406280029E-16
  0.1577220000000E+14   0.1470068427890E-16
  0.1616830000000E+14   0.1402085167498E-16
  0.1657430000000E+14   0.1321843613421E-16
  0.1699050000000E+14   0.1236440874383E-16
  0.1741720000000E+14   0.1133872939893E-16
  0.1785460000000E+14   0.1037533055019E-16
  0.1830290000000E+14   0.9370342975682E-17
  0.1876260000000E+14   0.8424827394916E-17
  0.1923370000000E+14   0.7577525062800E-17
  0.1971670000000E+14   0.6805235660852E-17
  0.2021180000000E+14   0.6130874494608E-17
  0.2071940000000E+14   0.5601083015144E-17
  0.2123970000000E+14   0.5115197426913E-17
  0.2177310000000E+14   0.5059734086290E-17
  0.2231980000000E+14   0.4984205321519E-17
  0.2288030000000E+14   0.5010676359976E-17
  0.2345490000000E+14   0.5045911971929E-17
  0.2404390000000E+14   0.5075128157207E-17
  0.2464770000000E+14   0.5119155908013E-17
  0.2526660000000E+14   0.5131421656111E-17
  0.2590110000000E+14   0.5153929614072E-17
  0.2655150000000E+14   0.5154588270196E-17
  0.2721830000000E+14   0.5203423395485E-17
  0.2790180000000E+14   0.5257537373686E-17
  0.2860240000000E+14   0.5276206068708E-17
  0.2932070000000E+14   0.5255948210467E-17
  0.3005700000000E+14   0.5226057002133E-17
  0.3081180000000E+14   0.5110417007205E-17
  0.3158550000000E+14   0.5003853332410E-17
  0.3237870000000E+14   0.4549872856896E-17
  0.3319170000000E+14   0.4018399566664E-17
  0.3402530000000E+14   0.3527683288991E-17
  0.3487970000000E+14   0.3073246629097E-17
  0.3575560000000E+14   0.2644229811507E-17
  0.3665350000000E+14   0.2249835385422E-17
  0.3757390000000E+14   0.1844450513551E-17
  0.3851740000000E+14   0.1566650915416E-17
  0.3948470000000E+14   0.1296142290796E-17
  0.4047620000000E+14   0.1085917388252E-17
  0.4149260000000E+14   0.1011305959716E-17
  0.4253460000000E+14   0.9439742867347E-18
  0.4360270000000E+14   0.9320886970023E-18
  0.4469770000000E+14   0.9214555396210E-18
  0.4582010000000E+14   0.9127010498562E-18
  0.4697070000000E+14   0.9050746643290E-18
  0.4815020000000E+14   0.8964448940966E-18
  0.4935940000000E+14   0.8867392249179E-18
  0.5059890000000E+14   0.8779378998735E-18
  0.5186950000000E+14   0.8711133218922E-18
  0.5317200000000E+14   0.8646573332508E-18
  0.5450730000000E+14   0.8613804899364E-18
  0.6258450000000E+14   0.8643753929949E-18
  0.7185870000000E+14   0.8882337595972E-18
  0.8250720000000E+14   0.9058199936887E-18
  0.9473370000000E+14   0.9124745513404E-18
  0.1087720000000E+15   0.9140617800103E-18
  0.1248910000000E+15   0.9176696515064E-18
  0.1433980000000E+15   0.9289342966513E-18
  0.1646470000000E+15   0.9543551279221E-18
  0.1890460000000E+15   0.1001394536852E-17
  0.2170600000000E+15   0.1072353667930E-17
  0.2492250000000E+15   0.1169475330242E-17
  0.2861570000000E+15   0.1291979542531E-17
  0.3285620000000E+15   0.1434391356572E-17
  0.3772500000000E+15   0.1586084015448E-17
  0.4331540000000E+15   0.1729552677524E-17
  0.4973410000000E+15   0.1841049093157E-17
  0.5710410000000E+15   0.1894040604762E-17
  0.6556610000000E+15   0.1865185277422E-17
  0.7528220000000E+15   0.1741071268743E-17
  0.8643800000000E+15   0.1524864589375E-17
  0.9924690000000E+15   0.1238949034722E-17
  0.1139540000000E+16   0.9214881433288E-18
  0.1308400000000E+16   0.6188656876228E-18
  0.1502290000000E+16   0.3690900708080E-18
  0.1724910000000E+16   0.1919064054668E-18
  0.1980520000000E+16   0.8516753825699E-19
  0.2274010000000E+16   0.3152045757769E-19
  0.2610990000000E+16   0.9468501878253E-20
  0.2997900000000E+16   0.2238233318354E-20
