mstar = 2 Msun, Rstar = 2.5 Rsun, Tstar = 10000, mdisk = 0.00073731 Msun, Rc = 150 AU, Rin = 0.5 AU, Rout = 250 AU, inclination = 45 degree, powerlaw = -0.5 
         130
  
  0.2997900000000E+11   0.1183874676794E-23
  0.3951060000000E+11   0.2686554367735E-23
  0.5207280000000E+11   0.6098505606864E-23
  0.6862910000000E+11   0.1383921537867E-22
  0.9044930000000E+11   0.3137384011384E-22
  0.1192070000000E+12   0.7100071531017E-22
  0.1571080000000E+12   0.1602544695941E-21
  0.2070600000000E+12   0.3603461932103E-21
  0.2728930000000E+12   0.8060546447847E-21
  0.3596580000000E+12   0.1952361116864E-20
  0.4740100000000E+12   0.5660174689263E-20
  0.6247180000000E+12   0.1621481025929E-19
  0.8233440000000E+12   0.4563196575253E-19
  0.1085120000000E+13   0.1255672316181E-18
  0.1430130000000E+13   0.3347018789013E-18
  0.1884830000000E+13   0.8555001996038E-18
  0.2484100000000E+13   0.2066032820239E-17
  0.3273910000000E+13   0.4600925283116E-17
  0.4314820000000E+13   0.9194748492784E-17
  0.5686700000000E+13   0.1574305986749E-16
  0.7494750000000E+13   0.2172043021323E-16
  0.7682960000000E+13   0.2207884244567E-16
  0.7875890000000E+13   0.2238354725086E-16
  0.8073670000000E+13   0.2262813345603E-16
  0.8276410000000E+13   0.2281266721348E-16
  0.8484250000000E+13   0.2294252638642E-16
  0.8697300000000E+13   0.2306116885538E-16
  0.8915700000000E+13   0.2311259588626E-16
  0.9139590000000E+13   0.2316350736603E-16
  0.9369100000000E+13   0.2315726910881E-16
  0.9604380000000E+13   0.2311930227941E-16
  0.9845560000000E+13   0.2304718604247E-16
  0.1009280000000E+14   0.2290973908232E-16
  0.1034620000000E+14   0.2273142799088E-16
  0.1060610000000E+14   0.2248670299479E-16
  0.1087240000000E+14   0.2223660328628E-16
  0.1114540000000E+14   0.2193297694009E-16
  0.1142530000000E+14   0.2160233623548E-16
  0.1171220000000E+14   0.2124092953365E-16
  0.1200630000000E+14   0.2083337730094E-16
  0.1230780000000E+14   0.2039964331364E-16
  0.1261690000000E+14   0.1992469929475E-16
  0.1293370000000E+14   0.1947109544174E-16
  0.1325850000000E+14   0.1898883480218E-16
  0.1359150000000E+14   0.1850215644395E-16
  0.1393280000000E+14   0.1800724834717E-16
  0.1428260000000E+14   0.1750794497010E-16
  0.1464130000000E+14   0.1703928394943E-16
  0.1500900000000E+14   0.1655406097263E-16
  0.1538590000000E+14   0.1598806533358E-16
  0.1577220000000E+14   0.1541984981881E-16
  0.1616830000000E+14   0.1463896961825E-16
  0.1657430000000E+14   0.1375964459601E-16
  0.1699050000000E+14   0.1284355374985E-16
  0.1741720000000E+14   0.1177663671806E-16
  0.1785460000000E+14   0.1077660765996E-16
  0.1830290000000E+14   0.9747742675974E-17
  0.1876260000000E+14   0.8784129109720E-17
  0.1923370000000E+14   0.7920273519857E-17
  0.1971670000000E+14   0.7134069232166E-17
  0.2021180000000E+14   0.6444614083469E-17
  0.2071940000000E+14   0.5890852247366E-17
  0.2123970000000E+14   0.5383448247992E-17
  0.2177310000000E+14   0.5259219698990E-17
  0.2231980000000E+14   0.5130279891988E-17
  0.2288030000000E+14   0.5111095003551E-17
  0.2345490000000E+14   0.5122429514941E-17
  0.2404390000000E+14   0.5150867817301E-17
  0.2464770000000E+14   0.5217721112454E-17
  0.2526660000000E+14   0.5268133805238E-17
  0.2590110000000E+14   0.5343720563515E-17
  0.2655150000000E+14   0.5400451037407E-17
  0.2721830000000E+14   0.5518824224814E-17
  0.2790180000000E+14   0.5641804060724E-17
  0.2860240000000E+14   0.5713997953559E-17
  0.2932070000000E+14   0.5729267541875E-17
  0.3005700000000E+14   0.5723978287821E-17
  0.3081180000000E+14   0.5605593116181E-17
  0.3158550000000E+14   0.5492551199754E-17
  0.3237870000000E+14   0.4954465756699E-17
  0.3319170000000E+14   0.4321889858818E-17
  0.3402530000000E+14   0.3739251094570E-17
  0.3487970000000E+14   0.3202463925090E-17
  0.3575560000000E+14   0.2700801738116E-17
  0.3665350000000E+14   0.2249403561652E-17
  0.3757390000000E+14   0.1811218962511E-17
  0.3851740000000E+14   0.1543439416952E-17
  0.3948470000000E+14   0.1318459267872E-17
  0.4047620000000E+14   0.1163902938977E-17
  0.4149260000000E+14   0.1107558776537E-17
  0.4253460000000E+14   0.1057417589437E-17
  0.4360270000000E+14   0.1044989583970E-17
  0.4469770000000E+14   0.1034160618369E-17
  0.4582010000000E+14   0.1025229013097E-17
  0.4697070000000E+14   0.1017606025940E-17
  0.4815020000000E+14   0.1009771645883E-17
  0.4935940000000E+14   0.1001578579276E-17
  0.5059890000000E+14   0.9942631311646E-18
  0.5186950000000E+14   0.9884575240024E-18
  0.5317200000000E+14   0.9830384116925E-18
  0.5450730000000E+14   0.9798359340978E-18
  0.6258450000000E+14   0.9763159882207E-18
  0.7185870000000E+14   0.9844473115447E-18
  0.8250720000000E+14   0.9841409692204E-18
  0.9473370000000E+14   0.9727379368198E-18
  0.1087720000000E+15   0.9569922245200E-18
  0.1248910000000E+15   0.9458230109387E-18
  0.1433980000000E+15   0.9461349036215E-18
  0.1646470000000E+15   0.9644071999349E-18
  0.1890460000000E+15   0.1007159169042E-17
  0.2170600000000E+15   0.1075542485707E-17
  0.2492250000000E+15   0.1171233808357E-17
  0.2861570000000E+15   0.1293130337701E-17
  0.3285620000000E+15   0.1435170379971E-17
  0.3772500000000E+15   0.1586372933700E-17
  0.4331540000000E+15   0.1729420974454E-17
  0.4973410000000E+15   0.1840677346488E-17
  0.5710410000000E+15   0.1893476747152E-17
  0.6556610000000E+15   0.1864369638022E-17
  0.7528220000000E+15   0.1739860916358E-17
  0.8643800000000E+15   0.1523390134770E-17
  0.9924690000000E+15   0.1237595951080E-17
  0.1139540000000E+16   0.9200986315677E-18
  0.1308400000000E+16   0.6179903552730E-18
  0.1502290000000E+16   0.3686586235012E-18
  0.1724910000000E+16   0.1917382225890E-18
  0.1980520000000E+16   0.8508876792327E-19
  0.2274010000000E+16   0.3149197759392E-19
  0.2610990000000E+16   0.9460104607240E-20
  0.2997900000000E+16   0.2236276517515E-20
