mstar = 2 Msun, Rstar = 2.5 Rsun, Tstar = 10000, mdisk = 0.0062681 Msun, Rc = 150 AU, Rin = 0.5 AU, Rout = 250 AU, inclination = 45 degree, powerlaw = -0.5 
         130
  
  0.2997900000000E+11   0.8045874834417E-23
  0.3951060000000E+11   0.1833143391099E-22
  0.5207280000000E+11   0.4172146914000E-22
  0.6862910000000E+11   0.9481230632571E-22
  0.9044930000000E+11   0.2150114999679E-21
  0.1192070000000E+12   0.4862135030244E-21
  0.1571080000000E+12   0.1095325041878E-20
  0.2070600000000E+12   0.2454975528811E-20
  0.2728930000000E+12   0.5465008063981E-20
  0.3596580000000E+12   0.1314563356548E-19
  0.4740100000000E+12   0.3771858269513E-19
  0.6247180000000E+12   0.1064176934212E-18
  0.8233440000000E+12   0.2928779620074E-18
  0.1085120000000E+13   0.7798482830745E-18
  0.1430130000000E+13   0.1978973987963E-17
  0.1884830000000E+13   0.4694417263281E-17
  0.2484100000000E+13   0.1010733996943E-16
  0.3273910000000E+13   0.1886848912674E-16
  0.4314820000000E+13   0.2892445295025E-16
  0.5686700000000E+13   0.3447571883066E-16
  0.7494750000000E+13   0.3240072789171E-16
  0.7682960000000E+13   0.3196520626842E-16
  0.7875890000000E+13   0.3150058917582E-16
  0.8073670000000E+13   0.3100751495039E-16
  0.8276410000000E+13   0.3049102035052E-16
  0.8484250000000E+13   0.2995953871879E-16
  0.8697300000000E+13   0.2945294910264E-16
  0.8915700000000E+13   0.2892771264815E-16
  0.9139590000000E+13   0.2844337825756E-16
  0.9369100000000E+13   0.2795368248084E-16
  0.9604380000000E+13   0.2748232062985E-16
  0.9845560000000E+13   0.2702845455129E-16
  0.1009280000000E+14   0.2656260724766E-16
  0.1034620000000E+14   0.2610656860828E-16
  0.1060610000000E+14   0.2563257521968E-16
  0.1087240000000E+14   0.2520078501953E-16
  0.1114540000000E+14   0.2475911462684E-16
  0.1142530000000E+14   0.2433239277383E-16
  0.1171220000000E+14   0.2391328202477E-16
  0.1200630000000E+14   0.2347917923074E-16
  0.1230780000000E+14   0.2304807045606E-16
  0.1261690000000E+14   0.2259574615391E-16
  0.1293370000000E+14   0.2219612049738E-16
  0.1325850000000E+14   0.2178107110716E-16
  0.1359150000000E+14   0.2137664159937E-16
  0.1393280000000E+14   0.2097232418572E-16
  0.1428260000000E+14   0.2056782493408E-16
  0.1464130000000E+14   0.2020836955572E-16
  0.1500900000000E+14   0.1982175953106E-16
  0.1538590000000E+14   0.1930811450871E-16
  0.1577220000000E+14   0.1877728072816E-16
  0.1616830000000E+14   0.1791570745196E-16
  0.1657430000000E+14   0.1688970286847E-16
  0.1699050000000E+14   0.1579058810538E-16
  0.1741720000000E+14   0.1445033998113E-16
  0.1785460000000E+14   0.1319206534671E-16
  0.1830290000000E+14   0.1187552104093E-16
  0.1876260000000E+14   0.1064130793467E-16
  0.1923370000000E+14   0.9541317141204E-17
  0.1971670000000E+14   0.8543969141349E-17
  0.2021180000000E+14   0.7677676470563E-17
  0.2071940000000E+14   0.6998309015910E-17
  0.2123970000000E+14   0.6376466471870E-17
  0.2177310000000E+14   0.6297282822818E-17
  0.2231980000000E+14   0.6204824976857E-17
  0.2288030000000E+14   0.6264215537274E-17
  0.2345490000000E+14   0.6357544466422E-17
  0.2404390000000E+14   0.6461997973890E-17
  0.2464770000000E+14   0.6605627069435E-17
  0.2526660000000E+14   0.6709568965100E-17
  0.2590110000000E+14   0.6833204935221E-17
  0.2655150000000E+14   0.6917190425423E-17
  0.2721830000000E+14   0.7072238797227E-17
  0.2790180000000E+14   0.7222224841595E-17
  0.2860240000000E+14   0.7296738989968E-17
  0.2932070000000E+14   0.7291095785660E-17
  0.3005700000000E+14   0.7255159798365E-17
  0.3081180000000E+14   0.7071471029201E-17
  0.3158550000000E+14   0.6893850037880E-17
  0.3237870000000E+14   0.6174870710395E-17
  0.3319170000000E+14   0.5338681843594E-17
  0.3402530000000E+14   0.4569411274414E-17
  0.3487970000000E+14   0.3861724846297E-17
  0.3575560000000E+14   0.3202018459896E-17
  0.3665350000000E+14   0.2610468016687E-17
  0.3757390000000E+14   0.2040956155968E-17
  0.3851740000000E+14   0.1695283987978E-17
  0.3948470000000E+14   0.1415331769155E-17
  0.4047620000000E+14   0.1237155472545E-17
  0.4149260000000E+14   0.1175063687824E-17
  0.4253460000000E+14   0.1122929864671E-17
  0.4360270000000E+14   0.1107913734381E-17
  0.4469770000000E+14   0.1095162606572E-17
  0.4582010000000E+14   0.1084878092212E-17
  0.4697070000000E+14   0.1076474592754E-17
  0.4815020000000E+14   0.1068585486740E-17
  0.4935940000000E+14   0.1061067262558E-17
  0.5059890000000E+14   0.1054914185595E-17
  0.5186950000000E+14   0.1050546525411E-17
  0.5317200000000E+14   0.1046967974880E-17
  0.5450730000000E+14   0.1045544323766E-17
  0.6258450000000E+14   0.1052799058403E-17
  0.7185870000000E+14   0.1069912310852E-17
  0.8250720000000E+14   0.1075432746643E-17
  0.9473370000000E+14   0.1063906606782E-17
  0.1087720000000E+15   0.1040251795087E-17
  0.1248910000000E+15   0.1014199489711E-17
  0.1433980000000E+15   0.9953557305764E-18
  0.1646470000000E+15   0.9937999022788E-18
  0.1890460000000E+15   0.1019458959004E-17
  0.2170600000000E+15   0.1075382564567E-17
  0.2492250000000E+15   0.1163801273708E-17
  0.2861570000000E+15   0.1282871150340E-17
  0.3285620000000E+15   0.1425340469549E-17
  0.3772500000000E+15   0.1578786584945E-17
  0.4331540000000E+15   0.1724312408136E-17
  0.4973410000000E+15   0.1837184742645E-17
  0.5710410000000E+15   0.1890377138801E-17
  0.6556610000000E+15   0.1860608545965E-17
  0.7528220000000E+15   0.1734482429840E-17
  0.8643800000000E+15   0.1516871835649E-17
  0.9924690000000E+15   0.1231618558913E-17
  0.1139540000000E+16   0.9139674811147E-18
  0.1308400000000E+16   0.6141270250271E-18
  0.1502290000000E+16   0.3667531357279E-18
  0.1724910000000E+16   0.1909948520700E-18
  0.1980520000000E+16   0.8474064789029E-19
  0.2274010000000E+16   0.3136610497999E-19
  0.2610990000000E+16   0.9422989616577E-20
  0.2997900000000E+16   0.2227627382459E-20
