mstar = 2 Msun, Rstar = 2.5 Rsun, Tstar = 10000, mdisk = 0.0093297 Msun, Rc = 150 AU, Rin = 0.5 AU, Rout = 250 AU, inclination = 45 degree, powerlaw = -0.5 
         130
  
  0.2997900000000E+11   0.1147924175289E-22
  0.3951060000000E+11   0.2615517673488E-22
  0.5207280000000E+11   0.5952360909878E-22
  0.6862910000000E+11   0.1352406372290E-21
  0.9044930000000E+11   0.3065873910851E-21
  0.1192070000000E+12   0.6929386304733E-21
  0.1571080000000E+12   0.1559884657973E-20
  0.2070600000000E+12   0.3492676964257E-20
  0.2728930000000E+12   0.7764382411311E-20
  0.3596580000000E+12   0.1864000305734E-19
  0.4740100000000E+12   0.5331684303679E-19
  0.6247180000000E+12   0.1497254466467E-18
  0.8233440000000E+12   0.4091610005388E-18
  0.1085120000000E+13   0.1077652594513E-17
  0.1430130000000E+13   0.2688587365958E-17
  0.1884830000000E+13   0.6209928477962E-17
  0.2484100000000E+13   0.1282794635349E-16
  0.3273910000000E+13   0.2252015980250E-16
  0.4314820000000E+13   0.3183227149012E-16
  0.5686700000000E+13   0.3519653814217E-16
  0.7494750000000E+13   0.3253612860304E-16
  0.7682960000000E+13   0.3215845276041E-16
  0.7875890000000E+13   0.3176074141121E-16
  0.8073670000000E+13   0.3134046631837E-16
  0.8276410000000E+13   0.3090001538254E-16
  0.8484250000000E+13   0.3044586471502E-16
  0.8697300000000E+13   0.3001934683157E-16
  0.8915700000000E+13   0.2957077312771E-16
  0.9139590000000E+13   0.2916356257156E-16
  0.9369100000000E+13   0.2874547739469E-16
  0.9604380000000E+13   0.2834121757346E-16
  0.9845560000000E+13   0.2794887960743E-16
  0.1009280000000E+14   0.2753586789896E-16
  0.1034620000000E+14   0.2712564512168E-16
  0.1060610000000E+14   0.2668841703862E-16
  0.1087240000000E+14   0.2628904655664E-16
  0.1114540000000E+14   0.2587195406059E-16
  0.1142530000000E+14   0.2546427333310E-16
  0.1171220000000E+14   0.2505866624467E-16
  0.1200630000000E+14   0.2463178439580E-16
  0.1230780000000E+14   0.2420338940552E-16
  0.1261690000000E+14   0.2374851760721E-16
  0.1293370000000E+14   0.2334575003625E-16
  0.1325850000000E+14   0.2292363663032E-16
  0.1359150000000E+14   0.2251007732933E-16
  0.1393280000000E+14   0.2209440051698E-16
  0.1428260000000E+14   0.2167664208332E-16
  0.1464130000000E+14   0.2130459975086E-16
  0.1500900000000E+14   0.2090257071662E-16
  0.1538590000000E+14   0.2036587522606E-16
  0.1577220000000E+14   0.1981012967805E-16
  0.1616830000000E+14   0.1890599332377E-16
  0.1657430000000E+14   0.1782812208675E-16
  0.1699050000000E+14   0.1667243421612E-16
  0.1741720000000E+14   0.1526191209936E-16
  0.1785460000000E+14   0.1393653279711E-16
  0.1830290000000E+14   0.1254871242126E-16
  0.1876260000000E+14   0.1124664613674E-16
  0.1923370000000E+14   0.1008535219685E-16
  0.1971670000000E+14   0.9031715568849E-17
  0.2021180000000E+14   0.8115875227649E-17
  0.2071940000000E+14   0.7397064482271E-17
  0.2123970000000E+14   0.6738677975433E-17
  0.2177310000000E+14   0.6654245616989E-17
  0.2231980000000E+14   0.6555235720763E-17
  0.2288030000000E+14   0.6616137044453E-17
  0.2345490000000E+14   0.6712207106301E-17
  0.2404390000000E+14   0.6819520144715E-17
  0.2464770000000E+14   0.6967709863470E-17
  0.2526660000000E+14   0.7073839084347E-17
  0.2590110000000E+14   0.7200250451587E-17
  0.2655150000000E+14   0.7284590950236E-17
  0.2721830000000E+14   0.7443095210034E-17
  0.2790180000000E+14   0.7595396178177E-17
  0.2860240000000E+14   0.7667691144883E-17
  0.2932070000000E+14   0.7655634059564E-17
  0.3005700000000E+14   0.7611368494811E-17
  0.3081180000000E+14   0.7412574806452E-17
  0.3158550000000E+14   0.7220094964151E-17
  0.3237870000000E+14   0.6463081502881E-17
  0.3319170000000E+14   0.5583736753182E-17
  0.3402530000000E+14   0.4773904506853E-17
  0.3487970000000E+14   0.4028945869469E-17
  0.3575560000000E+14   0.3335076560084E-17
  0.3665350000000E+14   0.2712976373108E-17
  0.3757390000000E+14   0.2113890953121E-17
  0.3851740000000E+14   0.1749973452384E-17
  0.3948470000000E+14   0.1455114585641E-17
  0.4047620000000E+14   0.1266337727907E-17
  0.4149260000000E+14   0.1200134720535E-17
  0.4253460000000E+14   0.1144671511902E-17
  0.4360270000000E+14   0.1128395651636E-17
  0.4469770000000E+14   0.1114571337234E-17
  0.4582010000000E+14   0.1103407580944E-17
  0.4697070000000E+14   0.1094287026902E-17
  0.4815020000000E+14   0.1085790883510E-17
  0.4935940000000E+14   0.1077776251350E-17
  0.5059890000000E+14   0.1071268130249E-17
  0.5186950000000E+14   0.1066685793561E-17
  0.5317200000000E+14   0.1062995552694E-17
  0.5450730000000E+14   0.1061577793300E-17
  0.6258450000000E+14   0.1069933090021E-17
  0.7185870000000E+14   0.1088624088101E-17
  0.8250720000000E+14   0.1095045718854E-17
  0.9473370000000E+14   0.1083063228395E-17
  0.1087720000000E+15   0.1057183529028E-17
  0.1248910000000E+15   0.1027178724766E-17
  0.1433980000000E+15   0.1003180297103E-17
  0.1646470000000E+15   0.9962043054566E-18
  0.1890460000000E+15   0.1017253694246E-17
  0.2170600000000E+15   0.1070141129838E-17
  0.2492250000000E+15   0.1157308894078E-17
  0.2861570000000E+15   0.1276603092181E-17
  0.3285620000000E+15   0.1420316266338E-17
  0.3772500000000E+15   0.1575456102599E-17
  0.4331540000000E+15   0.1722455542522E-17
  0.4973410000000E+15   0.1836151433115E-17
  0.5710410000000E+15   0.1889546111737E-17
  0.6556610000000E+15   0.1859597806115E-17
  0.7528220000000E+15   0.1733024009970E-17
  0.8643800000000E+15   0.1515101787115E-17
  0.9924690000000E+15   0.1229995555247E-17
  0.1139540000000E+16   0.9123046335242E-18
  0.1308400000000E+16   0.6130789606299E-18
  0.1502290000000E+16   0.3662358464926E-18
  0.1724910000000E+16   0.1907928799990E-18
  0.1980520000000E+16   0.8464607742176E-19
  0.2274010000000E+16   0.3133190830003E-19
  0.2610990000000E+16   0.9412905856821E-20
  0.2997900000000E+16   0.2225277418179E-20
