mstar = 2 Msun, Rstar = 2.5 Rsun, Tstar = 10000, mdisk = 0.0042976 Msun, Rc = 150 AU, Rin = 0.5 AU, Rout = 250 AU, inclination = 45 degree, powerlaw = -0.5 
         130
  
  0.2997900000000E+11   0.5711576758858E-23
  0.3951060000000E+11   0.1301062504777E-22
  0.5207280000000E+11   0.2960982413620E-22
  0.6862910000000E+11   0.6729291764859E-22
  0.9044930000000E+11   0.1526339840555E-21
  0.1192070000000E+12   0.3452749274636E-21
  0.1571080000000E+12   0.7782253858920E-21
  0.2070600000000E+12   0.1745534737686E-20
  0.2728930000000E+12   0.3889669740218E-20
  0.3596580000000E+12   0.9369838410235E-20
  0.4740100000000E+12   0.2694569393280E-19
  0.6247180000000E+12   0.7628029516080E-19
  0.8233440000000E+12   0.2110024226861E-18
  0.1085120000000E+13   0.5662128316202E-18
  0.1430130000000E+13   0.1454271455959E-17
  0.1884830000000E+13   0.3515835236115E-17
  0.2484100000000E+13   0.7800079719086E-17
  0.3273910000000E+13   0.1525118068395E-16
  0.4314820000000E+13   0.2499966679180E-16
  0.5686700000000E+13   0.3224486642116E-16
  0.7494750000000E+13   0.3186592297292E-16
  0.7682960000000E+13   0.3148173769577E-16
  0.7875890000000E+13   0.3105033171283E-16
  0.8073670000000E+13   0.3057404652695E-16
  0.8276410000000E+13   0.3005992997277E-16
  0.8484250000000E+13   0.2951835563964E-16
  0.8697300000000E+13   0.2898923334775E-16
  0.8915700000000E+13   0.2843317561112E-16
  0.9139590000000E+13   0.2790806413806E-16
  0.9369100000000E+13   0.2737274012718E-16
  0.9604380000000E+13   0.2685130292806E-16
  0.9845560000000E+13   0.2634494256147E-16
  0.1009280000000E+14   0.2582856929174E-16
  0.1034620000000E+14   0.2532377791421E-16
  0.1060610000000E+14   0.2480638353301E-16
  0.1087240000000E+14   0.2433259848044E-16
  0.1114540000000E+14   0.2385537412801E-16
  0.1142530000000E+14   0.2339797471965E-16
  0.1171220000000E+14   0.2295386893602E-16
  0.1200630000000E+14   0.2250197206253E-16
  0.1230780000000E+14   0.2205865836475E-16
  0.1261690000000E+14   0.2160085140867E-16
  0.1293370000000E+14   0.2119742233981E-16
  0.1325850000000E+14   0.2078394212977E-16
  0.1359150000000E+14   0.2038430334423E-16
  0.1393280000000E+14   0.1998806946515E-16
  0.1428260000000E+14   0.1959441868840E-16
  0.1464130000000E+14   0.1924584205871E-16
  0.1500900000000E+14   0.1887329533167E-16
  0.1538590000000E+14   0.1838106105698E-16
  0.1577220000000E+14   0.1787336107429E-16
  0.1616830000000E+14   0.1705072241457E-16
  0.1657430000000E+14   0.1607152868461E-16
  0.1699050000000E+14   0.1502285810340E-16
  0.1741720000000E+14   0.1374448180153E-16
  0.1785460000000E+14   0.1254471312247E-16
  0.1830290000000E+14   0.1128995088052E-16
  0.1876260000000E+14   0.1011436601704E-16
  0.1923370000000E+14   0.9067238257472E-17
  0.1971670000000E+14   0.8118425943989E-17
  0.2021180000000E+14   0.7294688932870E-17
  0.2071940000000E+14   0.6648699855150E-17
  0.2123970000000E+14   0.6057675341306E-17
  0.2177310000000E+14   0.5981124556990E-17
  0.2231980000000E+14   0.5892886207923E-17
  0.2288030000000E+14   0.5949853008475E-17
  0.2345490000000E+14   0.6040003527673E-17
  0.2404390000000E+14   0.6141568742981E-17
  0.2464770000000E+14   0.6281203003565E-17
  0.2526660000000E+14   0.6383582377160E-17
  0.2590110000000E+14   0.6505242646143E-17
  0.2655150000000E+14   0.6589403491170E-17
  0.2721830000000E+14   0.6741974108572E-17
  0.2790180000000E+14   0.6889962229833E-17
  0.2860240000000E+14   0.6965970958309E-17
  0.2932070000000E+14   0.6965580678933E-17
  0.3005700000000E+14   0.6936226577013E-17
  0.3081180000000E+14   0.6765240691787E-17
  0.3158550000000E+14   0.6600123869044E-17
  0.3237870000000E+14   0.5915059221212E-17
  0.3319170000000E+14   0.5117312259682E-17
  0.3402530000000E+14   0.4383687124935E-17
  0.3487970000000E+14   0.3709260453546E-17
  0.3575560000000E+14   0.3081181833958E-17
  0.3665350000000E+14   0.2518599889828E-17
  0.3757390000000E+14   0.1976543356135E-17
  0.3851740000000E+14   0.1647946159713E-17
  0.3948470000000E+14   0.1381781473592E-17
  0.4047620000000E+14   0.1211711281414E-17
  0.4149260000000E+14   0.1153444407190E-17
  0.4253460000000E+14   0.1104378058764E-17
  0.4360270000000E+14   0.1091611404348E-17
  0.4469770000000E+14   0.1080876940600E-17
  0.4582010000000E+14   0.1072382123490E-17
  0.4697070000000E+14   0.1065551055333E-17
  0.4815020000000E+14   0.1059020134761E-17
  0.4935940000000E+14   0.1052646572487E-17
  0.5059890000000E+14   0.1047443501840E-17
  0.5186950000000E+14   0.1043854706121E-17
  0.5317200000000E+14   0.1040885925131E-17
  0.5450730000000E+14   0.1039953193292E-17
  0.6258450000000E+14   0.1048135936701E-17
  0.7185870000000E+14   0.1064434492585E-17
  0.8250720000000E+14   0.1068397914184E-17
  0.9473370000000E+14   0.1055469578915E-17
  0.1087720000000E+15   0.1031299539397E-17
  0.1248910000000E+15   0.1005987786268E-17
  0.1433980000000E+15   0.9891432571487E-18
  0.1646470000000E+15   0.9904594728177E-18
  0.1890460000000E+15   0.1019134077486E-17
  0.2170600000000E+15   0.1077443671236E-17
  0.2492250000000E+15   0.1167145205750E-17
  0.2861570000000E+15   0.1286468702401E-17
  0.3285620000000E+15   0.1428471029969E-17
  0.3772500000000E+15   0.1581064145236E-17
  0.4331540000000E+15   0.1725726131519E-17
  0.4973410000000E+15   0.1838050708124E-17
  0.5710410000000E+15   0.1891107045378E-17
  0.6556610000000E+15   0.1861505326261E-17
  0.7528220000000E+15   0.1735780581639E-17
  0.8643800000000E+15   0.1518449427324E-17
  0.9924690000000E+15   0.1233065532671E-17
  0.1139540000000E+16   0.9154507154732E-18
  0.1308400000000E+16   0.6150617846253E-18
  0.1502290000000E+16   0.3672143722950E-18
  0.1724910000000E+16   0.1911748786128E-18
  0.1980520000000E+16   0.8482494735454E-19
  0.2274010000000E+16   0.3139658692207E-19
  0.2610990000000E+16   0.9431977820385E-20
  0.2997900000000E+16   0.2229722003365E-20
