mstar = 2 Msun, Rstar = 2.5 Rsun, Tstar = 10000, mdisk = 0.0014724 Msun, Rc = 150 AU, Rin = 0.5 AU, Rout = 250 AU, inclination = 45 degree, powerlaw = -0.5 
         130
  
  0.2997900000000E+11   0.2187743773166E-23
  0.3951060000000E+11   0.4976260001194E-23
  0.5207280000000E+11   0.1131497451115E-22
  0.6862910000000E+11   0.2570518939242E-22
  0.9044930000000E+11   0.5831043141382E-22
  0.1192070000000E+12   0.1319832504708E-21
  0.1571080000000E+12   0.2978213001034E-21
  0.2070600000000E+12   0.6691996855633E-21
  0.2728930000000E+12   0.1495076978854E-20
  0.3596580000000E+12   0.3614696769032E-20
  0.4740100000000E+12   0.1045166758658E-19
  0.6247180000000E+12   0.2982250799554E-19
  0.8233440000000E+12   0.8344913924493E-19
  0.1085120000000E+13   0.2277617156635E-18
  0.1430130000000E+13   0.6000041384699E-18
  0.1884830000000E+13   0.1507552213568E-17
  0.2484100000000E+13   0.3549598709274E-17
  0.3273910000000E+13   0.7610181710522E-17
  0.4314820000000E+13   0.1435682986458E-16
  0.5686700000000E+13   0.2254363036613E-16
  0.7494750000000E+13   0.2758034346416E-16
  0.7682960000000E+13   0.2769794053111E-16
  0.7875890000000E+13   0.2774111872348E-16
  0.8073670000000E+13   0.2770650301368E-16
  0.8276410000000E+13   0.2759761551263E-16
  0.8484250000000E+13   0.2742310739169E-16
  0.8697300000000E+13   0.2722739472655E-16
  0.8915700000000E+13   0.2695983420964E-16
  0.9139590000000E+13   0.2668570793289E-16
  0.9369100000000E+13   0.2635533941367E-16
  0.9604380000000E+13   0.2599536890797E-16
  0.9845560000000E+13   0.2560682586745E-16
  0.1009280000000E+14   0.2516556815544E-16
  0.1034620000000E+14   0.2469696687668E-16
  0.1060610000000E+14   0.2418164079985E-16
  0.1087240000000E+14   0.2367654010916E-16
  0.1114540000000E+14   0.2314194420478E-16
  0.1142530000000E+14   0.2260357480134E-16
  0.1171220000000E+14   0.2206021181433E-16
  0.1200630000000E+14   0.2149915871580E-16
  0.1230780000000E+14   0.2093899069646E-16
  0.1261690000000E+14   0.2036535867467E-16
  0.1293370000000E+14   0.1983734502845E-16
  0.1325850000000E+14   0.1930643886545E-16
  0.1359150000000E+14   0.1879460244710E-16
  0.1393280000000E+14   0.1829590835762E-16
  0.1428260000000E+14   0.1781144493034E-16
  0.1464130000000E+14   0.1737622711534E-16
  0.1500900000000E+14   0.1693614519293E-16
  0.1538590000000E+14   0.1641365431957E-16
  0.1577220000000E+14   0.1589131435482E-16
  0.1616830000000E+14   0.1512327099472E-16
  0.1657430000000E+14   0.1423540416317E-16
  0.1699050000000E+14   0.1329751876908E-16
  0.1741720000000E+14   0.1217766099310E-16
  0.1785460000000E+14   0.1112813962802E-16
  0.1830290000000E+14   0.1003981668496E-16
  0.1876260000000E+14   0.9021932062866E-17
  0.1923370000000E+14   0.8113977933479E-17
  0.1971670000000E+14   0.7290770564396E-17
  0.2021180000000E+14   0.6573255620895E-17
  0.2071940000000E+14   0.6003163611496E-17
  0.2123970000000E+14   0.5481331482660E-17
  0.2177310000000E+14   0.5379115201689E-17
  0.2231980000000E+14   0.5273879846517E-17
  0.2288030000000E+14   0.5294779749733E-17
  0.2345490000000E+14   0.5351488283977E-17
  0.2404390000000E+14   0.5425749002642E-17
  0.2464770000000E+14   0.5539614930534E-17
  0.2526660000000E+14   0.5627625897092E-17
  0.2590110000000E+14   0.5737009322921E-17
  0.2655150000000E+14   0.5817364281643E-17
  0.2721830000000E+14   0.5960325810196E-17
  0.2790180000000E+14   0.6101814782347E-17
  0.2860240000000E+14   0.6181603132968E-17
  0.2932070000000E+14   0.6194911038998E-17
  0.3005700000000E+14   0.6183371696065E-17
  0.3081180000000E+14   0.6046359292086E-17
  0.3158550000000E+14   0.5914521189319E-17
  0.3237870000000E+14   0.5318617878506E-17
  0.3319170000000E+14   0.4620848116126E-17
  0.3402530000000E+14   0.3978179610727E-17
  0.3487970000000E+14   0.3385867316490E-17
  0.3575560000000E+14   0.2832625579003E-17
  0.3665350000000E+14   0.2336005630274E-17
  0.3757390000000E+14   0.1855995481984E-17
  0.3851740000000E+14   0.1565076909243E-17
  0.3948470000000E+14   0.1326276110234E-17
  0.4047620000000E+14   0.1170979363884E-17
  0.4149260000000E+14   0.1117130205956E-17
  0.4253460000000E+14   0.1070871920373E-17
  0.4360270000000E+14   0.1058960886035E-17
  0.4469770000000E+14   0.1048800096999E-17
  0.4582010000000E+14   0.1040607888062E-17
  0.4697070000000E+14   0.1033833409121E-17
  0.4815020000000E+14   0.1027113721857E-17
  0.4935940000000E+14   0.1020293448717E-17
  0.5059890000000E+14   0.1014416580636E-17
  0.5186950000000E+14   0.1009984078329E-17
  0.5317200000000E+14   0.1005999857532E-17
  0.5450730000000E+14   0.1003996528500E-17
  0.6258450000000E+14   0.1005671091634E-17
  0.7185870000000E+14   0.1016874585968E-17
  0.8250720000000E+14   0.1018447448477E-17
  0.9473370000000E+14   0.1006849221594E-17
  0.1087720000000E+15   0.9881526975719E-18
  0.1248910000000E+15   0.9715517868475E-18
  0.1433980000000E+15   0.9649400825914E-18
  0.1646470000000E+15   0.9762452236729E-18
  0.1890460000000E+15   0.1013396111451E-17
  0.2170600000000E+15   0.1078133434904E-17
  0.2492250000000E+15   0.1171823434138E-17
  0.2861570000000E+15   0.1292632403079E-17
  0.3285620000000E+15   0.1434175339494E-17
  0.3772500000000E+15   0.1585409937013E-17
  0.4331540000000E+15   0.1728686782009E-17
  0.4973410000000E+15   0.1840070289239E-17
  0.5710410000000E+15   0.1892832670678E-17
  0.6556610000000E+15   0.1863534683885E-17
  0.7528220000000E+15   0.1738653415773E-17
  0.8643800000000E+15   0.1521925242334E-17
  0.9924690000000E+15   0.1236252370853E-17
  0.1139540000000E+16   0.9187195205618E-18
  0.1308400000000E+16   0.6171214977726E-18
  0.1502290000000E+16   0.3682302628007E-18
  0.1724910000000E+16   0.1915711941467E-18
  0.1980520000000E+16   0.8501054206927E-19
  0.2274010000000E+16   0.3146369386822E-19
  0.2610990000000E+16   0.9451765063783E-20
  0.2997900000000E+16   0.2234333144383E-20
