mstar = 2 Msun, Rstar = 2.5 Rsun, Tstar = 10000, mdisk = 0.0010127 Msun, Rc = 150 AU, Rin = 0.5 AU, Rout = 250 AU, inclination = 45 degree, powerlaw = -0.5 
         130
  
  0.2997900000000E+11   0.1566043154200E-23
  0.3951060000000E+11   0.3558289869494E-23
  0.5207280000000E+11   0.8084681929525E-23
  0.6862910000000E+11   0.1835769415107E-22
  0.9044930000000E+11   0.4163259367870E-22
  0.1192070000000E+12   0.9423027847920E-22
  0.1571080000000E+12   0.2126700255285E-21
  0.2070600000000E+12   0.4780651638535E-21
  0.2728930000000E+12   0.1068793164369E-20
  0.3596580000000E+12   0.2586639011201E-20
  0.4740100000000E+12   0.7490070353108E-20
  0.6247180000000E+12   0.2141838431493E-19
  0.8233440000000E+12   0.6012032355404E-19
  0.1085120000000E+13   0.1648281867408E-18
  0.1430130000000E+13   0.4370540603356E-18
  0.1884830000000E+13   0.1108708453027E-17
  0.2484100000000E+13   0.2648209052733E-17
  0.3273910000000E+13   0.5802573594176E-17
  0.4314820000000E+13   0.1131940897614E-16
  0.5686700000000E+13   0.1869803996651E-16
  0.7494750000000E+13   0.2453127522687E-16
  0.7682960000000E+13   0.2480751632288E-16
  0.7875890000000E+13   0.2501914152129E-16
  0.8073670000000E+13   0.2516064628330E-16
  0.8276410000000E+13   0.2523335837493E-16
  0.8484250000000E+13   0.2524398314730E-16
  0.8697300000000E+13   0.2523703365475E-16
  0.8915700000000E+13   0.2515749092823E-16
  0.9139590000000E+13   0.2507240562905E-16
  0.9369100000000E+13   0.2492698661528E-16
  0.9604380000000E+13   0.2474742623679E-16
  0.9845560000000E+13   0.2453262459359E-16
  0.1009280000000E+14   0.2425421435480E-16
  0.1034620000000E+14   0.2393739177626E-16
  0.1060610000000E+14   0.2355947628110E-16
  0.1087240000000E+14   0.2317999188191E-16
  0.1114540000000E+14   0.2275484397290E-16
  0.1142530000000E+14   0.2231051578699E-16
  0.1171220000000E+14   0.2184486669160E-16
  0.1200630000000E+14   0.2134453815574E-16
  0.1230780000000E+14   0.2082927101240E-16
  0.1261690000000E+14   0.2028532539720E-16
  0.1293370000000E+14   0.1977307774959E-16
  0.1325850000000E+14   0.1924486505413E-16
  0.1359150000000E+14   0.1872401422426E-16
  0.1393280000000E+14   0.1820644454659E-16
  0.1428260000000E+14   0.1769516587612E-16
  0.1464130000000E+14   0.1722483683651E-16
  0.1500900000000E+14   0.1674652115029E-16
  0.1538590000000E+14   0.1619109936245E-16
  0.1577220000000E+14   0.1563712430254E-16
  0.1616830000000E+14   0.1486032363577E-16
  0.1657430000000E+14   0.1397751222166E-16
  0.1699050000000E+14   0.1305285510477E-16
  0.1741720000000E+14   0.1196507915444E-16
  0.1785460000000E+14   0.1094529501151E-16
  0.1830290000000E+14   0.9892761707521E-17
  0.1876260000000E+14   0.8907496063551E-17
  0.1923370000000E+14   0.8025813544621E-17
  0.1971670000000E+14   0.7224443297720E-17
  0.2021180000000E+14   0.6523069366035E-17
  0.2071940000000E+14   0.5961335234632E-17
  0.2123970000000E+14   0.5446631868867E-17
  0.2177310000000E+14   0.5327542960212E-17
  0.2231980000000E+14   0.5205956359479E-17
  0.2288030000000E+14   0.5202429189909E-17
  0.2345490000000E+14   0.5233646290834E-17
  0.2404390000000E+14   0.5283790770577E-17
  0.2464770000000E+14   0.5374182797196E-17
  0.2526660000000E+14   0.5444390989054E-17
  0.2590110000000E+14   0.5538380417107E-17
  0.2655150000000E+14   0.5608610173817E-17
  0.2721830000000E+14   0.5741122914373E-17
  0.2790180000000E+14   0.5875049619141E-17
  0.2860240000000E+14   0.5952240163594E-17
  0.2932070000000E+14   0.5967085377167E-17
  0.3005700000000E+14   0.5958833120288E-17
  0.3081180000000E+14   0.5830817849381E-17
  0.3158550000000E+14   0.5707896902781E-17
  0.3237870000000E+14   0.5139874644947E-17
  0.3319170000000E+14   0.4473301228269E-17
  0.3402530000000E+14   0.3859799023553E-17
  0.3487970000000E+14   0.3294970444244E-17
  0.3575560000000E+14   0.2767289025520E-17
  0.3665350000000E+14   0.2292751463113E-17
  0.3757390000000E+14   0.1832819220032E-17
  0.3851740000000E+14   0.1553488684465E-17
  0.3948470000000E+14   0.1323054416438E-17
  0.4047620000000E+14   0.1170926326814E-17
  0.4149260000000E+14   0.1117045394720E-17
  0.4253460000000E+14   0.1070082547642E-17
  0.4360270000000E+14   0.1058032005865E-17
  0.4469770000000E+14   0.1047665315784E-17
  0.4582010000000E+14   0.1039217958529E-17
  0.4697070000000E+14   0.1032130146451E-17
  0.4815020000000E+14   0.1025001376207E-17
  0.4935940000000E+14   0.1017676165123E-17
  0.5059890000000E+14   0.1011244686849E-17
  0.5186950000000E+14   0.1006243163513E-17
  0.5317200000000E+14   0.1001645322227E-17
  0.5450730000000E+14   0.9990640526781E-18
  0.6258450000000E+14   0.9975205688846E-18
  0.7185870000000E+14   0.1005615579398E-17
  0.8250720000000E+14   0.1004435801081E-17
  0.9473370000000E+14   0.9912487346845E-18
  0.1087720000000E+15   0.9727276295585E-18
  0.1248910000000E+15   0.9581163284743E-18
  0.1433980000000E+15   0.9547885878554E-18
  0.1646470000000E+15   0.9697342410132E-18
  0.1890460000000E+15   0.1009937212388E-17
  0.2170600000000E+15   0.1076725377968E-17
  0.2492250000000E+15   0.1171618014833E-17
  0.2861570000000E+15   0.1293113023412E-17
  0.3285620000000E+15   0.1434915295249E-17
  0.3772500000000E+15   0.1586061865924E-17
  0.4331540000000E+15   0.1729164177670E-17
  0.4973410000000E+15   0.1840449449780E-17
  0.5710410000000E+15   0.1893216341765E-17
  0.6556610000000E+15   0.1864020218212E-17
  0.7528220000000E+15   0.1739350923230E-17
  0.8643800000000E+15   0.1522770455870E-17
  0.9924690000000E+15   0.1237027481828E-17
  0.1139540000000E+16   0.9195150505628E-18
  0.1308400000000E+16   0.6176227013468E-18
  0.1502290000000E+16   0.3684773769771E-18
  0.1724910000000E+16   0.1916675560160E-18
  0.1980520000000E+16   0.8505567158412E-19
  0.2274010000000E+16   0.3148001119157E-19
  0.2610990000000E+16   0.9456576293610E-20
  0.2997900000000E+16   0.2235454313620E-20
