mstar = 2 Msun, Rstar = 2.5 Rsun, Tstar = 10000, mdisk = 0.0021162 Msun, Rc = 150 AU, Rin = 0.5 AU, Rout = 250 AU, inclination = 45 degree, powerlaw = -0.5 
         130
  
  0.2997900000000E+11   0.3025562798670E-23
  0.3951060000000E+11   0.6886854049701E-23
  0.5207280000000E+11   0.1566662455103E-22
  0.6862910000000E+11   0.3560059233110E-22
  0.9044930000000E+11   0.8076361082199E-22
  0.1192070000000E+12   0.1827854559905E-21
  0.1571080000000E+12   0.4123326017492E-21
  0.2070600000000E+12   0.9260215038822E-21
  0.2728930000000E+12   0.2067222086351E-20
  0.3596580000000E+12   0.4992403830577E-20
  0.4740100000000E+12   0.1441162627354E-19
  0.6247180000000E+12   0.4102381280564E-19
  0.8233440000000E+12   0.1143987657191E-18
  0.1085120000000E+13   0.3106825608754E-18
  0.1430130000000E+13   0.8124892421519E-18
  0.1884830000000E+13   0.2019323867480E-17
  0.2484100000000E+13   0.4676612967115E-17
  0.3273910000000E+13   0.9774897879931E-17
  0.4314820000000E+13   0.1773145015932E-16
  0.5686700000000E+13   0.2627157893919E-16
  0.7494750000000E+13   0.2985441953974E-16
  0.7682960000000E+13   0.2978124838106E-16
  0.7875890000000E+13   0.2963291162241E-16
  0.8073670000000E+13   0.2940883404620E-16
  0.8276410000000E+13   0.2911485157997E-16
  0.8484250000000E+13   0.2876133738327E-16
  0.8697300000000E+13   0.2839130495318E-16
  0.8915700000000E+13   0.2796026722273E-16
  0.9139590000000E+13   0.2753019261196E-16
  0.9369100000000E+13   0.2705745290669E-16
  0.9604380000000E+13   0.2656834608769E-16
  0.9845560000000E+13   0.2606553000730E-16
  0.1009280000000E+14   0.2552770022693E-16
  0.1034620000000E+14   0.2497930510035E-16
  0.1060610000000E+14   0.2440205536725E-16
  0.1087240000000E+14   0.2385071878795E-16
  0.1114540000000E+14   0.2328665270064E-16
  0.1142530000000E+14   0.2273421140390E-16
  0.1171220000000E+14   0.2219118561017E-16
  0.1200630000000E+14   0.2164287580534E-16
  0.1230780000000E+14   0.2110618980140E-16
  0.1261690000000E+14   0.2056389053433E-16
  0.1293370000000E+14   0.2007633975853E-16
  0.1325850000000E+14   0.1959024298366E-16
  0.1359150000000E+14   0.1912690241901E-16
  0.1393280000000E+14   0.1867796400518E-16
  0.1428260000000E+14   0.1824282698412E-16
  0.1464130000000E+14   0.1785824928740E-16
  0.1500900000000E+14   0.1746376913142E-16
  0.1538590000000E+14   0.1697361844322E-16
  0.1577220000000E+14   0.1647773530794E-16
  0.1616830000000E+14   0.1570798963451E-16
  0.1657430000000E+14   0.1480261361754E-16
  0.1699050000000E+14   0.1383821578630E-16
  0.1741720000000E+14   0.1267121832319E-16
  0.1785460000000E+14   0.1157674099888E-16
  0.1830290000000E+14   0.1043577303290E-16
  0.1876260000000E+14   0.9367768566582E-17
  0.1923370000000E+14   0.8416154777235E-17
  0.1971670000000E+14   0.7553834870703E-17
  0.2021180000000E+14   0.6804003884870E-17
  0.2071940000000E+14   0.6212556979039E-17
  0.2123970000000E+14   0.5671167792600E-17
  0.2177310000000E+14   0.5585577754436E-17
  0.2231980000000E+14   0.5493954431657E-17
  0.2288030000000E+14   0.5536735315544E-17
  0.2345490000000E+14   0.5614550561044E-17
  0.2404390000000E+14   0.5707221961799E-17
  0.2464770000000E+14   0.5838384297119E-17
  0.2526660000000E+14   0.5938072215639E-17
  0.2590110000000E+14   0.6057577444227E-17
  0.2655150000000E+14   0.6143877120270E-17
  0.2721830000000E+14   0.6294698731596E-17
  0.2790180000000E+14   0.6442395867235E-17
  0.2860240000000E+14   0.6523651716233E-17
  0.2932070000000E+14   0.6533891548824E-17
  0.3005700000000E+14   0.6517349694882E-17
  0.3081180000000E+14   0.6368128307072E-17
  0.3158550000000E+14   0.6224096425072E-17
  0.3237870000000E+14   0.5591350428234E-17
  0.3319170000000E+14   0.4851247556239E-17
  0.3402530000000E+14   0.4169414168340E-17
  0.3487970000000E+14   0.3540898885427E-17
  0.3575560000000E+14   0.2953532287278E-17
  0.3665350000000E+14   0.2425982412143E-17
  0.3757390000000E+14   0.1916643168932E-17
  0.3851740000000E+14   0.1608186195454E-17
  0.3948470000000E+14   0.1356517963398E-17
  0.4047620000000E+14   0.1194284221517E-17
  0.4149260000000E+14   0.1138306913330E-17
  0.4253460000000E+14   0.1090662864447E-17
  0.4360270000000E+14   0.1078097109403E-17
  0.4469770000000E+14   0.1067397259143E-17
  0.4582010000000E+14   0.1058778090827E-17
  0.4697070000000E+14   0.1051681484234E-17
  0.4815020000000E+14   0.1044747937081E-17
  0.4935940000000E+14   0.1037828251859E-17
  0.5059890000000E+14   0.1031952259813E-17
  0.5186950000000E+14   0.1027593744205E-17
  0.5317200000000E+14   0.1023762179257E-17
  0.5450730000000E+14   0.1021932874161E-17
  0.6258450000000E+14   0.1024834650003E-17
  0.7185870000000E+14   0.1036695461958E-17
  0.8250720000000E+14   0.1037858646376E-17
  0.9473370000000E+14   0.1024467288122E-17
  0.1087720000000E+15   0.1002579699572E-17
  0.1248910000000E+15   0.9819351266620E-18
  0.1433980000000E+15   0.9712655426469E-18
  0.1646470000000E+15   0.9792322578909E-18
  0.1890460000000E+15   0.1014084510727E-17
  0.2170600000000E+15   0.1077373001447E-17
  0.2492250000000E+15   0.1170185871697E-17
  0.2861570000000E+15   0.1290650587661E-17
  0.3285620000000E+15   0.1432405943863E-17
  0.3772500000000E+15   0.1584134116310E-17
  0.4331540000000E+15   0.1727853468214E-17
  0.4973410000000E+15   0.1839498177037E-17
  0.5710410000000E+15   0.1892332237434E-17
  0.6556610000000E+15   0.1862943619214E-17
  0.7528220000000E+15   0.1737819117594E-17
  0.8643800000000E+15   0.1520916967455E-17
  0.9924690000000E+15   0.1235328029431E-17
  0.1139540000000E+16   0.9177711056069E-18
  0.1308400000000E+16   0.6165239390808E-18
  0.1502290000000E+16   0.3679355960493E-18
  0.1724910000000E+16   0.1914562680430E-18
  0.1980520000000E+16   0.8495671994075E-19
  0.2274010000000E+16   0.3144423332493E-19
  0.2610990000000E+16   0.9446026982402E-20
  0.2997900000000E+16   0.2232995978711E-20
