mstar = 2 Msun, Rstar = 2.5 Rsun, Tstar = 10000, mdisk = 0.0013293 Msun, Rc = 150 AU, Rin = 0.5 AU, Rout = 250 AU, inclination = 45 degree, powerlaw = -0.5 
         130
  
  0.2997900000000E+11   0.1998746210483E-23
  0.3951060000000E+11   0.4545235151608E-23
  0.5207280000000E+11   0.1033317075024E-22
  0.6862910000000E+11   0.2347237347530E-22
  0.9044930000000E+11   0.5324330552514E-22
  0.1192070000000E+12   0.1205162021238E-21
  0.1571080000000E+12   0.2719671350446E-21
  0.2070600000000E+12   0.6111948464685E-21
  0.2728930000000E+12   0.1365794891949E-20
  0.3596580000000E+12   0.3303188904029E-20
  0.4740100000000E+12   0.9555414833175E-20
  0.6247180000000E+12   0.2728367534415E-19
  0.8233440000000E+12   0.7641910992940E-19
  0.1085120000000E+13   0.2088644783395E-18
  0.1430130000000E+13   0.5513286464255E-18
  0.1884830000000E+13   0.1389339086522E-17
  0.2484100000000E+13   0.3285642228031E-17
  0.3273910000000E+13   0.7091016022254E-17
  0.4314820000000E+13   0.1351291383434E-16
  0.5686700000000E+13   0.2153949532303E-16
  0.7494750000000E+13   0.2688663498315E-16
  0.7682960000000E+13   0.2705382220848E-16
  0.7875890000000E+13   0.2714834285672E-16
  0.8073670000000E+13   0.2716612305653E-16
  0.8276410000000E+13   0.2711004388416E-16
  0.8484250000000E+13   0.2698824464195E-16
  0.8697300000000E+13   0.2684549594278E-16
  0.8915700000000E+13   0.2662945848959E-16
  0.9139590000000E+13   0.2640638598981E-16
  0.9369100000000E+13   0.2612477222131E-16
  0.9604380000000E+13   0.2581131112619E-16
  0.9845560000000E+13   0.2546644502048E-16
  0.1009280000000E+14   0.2506480135296E-16
  0.1034620000000E+14   0.2463190478443E-16
  0.1060610000000E+14   0.2414752227165E-16
  0.1087240000000E+14   0.2366956994418E-16
  0.1114540000000E+14   0.2315717249642E-16
  0.1142530000000E+14   0.2263645036593E-16
  0.1171220000000E+14   0.2210610303865E-16
  0.1200630000000E+14   0.2155343655474E-16
  0.1230780000000E+14   0.2099752019252E-16
  0.1261690000000E+14   0.2042435845746E-16
  0.1293370000000E+14   0.1989342269701E-16
  0.1325850000000E+14   0.1935666935020E-16
  0.1359150000000E+14   0.1883645922311E-16
  0.1393280000000E+14   0.1832747575975E-16
  0.1428260000000E+14   0.1783138215692E-16
  0.1464130000000E+14   0.1738309727955E-16
  0.1500900000000E+14   0.1692991746949E-16
  0.1538590000000E+14   0.1639639433529E-16
  0.1577220000000E+14   0.1586390678244E-16
  0.1616830000000E+14   0.1509177937336E-16
  0.1657430000000E+14   0.1420340559728E-16
  0.1699050000000E+14   0.1326708892750E-16
  0.1741720000000E+14   0.1215335894395E-16
  0.1785460000000E+14   0.1110943532468E-16
  0.1830290000000E+14   0.1002815350775E-16
  0.1876260000000E+14   0.9016623874706E-17
  0.1923370000000E+14   0.8113478003135E-17
  0.1971670000000E+14   0.7293968876677E-17
  0.2021180000000E+14   0.6578753339836E-17
  0.2071940000000E+14   0.6009112865961E-17
  0.2123970000000E+14   0.5487401596607E-17
  0.2177310000000E+14   0.5379939602524E-17
  0.2231980000000E+14   0.5269786014543E-17
  0.2288030000000E+14   0.5284282454033E-17
  0.2345490000000E+14   0.5334708290916E-17
  0.2404390000000E+14   0.5403306958524E-17
  0.2464770000000E+14   0.5511925545598E-17
  0.2526660000000E+14   0.5596064383040E-17
  0.2590110000000E+14   0.5702255170097E-17
  0.2655150000000E+14   0.5780539024252E-17
  0.2721830000000E+14   0.5921423508587E-17
  0.2790180000000E+14   0.6061344679681E-17
  0.2860240000000E+14   0.6140423388783E-17
  0.2932070000000E+14   0.6153876818046E-17
  0.3005700000000E+14   0.6142790920165E-17
  0.3081180000000E+14   0.6007181842116E-17
  0.3158550000000E+14   0.5876693487742E-17
  0.3237870000000E+14   0.5285365733556E-17
  0.3319170000000E+14   0.4592944338365E-17
  0.3402530000000E+14   0.3955165906677E-17
  0.3487970000000E+14   0.3367473482607E-17
  0.3575560000000E+14   0.2818611066357E-17
  0.3665350000000E+14   0.2325631216103E-17
  0.3757390000000E+14   0.1847844414560E-17
  0.3851740000000E+14   0.1557500416261E-17
  0.3948470000000E+14   0.1318465836396E-17
  0.4047620000000E+14   0.1162362366607E-17
  0.4149260000000E+14   0.1108122923962E-17
  0.4253460000000E+14   0.1061414213705E-17
  0.4360270000000E+14   0.1049555085333E-17
  0.4469770000000E+14   0.1039443317895E-17
  0.4582010000000E+14   0.1031302847930E-17
  0.4697070000000E+14   0.1024574145584E-17
  0.4815020000000E+14   0.1017872109328E-17
  0.4935940000000E+14   0.1011041372571E-17
  0.5059890000000E+14   0.1005148014178E-17
  0.5186950000000E+14   0.1000706366117E-17
  0.5317200000000E+14   0.9967027292530E-18
  0.5450730000000E+14   0.9947027691213E-18
  0.6258450000000E+14   0.9964702653875E-18
  0.7185870000000E+14   0.1007870077673E-17
  0.8250720000000E+14   0.1009700593737E-17
  0.9473370000000E+14   0.9985984739064E-18
  0.1087720000000E+15   0.9807979908909E-18
  0.1248910000000E+15   0.9654915624960E-18
  0.1433980000000E+15   0.9604147362045E-18
  0.1646470000000E+15   0.9732293120685E-18
  0.1890460000000E+15   0.1011616598254E-17
  0.2170600000000E+15   0.1077240893646E-17
  0.2492250000000E+15   0.1171525025559E-17
  0.2861570000000E+15   0.1292706843868E-17
  0.3285620000000E+15   0.1434412503784E-17
  0.3772500000000E+15   0.1585649050004E-17
  0.4331540000000E+15   0.1728869332378E-17
  0.4973410000000E+15   0.1840203365585E-17
  0.5710410000000E+15   0.1892947801633E-17
  0.6556610000000E+15   0.1863667054715E-17
  0.7528220000000E+15   0.1738838143836E-17
  0.8643800000000E+15   0.1522148033630E-17
  0.9924690000000E+15   0.1236456582297E-17
  0.1139540000000E+16   0.9189290823450E-18
  0.1308400000000E+16   0.6172535290537E-18
  0.1502290000000E+16   0.3682953630716E-18
  0.1724910000000E+16   0.1915965814873E-18
  0.1980520000000E+16   0.8502243169553E-19
  0.2274010000000E+16   0.3146799277887E-19
  0.2610990000000E+16   0.9453032619718E-20
  0.2997900000000E+16   0.2234628525930E-20
