mstar = 2 Msun, Rstar = 2.5 Rsun, Tstar = 10000, mdisk = 0.000126 Msun, Rc = 150 AU, Rin = 0.5 AU, Rout = 250 AU, inclination = 45 degree, powerlaw = -0.5 
         130
  
  0.2997900000000E+11   0.2682327023022E-24
  0.3951060000000E+11   0.5973843753030E-24
  0.5207280000000E+11   0.1336794787922E-23
  0.6862910000000E+11   0.3001344867033E-23
  0.9044930000000E+11   0.6752061324045E-23
  0.1192070000000E+12   0.1520155919058E-22
  0.1571080000000E+12   0.3420916236111E-22
  0.2070600000000E+12   0.7684775942502E-22
  0.2728930000000E+12   0.1720717098470E-21
  0.3596580000000E+12   0.4178006741485E-21
  0.4740100000000E+12   0.1216555987099E-20
  0.6247180000000E+12   0.3513901331500E-20
  0.8233440000000E+12   0.1001424927250E-19
  0.1085120000000E+13   0.2806006738879E-19
  0.1430130000000E+13   0.7672796627283E-19
  0.1884830000000E+13   0.2032709235256E-18
  0.2484100000000E+13   0.5162430764090E-18
  0.3273910000000E+13   0.1233866884492E-17
  0.4314820000000E+13   0.2722985515344E-17
  0.5686700000000E+13   0.5353698143141E-17
  0.7494750000000E+13   0.8920852368475E-17
  0.7682960000000E+13   0.9248617071124E-17
  0.7875890000000E+13   0.9566347192871E-17
  0.8073670000000E+13   0.9869859692578E-17
  0.8276410000000E+13   0.1015805144000E-16
  0.8484250000000E+13   0.1043279101176E-16
  0.8697300000000E+13   0.1071903911780E-16
  0.8915700000000E+13   0.1098337851365E-16
  0.9139590000000E+13   0.1126659730221E-16
  0.9369100000000E+13   0.1153302159557E-16
  0.9604380000000E+13   0.1179838718267E-16
  0.9845560000000E+13   0.1206069589893E-16
  0.1009280000000E+14   0.1229594274433E-16
  0.1034620000000E+14   0.1251944478469E-16
  0.1060610000000E+14   0.1270874257843E-16
  0.1087240000000E+14   0.1290994156904E-16
  0.1114540000000E+14   0.1308149883223E-16
  0.1142530000000E+14   0.1324269653561E-16
  0.1171220000000E+14   0.1338703275823E-16
  0.1200630000000E+14   0.1349564168237E-16
  0.1230780000000E+14   0.1358267662817E-16
  0.1261690000000E+14   0.1362790878818E-16
  0.1293370000000E+14   0.1369165898506E-16
  0.1325850000000E+14   0.1371778233324E-16
  0.1359150000000E+14   0.1372740050688E-16
  0.1393280000000E+14   0.1371157203674E-16
  0.1428260000000E+14   0.1366999647753E-16
  0.1464130000000E+14   0.1363936290690E-16
  0.1500900000000E+14   0.1356094098625E-16
  0.1538590000000E+14   0.1335645960177E-16
  0.1577220000000E+14   0.1311589032803E-16
  0.1616830000000E+14   0.1259727455498E-16
  0.1657430000000E+14   0.1193657343413E-16
  0.1699050000000E+14   0.1120757829360E-16
  0.1741720000000E+14   0.1028129640138E-16
  0.1785460000000E+14   0.9408047057162E-17
  0.1830290000000E+14   0.8477588766431E-17
  0.1876260000000E+14   0.7599090614197E-17
  0.1923370000000E+14   0.6814526614796E-17
  0.1971670000000E+14   0.6099856537010E-17
  0.2021180000000E+14   0.5479913324088E-17
  0.2071940000000E+14   0.5004635263662E-17
  0.2123970000000E+14   0.4567959672110E-17
  0.2177310000000E+14   0.4585071285818E-17
  0.2231980000000E+14   0.4580597978829E-17
  0.2288030000000E+14   0.4688460840661E-17
  0.2345490000000E+14   0.4805803909011E-17
  0.2404390000000E+14   0.4912633867680E-17
  0.2464770000000E+14   0.5028146000390E-17
  0.2526660000000E+14   0.5096821015776E-17
  0.2590110000000E+14   0.5162524761376E-17
  0.2655150000000E+14   0.5189772581100E-17
  0.2721830000000E+14   0.5250511785089E-17
  0.2790180000000E+14   0.5300210481977E-17
  0.2860240000000E+14   0.5303560802723E-17
  0.2932070000000E+14   0.5263519892142E-17
  0.3005700000000E+14   0.5211116045491E-17
  0.3081180000000E+14   0.5081799427079E-17
  0.3158550000000E+14   0.4961924106034E-17
  0.3237870000000E+14   0.4538927642849E-17
  0.3319170000000E+14   0.4046308149389E-17
  0.3402530000000E+14   0.3585710923441E-17
  0.3487970000000E+14   0.3150278105705E-17
  0.3575560000000E+14   0.2724678291432E-17
  0.3665350000000E+14   0.2309524054780E-17
  0.3757390000000E+14   0.1842705547702E-17
  0.3851740000000E+14   0.1506032294626E-17
  0.3948470000000E+14   0.1180321937283E-17
  0.4047620000000E+14   0.9434587097363E-18
  0.4149260000000E+14   0.8659089938846E-18
  0.4253460000000E+14   0.7974209785691E-18
  0.4360270000000E+14   0.7872916674192E-18
  0.4469770000000E+14   0.7782143759829E-18
  0.4582010000000E+14   0.7708924581623E-18
  0.4697070000000E+14   0.7645808293482E-18
  0.4815020000000E+14   0.7571006642453E-18
  0.4935940000000E+14   0.7484221975684E-18
  0.5059890000000E+14   0.7406427069772E-18
  0.5186950000000E+14   0.7349058649128E-18
  0.5317200000000E+14   0.7295603506461E-18
  0.5450730000000E+14   0.7275352186175E-18
  0.6258450000000E+14   0.7395796161612E-18
  0.7185870000000E+14   0.7774072178174E-18
  0.8250720000000E+14   0.8136039871873E-18
  0.9473370000000E+14   0.8418945151707E-18
  0.1087720000000E+15   0.8661091465824E-18
  0.1248910000000E+15   0.8905183230024E-18
  0.1433980000000E+15   0.9179024066963E-18
  0.1646470000000E+15   0.9529168859506E-18
  0.1890460000000E+15   0.1003007943958E-17
  0.2170600000000E+15   0.1072651771383E-17
  0.2492250000000E+15   0.1167511787020E-17
  0.2861570000000E+15   0.1288999103349E-17
  0.3285620000000E+15   0.1431655725414E-17
  0.3772500000000E+15   0.1584114402574E-17
  0.4331540000000E+15   0.1728442644428E-17
  0.4973410000000E+15   0.1840637905666E-17
  0.5710410000000E+15   0.1894049254681E-17
  0.6556610000000E+15   0.1865427836750E-17
  0.7528220000000E+15   0.1741506629536E-17
  0.8643800000000E+15   0.1525409869968E-17
  0.9924690000000E+15   0.1239450960284E-17
  0.1139540000000E+16   0.9220039069248E-18
  0.1308400000000E+16   0.6191905846757E-18
  0.1502290000000E+16   0.3692501844247E-18
  0.1724910000000E+16   0.1919688069943E-18
  0.1980520000000E+16   0.8519676568404E-19
  0.2274010000000E+16   0.3153102481056E-19
  0.2610990000000E+16   0.9471617571852E-20
  0.2997900000000E+16   0.2238959356509E-20
