mstar = 2 Msun, Rstar = 2.5 Rsun, Tstar = 10000, mdisk = 0.0012878 Msun, Rc = 150 AU, Rin = 0.5 AU, Rout = 250 AU, inclination = 45 degree, powerlaw = -0.5 
         130
  
  0.2997900000000E+11   0.1942814000861E-23
  0.3951060000000E+11   0.4417667141121E-23
  0.5207280000000E+11   0.1004256203721E-22
  0.6862910000000E+11   0.2281138225943E-22
  0.9044930000000E+11   0.5174299129932E-22
  0.1192070000000E+12   0.1171201438568E-21
  0.1571080000000E+12   0.2643078153407E-21
  0.2070600000000E+12   0.5940037259104E-21
  0.2728930000000E+12   0.1327457988211E-20
  0.3596580000000E+12   0.3210746985840E-20
  0.4740100000000E+12   0.9289171743144E-20
  0.6247180000000E+12   0.2652840388333E-19
  0.8233440000000E+12   0.7432360787127E-19
  0.1085120000000E+13   0.2032159322572E-18
  0.1430130000000E+13   0.5367245652179E-18
  0.1884830000000E+13   0.1353680326406E-17
  0.2484100000000E+13   0.3205404936684E-17
  0.3273910000000E+13   0.6931393824033E-17
  0.4314820000000E+13   0.1324875070272E-16
  0.5686700000000E+13   0.2121517166349E-16
  0.7494750000000E+13   0.2664591164993E-16
  0.7682960000000E+13   0.2682767516628E-16
  0.7875890000000E+13   0.2693743375435E-16
  0.8073670000000E+13   0.2697091123788E-16
  0.8276410000000E+13   0.2693078201334E-16
  0.8484250000000E+13   0.2682500745841E-16
  0.8697300000000E+13   0.2669836436237E-16
  0.8915700000000E+13   0.2649810979037E-16
  0.9139590000000E+13   0.2629063524909E-16
  0.9369100000000E+13   0.2602398427168E-16
  0.9604380000000E+13   0.2572480421326E-16
  0.9845560000000E+13   0.2539334999766E-16
  0.1009280000000E+14   0.2500391818189E-16
  0.1034620000000E+14   0.2458202399128E-16
  0.1060610000000E+14   0.2410720041742E-16
  0.1087240000000E+14   0.2363751898536E-16
  0.1114540000000E+14   0.2313185291086E-16
  0.1142530000000E+14   0.2261637208084E-16
  0.1171220000000E+14   0.2208974887495E-16
  0.1200630000000E+14   0.2153932687418E-16
  0.1230780000000E+14   0.2098427652814E-16
  0.1261690000000E+14   0.2041079055387E-16
  0.1293370000000E+14   0.1987827896731E-16
  0.1325850000000E+14   0.1933897967868E-16
  0.1359150000000E+14   0.1881537108213E-16
  0.1393280000000E+14   0.1830236361546E-16
  0.1428260000000E+14   0.1780182290082E-16
  0.1464130000000E+14   0.1734853843914E-16
  0.1500900000000E+14   0.1689048245545E-16
  0.1538590000000E+14   0.1635311536605E-16
  0.1577220000000E+14   0.1581719847730E-16
  0.1616830000000E+14   0.1504446326028E-16
  0.1657430000000E+14   0.1415712946118E-16
  0.1699050000000E+14   0.1322282913029E-16
  0.1741720000000E+14   0.1211339138564E-16
  0.1785460000000E+14   0.1107358329991E-16
  0.1830290000000E+14   0.9997250809644E-17
  0.1876260000000E+14   0.8990375140634E-17
  0.1923370000000E+14   0.8091184101953E-17
  0.1971670000000E+14   0.7275201354593E-17
  0.2021180000000E+14   0.6562811328532E-17
  0.2071940000000E+14   0.5994905018415E-17
  0.2123970000000E+14   0.5474814203582E-17
  0.2177310000000E+14   0.5365089206052E-17
  0.2231980000000E+14   0.5252997083946E-17
  0.2288030000000E+14   0.5264690565341E-17
  0.2345490000000E+14   0.5312452007137E-17
  0.2404390000000E+14   0.5378779967586E-17
  0.2464770000000E+14   0.5485367132946E-17
  0.2526660000000E+14   0.5568146691153E-17
  0.2590110000000E+14   0.5673284106897E-17
  0.2655150000000E+14   0.5751097467866E-17
  0.2721830000000E+14   0.5891620808657E-17
  0.2790180000000E+14   0.6031555027748E-17
  0.2860240000000E+14   0.6111134774388E-17
  0.2932070000000E+14   0.6125318953091E-17
  0.3005700000000E+14   0.6115058104497E-17
  0.3081180000000E+14   0.5980695099160E-17
  0.3158550000000E+14   0.5851410310514E-17
  0.3237870000000E+14   0.5262785136339E-17
  0.3319170000000E+14   0.4573292847156E-17
  0.3402530000000E+14   0.3938581410256E-17
  0.3487970000000E+14   0.3353969245318E-17
  0.3575560000000E+14   0.2807830193375E-17
  0.3665350000000E+14   0.2317165600995E-17
  0.3757390000000E+14   0.1842090521455E-17
  0.3851740000000E+14   0.1554081580217E-17
  0.3948470000000E+14   0.1317646393418E-17
  0.4047620000000E+14   0.1163617272002E-17
  0.4149260000000E+14   0.1109998264813E-17
  0.4253460000000E+14   0.1063798718270E-17
  0.4360270000000E+14   0.1051968125526E-17
  0.4469770000000E+14   0.1041882344936E-17
  0.4582010000000E+14   0.1033758578879E-17
  0.4697070000000E+14   0.1027042018635E-17
  0.4815020000000E+14   0.1020361722269E-17
  0.4935940000000E+14   0.1013559395330E-17
  0.5059890000000E+14   0.1007684451896E-17
  0.5186950000000E+14   0.1003243200605E-17
  0.5317200000000E+14   0.9992325352972E-18
  0.5450730000000E+14   0.9971996268973E-18
  0.6258450000000E+14   0.9985293927768E-18
  0.7185870000000E+14   0.1009136399833E-17
  0.8250720000000E+14   0.1010031257330E-17
  0.9473370000000E+14   0.9980176345694E-18
  0.1087720000000E+15   0.9794885853944E-18
  0.1248910000000E+15   0.9637732533084E-18
  0.1433980000000E+15   0.9586563355732E-18
  0.1646470000000E+15   0.9717298289234E-18
  0.1890460000000E+15   0.1010513651414E-17
  0.2170600000000E+15   0.1076526997773E-17
  0.2492250000000E+15   0.1171114242201E-17
  0.2861570000000E+15   0.1292505121784E-17
  0.3285620000000E+15   0.1434332499925E-17
  0.3772500000000E+15   0.1585624949818E-17
  0.4331540000000E+15   0.1728869992236E-17
  0.4973410000000E+15   0.1840217433944E-17
  0.5710410000000E+15   0.1892971494780E-17
  0.6556610000000E+15   0.1863701352051E-17
  0.7528220000000E+15   0.1738888667521E-17
  0.8643800000000E+15   0.1522209426524E-17
  0.9924690000000E+15   0.1236512895314E-17
  0.1139540000000E+16   0.9189868774068E-18
  0.1308400000000E+16   0.6172899418259E-18
  0.1502290000000E+16   0.3683133165897E-18
  0.1724910000000E+16   0.1916035826751E-18
  0.1980520000000E+16   0.8502571056978E-19
  0.2274010000000E+16   0.3146917831305E-19
  0.2610990000000E+16   0.9453382180009E-20
  0.2997900000000E+16   0.2234709984689E-20
