mstar = 2 Msun, Rstar = 2.5 Rsun, Tstar = 10000, mdisk = 0.00066648 Msun, Rc = 150 AU, Rin = 0.5 AU, Rout = 250 AU, inclination = 45 degree, powerlaw = -0.5 
         130
  
  0.2997900000000E+11   0.1083412194087E-23
  0.3951060000000E+11   0.2457378711623E-23
  0.5207280000000E+11   0.5576292605384E-23
  0.6862910000000E+11   0.1265103344974E-22
  0.9044930000000E+11   0.2867569315655E-22
  0.1192070000000E+12   0.6488963069276E-22
  0.1571080000000E+12   0.1464608531213E-21
  0.2070600000000E+12   0.3293541038552E-21
  0.2728930000000E+12   0.7368435546685E-21
  0.3596580000000E+12   0.1785149495527E-20
  0.4740100000000E+12   0.5177245801843E-20
  0.6247180000000E+12   0.1483947608500E-19
  0.8233440000000E+12   0.4179457243826E-19
  0.1085120000000E+13   0.1151375142579E-18
  0.1430130000000E+13   0.3073952519852E-18
  0.1884830000000E+13   0.7875254158911E-18
  0.2484100000000E+13   0.1908295283781E-17
  0.3273910000000E+13   0.4270791151912E-17
  0.4314820000000E+13   0.8598431638910E-17
  0.5686700000000E+13   0.1488550021794E-16
  0.7494750000000E+13   0.2086427794556E-16
  0.7682960000000E+13   0.2124374163319E-16
  0.7875890000000E+13   0.2157317512106E-16
  0.8073670000000E+13   0.2184599949225E-16
  0.8276410000000E+13   0.2206196062664E-16
  0.8484250000000E+13   0.2222606930555E-16
  0.8697300000000E+13   0.2238128585937E-16
  0.8915700000000E+13   0.2247168186130E-16
  0.9139590000000E+13   0.2256358472875E-16
  0.9369100000000E+13   0.2260014593526E-16
  0.9604380000000E+13   0.2260650778107E-16
  0.9845560000000E+13   0.2257991247762E-16
  0.1009280000000E+14   0.2248843811345E-16
  0.1034620000000E+14   0.2235627489290E-16
  0.1060610000000E+14   0.2215697968508E-16
  0.1087240000000E+14   0.2195201407669E-16
  0.1114540000000E+14   0.2169192960779E-16
  0.1142530000000E+14   0.2140320007452E-16
  0.1171220000000E+14   0.2108147122700E-16
  0.1200630000000E+14   0.2071050358709E-16
  0.1230780000000E+14   0.2031024106869E-16
  0.1261690000000E+14   0.1986492265604E-16
  0.1293370000000E+14   0.1943812434896E-16
  0.1325850000000E+14   0.1897848083295E-16
  0.1359150000000E+14   0.1851053464703E-16
  0.1393280000000E+14   0.1803026926583E-16
  0.1428260000000E+14   0.1754158709659E-16
  0.1464130000000E+14   0.1707993697456E-16
  0.1500900000000E+14   0.1659781181046E-16
  0.1538590000000E+14   0.1603153380734E-16
  0.1577220000000E+14   0.1546068938108E-16
  0.1616830000000E+14   0.1467646521120E-16
  0.1657430000000E+14   0.1379403377489E-16
  0.1699050000000E+14   0.1287527607075E-16
  0.1741720000000E+14   0.1180714641266E-16
  0.1785460000000E+14   0.1080584904947E-16
  0.1830290000000E+14   0.9776116142569E-17
  0.1876260000000E+14   0.8811323231208E-17
  0.1923370000000E+14   0.7945930973494E-17
  0.1971670000000E+14   0.7157991951198E-17
  0.2021180000000E+14   0.6466752798993E-17
  0.2071940000000E+14   0.5911429897687E-17
  0.2123970000000E+14   0.5402548908118E-17
  0.2177310000000E+14   0.5277469207410E-17
  0.2231980000000E+14   0.5146407009106E-17
  0.2288030000000E+14   0.5123041195628E-17
  0.2345490000000E+14   0.5128338207819E-17
  0.2404390000000E+14   0.5149506689324E-17
  0.2464770000000E+14   0.5207955866764E-17
  0.2526660000000E+14   0.5250476605262E-17
  0.2590110000000E+14   0.5318329323844E-17
  0.2655150000000E+14   0.5368630466090E-17
  0.2721830000000E+14   0.5480549503571E-17
  0.2790180000000E+14   0.5598220233153E-17
  0.2860240000000E+14   0.5667049495916E-17
  0.2932070000000E+14   0.5680558963176E-17
  0.3005700000000E+14   0.5674426525844E-17
  0.3081180000000E+14   0.5557196367516E-17
  0.3158550000000E+14   0.5445505261690E-17
  0.3237870000000E+14   0.4914360732260E-17
  0.3319170000000E+14   0.4289760108658E-17
  0.3402530000000E+14   0.3714573380847E-17
  0.3487970000000E+14   0.3184805403891E-17
  0.3575560000000E+14   0.2689978076482E-17
  0.3665350000000E+14   0.2244990155889E-17
  0.3757390000000E+14   0.1812689524011E-17
  0.3851740000000E+14   0.1547248358272E-17
  0.3948470000000E+14   0.1322117618680E-17
  0.4047620000000E+14   0.1164775261055E-17
  0.4149260000000E+14   0.1106900372669E-17
  0.4253460000000E+14   0.1055129339474E-17
  0.4360270000000E+14   0.1042508101637E-17
  0.4469770000000E+14   0.1031480248184E-17
  0.4582010000000E+14   0.1022368821102E-17
  0.4697070000000E+14   0.1014568145156E-17
  0.4815020000000E+14   0.1006504144457E-17
  0.4935940000000E+14   0.9980326499183E-18
  0.5059890000000E+14   0.9904512442038E-18
  0.5186950000000E+14   0.9844275339855E-18
  0.5317200000000E+14   0.9787942344561E-18
  0.5450730000000E+14   0.9754649865230E-18
  0.6258450000000E+14   0.9718273734088E-18
  0.7185870000000E+14   0.9804228623664E-18
  0.8250720000000E+14   0.9805536756391E-18
  0.9473370000000E+14   0.9695839389538E-18
  0.1087720000000E+15   0.9543931537628E-18
  0.1248910000000E+15   0.9439408726774E-18
  0.1433980000000E+15   0.9451186036421E-18
  0.1646470000000E+15   0.9643036179178E-18
  0.1890460000000E+15   0.1007822464177E-17
  0.2170600000000E+15   0.1076636529610E-17
  0.2492250000000E+15   0.1172382350970E-17
  0.2861570000000E+15   0.1294095039933E-17
  0.3285620000000E+15   0.1435881000638E-17
  0.3772500000000E+15   0.1586836456123E-17
  0.4331540000000E+15   0.1729681185923E-17
  0.4973410000000E+15   0.1840817776108E-17
  0.5710410000000E+15   0.1893574709014E-17
  0.6556610000000E+15   0.1864473384301E-17
  0.7528220000000E+15   0.1740003168199E-17
  0.8643800000000E+15   0.1523561264043E-17
  0.9924690000000E+15   0.1237752772543E-17
  0.1139540000000E+16   0.9202596193614E-18
  0.1308400000000E+16   0.6180917733750E-18
  0.1502290000000E+16   0.3687086173997E-18
  0.1724910000000E+16   0.1917577132783E-18
  0.1980520000000E+16   0.8509789640981E-19
  0.2274010000000E+16   0.3149527809542E-19
  0.2610990000000E+16   0.9461077761237E-20
  0.2997900000000E+16   0.2236503291091E-20
