mstar = 2 Msun, Rstar = 2.5 Rsun, Tstar = 10000, mdisk = 0.0021004 Msun, Rc = 150 AU, Rin = 0.5 AU, Rout = 250 AU, inclination = 45 degree, powerlaw = -0.5 
         130
  
  0.2997900000000E+11   0.3005481695900E-23
  0.3951060000000E+11   0.6841064620826E-23
  0.5207280000000E+11   0.1556234534030E-22
  0.6862910000000E+11   0.3536350562228E-22
  0.9044930000000E+11   0.8022576374248E-22
  0.1192070000000E+12   0.1815688742887E-21
  0.1571080000000E+12   0.4095913752728E-21
  0.2070600000000E+12   0.9198765943757E-21
  0.2728930000000E+12   0.2053541322681E-20
  0.3596580000000E+12   0.4959489518642E-20
  0.4740100000000E+12   0.1431713543666E-19
  0.6247180000000E+12   0.4075702282413E-19
  0.8233440000000E+12   0.1136636857317E-18
  0.1085120000000E+13   0.3087214222583E-18
  0.1430130000000E+13   0.8074914615266E-18
  0.1884830000000E+13   0.2007389354088E-17
  0.2484100000000E+13   0.4650686869470E-17
  0.3273910000000E+13   0.9726316261005E-17
  0.4314820000000E+13   0.1765938143293E-16
  0.5686700000000E+13   0.2620071733588E-16
  0.7494750000000E+13   0.2982606920616E-16
  0.7682960000000E+13   0.2975765612680E-16
  0.7875890000000E+13   0.2961398701090E-16
  0.8073670000000E+13   0.2939442108423E-16
  0.8276410000000E+13   0.2910474802496E-16
  0.8484250000000E+13   0.2875530047730E-16
  0.8697300000000E+13   0.2838907472280E-16
  0.8915700000000E+13   0.2796149701088E-16
  0.9139590000000E+13   0.2753453902225E-16
  0.9369100000000E+13   0.2706449565559E-16
  0.9604380000000E+13   0.2657764003023E-16
  0.9845560000000E+13   0.2607661639552E-16
  0.1009280000000E+14   0.2554010397862E-16
  0.1034620000000E+14   0.2499254973264E-16
  0.1060610000000E+14   0.2441570885715E-16
  0.1087240000000E+14   0.2386431241681E-16
  0.1114540000000E+14   0.2329979265199E-16
  0.1142530000000E+14   0.2274649625044E-16
  0.1171220000000E+14   0.2220225656679E-16
  0.1200630000000E+14   0.2165249464929E-16
  0.1230780000000E+14   0.2111413148959E-16
  0.1261690000000E+14   0.2057004558014E-16
  0.1293370000000E+14   0.2008044595597E-16
  0.1325850000000E+14   0.1959226140425E-16
  0.1359150000000E+14   0.1912677255325E-16
  0.1393280000000E+14   0.1867569416177E-16
  0.1428260000000E+14   0.1823843756196E-16
  0.1464130000000E+14   0.1785172614359E-16
  0.1500900000000E+14   0.1745529197857E-16
  0.1538590000000E+14   0.1696359239694E-16
  0.1577220000000E+14   0.1646631734931E-16
  0.1616830000000E+14   0.1569613394954E-16
  0.1657430000000E+14   0.1479084169833E-16
  0.1699050000000E+14   0.1382678334305E-16
  0.1741720000000E+14   0.1266081215085E-16
  0.1785460000000E+14   0.1156731352914E-16
  0.1830290000000E+14   0.1042761212433E-16
  0.1876260000000E+14   0.9360902131724E-17
  0.1923370000000E+14   0.8410373936889E-17
  0.1971670000000E+14   0.7548981803431E-17
  0.2021180000000E+14   0.6799796855790E-17
  0.2071940000000E+14   0.6208529968491E-17
  0.2123970000000E+14   0.5667262753279E-17
  0.2177310000000E+14   0.5580267516725E-17
  0.2231980000000E+14   0.5487360911609E-17
  0.2288030000000E+14   0.5528501240337E-17
  0.2345490000000E+14   0.5604624337530E-17
  0.2404390000000E+14   0.5695626934243E-17
  0.2464770000000E+14   0.5825038191877E-17
  0.2526660000000E+14   0.5923258086045E-17
  0.2590110000000E+14   0.6041265478517E-17
  0.2655150000000E+14   0.6126204060713E-17
  0.2721830000000E+14   0.6275378314399E-17
  0.2790180000000E+14   0.6421339106858E-17
  0.2860240000000E+14   0.6501127288181E-17
  0.2932070000000E+14   0.6510093051313E-17
  0.3005700000000E+14   0.6492362457138E-17
  0.3081180000000E+14   0.6342555499415E-17
  0.3158550000000E+14   0.6197980868708E-17
  0.3237870000000E+14   0.5567083910330E-17
  0.3319170000000E+14   0.4829599764350E-17
  0.3402530000000E+14   0.4150440670422E-17
  0.3487970000000E+14   0.3524626550528E-17
  0.3575560000000E+14   0.2940246842893E-17
  0.3665350000000E+14   0.2415538818905E-17
  0.3757390000000E+14   0.1909096357159E-17
  0.3851740000000E+14   0.1602506933225E-17
  0.3948470000000E+14   0.1352069624543E-17
  0.4047620000000E+14   0.1190431357995E-17
  0.4149260000000E+14   0.1134772081580E-17
  0.4253460000000E+14   0.1087453352373E-17
  0.4360270000000E+14   0.1075102171937E-17
  0.4469770000000E+14   0.1064620127610E-17
  0.4582010000000E+14   0.1056218090716E-17
  0.4697070000000E+14   0.1049337449980E-17
  0.4815020000000E+14   0.1042622423210E-17
  0.4935940000000E+14   0.1035922037661E-17
  0.5059890000000E+14   0.1030258692254E-17
  0.5186950000000E+14   0.1026104225393E-17
  0.5317200000000E+14   0.1022469272190E-17
  0.5450730000000E+14   0.1020822314712E-17
  0.6258450000000E+14   0.1024525192617E-17
  0.7185870000000E+14   0.1036822106403E-17
  0.8250720000000E+14   0.1038135403808E-17
  0.9473370000000E+14   0.1024675426293E-17
  0.1087720000000E+15   0.1002567724248E-17
  0.1248910000000E+15   0.9816346361469E-18
  0.1433980000000E+15   0.9707008259631E-18
  0.1646470000000E+15   0.9785040425548E-18
  0.1890460000000E+15   0.1013321756400E-17
  0.2170600000000E+15   0.1076687009671E-17
  0.2492250000000E+15   0.1169636181104E-17
  0.2861570000000E+15   0.1290249288206E-17
  0.3285620000000E+15   0.1432140895510E-17
  0.3772500000000E+15   0.1583980606585E-17
  0.4331540000000E+15   0.1727780050056E-17
  0.4973410000000E+15   0.1839474036450E-17
  0.5710410000000E+15   0.1892335355854E-17
  0.6556610000000E+15   0.1862962977971E-17
  0.7528220000000E+15   0.1737853083947E-17
  0.8643800000000E+15   0.1520959501555E-17
  0.9924690000000E+15   0.1235367187852E-17
  0.1139540000000E+16   0.9178112998303E-18
  0.1308400000000E+16   0.6165492658759E-18
  0.1502290000000E+16   0.3679480861904E-18
  0.1724910000000E+16   0.1914611399251E-18
  0.1980520000000E+16   0.8495900150161E-19
  0.2274010000000E+16   0.3144505827791E-19
  0.2610990000000E+16   0.9446270227059E-20
  0.2997900000000E+16   0.2233052663120E-20
