mstar = 2 Msun, Rstar = 2.5 Rsun, Tstar = 10000, mdisk = 0.003721 Msun, Rc = 150 AU, Rin = 0.5 AU, Rout = 250 AU, inclination = 45 degree, powerlaw = -0.5 
         130
  
  0.2997900000000E+11   0.5019922656759E-23
  0.3951060000000E+11   0.1143393743660E-22
  0.5207280000000E+11   0.2602045793348E-22
  0.6862910000000E+11   0.5913620712073E-22
  0.9044930000000E+11   0.1341418981308E-21
  0.1192070000000E+12   0.3034826929777E-21
  0.1571080000000E+12   0.6841655758798E-21
  0.2070600000000E+12   0.1535005246968E-20
  0.2728930000000E+12   0.3421912836532E-20
  0.3596580000000E+12   0.8247740972114E-20
  0.4740100000000E+12   0.2373918050223E-19
  0.6247180000000E+12   0.6728774596058E-19
  0.8233440000000E+12   0.1864743197727E-18
  0.1085120000000E+13   0.5017918984367E-18
  0.1430130000000E+13   0.1294311379009E-17
  0.1884830000000E+13   0.3149839833563E-17
  0.2484100000000E+13   0.7060735411647E-17
  0.3273910000000E+13   0.1402897137825E-16
  0.4314820000000E+13   0.2355327233833E-16
  0.5686700000000E+13   0.3133029322666E-16
  0.7494750000000E+13   0.3176565320728E-16
  0.7682960000000E+13   0.3142328544601E-16
  0.7875890000000E+13   0.3102547808259E-16
  0.8073670000000E+13   0.3057462773613E-16
  0.8276410000000E+13   0.3007816308066E-16
  0.8484250000000E+13   0.2954697687975E-16
  0.8697300000000E+13   0.2902146497027E-16
  0.8915700000000E+13   0.2846264899412E-16
  0.9139590000000E+13   0.2792862389231E-16
  0.9369100000000E+13   0.2737926915091E-16
  0.9604380000000E+13   0.2683918290955E-16
  0.9845560000000E+13   0.2631040246936E-16
  0.1009280000000E+14   0.2576950446033E-16
  0.1034620000000E+14   0.2523854434026E-16
  0.1060610000000E+14   0.2469505693533E-16
  0.1087240000000E+14   0.2419426547436E-16
  0.1114540000000E+14   0.2369142507433E-16
  0.1142530000000E+14   0.2320963838963E-16
  0.1171220000000E+14   0.2274310611647E-16
  0.1200630000000E+14   0.2227179984641E-16
  0.1230780000000E+14   0.2181174378231E-16
  0.1261690000000E+14   0.2134063686049E-16
  0.1293370000000E+14   0.2092535473103E-16
  0.1325850000000E+14   0.2050325841028E-16
  0.1359150000000E+14   0.2009746359912E-16
  0.1393280000000E+14   0.1969756748679E-16
  0.1428260000000E+14   0.1930251659424E-16
  0.1464130000000E+14   0.1895370268048E-16
  0.1500900000000E+14   0.1858316066469E-16
  0.1538590000000E+14   0.1809650402284E-16
  0.1577220000000E+14   0.1759569109694E-16
  0.1616830000000E+14   0.1678576457731E-16
  0.1657430000000E+14   0.1582209283421E-16
  0.1699050000000E+14   0.1479024031795E-16
  0.1741720000000E+14   0.1353236638109E-16
  0.1785460000000E+14   0.1235192914457E-16
  0.1830290000000E+14   0.1111739856874E-16
  0.1876260000000E+14   0.9960734220119E-17
  0.1923370000000E+14   0.8930386576946E-17
  0.1971670000000E+14   0.7996672812055E-17
  0.2021180000000E+14   0.7185897344800E-17
  0.2071940000000E+14   0.6549806198612E-17
  0.2123970000000E+14   0.5967700707754E-17
  0.2177310000000E+14   0.5891889173535E-17
  0.2231980000000E+14   0.5805082564143E-17
  0.2288030000000E+14   0.5861892746664E-17
  0.2345490000000E+14   0.5951885599724E-17
  0.2404390000000E+14   0.6053401994751E-17
  0.2464770000000E+14   0.6192553205182E-17
  0.2526660000000E+14   0.6294835546406E-17
  0.2590110000000E+14   0.6416051135144E-17
  0.2655150000000E+14   0.6500016218298E-17
  0.2721830000000E+14   0.6651310047198E-17
  0.2790180000000E+14   0.6797869750497E-17
  0.2860240000000E+14   0.6873231944093E-17
  0.2932070000000E+14   0.6872994732096E-17
  0.3005700000000E+14   0.6844144035475E-17
  0.3081180000000E+14   0.6675493711764E-17
  0.3158550000000E+14   0.6512587901707E-17
  0.3237870000000E+14   0.5837134563817E-17
  0.3319170000000E+14   0.5051027177054E-17
  0.3402530000000E+14   0.4328271962062E-17
  0.3487970000000E+14   0.3663696709527E-17
  0.3575560000000E+14   0.3044394604186E-17
  0.3665350000000E+14   0.2489197971672E-17
  0.3757390000000E+14   0.1953960584393E-17
  0.3851740000000E+14   0.1629797605972E-17
  0.3948470000000E+14   0.1366788477672E-17
  0.4047620000000E+14   0.1198873594203E-17
  0.4149260000000E+14   0.1141750219331E-17
  0.4253460000000E+14   0.1093664088086E-17
  0.4360270000000E+14   0.1081607114858E-17
  0.4469770000000E+14   0.1071506590428E-17
  0.4582010000000E+14   0.1063570383618E-17
  0.4697070000000E+14   0.1057227523780E-17
  0.4815020000000E+14   0.1051118205893E-17
  0.4935940000000E+14   0.1045100095283E-17
  0.5059890000000E+14   0.1040187150143E-17
  0.5186950000000E+14   0.1036827588764E-17
  0.5317200000000E+14   0.1034032740635E-17
  0.5450730000000E+14   0.1033223505535E-17
  0.6258450000000E+14   0.1041428715537E-17
  0.7185870000000E+14   0.1057217017124E-17
  0.8250720000000E+14   0.1060750527185E-17
  0.9473370000000E+14   0.1047848432354E-17
  0.1087720000000E+15   0.1024315533904E-17
  0.1248910000000E+15   0.1000206934507E-17
  0.1433980000000E+15   0.9849704715986E-18
  0.1646470000000E+15   0.9880542746950E-18
  0.1890460000000E+15   0.1018375313493E-17
  0.2170600000000E+15   0.1077943427301E-17
  0.2492250000000E+15   0.1168350134034E-17
  0.2861570000000E+15   0.1287878385832E-17
  0.3285620000000E+15   0.1429752585834E-17
  0.3772500000000E+15   0.1582039862630E-17
  0.4331540000000E+15   0.1726360184334E-17
  0.4973410000000E+15   0.1838436710248E-17
  0.5710410000000E+15   0.1891401673812E-17
  0.6556610000000E+15   0.1861839010638E-17
  0.7528220000000E+15   0.1736252091252E-17
  0.8643800000000E+15   0.1519020448773E-17
  0.9924690000000E+15   0.1233589144309E-17
  0.1139540000000E+16   0.9159875947398E-18
  0.1308400000000E+16   0.6154001112897E-18
  0.1502290000000E+16   0.3673812821244E-18
  0.1724910000000E+16   0.1912400117036E-18
  0.1980520000000E+16   0.8485544774393E-19
  0.2274010000000E+16   0.3140761542126E-19
  0.2610990000000E+16   0.9435229751902E-20
  0.2997900000000E+16   0.2230479830073E-20
