mstar = 2 Msun, Rstar = 2.5 Rsun, Tstar = 10000, mdisk = 0.0012429 Msun, Rc = 150 AU, Rin = 0.5 AU, Rout = 250 AU, inclination = 45 degree, powerlaw = -0.5 
         130
  
  0.2997900000000E+11   0.1879371629534E-23
  0.3951060000000E+11   0.4272945732301E-23
  0.5207280000000E+11   0.9712802880184E-23
  0.6862910000000E+11   0.2206112136839E-22
  0.9044930000000E+11   0.5003938742068E-22
  0.1192070000000E+12   0.1132619305719E-21
  0.1571080000000E+12   0.2556001985169E-21
  0.2070600000000E+12   0.5744418853394E-21
  0.2728930000000E+12   0.1283781184438E-20
  0.3596580000000E+12   0.3105257181880E-20
  0.4740100000000E+12   0.8984678823215E-20
  0.6247180000000E+12   0.2566205705953E-19
  0.8233440000000E+12   0.7191022921615E-19
  0.1085120000000E+13   0.1966744613484E-18
  0.1430130000000E+13   0.5196772296076E-18
  0.1884830000000E+13   0.1311596796711E-17
  0.2484100000000E+13   0.3109219621836E-17
  0.3273910000000E+13   0.6735664177089E-17
  0.4314820000000E+13   0.1291357239162E-16
  0.5686700000000E+13   0.2077945868299E-16
  0.7494750000000E+13   0.2628476631727E-16
  0.7682960000000E+13   0.2648330880020E-16
  0.7875890000000E+13   0.2661110048939E-16
  0.8073670000000E+13   0.2666364798092E-16
  0.8276410000000E+13   0.2664339426271E-16
  0.8484250000000E+13   0.2655807403508E-16
  0.8697300000000E+13   0.2645237640252E-16
  0.8915700000000E+13   0.2627321485767E-16
  0.9139590000000E+13   0.2608701883216E-16
  0.9369100000000E+13   0.2584140186404E-16
  0.9604380000000E+13   0.2556290942261E-16
  0.9845560000000E+13   0.2525157346954E-16
  0.1009280000000E+14   0.2488130421800E-16
  0.1034620000000E+14   0.2447753177633E-16
  0.1060610000000E+14   0.2401948397830E-16
  0.1087240000000E+14   0.2356541512087E-16
  0.1114540000000E+14   0.2307376989893E-16
  0.1142530000000E+14   0.2257078062075E-16
  0.1171220000000E+14   0.2205500347124E-16
  0.1200630000000E+14   0.2151369746435E-16
  0.1230780000000E+14   0.2096613197003E-16
  0.1261690000000E+14   0.2039850878064E-16
  0.1293370000000E+14   0.1987043845772E-16
  0.1325850000000E+14   0.1933416828022E-16
  0.1359150000000E+14   0.1881231668885E-16
  0.1393280000000E+14   0.1829993969228E-16
  0.1428260000000E+14   0.1779908398308E-16
  0.1464130000000E+14   0.1734457204882E-16
  0.1500900000000E+14   0.1688474424630E-16
  0.1538590000000E+14   0.1634570714037E-16
  0.1577220000000E+14   0.1580798883868E-16
  0.1616830000000E+14   0.1503490140825E-16
  0.1657430000000E+14   0.1414803497431E-16
  0.1699050000000E+14   0.1321461874828E-16
  0.1741720000000E+14   0.1210714600200E-16
  0.1785460000000E+14   0.1106898390426E-16
  0.1830290000000E+14   0.9994525931351E-17
  0.1876260000000E+14   0.8989225556854E-17
  0.1923370000000E+14   0.8091127876907E-17
  0.1971670000000E+14   0.7275907631607E-17
  0.2021180000000E+14   0.6563861723982E-17
  0.2071940000000E+14   0.5995856916829E-17
  0.2123970000000E+14   0.5475583139786E-17
  0.2177310000000E+14   0.5364670142770E-17
  0.2231980000000E+14   0.5251327369136E-17
  0.2288030000000E+14   0.5261239420870E-17
  0.2345490000000E+14   0.5307050828844E-17
  0.2404390000000E+14   0.5371393991383E-17
  0.2464770000000E+14   0.5476040259502E-17
  0.2526660000000E+14   0.5557268166169E-17
  0.2590110000000E+14   0.5661031048732E-17
  0.2655150000000E+14   0.5737841097429E-17
  0.2721830000000E+14   0.5877117114559E-17
  0.2790180000000E+14   0.6015772125031E-17
  0.2860240000000E+14   0.6094371840860E-17
  0.2932070000000E+14   0.6107994552552E-17
  0.3005700000000E+14   0.6097392966969E-17
  0.3081180000000E+14   0.5963252774383E-17
  0.3158550000000E+14   0.5834218007772E-17
  0.3237870000000E+14   0.5247765731136E-17
  0.3319170000000E+14   0.4560992621399E-17
  0.3402530000000E+14   0.3928332597215E-17
  0.3487970000000E+14   0.3345484424883E-17
  0.3575560000000E+14   0.2801364978410E-17
  0.3665350000000E+14   0.2312451329272E-17
  0.3757390000000E+14   0.1838791732287E-17
  0.3851740000000E+14   0.1551401526153E-17
  0.3948470000000E+14   0.1315020951324E-17
  0.4047620000000E+14   0.1160497767660E-17
  0.4149260000000E+14   0.1106560320197E-17
  0.4253460000000E+14   0.1060018233233E-17
  0.4360270000000E+14   0.1048109815066E-17
  0.4469770000000E+14   0.1037937631614E-17
  0.4582010000000E+14   0.1029724244674E-17
  0.4697070000000E+14   0.1022911317161E-17
  0.4815020000000E+14   0.1016119811162E-17
  0.4935940000000E+14   0.1009193370346E-17
  0.5059890000000E+14   0.1003192920787E-17
  0.5186950000000E+14   0.9986322562116E-18
  0.5317200000000E+14   0.9945016193699E-18
  0.5450730000000E+14   0.9923638045815E-18
  0.6258450000000E+14   0.9932577173873E-18
  0.7185870000000E+14   0.1003753847714E-17
  0.8250720000000E+14   0.1004915666002E-17
  0.9473370000000E+14   0.9935711775903E-18
  0.1087720000000E+15   0.9760079439896E-18
  0.1248910000000E+15   0.9613310761118E-18
  0.1433980000000E+15   0.9570840544678E-18
  0.1646470000000E+15   0.9706994735767E-18
  0.1890460000000E+15   0.1009688132428E-17
  0.2170600000000E+15   0.1075712386575E-17
  0.2492250000000E+15   0.1170298154463E-17
  0.2861570000000E+15   0.1291775176542E-17
  0.3285620000000E+15   0.1433773296500E-17
  0.3772500000000E+15   0.1585264576411E-17
  0.4331540000000E+15   0.1728685360678E-17
  0.4973410000000E+15   0.1840154755578E-17
  0.5710410000000E+15   0.1892979468915E-17
  0.6556610000000E+15   0.1863751160532E-17
  0.7528220000000E+15   0.1738975488209E-17
  0.8643800000000E+15   0.1522317766119E-17
  0.9924690000000E+15   0.1236612576319E-17
  0.1139540000000E+16   0.9190892231648E-18
  0.1308400000000E+16   0.6173544247503E-18
  0.1502290000000E+16   0.3683451098761E-18
  0.1724910000000E+16   0.1916159806393E-18
  0.1980520000000E+16   0.8503151693883E-19
  0.2274010000000E+16   0.3147127770447E-19
  0.2610990000000E+16   0.9454001194787E-20
  0.2997900000000E+16   0.2234854234881E-20
