mstar = 2 Msun, Rstar = 2.5 Rsun, Tstar = 10000, mdisk = 0.0011113 Msun, Rc = 150 AU, Rin = 0.5 AU, Rout = 250 AU, inclination = 45 degree, powerlaw = -0.5 
         130
  
  0.2997900000000E+11   0.1701424652253E-23
  0.3951060000000E+11   0.3867085126703E-23
  0.5207280000000E+11   0.8788206101006E-23
  0.6862910000000E+11   0.1995806583839E-22
  0.9044930000000E+11   0.4526571657413E-22
  0.1192070000000E+12   0.1024559115422E-21
  0.1571080000000E+12   0.2312272290246E-21
  0.2070600000000E+12   0.5197326833593E-21
  0.2728930000000E+12   0.1161762555379E-20
  0.3596580000000E+12   0.2810980027858E-20
  0.4740100000000E+12   0.8136881181125E-20
  0.6247180000000E+12   0.2325598964320E-19
  0.8233440000000E+12   0.6522991800617E-19
  0.1085120000000E+13   0.1786460476117E-18
  0.1430130000000E+13   0.4729631890583E-18
  0.1884830000000E+13   0.1197094393534E-17
  0.2484100000000E+13   0.2849726163240E-17
  0.3273910000000E+13   0.6212499133716E-17
  0.4314820000000E+13   0.1202490501666E-16
  0.5686700000000E+13   0.1962864276102E-16
  0.7494750000000E+13   0.2532257919525E-16
  0.7682960000000E+13   0.2556385150519E-16
  0.7875890000000E+13   0.2573750487025E-16
  0.8073670000000E+13   0.2583846623047E-16
  0.8276410000000E+13   0.2586856190783E-16
  0.8484250000000E+13   0.2583496608008E-16
  0.8697300000000E+13   0.2578229774472E-16
  0.8915700000000E+13   0.2565636057801E-16
  0.9139590000000E+13   0.2552395504599E-16
  0.9369100000000E+13   0.2533135137034E-16
  0.9604380000000E+13   0.2510490729721E-16
  0.9845560000000E+13   0.2484403084623E-16
  0.1009280000000E+14   0.2452142918710E-16
  0.1034620000000E+14   0.2416242569035E-16
  0.1060610000000E+14   0.2374528009348E-16
  0.1087240000000E+14   0.2332888058702E-16
  0.1114540000000E+14   0.2287043293698E-16
  0.1142530000000E+14   0.2239628906655E-16
  0.1171220000000E+14   0.2190469776337E-16
  0.1200630000000E+14   0.2138270380894E-16
  0.1230780000000E+14   0.2084984931447E-16
  0.1261690000000E+14   0.2029251217868E-16
  0.1293370000000E+14   0.1977049784517E-16
  0.1325850000000E+14   0.1923638719452E-16
  0.1359150000000E+14   0.1871311666704E-16
  0.1393280000000E+14   0.1819629724090E-16
  0.1428260000000E+14   0.1768853648695E-16
  0.1464130000000E+14   0.1722441715690E-16
  0.1500900000000E+14   0.1675405210180E-16
  0.1538590000000E+14   0.1620643107764E-16
  0.1577220000000E+14   0.1566058542662E-16
  0.1616830000000E+14   0.1488750651283E-16
  0.1657430000000E+14   0.1400560509215E-16
  0.1699050000000E+14   0.1308015255109E-16
  0.1741720000000E+14   0.1198767864474E-16
  0.1785460000000E+14   0.1096378775124E-16
  0.1830290000000E+14   0.9905996920718E-17
  0.1876260000000E+14   0.8916315994269E-17
  0.1923370000000E+14   0.8031646592470E-17
  0.1971670000000E+14   0.7228309257676E-17
  0.2021180000000E+14   0.6526041617833E-17
  0.2071940000000E+14   0.5964580083391E-17
  0.2123970000000E+14   0.5450280640149E-17
  0.2177310000000E+14   0.5334625792960E-17
  0.2231980000000E+14   0.5216727956775E-17
  0.2288030000000E+14   0.5218609599242E-17
  0.2345490000000E+14   0.5255876916032E-17
  0.2404390000000E+14   0.5312154137372E-17
  0.2464770000000E+14   0.5408863208020E-17
  0.2526660000000E+14   0.5484247656563E-17
  0.2590110000000E+14   0.5582853012428E-17
  0.2655150000000E+14   0.5656390430688E-17
  0.2721830000000E+14   0.5792249190516E-17
  0.2790180000000E+14   0.5928596101008E-17
  0.2860240000000E+14   0.6006878390043E-17
  0.2932070000000E+14   0.6021784955106E-17
  0.3005700000000E+14   0.6013136424901E-17
  0.3081180000000E+14   0.5883288345781E-17
  0.3158550000000E+14   0.5758489062052E-17
  0.3237870000000E+14   0.5184016956846E-17
  0.3319170000000E+14   0.4510489337123E-17
  0.3402530000000E+14   0.3890313123491E-17
  0.3487970000000E+14   0.3319041820774E-17
  0.3575560000000E+14   0.2785480027878E-17
  0.3665350000000E+14   0.2306069363631E-17
  0.3757390000000E+14   0.1841697124752E-17
  0.3851740000000E+14   0.1559473330037E-17
  0.3948470000000E+14   0.1326604916202E-17
  0.4047620000000E+14   0.1173183052154E-17
  0.4149260000000E+14   0.1119007459350E-17
  0.4253460000000E+14   0.1071932943244E-17
  0.4360270000000E+14   0.1059747395240E-17
  0.4469770000000E+14   0.1049285151775E-17
  0.4582010000000E+14   0.1040777738590E-17
  0.4697070000000E+14   0.1033665038796E-17
  0.4815020000000E+14   0.1026548383318E-17
  0.4935940000000E+14   0.1019270208041E-17
  0.5059890000000E+14   0.1012912994321E-17
  0.5186950000000E+14   0.1008007143126E-17
  0.5317200000000E+14   0.1003526952514E-17
  0.5450730000000E+14   0.1001074039616E-17
  0.6258450000000E+14   0.1000438836349E-17
  0.7185870000000E+14   0.1009581713856E-17
  0.8250720000000E+14   0.1009291466939E-17
  0.9473370000000E+14   0.9965404454425E-18
  0.1087720000000E+15   0.9778741432839E-18
  0.1248910000000E+15   0.9625729450414E-18
  0.1433980000000E+15   0.9581783400184E-18
  0.1646470000000E+15   0.9719404439665E-18
  0.1890460000000E+15   0.1011107903587E-17
  0.2170600000000E+15   0.1077153621270E-17
  0.2492250000000E+15   0.1171606717028E-17
  0.2861570000000E+15   0.1292880947137E-17
  0.3285620000000E+15   0.1434622658004E-17
  0.3772500000000E+15   0.1585824600628E-17
  0.4331540000000E+15   0.1729008941192E-17
  0.4973410000000E+15   0.1840342601664E-17
  0.5710410000000E+15   0.1893117463653E-17
  0.6556610000000E+15   0.1863897951332E-17
  0.7528220000000E+15   0.1739175570522E-17
  0.8643800000000E+15   0.1522557879180E-17
  0.9924690000000E+15   0.1236832514820E-17
  0.1139540000000E+16   0.9193149269753E-18
  0.1308400000000E+16   0.6174966209274E-18
  0.1502290000000E+16   0.3684152173683E-18
  0.1724910000000E+16   0.1916433184763E-18
  0.1980520000000E+16   0.8504432020815E-19
  0.2274010000000E+16   0.3147590693245E-19
  0.2610990000000E+16   0.9455366140284E-20
  0.2997900000000E+16   0.2235172310254E-20
