mstar = 2 Msun, Rstar = 2.5 Rsun, Tstar = 10000, mdisk = 0.0019661 Msun, Rc = 150 AU, Rin = 0.5 AU, Rout = 250 AU, inclination = 45 degree, powerlaw = -0.5 
         130
  
  0.2997900000000E+11   0.2834868966266E-23
  0.3951060000000E+11   0.6452031150140E-23
  0.5207280000000E+11   0.1467638107156E-22
  0.6862910000000E+11   0.3334921911621E-22
  0.9044930000000E+11   0.7565628177870E-22
  0.1192070000000E+12   0.1712331504173E-21
  0.1571080000000E+12   0.3863033360197E-21
  0.2070600000000E+12   0.8676748178833E-21
  0.2728930000000E+12   0.1937329355381E-20
  0.3596580000000E+12   0.4679926494082E-20
  0.4740100000000E+12   0.1351470008862E-19
  0.6247180000000E+12   0.3849167250717E-19
  0.8233440000000E+12   0.1074220649539E-18
  0.1085120000000E+13   0.2920674380012E-18
  0.1430130000000E+13   0.7650799130194E-18
  0.1884830000000E+13   0.1906209407794E-17
  0.2484100000000E+13   0.4431219630566E-17
  0.3273910000000E+13   0.9315182601446E-17
  0.4314820000000E+13   0.1704604375580E-16
  0.5686700000000E+13   0.2557902249009E-16
  0.7494750000000E+13   0.2951847775573E-16
  0.7682960000000E+13   0.2948532551328E-16
  0.7875890000000E+13   0.2937609950428E-16
  0.8073670000000E+13   0.2918964170594E-16
  0.8276410000000E+13   0.2893135054440E-16
  0.8484250000000E+13   0.2861131833667E-16
  0.8697300000000E+13   0.2827299808365E-16
  0.8915700000000E+13   0.2787055072729E-16
  0.9139590000000E+13   0.2746677317544E-16
  0.9369100000000E+13   0.2701681407788E-16
  0.9604380000000E+13   0.2654714642992E-16
  0.9845560000000E+13   0.2606020207000E-16
  0.1009280000000E+14   0.2553428425752E-16
  0.1034620000000E+14   0.2499415579193E-16
  0.1060610000000E+14   0.2442152604804E-16
  0.1087240000000E+14   0.2387159858826E-16
  0.1114540000000E+14   0.2330581741148E-16
  0.1142530000000E+14   0.2274886578370E-16
  0.1171220000000E+14   0.2219887767554E-16
  0.1200630000000E+14   0.2164174897987E-16
  0.1230780000000E+14   0.2109474556321E-16
  0.1261690000000E+14   0.2054133775909E-16
  0.1293370000000E+14   0.2004144349149E-16
  0.1325850000000E+14   0.1954292782966E-16
  0.1359150000000E+14   0.1906713875967E-16
  0.1393280000000E+14   0.1860619030736E-16
  0.1428260000000E+14   0.1815973656804E-16
  0.1464130000000E+14   0.1776412237847E-16
  0.1500900000000E+14   0.1736010572622E-16
  0.1538590000000E+14   0.1686337260973E-16
  0.1577220000000E+14   0.1636227569690E-16
  0.1616830000000E+14   0.1559292482891E-16
  0.1657430000000E+14   0.1469109704264E-16
  0.1699050000000E+14   0.1373208295206E-16
  0.1741720000000E+14   0.1257471872451E-16
  0.1785460000000E+14   0.1148964830314E-16
  0.1830290000000E+14   0.1035989993051E-16
  0.1876260000000E+14   0.9302885975231E-17
  0.1923370000000E+14   0.8361133011618E-17
  0.1971670000000E+14   0.7507915629106E-17
  0.2021180000000E+14   0.6765827790819E-17
  0.2071940000000E+14   0.6179658988247E-17
  0.2123970000000E+14   0.5643133472089E-17
  0.2177310000000E+14   0.5553584974785E-17
  0.2231980000000E+14   0.5458661131453E-17
  0.2288030000000E+14   0.5496086579390E-17
  0.2345490000000E+14   0.5568620976065E-17
  0.2404390000000E+14   0.5656417297335E-17
  0.2464770000000E+14   0.5782708655018E-17
  0.2526660000000E+14   0.5878586360974E-17
  0.2590110000000E+14   0.5994263014322E-17
  0.2655150000000E+14   0.6077500823360E-17
  0.2721830000000E+14   0.6224537500767E-17
  0.2790180000000E+14   0.6368717477998E-17
  0.2860240000000E+14   0.6447672925766E-17
  0.2932070000000E+14   0.6456880128800E-17
  0.3005700000000E+14   0.6439791571432E-17
  0.3081180000000E+14   0.6292027093777E-17
  0.3158550000000E+14   0.6149501754977E-17
  0.3237870000000E+14   0.5525421868270E-17
  0.3319170000000E+14   0.4796101468670E-17
  0.3402530000000E+14   0.4124702607542E-17
  0.3487970000000E+14   0.3506020436232E-17
  0.3575560000000E+14   0.2927855338364E-17
  0.3665350000000E+14   0.2408525258059E-17
  0.3757390000000E+14   0.1906829575752E-17
  0.3851740000000E+14   0.1602801033151E-17
  0.3948470000000E+14   0.1354149364898E-17
  0.4047620000000E+14   0.1193078512759E-17
  0.4149260000000E+14   0.1136933164954E-17
  0.4253460000000E+14   0.1088958405667E-17
  0.4360270000000E+14   0.1075905344253E-17
  0.4469770000000E+14   0.1064738432353E-17
  0.4582010000000E+14   0.1055672157772E-17
  0.4697070000000E+14   0.1048147194691E-17
  0.4815020000000E+14   0.1040800707492E-17
  0.4935940000000E+14   0.1033479059981E-17
  0.5059890000000E+14   0.1027212131421E-17
  0.5186950000000E+14   0.1022478163124E-17
  0.5317200000000E+14   0.1018280354090E-17
  0.5450730000000E+14   0.1016105311629E-17
  0.6258450000000E+14   0.1017317969122E-17
  0.7185870000000E+14   0.1027794304925E-17
  0.8250720000000E+14   0.1027867729850E-17
  0.9473370000000E+14   0.1013921539875E-17
  0.1087720000000E+15   0.9922444543516E-18
  0.1248910000000E+15   0.9725947440535E-18
  0.1433980000000E+15   0.9635217434171E-18
  0.1646470000000E+15   0.9733650686042E-18
  0.1890460000000E+15   0.1010027838458E-17
  0.2170600000000E+15   0.1074864556139E-17
  0.2492250000000E+15   0.1168853394013E-17
  0.2861570000000E+15   0.1290096125720E-17
  0.3285620000000E+15   0.1432281767850E-17
  0.3772500000000E+15   0.1584198974676E-17
  0.4331540000000E+15   0.1727972747885E-17
  0.4973410000000E+15   0.1839614420339E-17
  0.5710410000000E+15   0.1892444452187E-17
  0.6556610000000E+15   0.1863076952202E-17
  0.7528220000000E+15   0.1738006689193E-17
  0.8643800000000E+15   0.1521143515716E-17
  0.9924690000000E+15   0.1235535707468E-17
  0.1139540000000E+16   0.9179841687121E-18
  0.1308400000000E+16   0.6166581851166E-18
  0.1502290000000E+16   0.3680017994622E-18
  0.1724910000000E+16   0.1914820907446E-18
  0.1980520000000E+16   0.8496881305812E-19
  0.2274010000000E+16   0.3144860587531E-19
  0.2610990000000E+16   0.9447316266090E-20
  0.2997900000000E+16   0.2233296426116E-20
