mstar = 2 Msun, Rstar = 2.5 Rsun, Tstar = 10000, mdisk = 0.0083243 Msun, Rc = 150 AU, Rin = 0.5 AU, Rout = 250 AU, inclination = 45 degree, powerlaw = -0.5 
         130
  
  0.2997900000000E+11   0.1037297855172E-22
  0.3951060000000E+11   0.2363456224499E-22
  0.5207280000000E+11   0.5378901478800E-22
  0.6862910000000E+11   0.1222199187169E-21
  0.9044930000000E+11   0.2771009499291E-21
  0.1192070000000E+12   0.6263973452071E-21
  0.1571080000000E+12   0.1410416653938E-20
  0.2070600000000E+12   0.3159001687923E-20
  0.2728930000000E+12   0.7025596890025E-20
  0.3596580000000E+12   0.1687670010597E-19
  0.4740100000000E+12   0.4832043277997E-19
  0.6247180000000E+12   0.1358939907590E-18
  0.8233440000000E+12   0.3721947151518E-18
  0.1085120000000E+13   0.9836860275032E-18
  0.1430130000000E+13   0.2467415201496E-17
  0.1884830000000E+13   0.5747418463716E-17
  0.2484100000000E+13   0.1202848594984E-16
  0.3273910000000E+13   0.2152316832508E-16
  0.4314820000000E+13   0.3116831941604E-16
  0.5686700000000E+13   0.3515308305134E-16
  0.7494750000000E+13   0.3251092731957E-16
  0.7682960000000E+13   0.3210675924024E-16
  0.7875890000000E+13   0.3168131596443E-16
  0.8073670000000E+13   0.3123296934427E-16
  0.8276410000000E+13   0.3076477195370E-16
  0.8484250000000E+13   0.3028361544589E-16
  0.8697300000000E+13   0.2983015262091E-16
  0.8915700000000E+13   0.2935653671239E-16
  0.9139590000000E+13   0.2892475526375E-16
  0.9369100000000E+13   0.2848427715381E-16
  0.9604380000000E+13   0.2805931979663E-16
  0.9845560000000E+13   0.2764815448303E-16
  0.1009280000000E+14   0.2721897179521E-16
  0.1034620000000E+14   0.2679460802417E-16
  0.1060610000000E+14   0.2634579136500E-16
  0.1087240000000E+14   0.2593590307690E-16
  0.1114540000000E+14   0.2551038048746E-16
  0.1142530000000E+14   0.2509564958641E-16
  0.1171220000000E+14   0.2468437146905E-16
  0.1200630000000E+14   0.2425348450642E-16
  0.1230780000000E+14   0.2382221515222E-16
  0.1261690000000E+14   0.2336593658164E-16
  0.1293370000000E+14   0.2296168829203E-16
  0.1325850000000E+14   0.2253918117101E-16
  0.1359150000000E+14   0.2212572687601E-16
  0.1393280000000E+14   0.2171076475910E-16
  0.1428260000000E+14   0.2129429263294E-16
  0.1464130000000E+14   0.2092320576086E-16
  0.1500900000000E+14   0.2052310396518E-16
  0.1538590000000E+14   0.1999114570166E-16
  0.1577220000000E+14   0.1944082770028E-16
  0.1616830000000E+14   0.1854896941557E-16
  0.1657430000000E+14   0.1748722376827E-16
  0.1699050000000E+14   0.1634980684447E-16
  0.1741720000000E+14   0.1496349519867E-16
  0.1785460000000E+14   0.1366172684750E-16
  0.1830290000000E+14   0.1229982872612E-16
  0.1876260000000E+14   0.1102293444222E-16
  0.1923370000000E+14   0.9884711943764E-17
  0.1971670000000E+14   0.8852559696228E-17
  0.2021180000000E+14   0.7955615838902E-17
  0.2071940000000E+14   0.7251637581150E-17
  0.2123970000000E+14   0.6607208318315E-17
  0.2177310000000E+14   0.6522655703622E-17
  0.2231980000000E+14   0.6424107492303E-17
  0.2288030000000E+14   0.6481751303771E-17
  0.2345490000000E+14   0.6573798086056E-17
  0.2404390000000E+14   0.6676822743230E-17
  0.2464770000000E+14   0.6819895524880E-17
  0.2526660000000E+14   0.6921999402757E-17
  0.2590110000000E+14   0.7044051747839E-17
  0.2655150000000E+14   0.7125409013078E-17
  0.2721830000000E+14   0.7279361605103E-17
  0.2790180000000E+14   0.7427605957162E-17
  0.2860240000000E+14   0.7498214522917E-17
  0.2932070000000E+14   0.7486634492219E-17
  0.3005700000000E+14   0.7443863449802E-17
  0.3081180000000E+14   0.7250533229543E-17
  0.3158550000000E+14   0.7063585404017E-17
  0.3237870000000E+14   0.6325808924577E-17
  0.3319170000000E+14   0.5468521134182E-17
  0.3402530000000E+14   0.4679373142030E-17
  0.3487970000000E+14   0.3953520678480E-17
  0.3575560000000E+14   0.3276803159418E-17
  0.3665350000000E+14   0.2669701156000E-17
  0.3757390000000E+14   0.2085838585334E-17
  0.3851740000000E+14   0.1730997575654E-17
  0.3948470000000E+14   0.1442614941501E-17
  0.4047620000000E+14   0.1258200410342E-17
  0.4149260000000E+14   0.1193246261878E-17
  0.4253460000000E+14   0.1138720940083E-17
  0.4360270000000E+14   0.1122386560661E-17
  0.4469770000000E+14   0.1108486484560E-17
  0.4582010000000E+14   0.1097223771114E-17
  0.4697070000000E+14   0.1087993826758E-17
  0.4815020000000E+14   0.1079400767488E-17
  0.4935940000000E+14   0.1071296304767E-17
  0.5059890000000E+14   0.1064689139388E-17
  0.5186950000000E+14   0.1059995876550E-17
  0.5317200000000E+14   0.1056195015787E-17
  0.5450730000000E+14   0.1054658368493E-17
  0.6258450000000E+14   0.1062528646700E-17
  0.7185870000000E+14   0.1081237104348E-17
  0.8250720000000E+14   0.1088170685282E-17
  0.9473370000000E+14   0.1077128656936E-17
  0.1087720000000E+15   0.1052602143234E-17
  0.1248910000000E+15   0.1024268139998E-17
  0.1433980000000E+15   0.1002058835464E-17
  0.1646470000000E+15   0.9967320962979E-18
  0.1890460000000E+15   0.1019040710729E-17
  0.2170600000000E+15   0.1072638354557E-17
  0.2492250000000E+15   0.1159952590866E-17
  0.2861570000000E+15   0.1278944370342E-17
  0.3285620000000E+15   0.1422067168871E-17
  0.3772500000000E+15   0.1576541259549E-17
  0.4331540000000E+15   0.1723017651953E-17
  0.4973410000000E+15   0.1836437434644E-17
  0.5710410000000E+15   0.1889757084892E-17
  0.6556610000000E+15   0.1859844806113E-17
  0.7528220000000E+15   0.1733377002204E-17
  0.8643800000000E+15   0.1515529394382E-17
  0.9924690000000E+15   0.1230387524267E-17
  0.1139540000000E+16   0.9127061355465E-18
  0.1308400000000E+16   0.6133320304576E-18
  0.1502290000000E+16   0.3663607672422E-18
  0.1724910000000E+16   0.1908416609946E-18
  0.1980520000000E+16   0.8466891790193E-19
  0.2274010000000E+16   0.3134016749807E-19
  0.2610990000000E+16   0.9415341309771E-20
  0.2997900000000E+16   0.2225844990257E-20
