mstar = 2 Msun, Rstar = 2.5 Rsun, Tstar = 10000, mdisk = 0.0064162 Msun, Rc = 150 AU, Rin = 0.5 AU, Rout = 250 AU, inclination = 45 degree, powerlaw = -0.5 
         130
  
  0.2997900000000E+11   0.8205936368890E-23
  0.3951060000000E+11   0.1869612374799E-22
  0.5207280000000E+11   0.4255113821956E-22
  0.6862910000000E+11   0.9669603303778E-22
  0.9044930000000E+11   0.2192770993261E-21
  0.1192070000000E+12   0.4958387924033E-21
  0.1571080000000E+12   0.1116943362585E-20
  0.2070600000000E+12   0.2503228934615E-20
  0.2728930000000E+12   0.5571822674851E-20
  0.3596580000000E+12   0.1340055253705E-19
  0.4740100000000E+12   0.3844136897962E-19
  0.6247180000000E+12   0.1084219684780E-18
  0.8233440000000E+12   0.2982519839622E-18
  0.1085120000000E+13   0.7935951317132E-18
  0.1430130000000E+13   0.2011724408930E-17
  0.1884830000000E+13   0.4764459700942E-17
  0.2484100000000E+13   0.1023323859985E-16
  0.3273910000000E+13   0.1903559609384E-16
  0.4314820000000E+13   0.2904199000042E-16
  0.5686700000000E+13   0.3445359778407E-16
  0.7494750000000E+13   0.3234065042657E-16
  0.7682960000000E+13   0.3191039092016E-16
  0.7875890000000E+13   0.3145197800876E-16
  0.8073670000000E+13   0.3096582895841E-16
  0.8276410000000E+13   0.3045674720060E-16
  0.8484250000000E+13   0.2993296423378E-16
  0.8697300000000E+13   0.2943430899496E-16
  0.8915700000000E+13   0.2891689722235E-16
  0.9139590000000E+13   0.2844034627437E-16
  0.9369100000000E+13   0.2795805948017E-16
  0.9604380000000E+13   0.2749368142673E-16
  0.9845560000000E+13   0.2704627101648E-16
  0.1009280000000E+14   0.2658614514805E-16
  0.1034620000000E+14   0.2613511088346E-16
  0.1060610000000E+14   0.2566532249728E-16
  0.1087240000000E+14   0.2523711370812E-16
  0.1114540000000E+14   0.2479825086941E-16
  0.1142530000000E+14   0.2437369260652E-16
  0.1171220000000E+14   0.2395608770598E-16
  0.1200630000000E+14   0.2352288966041E-16
  0.1230780000000E+14   0.2309218603451E-16
  0.1261690000000E+14   0.2263985184057E-16
  0.1293370000000E+14   0.2223995496308E-16
  0.1325850000000E+14   0.2182433163629E-16
  0.1359150000000E+14   0.2141913118547E-16
  0.1393280000000E+14   0.2101390196404E-16
  0.1428260000000E+14   0.2060845960123E-16
  0.1464130000000E+14   0.2024808475059E-16
  0.1500900000000E+14   0.1986050930934E-16
  0.1538590000000E+14   0.1934581330461E-16
  0.1577220000000E+14   0.1881397845692E-16
  0.1616830000000E+14   0.1795111766686E-16
  0.1657430000000E+14   0.1692373995508E-16
  0.1699050000000E+14   0.1582329793314E-16
  0.1741720000000E+14   0.1448160612447E-16
  0.1785460000000E+14   0.1322222271363E-16
  0.1830290000000E+14   0.1190478394905E-16
  0.1876260000000E+14   0.1067001368234E-16
  0.1923370000000E+14   0.9569731676717E-17
  0.1971670000000E+14   0.8572372449999E-17
  0.2021180000000E+14   0.7706187525780E-17
  0.2071940000000E+14   0.7026880025859E-17
  0.2123970000000E+14   0.6405205982101E-17
  0.2177310000000E+14   0.6325335536272E-17
  0.2231980000000E+14   0.6232300512507E-17
  0.2288030000000E+14   0.6291097395795E-17
  0.2345490000000E+14   0.6383866817074E-17
  0.2404390000000E+14   0.6487947725677E-17
  0.2464770000000E+14   0.6631382526197E-17
  0.2526660000000E+14   0.6735339524307E-17
  0.2590110000000E+14   0.6859096890237E-17
  0.2655150000000E+14   0.6943356131591E-17
  0.2721830000000E+14   0.7098792590576E-17
  0.2790180000000E+14   0.7249286710471E-17
  0.2860240000000E+14   0.7324133276813E-17
  0.2932070000000E+14   0.7318716040434E-17
  0.3005700000000E+14   0.7282864224903E-17
  0.3081180000000E+14   0.7098873296688E-17
  0.3158550000000E+14   0.6920870312293E-17
  0.3237870000000E+14   0.6200432630771E-17
  0.3319170000000E+14   0.5362454677532E-17
  0.3402530000000E+14   0.4591451815980E-17
  0.3487970000000E+14   0.3882021572563E-17
  0.3575560000000E+14   0.3220861561360E-17
  0.3665350000000E+14   0.2628101335361E-17
  0.3757390000000E+14   0.2056892058676E-17
  0.3851740000000E+14   0.1709323119327E-17
  0.3948470000000E+14   0.1427399968943E-17
  0.4047620000000E+14   0.1247429938819E-17
  0.4149260000000E+14   0.1184321310965E-17
  0.4253460000000E+14   0.1131258259454E-17
  0.4360270000000E+14   0.1115648999282E-17
  0.4469770000000E+14   0.1102347909765E-17
  0.4582010000000E+14   0.1091562373777E-17
  0.4697070000000E+14   0.1082700403600E-17
  0.4815020000000E+14   0.1074384546910E-17
  0.4935940000000E+14   0.1066472000081E-17
  0.5059890000000E+14   0.1059965631371E-17
  0.5186950000000E+14   0.1055286268213E-17
  0.5317200000000E+14   0.1051429578349E-17
  0.5450730000000E+14   0.1049766838958E-17
  0.6258450000000E+14   0.1056115682155E-17
  0.7185870000000E+14   0.1072678550518E-17
  0.8250720000000E+14   0.1077685231334E-17
  0.9473370000000E+14   0.1065568013529E-17
  0.1087720000000E+15   0.1041246517586E-17
  0.1248910000000E+15   0.1014540812395E-17
  0.1433980000000E+15   0.9951683659689E-18
  0.1646470000000E+15   0.9932802058515E-18
  0.1890460000000E+15   0.1018809932986E-17
  0.2170600000000E+15   0.1074755083986E-17
  0.2492250000000E+15   0.1163261146920E-17
  0.2861570000000E+15   0.1282422170123E-17
  0.3285620000000E+15   0.1424977302100E-17
  0.3772500000000E+15   0.1578519239094E-17
  0.4331540000000E+15   0.1724142637661E-17
  0.4973410000000E+15   0.1837085902168E-17
  0.5710410000000E+15   0.1890308941485E-17
  0.6556610000000E+15   0.1860539035960E-17
  0.7528220000000E+15   0.1734388884519E-17
  0.8643800000000E+15   0.1516759944896E-17
  0.9924690000000E+15   0.1231516149348E-17
  0.1139540000000E+16   0.9138625580724E-18
  0.1308400000000E+16   0.6140608987849E-18
  0.1502290000000E+16   0.3667205026319E-18
  0.1724910000000E+16   0.1909821128107E-18
  0.1980520000000E+16   0.8473468275484E-19
  0.2274010000000E+16   0.3136394801316E-19
  0.2610990000000E+16   0.9422353586114E-20
  0.2997900000000E+16   0.2227479160144E-20
