mstar = 2 Msun, Rstar = 2.5 Rsun, Tstar = 10000, mdisk = 0.0088404 Msun, Rc = 150 AU, Rin = 0.5 AU, Rout = 250 AU, inclination = 45 degree, powerlaw = -0.5 
         130
  
  0.2997900000000E+11   0.1095295985060E-22
  0.3951060000000E+11   0.2495618109673E-22
  0.5207280000000E+11   0.5679620650144E-22
  0.6862910000000E+11   0.1290491393378E-21
  0.9044930000000E+11   0.2925699338293E-21
  0.1192070000000E+12   0.6613167282814E-21
  0.1571080000000E+12   0.1488886426216E-20
  0.2070600000000E+12   0.3334274684969E-20
  0.2728930000000E+12   0.7413949240326E-20
  0.3596580000000E+12   0.1780455041166E-19
  0.4740100000000E+12   0.5095354757563E-19
  0.6247180000000E+12   0.1431995815015E-18
  0.8233440000000E+12   0.3917842710208E-18
  0.1085120000000E+13   0.1033730795628E-17
  0.1430130000000E+13   0.2586159647912E-17
  0.1884830000000E+13   0.5999147066425E-17
  0.2484100000000E+13   0.1247472999211E-16
  0.3273910000000E+13   0.2211095329258E-16
  0.4314820000000E+13   0.3163137124053E-16
  0.5686700000000E+13   0.3530955073724E-16
  0.7494750000000E+13   0.3262860255166E-16
  0.7682960000000E+13   0.3223454808385E-16
  0.7875890000000E+13   0.3181979260244E-16
  0.8073670000000E+13   0.3138225070505E-16
  0.8276410000000E+13   0.3092462863617E-16
  0.8484250000000E+13   0.3045359424956E-16
  0.8697300000000E+13   0.3001005786304E-16
  0.8915700000000E+13   0.2954531395263E-16
  0.9139590000000E+13   0.2912195819580E-16
  0.9369100000000E+13   0.2868867085542E-16
  0.9604380000000E+13   0.2826986593006E-16
  0.9845560000000E+13   0.2786374056609E-16
  0.1009280000000E+14   0.2743816485079E-16
  0.1034620000000E+14   0.2701625335305E-16
  0.1060610000000E+14   0.2656854833167E-16
  0.1087240000000E+14   0.2615906527835E-16
  0.1114540000000E+14   0.2573288849313E-16
  0.1142530000000E+14   0.2531675300122E-16
  0.1171220000000E+14   0.2490334822515E-16
  0.1200630000000E+14   0.2446954182978E-16
  0.1230780000000E+14   0.2403481219986E-16
  0.1261690000000E+14   0.2357446848285E-16
  0.1293370000000E+14   0.2316615799739E-16
  0.1325850000000E+14   0.2273920396052E-16
  0.1359150000000E+14   0.2232114777287E-16
  0.1393280000000E+14   0.2190142115863E-16
  0.1428260000000E+14   0.2148004104088E-16
  0.1464130000000E+14   0.2110427064990E-16
  0.1500900000000E+14   0.2069924788757E-16
  0.1538590000000E+14   0.2016137773513E-16
  0.1577220000000E+14   0.1960502075894E-16
  0.1616830000000E+14   0.1870434738346E-16
  0.1657430000000E+14   0.1763227408272E-16
  0.1699050000000E+14   0.1648375991547E-16
  0.1741720000000E+14   0.1508405290765E-16
  0.1785460000000E+14   0.1376925215743E-16
  0.1830290000000E+14   0.1239363581586E-16
  0.1876260000000E+14   0.1110372552582E-16
  0.1923370000000E+14   0.9953515870048E-17
  0.1971670000000E+14   0.8910476750005E-17
  0.2021180000000E+14   0.8003967848120E-17
  0.2071940000000E+14   0.7292287998089E-17
  0.2123970000000E+14   0.6640830644644E-17
  0.2177310000000E+14   0.6554749077738E-17
  0.2231980000000E+14   0.6454575778227E-17
  0.2288030000000E+14   0.6512012597731E-17
  0.2345490000000E+14   0.6604109550444E-17
  0.2404390000000E+14   0.6707524141028E-17
  0.2464770000000E+14   0.6851338284552E-17
  0.2526660000000E+14   0.6953855972286E-17
  0.2590110000000E+14   0.7076723201523E-17
  0.2655150000000E+14   0.7158417054734E-17
  0.2721830000000E+14   0.7313550003116E-17
  0.2790180000000E+14   0.7462881551781E-17
  0.2860240000000E+14   0.7533606072550E-17
  0.2932070000000E+14   0.7521552207718E-17
  0.3005700000000E+14   0.7478044884384E-17
  0.3081180000000E+14   0.7282282629299E-17
  0.3158550000000E+14   0.7092926305527E-17
  0.3237870000000E+14   0.6347317502641E-17
  0.3319170000000E+14   0.5482464799064E-17
  0.3402530000000E+14   0.4686903056707E-17
  0.3487970000000E+14   0.3956218998758E-17
  0.3575560000000E+14   0.3276348250958E-17
  0.3665350000000E+14   0.2667684639225E-17
  0.3757390000000E+14   0.2082616466570E-17
  0.3851740000000E+14   0.1727290013383E-17
  0.3948470000000E+14   0.1439370207426E-17
  0.4047620000000E+14   0.1255671111535E-17
  0.4149260000000E+14   0.1191398896450E-17
  0.4253460000000E+14   0.1137585918035E-17
  0.4360270000000E+14   0.1121858731685E-17
  0.4469770000000E+14   0.1108529738445E-17
  0.4582010000000E+14   0.1097799000548E-17
  0.4697070000000E+14   0.1089064291179E-17
  0.4815020000000E+14   0.1080939276458E-17
  0.4935940000000E+14   0.1073281304878E-17
  0.5059890000000E+14   0.1067086337036E-17
  0.5186950000000E+14   0.1062761016215E-17
  0.5317200000000E+14   0.1059297346717E-17
  0.5450730000000E+14   0.1058046466352E-17
  0.6258450000000E+14   0.1066793009473E-17
  0.7185870000000E+14   0.1085349913534E-17
  0.8250720000000E+14   0.1091542324704E-17
  0.9473370000000E+14   0.1079452209558E-17
  0.1087720000000E+15   0.1053756302652E-17
  0.1248910000000E+15   0.1024317685279E-17
  0.1433980000000E+15   0.1001206530039E-17
  0.1646470000000E+15   0.9952330042779E-18
  0.1890460000000E+15   0.1017146082859E-17
  0.2170600000000E+15   0.1070594484782E-17
  0.2492250000000E+15   0.1157992622049E-17
  0.2861570000000E+15   0.1277271084608E-17
  0.3285620000000E+15   0.1420826004150E-17
  0.3772500000000E+15   0.1575763969345E-17
  0.4331540000000E+15   0.1722605239471E-17
  0.4973410000000E+15   0.1836226773307E-17
  0.5710410000000E+15   0.1889612138168E-17
  0.6556610000000E+15   0.1859686622906E-17
  0.7528220000000E+15   0.1733156326117E-17
  0.8643800000000E+15   0.1515263227593E-17
  0.9924690000000E+15   0.1230143660406E-17
  0.1139540000000E+16   0.9124563501319E-18
  0.1308400000000E+16   0.6131745903758E-18
  0.1502290000000E+16   0.3662830524875E-18
  0.1724910000000E+16   0.1908113142205E-18
  0.1980520000000E+16   0.8465470874661E-19
  0.2274010000000E+16   0.3133502942353E-19
  0.2610990000000E+16   0.9413826207793E-20
  0.2997900000000E+16   0.2225491902351E-20
