mstar = 2 Msun, Rstar = 2.5 Rsun, Tstar = 10000, mdisk = 0.0029368 Msun, Rc = 150 AU, Rin = 0.5 AU, Rout = 250 AU, inclination = 45 degree, powerlaw = -0.5 
         130
  
  0.2997900000000E+11   0.4054830240777E-23
  0.3951060000000E+11   0.9233660730746E-23
  0.5207280000000E+11   0.2101068814630E-22
  0.6862910000000E+11   0.4774930921667E-22
  0.9044930000000E+11   0.1083195372378E-21
  0.1192070000000E+12   0.2451026711082E-21
  0.1571080000000E+12   0.5527086019938E-21
  0.2070600000000E+12   0.1240580882548E-20
  0.2728930000000E+12   0.2767190336083E-20
  0.3596580000000E+12   0.6675218873964E-20
  0.4740100000000E+12   0.1923703354602E-19
  0.6247180000000E+12   0.5462613845382E-19
  0.8233440000000E+12   0.1517916181281E-18
  0.1085120000000E+13   0.4100980496928E-18
  0.1430130000000E+13   0.1064225272279E-17
  0.1884830000000E+13   0.2614230404175E-17
  0.2484100000000E+13   0.5946420524433E-17
  0.3273910000000E+13   0.1208786267594E-16
  0.4314820000000E+13   0.2101254055499E-16
  0.5686700000000E+13   0.2930608920436E-16
  0.7494750000000E+13   0.3111894027753E-16
  0.7682960000000E+13   0.3087688004414E-16
  0.7875890000000E+13   0.3056853261220E-16
  0.8073670000000E+13   0.3019548969378E-16
  0.8276410000000E+13   0.2976496768140E-16
  0.8484250000000E+13   0.2928806428752E-16
  0.8697300000000E+13   0.2880615087408E-16
  0.8915700000000E+13   0.2827908607244E-16
  0.9139590000000E+13   0.2776607533017E-16
  0.9369100000000E+13   0.2722684447486E-16
  0.9604380000000E+13   0.2668679138292E-16
  0.9845560000000E+13   0.2614872327788E-16
  0.1009280000000E+14   0.2559104983851E-16
  0.1034620000000E+14   0.2503678885544E-16
  0.1060610000000E+14   0.2446588481179E-16
  0.1087240000000E+14   0.2393273477051E-16
  0.1114540000000E+14   0.2339592904230E-16
  0.1142530000000E+14   0.2287879032312E-16
  0.1171220000000E+14   0.2237701697345E-16
  0.1200630000000E+14   0.2187275622887E-16
  0.1230780000000E+14   0.2138199121741E-16
  0.1261690000000E+14   0.2088423222859E-16
  0.1293370000000E+14   0.2044328086395E-16
  0.1325850000000E+14   0.2000012014368E-16
  0.1359150000000E+14   0.1957675265565E-16
  0.1393280000000E+14   0.1916326733765E-16
  0.1428260000000E+14   0.1875847827596E-16
  0.1464130000000E+14   0.1840179680526E-16
  0.1500900000000E+14   0.1802789819380E-16
  0.1538590000000E+14   0.1754538998833E-16
  0.1577220000000E+14   0.1705161416038E-16
  0.1616830000000E+14   0.1626172977575E-16
  0.1657430000000E+14   0.1532473715370E-16
  0.1699050000000E+14   0.1432285615228E-16
  0.1741720000000E+14   0.1310376872836E-16
  0.1785460000000E+14   0.1196022828826E-16
  0.1830290000000E+14   0.1076554832167E-16
  0.1876260000000E+14   0.9647050000287E-17
  0.1923370000000E+14   0.8651221165876E-17
  0.1971670000000E+14   0.7749458691985E-17
  0.2021180000000E+14   0.6966678907220E-17
  0.2071940000000E+14   0.6352066243480E-17
  0.2123970000000E+14   0.5789888612208E-17
  0.2177310000000E+14   0.5712740873013E-17
  0.2231980000000E+14   0.5626490311762E-17
  0.2288030000000E+14   0.5679665222281E-17
  0.2345490000000E+14   0.5766406904662E-17
  0.2404390000000E+14   0.5865685594913E-17
  0.2464770000000E+14   0.6002578426252E-17
  0.2526660000000E+14   0.6104584520796E-17
  0.2590110000000E+14   0.6225563938814E-17
  0.2655150000000E+14   0.6310778049544E-17
  0.2721830000000E+14   0.6461657866464E-17
  0.2790180000000E+14   0.6608277088588E-17
  0.2860240000000E+14   0.6685753019577E-17
  0.2932070000000E+14   0.6689799052757E-17
  0.3005700000000E+14   0.6666129305438E-17
  0.3081180000000E+14   0.6506231979992E-17
  0.3158550000000E+14   0.6351903929096E-17
  0.3237870000000E+14   0.5697535459595E-17
  0.3319170000000E+14   0.4934974208288E-17
  0.3402530000000E+14   0.4233654562672E-17
  0.3487970000000E+14   0.3588295140583E-17
  0.3575560000000E+14   0.2986676759540E-17
  0.3665350000000E+14   0.2447279835508E-17
  0.3757390000000E+14   0.1927189237611E-17
  0.3851740000000E+14   0.1612780090802E-17
  0.3948470000000E+14   0.1357093947809E-17
  0.4047620000000E+14   0.1192900499132E-17
  0.4149260000000E+14   0.1136577531527E-17
  0.4253460000000E+14   0.1088834116634E-17
  0.4360270000000E+14   0.1076514581308E-17
  0.4469770000000E+14   0.1066074524636E-17
  0.4582010000000E+14   0.1057731586905E-17
  0.4697070000000E+14   0.1050927843991E-17
  0.4815020000000E+14   0.1044310311916E-17
  0.4935940000000E+14   0.1037737363470E-17
  0.5059890000000E+14   0.1032233364366E-17
  0.5186950000000E+14   0.1028264802003E-17
  0.5317200000000E+14   0.1024845557341E-17
  0.5450730000000E+14   0.1023430077488E-17
  0.6258450000000E+14   0.1028675676260E-17
  0.7185870000000E+14   0.1042597272936E-17
  0.8250720000000E+14   0.1045245434495E-17
  0.9473370000000E+14   0.1032417669252E-17
  0.1087720000000E+15   0.1009965113224E-17
  0.1248910000000E+15   0.9877698542286E-18
  0.1433980000000E+15   0.9749653933750E-18
  0.1646470000000E+15   0.9806668731185E-18
  0.1890460000000E+15   0.1013460595881E-17
  0.2170600000000E+15   0.1075136582283E-17
  0.2492250000000E+15   0.1167051071538E-17
  0.2861570000000E+15   0.1287480354063E-17
  0.3285620000000E+15   0.1429834178567E-17
  0.3772500000000E+15   0.1582341190673E-17
  0.4331540000000E+15   0.1726714239501E-17
  0.4973410000000E+15   0.1838777849145E-17
  0.5710410000000E+15   0.1891772518274E-17
  0.6556610000000E+15   0.1862326284051E-17
  0.7528220000000E+15   0.1736963431319E-17
  0.8643800000000E+15   0.1519885589227E-17
  0.9924690000000E+15   0.1234382795316E-17
  0.1139540000000E+16   0.9168015516286E-18
  0.1308400000000E+16   0.6159130225000E-18
  0.1502290000000E+16   0.3676342910219E-18
  0.1724910000000E+16   0.1913387290412E-18
  0.1980520000000E+16   0.8490167599178E-19
  0.2274010000000E+16   0.3142433071184E-19
  0.2610990000000E+16   0.9440158485729E-20
  0.2997900000000E+16   0.2231628409952E-20
