mstar = 0.3068 Msun, Rstar = 0.7666 Rsun, Tstar = 5064.4, mdisk = 0.0047958 Msun, Rc = 13.86 AU, Rin = 0.0974 AU, Rout = 148.354 AU, inclination = 45 degree, powerlaw = -1 
         130
  
  0.2997900000000E+11   0.4993953520829E-23
  0.3951060000000E+11   0.1113647351008E-22
  0.5207280000000E+11   0.2468354943170E-22
  0.6862910000000E+11   0.5430541409009E-22
  0.9044930000000E+11   0.1183927094870E-21
  0.1192070000000E+12   0.2552307164840E-21
  0.1571080000000E+12   0.5426190200042E-21
  0.2070600000000E+12   0.1133696377824E-20
  0.2728930000000E+12   0.2317128716111E-20
  0.3596580000000E+12   0.4825511048419E-20
  0.4740100000000E+12   0.1054800384546E-19
  0.6247180000000E+12   0.2120903763755E-19
  0.8233440000000E+12   0.3837072058892E-19
  0.1085120000000E+13   0.6197397357033E-19
  0.1430130000000E+13   0.9049033448591E-19
  0.1884830000000E+13   0.1220836534752E-18
  0.2484100000000E+13   0.1536957052087E-18
  0.3273910000000E+13   0.1808077334828E-18
  0.4314820000000E+13   0.1991865771609E-18
  0.5686700000000E+13   0.2042592823653E-18
  0.7494750000000E+13   0.1918049681534E-18
  0.7682960000000E+13   0.1897643126181E-18
  0.7875890000000E+13   0.1875167518564E-18
  0.8073670000000E+13   0.1850425986494E-18
  0.8276410000000E+13   0.1823589911689E-18
  0.8484250000000E+13   0.1795106154709E-18
  0.8697300000000E+13   0.1767629185893E-18
  0.8915700000000E+13   0.1738000466528E-18
  0.9139590000000E+13   0.1710213277942E-18
  0.9369100000000E+13   0.1681041549522E-18
  0.9604380000000E+13   0.1652037533909E-18
  0.9845560000000E+13   0.1623114134027E-18
  0.1009280000000E+14   0.1592417412318E-18
  0.1034620000000E+14   0.1561392382664E-18
  0.1060610000000E+14   0.1528415725451E-18
  0.1087240000000E+14   0.1497223000460E-18
  0.1114540000000E+14   0.1464731116910E-18
  0.1142530000000E+14   0.1432497171189E-18
  0.1171220000000E+14   0.1400165741341E-18
  0.1200630000000E+14   0.1366559574380E-18
  0.1230780000000E+14   0.1332795095345E-18
  0.1261690000000E+14   0.1297648242638E-18
  0.1293370000000E+14   0.1265156878431E-18
  0.1325850000000E+14   0.1231725808458E-18
  0.1359150000000E+14   0.1198781503990E-18
  0.1393280000000E+14   0.1165843429099E-18
  0.1428260000000E+14   0.1132959882834E-18
  0.1464130000000E+14   0.1102349717124E-18
  0.1500900000000E+14   0.1070552374989E-18
  0.1538590000000E+14   0.1033090008455E-18
  0.1577220000000E+14   0.9953217861455E-19
  0.1616830000000E+14   0.9433882840154E-19
  0.1657430000000E+14   0.8853636709969E-19
  0.1699050000000E+14   0.8255290990072E-19
  0.1741720000000E+14   0.7568268189049E-19
  0.1785460000000E+14   0.6932226594938E-19
  0.1830290000000E+14   0.6286396280229E-19
  0.1876260000000E+14   0.5689309098534E-19
  0.1923370000000E+14   0.5160762084975E-19
  0.1971670000000E+14   0.4685336897667E-19
  0.2021180000000E+14   0.4273563725022E-19
  0.2071940000000E+14   0.3947231023523E-19
  0.2123970000000E+14   0.3651559262786E-19
  0.2177310000000E+14   0.3581010942260E-19
  0.2231980000000E+14   0.3505863880405E-19
  0.2288030000000E+14   0.3489729417737E-19
  0.2345490000000E+14   0.3484147979126E-19
  0.2404390000000E+14   0.3479973733201E-19
  0.2464770000000E+14   0.3486519002905E-19
  0.2526660000000E+14   0.3476521233109E-19
  0.2590110000000E+14   0.3470608888793E-19
  0.2655150000000E+14   0.3449722192284E-19
  0.2721830000000E+14   0.3448526077634E-19
  0.2790180000000E+14   0.3442961012961E-19
  0.2860240000000E+14   0.3414018209825E-19
  0.2932070000000E+14   0.3362845881966E-19
  0.3005700000000E+14   0.3304716880975E-19
  0.3081180000000E+14   0.3211645569672E-19
  0.3158550000000E+14   0.3124244562373E-19
  0.3237870000000E+14   0.2912525603587E-19
  0.3319170000000E+14   0.2679860204634E-19
  0.3402530000000E+14   0.2469622754949E-19
  0.3487970000000E+14   0.2278973859736E-19
  0.3575560000000E+14   0.2102807558180E-19
  0.3665350000000E+14   0.1944408749186E-19
  0.3757390000000E+14   0.1788847984115E-19
  0.3851740000000E+14   0.1695584007573E-19
  0.3948470000000E+14   0.1620452653906E-19
  0.4047620000000E+14   0.1575718760525E-19
  0.4149260000000E+14   0.1568534020013E-19
  0.4253460000000E+14   0.1564344602799E-19
  0.4360270000000E+14   0.1572304916436E-19
  0.4469770000000E+14   0.1580525202854E-19
  0.4582010000000E+14   0.1588936954900E-19
  0.4697070000000E+14   0.1597262119365E-19
  0.4815020000000E+14   0.1604915354196E-19
  0.4935940000000E+14   0.1611758632213E-19
  0.5059890000000E+14   0.1618082495737E-19
  0.5186950000000E+14   0.1623947054590E-19
  0.5317200000000E+14   0.1629007659174E-19
  0.5450730000000E+14   0.1633668748150E-19
  0.6258450000000E+14   0.1643987734859E-19
  0.7185870000000E+14   0.1624842812379E-19
  0.8250720000000E+14   0.1580093013923E-19
  0.9473370000000E+14   0.1529117347353E-19
  0.1087720000000E+15   0.1499538932790E-19
  0.1248910000000E+15   0.1517738451988E-19
  0.1433980000000E+15   0.1597621419423E-19
  0.1646470000000E+15   0.1735688929130E-19
  0.1890460000000E+15   0.1911118314773E-19
  0.2170600000000E+15   0.2090291862307E-19
  0.2492250000000E+15   0.2235404095444E-19
  0.2861570000000E+15   0.2310126167159E-19
  0.3285620000000E+15   0.2285044893974E-19
  0.3772500000000E+15   0.2143478997643E-19
  0.4331540000000E+15   0.1887828667412E-19
  0.4973410000000E+15   0.1543583594625E-19
  0.5710410000000E+15   0.1156862292949E-19
  0.6556610000000E+15   0.7834140320737E-20
  0.7528220000000E+15   0.4716702394181E-20
  0.8643800000000E+15   0.2479313233186E-20
  0.9924690000000E+15   0.1114631187141E-20
  0.1139540000000E+16   0.4186680818748E-21
  0.1308400000000E+16   0.1279247231717E-21
  0.1502290000000E+16   0.3083494719121E-22
  0.1724910000000E+16   0.5661012388326E-23
  0.1980520000000E+16   0.7602763375697E-24
  0.2274010000000E+16   0.7131097294426E-25
  0.2610990000000E+16   0.4429526895258E-26
  0.2997900000000E+16   0.1714224476569E-27
