mstar = 0.8044 Msun, Rstar = 0.665 Rsun, Tstar = 4109.2, mdisk = 0.0054395 Msun, Rc = 12.012 AU, Rin = 0.1423 AU, Rout = 209.216 AU, inclination = 45 degree, powerlaw = -1 
         130
  
  0.2997900000000E+11   0.3661574011577E-23
  0.3951060000000E+11   0.8112786472407E-23
  0.5207280000000E+11   0.1783391406811E-22
  0.6862910000000E+11   0.3882270270802E-22
  0.9044930000000E+11   0.8349493862720E-22
  0.1192070000000E+12   0.1768701156488E-21
  0.1571080000000E+12   0.3675984090478E-21
  0.2070600000000E+12   0.7457644260155E-21
  0.2728930000000E+12   0.1467078666690E-20
  0.3596580000000E+12   0.2893832156097E-20
  0.4740100000000E+12   0.5819157293236E-20
  0.6247180000000E+12   0.1051730678556E-19
  0.8233440000000E+12   0.1683035496085E-19
  0.1085120000000E+13   0.2407565407708E-19
  0.1430130000000E+13   0.3151124641120E-19
  0.1884830000000E+13   0.3816411937935E-19
  0.2484100000000E+13   0.4282395758131E-19
  0.3273910000000E+13   0.4458462100518E-19
  0.4314820000000E+13   0.4317315062145E-19
  0.5686700000000E+13   0.3863846957774E-19
  0.7494750000000E+13   0.3135497894287E-19
  0.7682960000000E+13   0.3059528758338E-19
  0.7875890000000E+13   0.2981089627499E-19
  0.8073670000000E+13   0.2899916742164E-19
  0.8276410000000E+13   0.2816531851459E-19
  0.8484250000000E+13   0.2731966776766E-19
  0.8697300000000E+13   0.2651379886126E-19
  0.8915700000000E+13   0.2568702410371E-19
  0.9139590000000E+13   0.2491426683138E-19
  0.9369100000000E+13   0.2413524835151E-19
  0.9604380000000E+13   0.2337854689079E-19
  0.9845560000000E+13   0.2264209346812E-19
  0.1009280000000E+14   0.2189340819533E-19
  0.1034620000000E+14   0.2115853003648E-19
  0.1060610000000E+14   0.2041038145904E-19
  0.1087240000000E+14   0.1971114730544E-19
  0.1114540000000E+14   0.1900967113914E-19
  0.1142530000000E+14   0.1833139674424E-19
  0.1171220000000E+14   0.1767055384624E-19
  0.1200630000000E+14   0.1700942915066E-19
  0.1230780000000E+14   0.1636514485371E-19
  0.1261690000000E+14   0.1572049821672E-19
  0.1293370000000E+14   0.1513295683956E-19
  0.1325850000000E+14   0.1455080672199E-19
  0.1359150000000E+14   0.1399366908840E-19
  0.1393280000000E+14   0.1345491114923E-19
  0.1428260000000E+14   0.1293508787755E-19
  0.1464130000000E+14   0.1246122334407E-19
  0.1500900000000E+14   0.1198947444564E-19
  0.1538590000000E+14   0.1146782624121E-19
  0.1577220000000E+14   0.1096321613283E-19
  0.1616830000000E+14   0.1032139959618E-19
  0.1657430000000E+14   0.9644543412237E-20
  0.1699050000000E+14   0.8983832810640E-20
  0.1741720000000E+14   0.8272191071030E-20
  0.1785460000000E+14   0.7653716847575E-20
  0.1830290000000E+14   0.7067207499384E-20
  0.1876260000000E+14   0.6563445042682E-20
  0.1923370000000E+14   0.6151812667556E-20
  0.1971670000000E+14   0.5811965176288E-20
  0.2021180000000E+14   0.5544727611024E-20
  0.2071940000000E+14   0.5357420051247E-20
  0.2123970000000E+14   0.5205100215211E-20
  0.2177310000000E+14   0.5208130166376E-20
  0.2231980000000E+14   0.5210242554470E-20
  0.2288030000000E+14   0.5250497925821E-20
  0.2345490000000E+14   0.5297551020570E-20
  0.2404390000000E+14   0.5345297172375E-20
  0.2464770000000E+14   0.5398988775080E-20
  0.2526660000000E+14   0.5441827173377E-20
  0.2590110000000E+14   0.5485803803245E-20
  0.2655150000000E+14   0.5520073237699E-20
  0.2721830000000E+14   0.5563662669746E-20
  0.2790180000000E+14   0.5602517553499E-20
  0.2860240000000E+14   0.5626878185632E-20
  0.2932070000000E+14   0.5638057359186E-20
  0.3005700000000E+14   0.5644204219779E-20
  0.3081180000000E+14   0.5631679304575E-20
  0.3158550000000E+14   0.5620536006182E-20
  0.3237870000000E+14   0.5549764864984E-20
  0.3319170000000E+14   0.5468370912737E-20
  0.3402530000000E+14   0.5393873140928E-20
  0.3487970000000E+14   0.5322018688473E-20
  0.3575560000000E+14   0.5247737308852E-20
  0.3665350000000E+14   0.5169933970751E-20
  0.3757390000000E+14   0.5077170092981E-20
  0.3851740000000E+14   0.5008756683178E-20
  0.3948470000000E+14   0.4936812626866E-20
  0.4047620000000E+14   0.4873534372778E-20
  0.4149260000000E+14   0.4841028371133E-20
  0.4253460000000E+14   0.4806092650333E-20
  0.4360270000000E+14   0.4783637989958E-20
  0.4469770000000E+14   0.4758259690610E-20
  0.4582010000000E+14   0.4730354005628E-20
  0.4697070000000E+14   0.4700116583110E-20
  0.4815020000000E+14   0.4667264956748E-20
  0.4935940000000E+14   0.4632224273054E-20
  0.5059890000000E+14   0.4596056110842E-20
  0.5186950000000E+14   0.4559447925117E-20
  0.5317200000000E+14   0.4522614648232E-20
  0.5450730000000E+14   0.4486635227358E-20
  0.6258450000000E+14   0.4318952439918E-20
  0.7185870000000E+14   0.4271534168540E-20
  0.8250720000000E+14   0.4421015861055E-20
  0.9473370000000E+14   0.4810850104251E-20
  0.1087720000000E+15   0.5432067663972E-20
  0.1248910000000E+15   0.6227701035256E-20
  0.1433980000000E+15   0.7108646038715E-20
  0.1646470000000E+15   0.7969933970580E-20
  0.1890460000000E+15   0.8698094211431E-20
  0.2170600000000E+15   0.9174997779032E-20
  0.2492250000000E+15   0.9288316603042E-20
  0.2861570000000E+15   0.8953171204714E-20
  0.3285620000000E+15   0.8142479989457E-20
  0.3772500000000E+15   0.6913699931445E-20
  0.4331540000000E+15   0.5415399944007E-20
  0.4973410000000E+15   0.3860449960025E-20
  0.5710410000000E+15   0.2466639974457E-20
  0.6556610000000E+15   0.1388639985620E-20
  0.7528220000000E+15   0.6755759930041E-21
  0.8643800000000E+15   0.2778589971226E-21
  0.9924690000000E+15   0.9422369902427E-22
  0.1139540000000E+16   0.2559929973491E-22
  0.1308400000000E+16   0.5392339944160E-23
  0.1502290000000E+16   0.8479639912189E-24
  0.1724910000000E+16   0.9533509901276E-25
  0.1980520000000E+16   0.7291189924497E-26
  0.2274010000000E+16   0.3582709962899E-27
  0.2610990000000E+16   0.1059339989030E-28
  0.2997900000000E+16   0.1748259981896E-30
