mstar = 0.7836 Msun, Rstar = 1.4985 Rsun, Tstar = 5433.7, mdisk = 0.0016739 Msun, Rc = 31.278 AU, Rin = 0.0352 AU, Rout = 213.968 AU, inclination = 45 degree, powerlaw = -1 
         130
  
  0.2997900000000E+11   0.2196920812629E-23
  0.3951060000000E+11   0.4981115818458E-23
  0.5207280000000E+11   0.1126701004345E-22
  0.6862910000000E+11   0.2540768197934E-22
  0.9044930000000E+11   0.5707223415885E-22
  0.1192070000000E+12   0.1275576379487E-21
  0.1571080000000E+12   0.2832542517170E-21
  0.2070600000000E+12   0.6237081233621E-21
  0.2728930000000E+12   0.1358225619606E-20
  0.3596580000000E+12   0.3107812300142E-20
  0.4740100000000E+12   0.8039407732962E-20
  0.6247180000000E+12   0.2024326520610E-19
  0.8233440000000E+12   0.4874900719854E-19
  0.1085120000000E+13   0.1098262528479E-18
  0.1430130000000E+13   0.2240646248881E-18
  0.1884830000000E+13   0.3981526081955E-18
  0.2484100000000E+13   0.5918703499407E-18
  0.3273910000000E+13   0.7218055079725E-18
  0.4314820000000E+13   0.7531414312609E-18
  0.5686700000000E+13   0.7247367110659E-18
  0.7494750000000E+13   0.6534692876141E-18
  0.7682960000000E+13   0.6447941645910E-18
  0.7875890000000E+13   0.6355380361509E-18
  0.8073670000000E+13   0.6256279482051E-18
  0.8276410000000E+13   0.6151269259282E-18
  0.8484250000000E+13   0.6041983062114E-18
  0.8697300000000E+13   0.5938034642276E-18
  0.8915700000000E+13   0.5827933436506E-18
  0.9139590000000E+13   0.5726096165120E-18
  0.9369100000000E+13   0.5620779312640E-18
  0.9604380000000E+13   0.5517562606365E-18
  0.9845560000000E+13   0.5416093137275E-18
  0.1009280000000E+14   0.5309631430327E-18
  0.1034620000000E+14   0.5203439723854E-18
  0.1060610000000E+14   0.5091631824060E-18
  0.1087240000000E+14   0.4987574021674E-18
  0.1114540000000E+14   0.4880154435411E-18
  0.1142530000000E+14   0.4774961906425E-18
  0.1171220000000E+14   0.4670685763226E-18
  0.1200630000000E+14   0.4563017616593E-18
  0.1230780000000E+14   0.4455934067624E-18
  0.1261690000000E+14   0.4344978175405E-18
  0.1293370000000E+14   0.4244718862076E-18
  0.1325850000000E+14   0.4142095104103E-18
  0.1359150000000E+14   0.4042270276707E-18
  0.1393280000000E+14   0.3943428861055E-18
  0.1428260000000E+14   0.3845695830095E-18
  0.1464130000000E+14   0.3757220677288E-18
  0.1500900000000E+14   0.3665214821676E-18
  0.1538590000000E+14   0.3552872990104E-18
  0.1577220000000E+14   0.3439857327687E-18
  0.1616830000000E+14   0.3274003406695E-18
  0.1657430000000E+14   0.3085041073710E-18
  0.1699050000000E+14   0.2888854568077E-18
  0.1741720000000E+14   0.2658628434725E-18
  0.1785460000000E+14   0.2446795862025E-18
  0.1830290000000E+14   0.2230438252770E-18
  0.1876260000000E+14   0.2031254249533E-18
  0.1923370000000E+14   0.1856433165119E-18
  0.1971670000000E+14   0.1700112416063E-18
  0.2021180000000E+14   0.1565940024032E-18
  0.2071940000000E+14   0.1461938056443E-18
  0.2123970000000E+14   0.1367577199353E-18
  0.2177310000000E+14   0.1358175800270E-18
  0.2231980000000E+14   0.1347083972976E-18
  0.2288030000000E+14   0.1359808082468E-18
  0.2345490000000E+14   0.1378024069151E-18
  0.2404390000000E+14   0.1398416024832E-18
  0.2464770000000E+14   0.1425245663678E-18
  0.2526660000000E+14   0.1446546009421E-18
  0.2590110000000E+14   0.1471224649668E-18
  0.2655150000000E+14   0.1490519368590E-18
  0.2721830000000E+14   0.1521421359245E-18
  0.2790180000000E+14   0.1552491439351E-18
  0.2860240000000E+14   0.1572842651128E-18
  0.2932070000000E+14   0.1581944843329E-18
  0.3005700000000E+14   0.1587274094718E-18
  0.3081180000000E+14   0.1570203459887E-18
  0.3158550000000E+14   0.1554216261604E-18
  0.3237870000000E+14   0.1449934624253E-18
  0.3319170000000E+14   0.1321913251663E-18
  0.3402530000000E+14   0.1198457209353E-18
  0.3487970000000E+14   0.1078396332667E-18
  0.3575560000000E+14   0.9580839850931E-19
  0.3665350000000E+14   0.8428102859677E-19
  0.3757390000000E+14   0.7203394194165E-19
  0.3851740000000E+14   0.6360545199459E-19
  0.3948470000000E+14   0.5600113942275E-19
  0.4047620000000E+14   0.5088319816130E-19
  0.4149260000000E+14   0.4901861375034E-19
  0.4253460000000E+14   0.4739418202486E-19
  0.4360270000000E+14   0.4684444507837E-19
  0.4469770000000E+14   0.4634590180668E-19
  0.4582010000000E+14   0.4591033054177E-19
  0.4697070000000E+14   0.4552415124074E-19
  0.4815020000000E+14   0.4514999950449E-19
  0.4935940000000E+14   0.4478978270746E-19
  0.5059890000000E+14   0.4447577625906E-19
  0.5186950000000E+14   0.4422164582091E-19
  0.5317200000000E+14   0.4400509227249E-19
  0.5450730000000E+14   0.4387451950347E-19
  0.6258450000000E+14   0.4418144535131E-19
  0.7185870000000E+14   0.4609991010152E-19
  0.8250720000000E+14   0.4938099440518E-19
  0.9473370000000E+14   0.5406909526996E-19
  0.1087720000000E+15   0.6020367153180E-19
  0.1248910000000E+15   0.6761711307956E-19
  0.1433980000000E+15   0.7591881295768E-19
  0.1646470000000E+15   0.8460248995313E-19
  0.1890460000000E+15   0.9315018333505E-19
  0.2170600000000E+15   0.1008862771605E-18
  0.2492250000000E+15   0.1070850939529E-18
  0.2861570000000E+15   0.1107630730641E-18
  0.3285620000000E+15   0.1107593432654E-18
  0.3772500000000E+15   0.1060604050564E-18
  0.4331540000000E+15   0.9619016850063E-19
  0.4973410000000E+15   0.8164562424650E-19
  0.5710410000000E+15   0.6401848962345E-19
  0.6556610000000E+15   0.4572158673556E-19
  0.7528220000000E+15   0.2928474964312E-19
  0.8643800000000E+15   0.1653441972583E-19
  0.9924690000000E+15   0.8071513002931E-20
  0.1139540000000E+16   0.3332798914646E-20
  0.1308400000000E+16   0.1135318502694E-20
  0.1502290000000E+16   0.3100516196641E-21
  0.1724910000000E+16   0.6569763633435E-22
  0.1980520000000E+16   0.1040218916004E-22
  0.2274010000000E+16   0.1178688797776E-23
  0.2610990000000E+16   0.9096130890837E-25
  0.2997900000000E+16   0.4516375540282E-26
