mstar = 0.394 Msun, Rstar = 2.946 Rsun, Tstar = 4496.3, mdisk = 0.0019139 Msun, Rc = 39.346 AU, Rin = 0.1218 AU, Rout = 86.037 AU, inclination = 45 degree, powerlaw = -1 
         130
  
  0.2997900000000E+11   0.3107815377902E-23
  0.3951060000000E+11   0.7062397109469E-23
  0.5207280000000E+11   0.1602403496962E-22
  0.6862910000000E+11   0.3627735652764E-22
  0.9044930000000E+11   0.8188381678908E-22
  0.1192070000000E+12   0.1840894486147E-21
  0.1571080000000E+12   0.4117070583269E-21
  0.2070600000000E+12   0.9144808917789E-21
  0.2728930000000E+12   0.2013140979198E-20
  0.3596580000000E+12   0.4673906781351E-20
  0.4740100000000E+12   0.1234790198376E-19
  0.6247180000000E+12   0.3198737699334E-19
  0.8233440000000E+12   0.8005171111646E-19
  0.1085120000000E+13   0.1901047810804E-18
  0.1430130000000E+13   0.4172562811449E-18
  0.1884830000000E+13   0.8195068907910E-18
  0.2484100000000E+13   0.1384764849220E-17
  0.3273910000000E+13   0.1942983723421E-17
  0.4314820000000E+13   0.2274586773478E-17
  0.5686700000000E+13   0.2358558216755E-17
  0.7494750000000E+13   0.2266078089002E-17
  0.7682960000000E+13   0.2248629181267E-17
  0.7875890000000E+13   0.2228916598758E-17
  0.8073670000000E+13   0.2206677220566E-17
  0.8276410000000E+13   0.2182040454019E-17
  0.8484250000000E+13   0.2155449861941E-17
  0.8697300000000E+13   0.2129784749355E-17
  0.8915700000000E+13   0.2101557826151E-17
  0.9139590000000E+13   0.2075162015318E-17
  0.9369100000000E+13   0.2047010227247E-17
  0.9604380000000E+13   0.2018818675950E-17
  0.9845560000000E+13   0.1990487233226E-17
  0.1009280000000E+14   0.1959905062875E-17
  0.1034620000000E+14   0.1928699214156E-17
  0.1060610000000E+14   0.1894990806673E-17
  0.1087240000000E+14   0.1863053928290E-17
  0.1114540000000E+14   0.1829347241424E-17
  0.1142530000000E+14   0.1795668376651E-17
  0.1171220000000E+14   0.1761602561331E-17
  0.1200630000000E+14   0.1725751744633E-17
  0.1230780000000E+14   0.1689420792558E-17
  0.1261690000000E+14   0.1651148980868E-17
  0.1293370000000E+14   0.1615772557936E-17
  0.1325850000000E+14   0.1578987549440E-17
  0.1359150000000E+14   0.1542527511749E-17
  0.1393280000000E+14   0.1505808991989E-17
  0.1428260000000E+14   0.1468892427031E-17
  0.1464130000000E+14   0.1434556047206E-17
  0.1500900000000E+14   0.1398493550862E-17
  0.1538590000000E+14   0.1354981632364E-17
  0.1577220000000E+14   0.1310706314276E-17
  0.1616830000000E+14   0.1247762142872E-17
  0.1657430000000E+14   0.1176152637951E-17
  0.1699050000000E+14   0.1101254717937E-17
  0.1741720000000E+14   0.1013549473201E-17
  0.1785460000000E+14   0.9314502779999E-18
  0.1830290000000E+14   0.8468872920192E-18
  0.1876260000000E+14   0.7678215097946E-18
  0.1923370000000E+14   0.6972125861723E-18
  0.1971670000000E+14   0.6332062454508E-18
  0.2021180000000E+14   0.5774115792815E-18
  0.2071940000000E+14   0.5330564865525E-18
  0.2123970000000E+14   0.4925961048246E-18
  0.2177310000000E+14   0.4839475336796E-18
  0.2231980000000E+14   0.4746238382814E-18
  0.2288030000000E+14   0.4738161101299E-18
  0.2345490000000E+14   0.4746669880017E-18
  0.2404390000000E+14   0.4758732746033E-18
  0.2464770000000E+14   0.4788693518269E-18
  0.2526660000000E+14   0.4795389687133E-18
  0.2590110000000E+14   0.4809518799189E-18
  0.2655150000000E+14   0.4801930696577E-18
  0.2721830000000E+14   0.4826040105497E-18
  0.2790180000000E+14   0.4844645272141E-18
  0.2860240000000E+14   0.4826799208071E-18
  0.2932070000000E+14   0.4773211191072E-18
  0.3005700000000E+14   0.4707381984277E-18
  0.3081180000000E+14   0.4580983362406E-18
  0.3158550000000E+14   0.4460663423048E-18
  0.3237870000000E+14   0.4119220469778E-18
  0.3319170000000E+14   0.3729770611318E-18
  0.3402530000000E+14   0.3367165446399E-18
  0.3487970000000E+14   0.3027766401747E-18
  0.3575560000000E+14   0.2704534105196E-18
  0.3665350000000E+14   0.2405498502607E-18
  0.3757390000000E+14   0.2104024044055E-18
  0.3851740000000E+14   0.1908088343347E-18
  0.3948470000000E+14   0.1739832187045E-18
  0.4047620000000E+14   0.1624989968852E-18
  0.4149260000000E+14   0.1582146288544E-18
  0.4253460000000E+14   0.1545522371356E-18
  0.4360270000000E+14   0.1534161992767E-18
  0.4469770000000E+14   0.1524754606256E-18
  0.4582010000000E+14   0.1517548334405E-18
  0.4697070000000E+14   0.1512263212040E-18
  0.4815020000000E+14   0.1508080951622E-18
  0.4935940000000E+14   0.1505027820371E-18
  0.5059890000000E+14   0.1503874674986E-18
  0.5186950000000E+14   0.1504954193198E-18
  0.5317200000000E+14   0.1507705199450E-18
  0.5450730000000E+14   0.1513015753202E-18
  0.6258450000000E+14   0.1574485525479E-18
  0.7185870000000E+14   0.1676281552501E-18
  0.8250720000000E+14   0.1795721706425E-18
  0.9473370000000E+14   0.1916544345231E-18
  0.1087720000000E+15   0.2027958170929E-18
  0.1248910000000E+15   0.2126474580793E-18
  0.1433980000000E+15   0.2213630426386E-18
  0.1646470000000E+15   0.2293918194604E-18
  0.1890460000000E+15   0.2369516525959E-18
  0.2170600000000E+15   0.2429054350177E-18
  0.2492250000000E+15   0.2449827570417E-18
  0.2861570000000E+15   0.2399546039444E-18
  0.3285620000000E+15   0.2250225349478E-18
  0.3772500000000E+15   0.1992339147420E-18
  0.4331540000000E+15   0.1642742069335E-18
  0.4973410000000E+15   0.1243874047990E-18
  0.5710410000000E+15   0.8521262524397E-19
  0.6556610000000E+15   0.5193758078256E-19
  0.7528220000000E+15   0.2759908835336E-19
  0.8643800000000E+15   0.1257852596849E-19
  0.9924690000000E+15   0.4830690208028E-20
  0.1139540000000E+16   0.1500021488726E-20
  0.1308400000000E+16   0.3756439318525E-21
  0.1502290000000E+16   0.7239380419834E-22
  0.1724910000000E+16   0.1028365822068E-22
  0.1980520000000E+16   0.1015295334168E-23
  0.2274010000000E+16   0.6706299964774E-25
  0.2610990000000E+16   0.2784259803656E-26
  0.2997900000000E+16   0.6782990679288E-28
