mstar = 1.935 Msun, Rstar = 1.8592 Rsun, Tstar = 3788.9, mdisk = 0.00023506 Msun, Rc = 61.841 AU, Rin = 0.3779 AU, Rout = 76.916 AU, inclination = 45 degree, powerlaw = -1 
         130
  
  0.2997900000000E+11   0.2511070178395E-24
  0.3951060000000E+11   0.5682239327138E-24
  0.5207280000000E+11   0.1284968344357E-23
  0.6862910000000E+11   0.2901148892510E-23
  0.9044930000000E+11   0.6532495499645E-23
  0.1192070000000E+12   0.1465057149486E-22
  0.1571080000000E+12   0.3267247003677E-22
  0.2070600000000E+12   0.7229874026101E-22
  0.2728930000000E+12   0.1582959979992E-21
  0.3596580000000E+12   0.3651335619173E-21
  0.4740100000000E+12   0.9624751931048E-21
  0.6247180000000E+12   0.2496250889031E-20
  0.8233440000000E+12   0.6284308265086E-20
  0.1085120000000E+13   0.1512477820523E-19
  0.1430130000000E+13   0.3400614325710E-19
  0.1884830000000E+13   0.6947127663573E-19
  0.2484100000000E+13   0.1244236805819E-18
  0.3273910000000E+13   0.1865111014939E-18
  0.4314820000000E+13   0.2237483998595E-18
  0.5686700000000E+13   0.2069690970843E-18
  0.7494750000000E+13   0.1504565965952E-18
  0.7682960000000E+13   0.1449171142528E-18
  0.7875890000000E+13   0.1393844391757E-18
  0.8073670000000E+13   0.1338680162357E-18
  0.8276410000000E+13   0.1284042097970E-18
  0.8484250000000E+13   0.1230447593262E-18
  0.8697300000000E+13   0.1179942240957E-18
  0.8915700000000E+13   0.1130242269151E-18
  0.9139590000000E+13   0.1084184210286E-18
  0.9369100000000E+13   0.1039493236287E-18
  0.9604380000000E+13   0.9972120400341E-19
  0.9845560000000E+13   0.9572380655860E-19
  0.1009280000000E+14   0.9183709143530E-19
  0.1034620000000E+14   0.8815075152857E-19
  0.1060610000000E+14   0.8456192123665E-19
  0.1087240000000E+14   0.8128674775775E-19
  0.1114540000000E+14   0.7813647857248E-19
  0.1142530000000E+14   0.7519313558301E-19
  0.1171220000000E+14   0.7242784487804E-19
  0.1200630000000E+14   0.6976890286853E-19
  0.1230780000000E+14   0.6726907327903E-19
  0.1261690000000E+14   0.6485715360744E-19
  0.1293370000000E+14   0.6273063770187E-19
  0.1325850000000E+14   0.6069539242030E-19
  0.1359150000000E+14   0.5881451660400E-19
  0.1393280000000E+14   0.5705471907069E-19
  0.1428260000000E+14   0.5540963932435E-19
  0.1464130000000E+14   0.5397355292827E-19
  0.1500900000000E+14   0.5257532358911E-19
  0.1538590000000E+14   0.5100878678459E-19
  0.1577220000000E+14   0.4951627385154E-19
  0.1616830000000E+14   0.4749455062545E-19
  0.1657430000000E+14   0.4531896886754E-19
  0.1699050000000E+14   0.4317879472722E-19
  0.1741720000000E+14   0.4079789276299E-19
  0.1785460000000E+14   0.3873727742614E-19
  0.1830290000000E+14   0.3674847226766E-19
  0.1876260000000E+14   0.3503521541409E-19
  0.1923370000000E+14   0.3364164415780E-19
  0.1971670000000E+14   0.3248795692031E-19
  0.2021180000000E+14   0.3158656411678E-19
  0.2071940000000E+14   0.3099212388637E-19
  0.2123970000000E+14   0.3050519129176E-19
  0.2177310000000E+14   0.3079032677985E-19
  0.2231980000000E+14   0.3105347009642E-19
  0.2288030000000E+14   0.3150419288079E-19
  0.2345490000000E+14   0.3197385802665E-19
  0.2404390000000E+14   0.3242946501373E-19
  0.2464770000000E+14   0.3289957606745E-19
  0.2526660000000E+14   0.3329645342899E-19
  0.2590110000000E+14   0.3368600090364E-19
  0.2655150000000E+14   0.3400991053806E-19
  0.2721830000000E+14   0.3437565628425E-19
  0.2790180000000E+14   0.3470952336610E-19
  0.2860240000000E+14   0.3495393335359E-19
  0.2932070000000E+14   0.3511161822576E-19
  0.3005700000000E+14   0.3522787502017E-19
  0.3081180000000E+14   0.3521009966011E-19
  0.3158550000000E+14   0.3518453371918E-19
  0.3237870000000E+14   0.3471964730966E-19
  0.3319170000000E+14   0.3413681794544E-19
  0.3402530000000E+14   0.3356203597212E-19
  0.3487970000000E+14   0.3297051624819E-19
  0.3575560000000E+14   0.3231653752923E-19
  0.3665350000000E+14   0.3156265066506E-19
  0.3757390000000E+14   0.3051126884892E-19
  0.3851740000000E+14   0.2956723217894E-19
  0.3948470000000E+14   0.2845472736124E-19
  0.4047620000000E+14   0.2746784715605E-19
  0.4149260000000E+14   0.2704893761070E-19
  0.4253460000000E+14   0.2664095049962E-19
  0.4360270000000E+14   0.2648409387975E-19
  0.4469770000000E+14   0.2632298127850E-19
  0.4582010000000E+14   0.2616325531346E-19
  0.4697070000000E+14   0.2600453294022E-19
  0.4815020000000E+14   0.2583960308392E-19
  0.4935940000000E+14   0.2567169508157E-19
  0.5059890000000E+14   0.2551362150356E-19
  0.5186950000000E+14   0.2537288659595E-19
  0.5317200000000E+14   0.2524585446632E-19
  0.5450730000000E+14   0.2514666652997E-19
  0.6258450000000E+14   0.2506824417038E-19
  0.7185870000000E+14   0.2600934747099E-19
  0.8250720000000E+14   0.2816418958994E-19
  0.9473370000000E+14   0.3159792255047E-19
  0.1087720000000E+15   0.3613291002622E-19
  0.1248910000000E+15   0.4136794606900E-19
  0.1433980000000E+15   0.4674587520725E-19
  0.1646470000000E+15   0.5161128539745E-19
  0.1890460000000E+15   0.5524850903842E-19
  0.2170600000000E+15   0.5693641666786E-19
  0.2492250000000E+15   0.5606129848686E-19
  0.2861570000000E+15   0.5228610825186E-19
  0.3285620000000E+15   0.4573430007001E-19
  0.3772500000000E+15   0.3709339963793E-19
  0.4331540000000E+15   0.2753889971537E-19
  0.4973410000000E+15   0.1844549980900E-19
  0.5710410000000E+15   0.1096539988645E-19
  0.6556610000000E+15   0.5680229941179E-20
  0.7528220000000E+15   0.2511029973997E-20
  0.8643800000000E+15   0.9251089904201E-21
  0.9924690000000E+15   0.2764489971373E-21
  0.1139540000000E+16   0.6495659932735E-22
  0.1308400000000E+16   0.1158159988007E-22
  0.1502290000000E+16   0.1503949984426E-23
  0.1724910000000E+16   0.1357229985945E-24
  0.1980520000000E+16   0.8064859916485E-26
  0.2274010000000E+16   0.2965969969286E-27
  0.2610990000000E+16   0.6287839934887E-29
  0.2997900000000E+16   0.7082249926661E-31
