         130
  
  0.2997900000000E+11   0.5209361658873E-23
  0.3951060000000E+11   0.1186585779864E-22
  0.5207280000000E+11   0.2700396664936E-22
  0.6862910000000E+11   0.6137189327811E-22
  0.9044930000000E+11   0.1392125132981E-21
  0.1192070000000E+12   0.3149485831852E-21
  0.1571080000000E+12   0.7099900769141E-21
  0.2070600000000E+12   0.1592862995432E-20
  0.2728930000000E+12   0.3550628345788E-20
  0.3596580000000E+12   0.8557058540129E-20
  0.4740100000000E+12   0.2462523426692E-19
  0.6247180000000E+12   0.6978097320634E-19
  0.8233440000000E+12   0.1933072639753E-18
  0.1085120000000E+13   0.5198621400488E-18
  0.1430130000000E+13   0.1339634467765E-17
  0.1884830000000E+13   0.3255125395331E-17
  0.2484100000000E+13   0.7278549049560E-17
  0.3273910000000E+13   0.1440400445045E-16
  0.4314820000000E+13   0.2403437162999E-16
  0.5686700000000E+13   0.3170781318557E-16
  0.7494750000000E+13   0.3191318423555E-16
  0.7682960000000E+13   0.3155618449872E-16
  0.7875890000000E+13   0.3114573258470E-16
  0.8073670000000E+13   0.3068426227104E-16
  0.8276410000000E+13   0.3017916538957E-16
  0.8484250000000E+13   0.2964126396337E-16
  0.8697300000000E+13   0.2911098046036E-16
  0.8915700000000E+13   0.2854913660641E-16
  0.9139590000000E+13   0.2801398777020E-16
  0.9369100000000E+13   0.2746503190058E-16
  0.9604380000000E+13   0.2692683079399E-16
  0.9845560000000E+13   0.2640120399256E-16
  0.1009280000000E+14   0.2586417946278E-16
  0.1034620000000E+14   0.2533776368361E-16
  0.1060610000000E+14   0.2479892687840E-16
  0.1087240000000E+14   0.2430335879262E-16
  0.1114540000000E+14   0.2380546859784E-16
  0.1142530000000E+14   0.2332847232948E-16
  0.1171220000000E+14   0.2286630758852E-16
  0.1200630000000E+14   0.2239854617448E-16
  0.1230780000000E+14   0.2194134732125E-16
  0.1261690000000E+14   0.2147206354568E-16
  0.1293370000000E+14   0.2105841605661E-16
  0.1325850000000E+14   0.2063698015242E-16
  0.1359150000000E+14   0.2023113367715E-16
  0.1393280000000E+14   0.1983042617432E-16
  0.1428260000000E+14   0.1943387494786E-16
  0.1464130000000E+14   0.1908335072850E-16
  0.1500900000000E+14   0.1871027486573E-16
  0.1538590000000E+14   0.1821954659866E-16
  0.1577220000000E+14   0.1771416973895E-16
  0.1616830000000E+14   0.1689693458452E-16
  0.1657430000000E+14   0.1592472031399E-16
  0.1699050000000E+14   0.1488383838632E-16
  0.1741720000000E+14   0.1361535887224E-16
  0.1785460000000E+14   0.1242520617583E-16
  0.1830290000000E+14   0.1118092242148E-16
  0.1876260000000E+14   0.1001543590329E-16
  0.1923370000000E+14   0.8977515614017E-17
  0.1971670000000E+14   0.8037311685105E-17
  0.2021180000000E+14   0.7221186486979E-17
  0.2071940000000E+14   0.6581060575463E-17
  0.2123970000000E+14   0.5995469673951E-17
  0.2177310000000E+14   0.5918549751850E-17
  0.2231980000000E+14   0.5830447895738E-17
  0.2288030000000E+14   0.5886344512430E-17
  0.2345490000000E+14   0.5975409492244E-17
  0.2404390000000E+14   0.6075899743044E-17
  0.2464770000000E+14   0.6214182429542E-17
  0.2526660000000E+14   0.6315382474964E-17
  0.2590110000000E+14   0.6435513870673E-17
  0.2655150000000E+14   0.6518431569387E-17
  0.2721830000000E+14   0.6668770978145E-17
  0.2790180000000E+14   0.6814442628146E-17
  0.2860240000000E+14   0.6888865967144E-17
  0.2932070000000E+14   0.6887481054659E-17
  0.3005700000000E+14   0.6857475998237E-17
  0.3081180000000E+14   0.6687304997760E-17
  0.3158550000000E+14   0.6522990667762E-17
  0.3237870000000E+14   0.5845023768653E-17
  0.3319170000000E+14   0.5056653201662E-17
  0.3402530000000E+14   0.4332500880273E-17
  0.3487970000000E+14   0.3667161896810E-17
  0.3575560000000E+14   0.3047550885826E-17
  0.3665350000000E+14   0.2492641391129E-17
  0.3757390000000E+14   0.1958035484442E-17
  0.3851740000000E+14   0.1634500112545E-17
  0.3948470000000E+14   0.1372667747314E-17
  0.4047620000000E+14   0.1205385599544E-17
  0.4149260000000E+14   0.1148125039563E-17
  0.4253460000000E+14   0.1099873377692E-17
  0.4360270000000E+14   0.1087408052310E-17
  0.4469770000000E+14   0.1076929865106E-17
  0.4582010000000E+14   0.1068645481409E-17
  0.4697070000000E+14   0.1061986112820E-17
  0.4815020000000E+14   0.1055600775171E-17
  0.4935940000000E+14   0.1049346217567E-17
  0.5059890000000E+14   0.1044227296653E-17
  0.5186950000000E+14   0.1040687340751E-17
  0.5317200000000E+14   0.1037742272957E-17
  0.5450730000000E+14   0.1036800628743E-17
  0.6258450000000E+14   0.1044597628048E-17
  0.7185870000000E+14   0.1060240661721E-17
  0.8250720000000E+14   0.1063625605478E-17
  0.9473370000000E+14   0.1050405792062E-17
  0.1087720000000E+15   0.1026342653512E-17
  0.1248910000000E+15   0.1001579476359E-17
  0.1433980000000E+15   0.9856971713469E-18
  0.1646470000000E+15   0.9882556678696E-18
  0.1890460000000E+15   0.1018214515227E-17
  0.2170600000000E+15   0.1077581404630E-17
  0.2492250000000E+15   0.1167919844161E-17
  0.2861570000000E+15   0.1287469840474E-17
  0.3285620000000E+15   0.1429411619627E-17
  0.3772500000000E+15   0.1581788983612E-17
  0.4331540000000E+15   0.1726200195099E-17
  0.4973410000000E+15   0.1838338538375E-17
  0.5710410000000E+15   0.1891320657013E-17
  0.6556610000000E+15   0.1861739525442E-17
  0.7528220000000E+15   0.1736106872659E-17
  0.8643800000000E+15   0.1518843260216E-17
  0.9924690000000E+15   0.1233426499519E-17
  0.1139540000000E+16   0.9158207971212E-18
  0.1308400000000E+16   0.6152949999498E-18
  0.1502290000000E+16   0.3673294282289E-18
  0.1724910000000E+16   0.1912197775899E-18
  0.1980520000000E+16   0.8484597249324E-19
  0.2274010000000E+16   0.3140418931761E-19
  0.2610990000000E+16   0.9434219512035E-20
  0.2997900000000E+16   0.2230244405232E-20
