         130
  
  0.2997900000000E+11   0.4759541312533E-23
  0.3951060000000E+11   0.1084041868789E-22
  0.5207280000000E+11   0.2466943038854E-22
  0.6862910000000E+11   0.5606644008805E-22
  0.9044930000000E+11   0.1271836164227E-21
  0.1192070000000E+12   0.2877604983475E-21
  0.1571080000000E+12   0.6487910008218E-21
  0.2070600000000E+12   0.1455859590631E-20
  0.2728930000000E+12   0.3246159069681E-20
  0.3596580000000E+12   0.7826413429584E-20
  0.4740100000000E+12   0.2253612290874E-19
  0.6247180000000E+12   0.6391682164095E-19
  0.8233440000000E+12   0.1772892117118E-18
  0.1085120000000E+13   0.4776933825436E-18
  0.1430130000000E+13   0.1234518900341E-17
  0.1884830000000E+13   0.3013027419136E-17
  0.2484100000000E+13   0.6783791807569E-17
  0.3273910000000E+13   0.1356860051319E-16
  0.4314820000000E+13   0.2300360714459E-16
  0.5686700000000E+13   0.3098767072987E-16
  0.7494750000000E+13   0.3176785217661E-16
  0.7682960000000E+13   0.3144481874759E-16
  0.7875890000000E+13   0.3106288024807E-16
  0.8073670000000E+13   0.3062435226847E-16
  0.8276410000000E+13   0.3013674837877E-16
  0.8484250000000E+13   0.2961116842515E-16
  0.8697300000000E+13   0.2908842239442E-16
  0.8915700000000E+13   0.2852929590560E-16
  0.9139590000000E+13   0.2799232383258E-16
  0.9369100000000E+13   0.2743741316650E-16
  0.9604380000000E+13   0.2688948916294E-16
  0.9845560000000E+13   0.2635085546192E-16
  0.1009280000000E+14   0.2579863821559E-16
  0.1034620000000E+14   0.2525519843434E-16
  0.1060610000000E+14   0.2469868132208E-16
  0.1087240000000E+14   0.2418416255308E-16
  0.1114540000000E+14   0.2366771157610E-16
  0.1142530000000E+14   0.2317248668475E-16
  0.1171220000000E+14   0.2269300331916E-16
  0.1200630000000E+14   0.2220970693312E-16
  0.1230780000000E+14   0.2173858854898E-16
  0.1261690000000E+14   0.2125771875078E-16
  0.1293370000000E+14   0.2083324600036E-16
  0.1325850000000E+14   0.2040327960941E-16
  0.1359150000000E+14   0.1999061007556E-16
  0.1393280000000E+14   0.1958491539270E-16
  0.1428260000000E+14   0.1918506812165E-16
  0.1464130000000E+14   0.1883198627796E-16
  0.1500900000000E+14   0.1845826737110E-16
  0.1538590000000E+14   0.1797014775904E-16
  0.1577220000000E+14   0.1746857676040E-16
  0.1616830000000E+14   0.1666090325472E-16
  0.1657430000000E+14   0.1570117514044E-16
  0.1699050000000E+14   0.1467424612427E-16
  0.1741720000000E+14   0.1342372640430E-16
  0.1785460000000E+14   0.1225053744788E-16
  0.1830290000000E+14   0.1102438456580E-16
  0.1876260000000E+14   0.9876040536938E-17
  0.1923370000000E+14   0.8853335831833E-17
  0.1971670000000E+14   0.7926757648051E-17
  0.2021180000000E+14   0.7122254820466E-17
  0.2071940000000E+14   0.6490758966889E-17
  0.2123970000000E+14   0.5912952859670E-17
  0.2177310000000E+14   0.5835776081545E-17
  0.2231980000000E+14   0.5748134772774E-17
  0.2288030000000E+14   0.5802874197020E-17
  0.2345490000000E+14   0.5890782435561E-17
  0.2404390000000E+14   0.5990343708438E-17
  0.2464770000000E+14   0.6127368177115E-17
  0.2526660000000E+14   0.6228079752053E-17
  0.2590110000000E+14   0.6347654877062E-17
  0.2655150000000E+14   0.6430524525891E-17
  0.2721830000000E+14   0.6580174071461E-17
  0.2790180000000E+14   0.6725436800945E-17
  0.2860240000000E+14   0.6800214546201E-17
  0.2932070000000E+14   0.6800154287137E-17
  0.3005700000000E+14   0.6771797471173E-17
  0.3081180000000E+14   0.6604902870297E-17
  0.3158550000000E+14   0.6443741448064E-17
  0.3237870000000E+14   0.5774598815417E-17
  0.3319170000000E+14   0.4996289279046E-17
  0.3402530000000E+14   0.4281512989457E-17
  0.3487970000000E+14   0.3624794591397E-17
  0.3575560000000E+14   0.3012897744258E-17
  0.3665350000000E+14   0.2464239010256E-17
  0.3757390000000E+14   0.1935512738831E-17
  0.3851740000000E+14   0.1615469190639E-17
  0.3948470000000E+14   0.1355533230796E-17
  0.4047620000000E+14   0.1189074771052E-17
  0.4149260000000E+14   0.1132390846690E-17
  0.4253460000000E+14   0.1084571548948E-17
  0.4360270000000E+14   0.1072633870942E-17
  0.4469770000000E+14   0.1062628540117E-17
  0.4582010000000E+14   0.1054767542037E-17
  0.4697070000000E+14   0.1048481523067E-17
  0.4815020000000E+14   0.1042409384279E-17
  0.4935940000000E+14   0.1036409069365E-17
  0.5059890000000E+14   0.1031502671232E-17
  0.5186950000000E+14   0.1028149238446E-17
  0.5317200000000E+14   0.1025356082002E-17
  0.5450730000000E+14   0.1024565561346E-17
  0.6258450000000E+14   0.1033137981564E-17
  0.7185870000000E+14   0.1049812026207E-17
  0.8250720000000E+14   0.1054474939094E-17
  0.9473370000000E+14   0.1042734982029E-17
  0.1087720000000E+15   0.1020281038177E-17
  0.1248910000000E+15   0.9970846237455E-18
  0.1433980000000E+15   0.9825831717424E-18
  0.1646470000000E+15   0.9862925289786E-18
  0.1890460000000E+15   0.1017182709541E-17
  0.2170600000000E+15   0.1077275688182E-17
  0.2492250000000E+15   0.1168097725176E-17
  0.2861570000000E+15   0.1287891774097E-17
  0.3285620000000E+15   0.1429900085178E-17
  0.3772500000000E+15   0.1582224347337E-17
  0.4331540000000E+15   0.1726521661808E-17
  0.4973410000000E+15   0.1838560101922E-17
  0.5710410000000E+15   0.1891510574719E-17
  0.6556610000000E+15   0.1861967304010E-17
  0.7528220000000E+15   0.1736433361695E-17
  0.8643800000000E+15   0.1519239533773E-17
  0.9924690000000E+15   0.1233789963453E-17
  0.1139540000000E+16   0.9161935123580E-18
  0.1308400000000E+16   0.6155298707850E-18
  0.1502290000000E+16   0.3674452933154E-18
  0.1724910000000E+16   0.1912649887725E-18
  0.1980520000000E+16   0.8486714410677E-19
  0.2274010000000E+16   0.3141184463243E-19
  0.2610990000000E+16   0.9436476797685E-20
  0.2997900000000E+16   0.2230770439328E-20
