mstar = 2 Msun, Rstar = 2.5 Rsun, Tstar = 10000, mdisk = 0.0002668 Msun, Rc = 150 AU, Rin = 0.5 AU, Rout = 250 AU, inclination = 45 degree, powerlaw = -1 
         130
  
  0.2997900000000E+11   0.4958527167990E-24
  0.3951060000000E+11   0.1116861360595E-23
  0.5207280000000E+11   0.2521193276193E-23
  0.6862910000000E+11   0.5698257178687E-23
  0.9044930000000E+11   0.1288249116623E-22
  0.1192070000000E+12   0.2910519155389E-22
  0.1571080000000E+12   0.6564778571781E-22
  0.2070600000000E+12   0.1476531854441E-21
  0.2728930000000E+12   0.3306937988689E-21
  0.3596580000000E+12   0.8026626429892E-21
  0.4740100000000E+12   0.2334638358678E-20
  0.6247180000000E+12   0.6723881394880E-20
  0.8233440000000E+12   0.1907129998526E-19
  0.1085120000000E+13   0.5306568624464E-19
  0.1430130000000E+13   0.1436753217022E-18
  0.1884830000000E+13   0.3754028901269E-18
  0.2484100000000E+13   0.9352215548029E-18
  0.3273910000000E+13   0.2176417619151E-17
  0.4314820000000E+13   0.4630225185514E-17
  0.5686700000000E+13   0.8663268854462E-17
  0.7494750000000E+13   0.1351974697110E-16
  0.7682960000000E+13   0.1392185829454E-16
  0.7875890000000E+13   0.1430109980918E-16
  0.8073670000000E+13   0.1465168957232E-16
  0.8276410000000E+13   0.1497236854419E-16
  0.8484250000000E+13   0.1526601540003E-16
  0.8697300000000E+13   0.1556685117899E-16
  0.8915700000000E+13   0.1582897043113E-16
  0.9139590000000E+13   0.1610722189532E-16
  0.9369100000000E+13   0.1635337907538E-16
  0.9604380000000E+13   0.1658818461091E-16
  0.9845560000000E+13   0.1680862617969E-16
  0.1009280000000E+14   0.1698403185257E-16
  0.1034620000000E+14   0.1713437063733E-16
  0.1060610000000E+14   0.1723210966203E-16
  0.1087240000000E+14   0.1733439457765E-16
  0.1114540000000E+14   0.1739059848142E-16
  0.1142530000000E+14   0.1742443257348E-16
  0.1171220000000E+14   0.1742859428159E-16
  0.1200630000000E+14   0.1738231350584E-16
  0.1230780000000E+14   0.1730304745992E-16
  0.1261690000000E+14   0.1716970023826E-16
  0.1293370000000E+14   0.1704934531409E-16
  0.1325850000000E+14   0.1688163687295E-16
  0.1359150000000E+14   0.1669069259886E-16
  0.1393280000000E+14   0.1646865086700E-16
  0.1428260000000E+14   0.1621700324640E-16
  0.1464130000000E+14   0.1597363026613E-16
  0.1500900000000E+14   0.1568206238727E-16
  0.1538590000000E+14   0.1527082471531E-16
  0.1577220000000E+14   0.1483051428788E-16
  0.1616830000000E+14   0.1413704978293E-16
  0.1657430000000E+14   0.1332336395856E-16
  0.1699050000000E+14   0.1245981436275E-16
  0.1741720000000E+14   0.1142732753945E-16
  0.1785460000000E+14   0.1045774806208E-16
  0.1830290000000E+14   0.9448048605330E-17
  0.1876260000000E+14   0.8498331072374E-17
  0.1923370000000E+14   0.7646915191197E-17
  0.1971670000000E+14   0.6870760264028E-17
  0.2021180000000E+14   0.6192525991370E-17
  0.2071940000000E+14   0.5658442871694E-17
  0.2123970000000E+14   0.5168592653275E-17
  0.2177310000000E+14   0.5106183846430E-17
  0.2231980000000E+14   0.5024248106997E-17
  0.2288030000000E+14   0.5043906059088E-17
  0.2345490000000E+14   0.5073039036872E-17
  0.2404390000000E+14   0.5097363590169E-17
  0.2464770000000E+14   0.5137862415208E-17
  0.2526660000000E+14   0.5148299850559E-17
  0.2590110000000E+14   0.5170561831510E-17
  0.2655150000000E+14   0.5172190913406E-17
  0.2721830000000E+14   0.5223506838143E-17
  0.2790180000000E+14   0.5281135586990E-17
  0.2860240000000E+14   0.5303284436311E-17
  0.2932070000000E+14   0.5285957727225E-17
  0.3005700000000E+14   0.5258610811886E-17
  0.3081180000000E+14   0.5143814807000E-17
  0.3158550000000E+14   0.5037857453570E-17
  0.3237870000000E+14   0.4578864424934E-17
  0.3319170000000E+14   0.4040924962984E-17
  0.3402530000000E+14   0.3544304253853E-17
  0.3487970000000E+14   0.3084488850475E-17
  0.3575560000000E+14   0.2650820814396E-17
  0.3665350000000E+14   0.2253188974673E-17
  0.3757390000000E+14   0.1847536258714E-17
  0.3851740000000E+14   0.1572343521038E-17
  0.3948470000000E+14   0.1306280948339E-17
  0.4047620000000E+14   0.1099271623632E-17
  0.4149260000000E+14   0.1025227206963E-17
  0.4253460000000E+14   0.9583154098103E-18
  0.4360270000000E+14   0.9462144098698E-18
  0.4469770000000E+14   0.9353977583955E-18
  0.4582010000000E+14   0.9264768673914E-18
  0.4697070000000E+14   0.9187035865059E-18
  0.4815020000000E+14   0.9099646409311E-18
  0.4935940000000E+14   0.9001820525070E-18
  0.5059890000000E+14   0.8913077831445E-18
  0.5186950000000E+14   0.8843971314900E-18
  0.5317200000000E+14   0.8778571094367E-18
  0.5450730000000E+14   0.8744639375040E-18
  0.6258450000000E+14   0.8765015795293E-18
  0.7185870000000E+14   0.8988165945802E-18
  0.8250720000000E+14   0.9145114496358E-18
  0.9473370000000E+14   0.9191562074398E-18
  0.1087720000000E+15   0.9188164160021E-18
  0.1248910000000E+15   0.9208116727278E-18
  0.1433980000000E+15   0.9309320727092E-18
  0.1646470000000E+15   0.9556842344481E-18
  0.1890460000000E+15   0.1002396901024E-17
  0.2170600000000E+15   0.1073149651691E-17
  0.2492250000000E+15   0.1170050367001E-17
  0.2861570000000E+15   0.1292345268650E-17
  0.3285620000000E+15   0.1434605619065E-17
  0.3772500000000E+15   0.1586193933989E-17
  0.4331540000000E+15   0.1729587954364E-17
  0.4973410000000E+15   0.1841042409993E-17
  0.5710410000000E+15   0.1894014994332E-17
  0.6556610000000E+15   0.1865145728670E-17
  0.7528220000000E+15   0.1741012371117E-17
  0.8643800000000E+15   0.1524792901226E-17
  0.9924690000000E+15   0.1238883261535E-17
  0.1139540000000E+16   0.9214205887641E-18
  0.1308400000000E+16   0.6188231332935E-18
  0.1502290000000E+16   0.3690690984341E-18
  0.1724910000000E+16   0.1918982313452E-18
  0.1980520000000E+16   0.8516370972725E-19
  0.2274010000000E+16   0.3151907335915E-19
  0.2610990000000E+16   0.9468093747192E-20
  0.2997900000000E+16   0.2238138212884E-20
