mstar = 2 Msun, Rstar = 2.5 Rsun, Tstar = 10000, mdisk = 0.0074978 Msun, Rc = 150 AU, Rin = 0.5 AU, Rout = 250 AU, inclination = 45 degree, powerlaw = -1 
         130
  
  0.2997900000000E+11   0.9434557747284E-23
  0.3951060000000E+11   0.2149603715994E-22
  0.5207280000000E+11   0.4892268429526E-22
  0.6862910000000E+11   0.1111675719934E-21
  0.9044930000000E+11   0.2520628042138E-21
  0.1192070000000E+12   0.5698666979209E-21
  0.1571080000000E+12   0.1283351683531E-20
  0.2070600000000E+12   0.2875090769641E-20
  0.2728930000000E+12   0.6396252585260E-20
  0.3596580000000E+12   0.1537209792150E-19
  0.4740100000000E+12   0.4404604597924E-19
  0.6247180000000E+12   0.1240154360336E-18
  0.8233440000000E+12   0.3402600189175E-18
  0.1085120000000E+13   0.9017503542528E-18
  0.1430130000000E+13   0.2271667692078E-17
  0.1884830000000E+13   0.5327606198212E-17
  0.2484100000000E+13   0.1126905659579E-16
  0.3273910000000E+13   0.2048632966801E-16
  0.4314820000000E+13   0.3029425733512E-16
  0.5686700000000E+13   0.3483052715530E-16
  0.7494750000000E+13   0.3234776757429E-16
  0.7682960000000E+13   0.3193178856898E-16
  0.7875890000000E+13   0.3149271923307E-16
  0.8073670000000E+13   0.3102974008636E-16
  0.8276410000000E+13   0.3054654793398E-16
  0.8484250000000E+13   0.3005047933040E-16
  0.8697300000000E+13   0.2958165514230E-16
  0.8915700000000E+13   0.2909388751629E-16
  0.9139590000000E+13   0.2864798163922E-16
  0.9369100000000E+13   0.2819501192615E-16
  0.9604380000000E+13   0.2775882895960E-16
  0.9845560000000E+13   0.2733791576776E-16
  0.1009280000000E+14   0.2690124994837E-16
  0.1034620000000E+14   0.2647114094869E-16
  0.1060610000000E+14   0.2601881005006E-16
  0.1087240000000E+14   0.2560629546516E-16
  0.1114540000000E+14   0.2517999898313E-16
  0.1142530000000E+14   0.2476568717929E-16
  0.1171220000000E+14   0.2435598330938E-16
  0.1200630000000E+14   0.2392802417992E-16
  0.1230780000000E+14   0.2350055737469E-16
  0.1261690000000E+14   0.2304917075152E-16
  0.1293370000000E+14   0.2264967419583E-16
  0.1325850000000E+14   0.2223269404740E-16
  0.1359150000000E+14   0.2182502109167E-16
  0.1393280000000E+14   0.2141611991583E-16
  0.1428260000000E+14   0.2100591729829E-16
  0.1464130000000E+14   0.2064064596849E-16
  0.1500900000000E+14   0.2024680204400E-16
  0.1538590000000E+14   0.1972277555649E-16
  0.1577220000000E+14   0.1918061655074E-16
  0.1616830000000E+14   0.1830107645723E-16
  0.1657430000000E+14   0.1725366285499E-16
  0.1699050000000E+14   0.1613145815312E-16
  0.1741720000000E+14   0.1476337139016E-16
  0.1785460000000E+14   0.1347865707000E-16
  0.1830290000000E+14   0.1213451420180E-16
  0.1876260000000E+14   0.1087437216805E-16
  0.1923370000000E+14   0.9751127105704E-17
  0.1971670000000E+14   0.8732623031155E-17
  0.2021180000000E+14   0.7847757989739E-17
  0.2071940000000E+14   0.7153447867313E-17
  0.2123970000000E+14   0.6517953112894E-17
  0.2177310000000E+14   0.6435148286633E-17
  0.2231980000000E+14   0.6338513404411E-17
  0.2288030000000E+14   0.6395922665640E-17
  0.2345490000000E+14   0.6487252620028E-17
  0.2404390000000E+14   0.6589489305688E-17
  0.2464770000000E+14   0.6731183999372E-17
  0.2526660000000E+14   0.6832527797308E-17
  0.2590110000000E+14   0.6953649512146E-17
  0.2655150000000E+14   0.7034560133016E-17
  0.2721830000000E+14   0.7187276438450E-17
  0.2790180000000E+14   0.7334619615304E-17
  0.2860240000000E+14   0.7405489996582E-17
  0.2932070000000E+14   0.7395421331160E-17
  0.3005700000000E+14   0.7354669292998E-17
  0.3081180000000E+14   0.7165048382645E-17
  0.3158550000000E+14   0.6981780695863E-17
  0.3237870000000E+14   0.6253624652651E-17
  0.3319170000000E+14   0.5407784777777E-17
  0.3402530000000E+14   0.4629858064699E-17
  0.3487970000000E+14   0.3914886583412E-17
  0.3575560000000E+14   0.3249271837848E-17
  0.3665350000000E+14   0.2653060885467E-17
  0.3757390000000E+14   0.2079076966020E-17
  0.3851740000000E+14   0.1729618573642E-17
  0.3948470000000E+14   0.1445319460498E-17
  0.4047620000000E+14   0.1263404401246E-17
  0.4149260000000E+14   0.1199714492416E-17
  0.4253460000000E+14   0.1146200103824E-17
  0.4360270000000E+14   0.1130617472269E-17
  0.4469770000000E+14   0.1117360887853E-17
  0.4582010000000E+14   0.1106639025488E-17
  0.4697070000000E+14   0.1097858103395E-17
  0.4815020000000E+14   0.1089624878481E-17
  0.4935940000000E+14   0.1081798717169E-17
  0.5059890000000E+14   0.1075396255465E-17
  0.5186950000000E+14   0.1070842913240E-17
  0.5317200000000E+14   0.1067123193417E-17
  0.5450730000000E+14   0.1065622199259E-17
  0.6258450000000E+14   0.1073063912048E-17
  0.7185870000000E+14   0.1090751373329E-17
  0.8250720000000E+14   0.1096387912553E-17
  0.9473370000000E+14   0.1083988370378E-17
  0.1087720000000E+15   0.1058214168074E-17
  0.1248910000000E+15   0.1028854115912E-17
  0.1433980000000E+15   0.1005856478865E-17
  0.1646470000000E+15   0.9999304032873E-18
  0.1890460000000E+15   0.1021771756593E-17
  0.2170600000000E+15   0.1074973040279E-17
  0.2492250000000E+15   0.1161940850264E-17
  0.2861570000000E+15   0.1280599372032E-17
  0.3285620000000E+15   0.1423341088729E-17
  0.3772500000000E+15   0.1577389233560E-17
  0.4331540000000E+15   0.1723504084755E-17
  0.4973410000000E+15   0.1836727004166E-17
  0.5710410000000E+15   0.1890010442375E-17
  0.6556610000000E+15   0.1860164700169E-17
  0.7528220000000E+15   0.1733842412378E-17
  0.8643800000000E+15   0.1516094974984E-17
  0.9924690000000E+15   0.1230906194463E-17
  0.1139540000000E+16   0.9132375233899E-18
  0.1308400000000E+16   0.6136669595486E-18
  0.1502290000000E+16   0.3665260818094E-18
  0.1724910000000E+16   0.1909062091973E-18
  0.1980520000000E+16   0.8469914147926E-19
  0.2274010000000E+16   0.3135109637097E-19
  0.2610990000000E+16   0.9418563971964E-20
  0.2997900000000E+16   0.2226596014933E-20
