         130
  
  0.2997900000000E+11   0.8227717358595E-23
  0.3951060000000E+11   0.1874583124742E-22
  0.5207280000000E+11   0.4266446652069E-22
  0.6862910000000E+11   0.9695407115997E-22
  0.9044930000000E+11   0.2198636132447E-21
  0.1192070000000E+12   0.4971688945121E-21
  0.1571080000000E+12   0.1119950788790E-20
  0.2070600000000E+12   0.2510002127782E-20
  0.2728930000000E+12   0.5586997705209E-20
  0.3596580000000E+12   0.1343736303605E-19
  0.4740100000000E+12   0.3854813878471E-19
  0.6247180000000E+12   0.1087272006582E-18
  0.8233440000000E+12   0.2991059722653E-18
  0.1085120000000E+13   0.7959157477662E-18
  0.1430130000000E+13   0.2017757593979E-17
  0.1884830000000E+13   0.4779166210258E-17
  0.2484100000000E+13   0.1026586285228E-16
  0.3273910000000E+13   0.1909821495802E-16
  0.4314820000000E+13   0.2913885592976E-16
  0.5686700000000E+13   0.3456280616324E-16
  0.7494750000000E+13   0.3242384432635E-16
  0.7682960000000E+13   0.3199011251231E-16
  0.7875890000000E+13   0.3152818425117E-16
  0.8073670000000E+13   0.3103850592208E-16
  0.8276410000000E+13   0.3052590057117E-16
  0.8484250000000E+13   0.2999862139965E-16
  0.8697300000000E+13   0.2949654090771E-16
  0.8915700000000E+13   0.2897579756444E-16
  0.9139590000000E+13   0.2849604691854E-16
  0.9369100000000E+13   0.2801068850814E-16
  0.9604380000000E+13   0.2754340408906E-16
  0.9845560000000E+13   0.2709327591482E-16
  0.1009280000000E+14   0.2663059905345E-16
  0.1034620000000E+14   0.2617720767570E-16
  0.1060610000000E+14   0.2570520511581E-16
  0.1087240000000E+14   0.2527500215753E-16
  0.1114540000000E+14   0.2483430208450E-16
  0.1142530000000E+14   0.2440809749053E-16
  0.1171220000000E+14   0.2398905065440E-16
  0.1200630000000E+14   0.2355454807294E-16
  0.1230780000000E+14   0.2312266086525E-16
  0.1261690000000E+14   0.2266919742998E-16
  0.1293370000000E+14   0.2226837206697E-16
  0.1325850000000E+14   0.2185189378155E-16
  0.1359150000000E+14   0.2144593586704E-16
  0.1393280000000E+14   0.2104002088868E-16
  0.1428260000000E+14   0.2063390313743E-16
  0.1464130000000E+14   0.2027299587016E-16
  0.1500900000000E+14   0.1988486020743E-16
  0.1538590000000E+14   0.1936936134967E-16
  0.1577220000000E+14   0.1883670144086E-16
  0.1616830000000E+14   0.1797239273284E-16
  0.1657430000000E+14   0.1694329607166E-16
  0.1699050000000E+14   0.1584103539496E-16
  0.1741720000000E+14   0.1449708624659E-16
  0.1785460000000E+14   0.1323558670373E-16
  0.1830290000000E+14   0.1191592937547E-16
  0.1876260000000E+14   0.1067904660226E-16
  0.1923370000000E+14   0.9577037272070E-17
  0.1971670000000E+14   0.8578315652172E-17
  0.2021180000000E+14   0.7711175098398E-17
  0.2071940000000E+14   0.7031432999392E-17
  0.2123970000000E+14   0.6409461409669E-17
  0.2177310000000E+14   0.6330653948665E-17
  0.2231980000000E+14   0.6238628817223E-17
  0.2288030000000E+14   0.6298857001127E-17
  0.2345490000000E+14   0.6393127237687E-17
  0.2404390000000E+14   0.6498845694206E-17
  0.2464770000000E+14   0.6644135094899E-17
  0.2526660000000E+14   0.6749700973099E-17
  0.2590110000000E+14   0.6875064891465E-17
  0.2655150000000E+14   0.6960743126508E-17
  0.2721830000000E+14   0.7117476603124E-17
  0.2790180000000E+14   0.7269193685039E-17
  0.2860240000000E+14   0.7345408119089E-17
  0.2932070000000E+14   0.7341378007853E-17
  0.3005700000000E+14   0.7306949503985E-17
  0.3081180000000E+14   0.7124080365949E-17
  0.3158550000000E+14   0.6947220189518E-17
  0.3237870000000E+14   0.6226222551501E-17
  0.3319170000000E+14   0.5387195511919E-17
  0.3402530000000E+14   0.4614942256186E-17
  0.3487970000000E+14   0.3903177404287E-17
  0.3575560000000E+14   0.3239059871592E-17
  0.3665350000000E+14   0.2643427355938E-17
  0.3757390000000E+14   0.2069232131733E-17
  0.3851740000000E+14   0.1720385559045E-17
  0.3948470000000E+14   0.1437488476110E-17
  0.4047620000000E+14   0.1256686547553E-17
  0.4149260000000E+14   0.1193206323721E-17
  0.4253460000000E+14   0.1139783350324E-17
  0.4360270000000E+14   0.1123930385301E-17
  0.4469770000000E+14   0.1110386563306E-17
  0.4582010000000E+14   0.1099360147396E-17
  0.4697070000000E+14   0.1090259337784E-17
  0.4815020000000E+14   0.1081703505089E-17
  0.4935940000000E+14   0.1073552823658E-17
  0.5059890000000E+14   0.1066815090193E-17
  0.5186950000000E+14   0.1061911666353E-17
  0.5317200000000E+14   0.1057835439343E-17
  0.5450730000000E+14   0.1055962170049E-17
  0.6258450000000E+14   0.1061257361238E-17
  0.7185870000000E+14   0.1076915346096E-17
  0.8250720000000E+14   0.1081126028793E-17
  0.9473370000000E+14   0.1068327873457E-17
  0.1087720000000E+15   0.1043433172773E-17
  0.1248910000000E+15   0.1016222398415E-17
  0.1433980000000E+15   0.9963638606596E-18
  0.1646470000000E+15   0.9939973463148E-18
  0.1890460000000E+15   0.1019103256535E-17
  0.2170600000000E+15   0.1074742885862E-17
  0.2492250000000E+15   0.1163096780122E-17
  0.2861570000000E+15   0.1282227300249E-17
  0.3285620000000E+15   0.1424817820437E-17
  0.3772500000000E+15   0.1578415259116E-17
  0.4331540000000E+15   0.1724086501298E-17
  0.4973410000000E+15   0.1837057580042E-17
  0.5710410000000E+15   0.1890289959920E-17
  0.6556610000000E+15   0.1860518179411E-17
  0.7528220000000E+15   0.1734359305363E-17
  0.8643800000000E+15   0.1516724019781E-17
  0.9924690000000E+15   0.1231483190859E-17
  0.1139540000000E+16   0.9138287800240E-18
  0.1308400000000E+16   0.6140396098022E-18
  0.1502290000000E+16   0.3667099964260E-18
  0.1724910000000E+16   0.1909780113519E-18
  0.1980520000000E+16   0.8473276225866E-19
  0.2274010000000E+16   0.3136325356941E-19
  0.2610990000000E+16   0.9422148813495E-20
  0.2997900000000E+16   0.2227431439331E-20
