         130
  
  0.2997900000000E+11   0.5438371349648E-23
  0.3951060000000E+11   0.1238786402623E-22
  0.5207280000000E+11   0.2819220000758E-22
  0.6862910000000E+11   0.6407173412748E-22
  0.9044930000000E+11   0.1453321892340E-21
  0.1192070000000E+12   0.3287756666497E-21
  0.1571080000000E+12   0.7410997313977E-21
  0.2070600000000E+12   0.1662463289398E-20
  0.2728930000000E+12   0.3705174858020E-20
  0.3596580000000E+12   0.8927503004284E-20
  0.4740100000000E+12   0.2568272685942E-19
  0.6247180000000E+12   0.7274249014772E-19
  0.8233440000000E+12   0.2013687609655E-18
  0.1085120000000E+13   0.5409734175058E-18
  0.1430130000000E+13   0.1391835638268E-17
  0.1884830000000E+13   0.3373812780244E-17
  0.2484100000000E+13   0.7515849548352E-17
  0.3273910000000E+13   0.1478858856260E-16
  0.4314820000000E+13   0.2446731028263E-16
  0.5686700000000E+13   0.3192626053369E-16
  0.7494750000000E+13   0.3183027941475E-16
  0.7682960000000E+13   0.3145787918954E-16
  0.7875890000000E+13   0.3103503549705E-16
  0.8073670000000E+13   0.3056417209810E-16
  0.8276410000000E+13   0.3005255722224E-16
  0.8484250000000E+13   0.2951083181636E-16
  0.8697300000000E+13   0.2897919727634E-16
  0.8915700000000E+13   0.2841842604359E-16
  0.9139590000000E+13   0.2788659619730E-16
  0.9369100000000E+13   0.2734293609396E-16
  0.9604380000000E+13   0.2681180470477E-16
  0.9845560000000E+13   0.2629474966008E-16
  0.1009280000000E+14   0.2576728747249E-16
  0.1034620000000E+14   0.2525120590058E-16
  0.1060610000000E+14   0.2472295208199E-16
  0.1087240000000E+14   0.2423843120103E-16
  0.1114540000000E+14   0.2375139586157E-16
  0.1142530000000E+14   0.2328504745205E-16
  0.1171220000000E+14   0.2283306594570E-16
  0.1200630000000E+14   0.2237470133092E-16
  0.1230780000000E+14   0.2192618450010E-16
  0.1261690000000E+14   0.2146466043983E-16
  0.1293370000000E+14   0.2105832991618E-16
  0.1325850000000E+14   0.2064330367831E-16
  0.1359150000000E+14   0.2024319390321E-16
  0.1393280000000E+14   0.1984749305531E-16
  0.1428260000000E+14   0.1945528297013E-16
  0.1464130000000E+14   0.1910869039814E-16
  0.1500900000000E+14   0.1873892204933E-16
  0.1538590000000E+14   0.1825060758193E-16
  0.1577220000000E+14   0.1774727870455E-16
  0.1616830000000E+14   0.1693071104006E-16
  0.1657430000000E+14   0.1595845468979E-16
  0.1699050000000E+14   0.1491718265689E-16
  0.1741720000000E+14   0.1364741797946E-16
  0.1785460000000E+14   0.1245598954923E-16
  0.1830290000000E+14   0.1120994274963E-16
  0.1876260000000E+14   0.1004268838551E-16
  0.1923370000000E+14   0.9003110086526E-17
  0.1971670000000E+14   0.8061200245394E-17
  0.2021180000000E+14   0.7243534287495E-17
  0.2071940000000E+14   0.6602453526678E-17
  0.2123970000000E+14   0.6015810120064E-17
  0.2177310000000E+14   0.5940590827684E-17
  0.2231980000000E+14   0.5853847141723E-17
  0.2288030000000E+14   0.5911699255209E-17
  0.2345490000000E+14   0.6002747019681E-17
  0.2404390000000E+14   0.6105104082719E-17
  0.2464770000000E+14   0.6245238792844E-17
  0.2526660000000E+14   0.6348102990959E-17
  0.2590110000000E+14   0.6469999458696E-17
  0.2655150000000E+14   0.6554356367334E-17
  0.2721830000000E+14   0.6706570233091E-17
  0.2790180000000E+14   0.6854187228928E-17
  0.2860240000000E+14   0.6930036991663E-17
  0.2932070000000E+14   0.6929694963350E-17
  0.3005700000000E+14   0.6900568246223E-17
  0.3081180000000E+14   0.6730489045395E-17
  0.3158550000000E+14   0.6566202413253E-17
  0.3237870000000E+14   0.5884846312422E-17
  0.3319170000000E+14   0.5091734734818E-17
  0.3402530000000E+14   0.4362440659101E-17
  0.3487970000000E+14   0.3691602693647E-17
  0.3575560000000E+14   0.3066025090334E-17
  0.3665350000000E+14   0.2504602138969E-17
  0.3757390000000E+14   0.1962969245340E-17
  0.3851740000000E+14   0.1635372883202E-17
  0.3948470000000E+14   0.1369926943139E-17
  0.4047620000000E+14   0.1200127028052E-17
  0.4149260000000E+14   0.1141916134155E-17
  0.4253460000000E+14   0.1092859296625E-17
  0.4360270000000E+14   0.1080219493745E-17
  0.4469770000000E+14   0.1069605733589E-17
  0.4582010000000E+14   0.1061228332600E-17
  0.4697070000000E+14   0.1054509268358E-17
  0.4815020000000E+14   0.1048077267532E-17
  0.4935940000000E+14   0.1041789322976E-17
  0.5059890000000E+14   0.1036665530022E-17
  0.5186950000000E+14   0.1033156299156E-17
  0.5317200000000E+14   0.1030261789815E-17
  0.5450730000000E+14   0.1029411800889E-17
  0.6258450000000E+14   0.1038103358765E-17
  0.7185870000000E+14   0.1055054631858E-17
  0.8250720000000E+14   0.1059844148998E-17
  0.9473370000000E+14   0.1047962324983E-17
  0.1087720000000E+15   0.1025040646282E-17
  0.1248910000000E+15   0.1001103263140E-17
  0.1433980000000E+15   0.9857018504378E-18
  0.1646470000000E+15   0.9884653550127E-18
  0.1890460000000E+15   0.1018465687977E-17
  0.2170600000000E+15   0.1077805694330E-17
  0.2492250000000E+15   0.1168096767534E-17
  0.2861570000000E+15   0.1287581219241E-17
  0.3285620000000E+15   0.1429444787679E-17
  0.3772500000000E+15   0.1581757648881E-17
  0.4331540000000E+15   0.1726137511526E-17
  0.4973410000000E+15   0.1838268360289E-17
  0.5710410000000E+15   0.1891240536420E-17
  0.6556610000000E+15   0.1861633341975E-17
  0.7528220000000E+15   0.1735951970063E-17
  0.8643800000000E+15   0.1518655037619E-17
  0.9924690000000E+15   0.1233253861477E-17
  0.1139540000000E+16   0.9156437793271E-18
  0.1308400000000E+16   0.6151834480960E-18
  0.1502290000000E+16   0.3672743954408E-18
  0.1724910000000E+16   0.1911983022480E-18
  0.1980520000000E+16   0.8483591605974E-19
  0.2274010000000E+16   0.3140055305760E-19
  0.2610990000000E+16   0.9433147302078E-20
  0.2997900000000E+16   0.2229994538579E-20
