mstar = 2 Msun, Rstar = 2.5 Rsun, Tstar = 10000, mdisk = 0.0031241 Msun, Rc = 150 AU, Rin = 0.5 AU, Rout = 250 AU, inclination = 45 degree, powerlaw = -1 
         130
  
  0.2997900000000E+11   0.4288626388279E-23
  0.3951060000000E+11   0.9766716574155E-23
  0.5207280000000E+11   0.2222449258453E-22
  0.6862910000000E+11   0.5050851023607E-22
  0.9044930000000E+11   0.1145775403556E-21
  0.1192070000000E+12   0.2592536237372E-21
  0.1571080000000E+12   0.5845808511780E-21
  0.2070600000000E+12   0.1311988583883E-20
  0.2728930000000E+12   0.2926051004920E-20
  0.3596580000000E+12   0.7056999362403E-20
  0.4740100000000E+12   0.2033103347303E-19
  0.6247180000000E+12   0.5770668949892E-19
  0.8233440000000E+12   0.1602453270799E-18
  0.1085120000000E+13   0.4325098782688E-18
  0.1430130000000E+13   0.1120696446510E-17
  0.1884830000000E+13   0.2746496530180E-17
  0.2484100000000E+13   0.6224173814256E-17
  0.3273910000000E+13   0.1257868793277E-16
  0.4314820000000E+13   0.2166889958849E-16
  0.5686700000000E+13   0.2984226911712E-16
  0.7494750000000E+13   0.3127952131708E-16
  0.7682960000000E+13   0.3100815882358E-16
  0.7875890000000E+13   0.3067330701189E-16
  0.8073670000000E+13   0.3027685649552E-16
  0.8276410000000E+13   0.2982616036550E-16
  0.8484250000000E+13   0.2933231948486E-16
  0.8697300000000E+13   0.2883638316891E-16
  0.8915700000000E+13   0.2829874372414E-16
  0.9139590000000E+13   0.2777816218152E-16
  0.9369100000000E+13   0.2723463719552E-16
  0.9604380000000E+13   0.2669332028861E-16
  0.9845560000000E+13   0.2615685901011E-16
  0.1009280000000E+14   0.2560329574513E-16
  0.1034620000000E+14   0.2505533559474E-16
  0.1060610000000E+14   0.2449232905359E-16
  0.1087240000000E+14   0.2396871632381E-16
  0.1114540000000E+14   0.2344228639008E-16
  0.1142530000000E+14   0.2293622774648E-16
  0.1171220000000E+14   0.2244578519930E-16
  0.1200630000000E+14   0.2195245038074E-16
  0.1230780000000E+14   0.2147215483077E-16
  0.1261690000000E+14   0.2098390645686E-16
  0.1293370000000E+14   0.2055219457248E-16
  0.1325850000000E+14   0.2011700791895E-16
  0.1359150000000E+14   0.1970059039133E-16
  0.1393280000000E+14   0.1929286506858E-16
  0.1428260000000E+14   0.1889265923266E-16
  0.1464130000000E+14   0.1853987112709E-16
  0.1500900000000E+14   0.1816843143651E-16
  0.1538590000000E+14   0.1768619994448E-16
  0.1577220000000E+14   0.1719175622565E-16
  0.1616830000000E+14   0.1639760876111E-16
  0.1657430000000E+14   0.1545448873630E-16
  0.1699050000000E+14   0.1444552331524E-16
  0.1741720000000E+14   0.1321694240141E-16
  0.1785460000000E+14   0.1206431504385E-16
  0.1830290000000E+14   0.1085976884531E-16
  0.1876260000000E+14   0.9731736582140E-17
  0.1923370000000E+14   0.8727100669917E-17
  0.1971670000000E+14   0.7817025518468E-17
  0.2021180000000E+14   0.7026778637239E-17
  0.2071940000000E+14   0.6406300269954E-17
  0.2123970000000E+14   0.5838586581327E-17
  0.2177310000000E+14   0.5761648622713E-17
  0.2231980000000E+14   0.5675137320835E-17
  0.2288030000000E+14   0.5729295306201E-17
  0.2345490000000E+14   0.5816950575384E-17
  0.2404390000000E+14   0.5916812975052E-17
  0.2464770000000E+14   0.6054272543553E-17
  0.2526660000000E+14   0.6156249127171E-17
  0.2590110000000E+14   0.6277164269538E-17
  0.2655150000000E+14   0.6362033144972E-17
  0.2721830000000E+14   0.6513059079130E-17
  0.2790180000000E+14   0.6659593863844E-17
  0.2860240000000E+14   0.6736428973030E-17
  0.2932070000000E+14   0.6739161528279E-17
  0.3005700000000E+14   0.6713867441386E-17
  0.3081180000000E+14   0.6551330584223E-17
  0.3158550000000E+14   0.6394370675115E-17
  0.3237870000000E+14   0.5733923847579E-17
  0.3319170000000E+14   0.4964362192285E-17
  0.3402530000000E+14   0.4256458744109E-17
  0.3487970000000E+14   0.3605280013629E-17
  0.3575560000000E+14   0.2998090489427E-17
  0.3665350000000E+14   0.2453488455450E-17
  0.3757390000000E+14   0.1927962814976E-17
  0.3851740000000E+14   0.1610347706833E-17
  0.3948470000000E+14   0.1352034912397E-17
  0.4047620000000E+14   0.1186047922223E-17
  0.4149260000000E+14   0.1129270080654E-17
  0.4253460000000E+14   0.1081185667450E-17
  0.4360270000000E+14   0.1069036559883E-17
  0.4469770000000E+14   0.1058797920332E-17
  0.4582010000000E+14   0.1050686216573E-17
  0.4697070000000E+14   0.1044132230848E-17
  0.4815020000000E+14   0.1037763343243E-17
  0.4935940000000E+14   0.1031434789592E-17
  0.5059890000000E+14   0.1026183131196E-17
  0.5186950000000E+14   0.1022480339341E-17
  0.5317200000000E+14   0.1019324852730E-17
  0.5450730000000E+14   0.1018187575952E-17
  0.6258450000000E+14   0.1024910010504E-17
  0.7185870000000E+14   0.1040028923687E-17
  0.8250720000000E+14   0.1043586394981E-17
  0.9473370000000E+14   0.1031536281210E-17
  0.1087720000000E+15   0.1009829483642E-17
  0.1248910000000E+15   0.9883569615395E-18
  0.1433980000000E+15   0.9761964694121E-18
  0.1646470000000E+15   0.9823829572757E-18
  0.1890460000000E+15   0.1015425861917E-17
  0.2170600000000E+15   0.1077072593270E-17
  0.2492250000000E+15   0.1168721450257E-17
  0.2861570000000E+15   0.1288751204045E-17
  0.3285620000000E+15   0.1430669673319E-17
  0.3772500000000E+15   0.1582798968285E-17
  0.4331540000000E+15   0.1726907871007E-17
  0.4973410000000E+15   0.1838817880540E-17
  0.5710410000000E+15   0.1891726403947E-17
  0.6556610000000E+15   0.1862219927860E-17
  0.7528220000000E+15   0.1736791438706E-17
  0.8643800000000E+15   0.1519673066464E-17
  0.9924690000000E+15   0.1234187483955E-17
  0.1139540000000E+16   0.9166011812339E-18
  0.1308400000000E+16   0.6157867603108E-18
  0.1502290000000E+16   0.3675720117056E-18
  0.1724910000000E+16   0.1913144308841E-18
  0.1980520000000E+16   0.8489029730825E-19
  0.2274010000000E+16   0.3142021640708E-19
  0.2610990000000E+16   0.9438945330753E-20
  0.2997900000000E+16   0.2231345700124E-20
