         130
  
  0.2997900000000E+11   0.3572536213385E-24
  0.3951060000000E+11   0.8005635019552E-24
  0.5207280000000E+11   0.1800083317490E-23
  0.6862910000000E+11   0.4056399112669E-23
  0.9044930000000E+11   0.9150731865095E-23
  0.1192070000000E+12   0.2064286111886E-22
  0.1571080000000E+12   0.4651649544634E-22
  0.2070600000000E+12   0.1045767536711E-21
  0.2728930000000E+12   0.2342235078387E-21
  0.3596580000000E+12   0.5687021239380E-21
  0.4740100000000E+12   0.1655357011842E-20
  0.6247180000000E+12   0.4775283964139E-20
  0.8233440000000E+12   0.1357945791942E-19
  0.1085120000000E+13   0.3792687384424E-19
  0.1430130000000E+13   0.1032327200276E-18
  0.1884830000000E+13   0.2717402663797E-18
  0.2484100000000E+13   0.6840216026528E-18
  0.3273910000000E+13   0.1614956338814E-17
  0.4314820000000E+13   0.3505015978372E-17
  0.5686700000000E+13   0.6739477286724E-17
  0.7494750000000E+13   0.1091013283043E-16
  0.7682960000000E+13   0.1127764391795E-16
  0.7875890000000E+13   0.1163009865508E-16
  0.8073670000000E+13   0.1196255767755E-16
  0.8276410000000E+13   0.1227380640337E-16
  0.8484250000000E+13   0.1256614078205E-16
  0.8697300000000E+13   0.1286886020090E-16
  0.8915700000000E+13   0.1314266918241E-16
  0.9139590000000E+13   0.1343505823144E-16
  0.9369100000000E+13   0.1370435307083E-16
  0.9604380000000E+13   0.1396869678376E-16
  0.9845560000000E+13   0.1422559984549E-16
  0.1009280000000E+14   0.1444764573358E-16
  0.1034620000000E+14   0.1465239057190E-16
  0.1060610000000E+14   0.1481461252856E-16
  0.1087240000000E+14   0.1498612425960E-16
  0.1114540000000E+14   0.1512042817848E-16
  0.1142530000000E+14   0.1523905902960E-16
  0.1171220000000E+14   0.1533489209883E-16
  0.1200630000000E+14   0.1538762853311E-16
  0.1230780000000E+14   0.1541304923445E-16
  0.1261690000000E+14   0.1538988320909E-16
  0.1293370000000E+14   0.1538273801582E-16
  0.1325850000000E+14   0.1533205603824E-16
  0.1359150000000E+14   0.1526061672178E-16
  0.1393280000000E+14   0.1515955461390E-16
  0.1428260000000E+14   0.1502918066903E-16
  0.1464130000000E+14   0.1490733342838E-16
  0.1500900000000E+14   0.1473485821217E-16
  0.1538590000000E+14   0.1443512370569E-16
  0.1577220000000E+14   0.1410031302717E-16
  0.1616830000000E+14   0.1349309062722E-16
  0.1657430000000E+14   0.1275109601917E-16
  0.1699050000000E+14   0.1194806854978E-16
  0.1741720000000E+14   0.1095802923565E-16
  0.1785460000000E+14   0.1002638451030E-16
  0.1830290000000E+14   0.9044625993933E-17
  0.1876260000000E+14   0.8119286193060E-17
  0.1923370000000E+14   0.7291288492685E-17
  0.1971670000000E+14   0.6536706419115E-17
  0.2021180000000E+14   0.5879832558135E-17
  0.2071940000000E+14   0.5369813588290E-17
  0.2123970000000E+14   0.4901651219513E-17
  0.2177310000000E+14   0.4882224142971E-17
  0.2231980000000E+14   0.4840750899250E-17
  0.2288030000000E+14   0.4906286570800E-17
  0.2345490000000E+14   0.4979034196605E-17
  0.2404390000000E+14   0.5041390076738E-17
  0.2464770000000E+14   0.5113356577363E-17
  0.2526660000000E+14   0.5144681081765E-17
  0.2590110000000E+14   0.5178556636118E-17
  0.2655150000000E+14   0.5182376556660E-17
  0.2721830000000E+14   0.5226629518804E-17
  0.2790180000000E+14   0.5269000391845E-17
  0.2860240000000E+14   0.5272636887719E-17
  0.2932070000000E+14   0.5237331450598E-17
  0.3005700000000E+14   0.5192641323907E-17
  0.3081180000000E+14   0.5068577728769E-17
  0.3158550000000E+14   0.4954510904444E-17
  0.3237870000000E+14   0.4517600566123E-17
  0.3319170000000E+14   0.4008202087816E-17
  0.3402530000000E+14   0.3535832619583E-17
  0.3487970000000E+14   0.3095205766392E-17
  0.3575560000000E+14   0.2673826043762E-17
  0.3665350000000E+14   0.2276696206277E-17
  0.3757390000000E+14   0.1849377851454E-17
  0.3851740000000E+14   0.1544801331708E-17
  0.3948470000000E+14   0.1245164774894E-17
  0.4047620000000E+14   0.1018172873156E-17
  0.4149260000000E+14   0.9407117925790E-18
  0.4253460000000E+14   0.8715552217910E-18
  0.4360270000000E+14   0.8603131292011E-18
  0.4469770000000E+14   0.8502270262450E-18
  0.4582010000000E+14   0.8419752543439E-18
  0.4697070000000E+14   0.8347980988566E-18
  0.4815020000000E+14   0.8265062890755E-18
  0.4935940000000E+14   0.8170512964852E-18
  0.5059890000000E+14   0.8085080705462E-18
  0.5186950000000E+14   0.8020043563862E-18
  0.5317200000000E+14   0.7958848605530E-18
  0.5450730000000E+14   0.7930657088201E-18
  0.6258450000000E+14   0.8000043767520E-18
  0.7185870000000E+14   0.8307240799084E-18
  0.8250720000000E+14   0.8576888108686E-18
  0.9473370000000E+14   0.8753985149976E-18
  0.1087720000000E+15   0.8886075845304E-18
  0.1248910000000E+15   0.9027820309380E-18
  0.1433980000000E+15   0.9219865394042E-18
  0.1646470000000E+15   0.9518757405666E-18
  0.1890460000000E+15   0.1000216836273E-17
  0.2170600000000E+15   0.1070746428784E-17
  0.2492250000000E+15   0.1167370699282E-17
  0.2861570000000E+15   0.1289954033469E-17
  0.3285620000000E+15   0.1432791528908E-17
  0.3772500000000E+15   0.1585001445335E-17
  0.4331540000000E+15   0.1728970235124E-17
  0.4973410000000E+15   0.1840843922106E-17
  0.5710410000000E+15   0.1894051309949E-17
  0.6556610000000E+15   0.1865316546684E-17
  0.7528220000000E+15   0.1741304353952E-17
  0.8643800000000E+15   0.1525156058363E-17
  0.9924690000000E+15   0.1239217265316E-17
  0.1139540000000E+16   0.9217637503114E-18
  0.1308400000000E+16   0.6190393026454E-18
  0.1502290000000E+16   0.3691756324075E-18
  0.1724910000000E+16   0.1919397524702E-18
  0.1980520000000E+16   0.8518315715385E-19
  0.2274010000000E+16   0.3152610463052E-19
  0.2610990000000E+16   0.9470166884782E-20
  0.2997900000000E+16   0.2238621308876E-20
