mstar = 2 Msun, Rstar = 2.5 Rsun, Tstar = 10000, mdisk = 0.0013712 Msun, Rc = 150 AU, Rin = 0.5 AU, Rout = 250 AU, inclination = 45 degree, powerlaw = -1 
         130
  
  0.2997900000000E+11   0.2054863805992E-23
  0.3951060000000E+11   0.4673222934120E-23
  0.5207280000000E+11   0.1062472653518E-22
  0.6862910000000E+11   0.2413549092501E-22
  0.9044930000000E+11   0.5474836274862E-22
  0.1192070000000E+12   0.1239227466728E-21
  0.1571080000000E+12   0.2796493637591E-21
  0.2070600000000E+12   0.6284351971967E-21
  0.2728930000000E+12   0.1404235191779E-20
  0.3596580000000E+12   0.3395859537308E-20
  0.4740100000000E+12   0.9822233741354E-20
  0.6247180000000E+12   0.2804022816553E-19
  0.8233440000000E+12   0.7851676528452E-19
  0.1085120000000E+13   0.2145136077723E-18
  0.1430130000000E+13   0.5659166291593E-18
  0.1884830000000E+13   0.1424895319368E-17
  0.2484100000000E+13   0.3365442637325E-17
  0.3273910000000E+13   0.7249139955522E-17
  0.4314820000000E+13   0.1377301890843E-16
  0.5686700000000E+13   0.2185599509582E-16
  0.7494750000000E+13   0.2711859229951E-16
  0.7682960000000E+13   0.2727144455065E-16
  0.7875890000000E+13   0.2735103641884E-16
  0.8073670000000E+13   0.2735350094236E-16
  0.8276410000000E+13   0.2728191813616E-16
  0.8484250000000E+13   0.2714458872692E-16
  0.8697300000000E+13   0.2698622635113E-16
  0.8915700000000E+13   0.2675494421481E-16
  0.9139590000000E+13   0.2651677929781E-16
  0.9369100000000E+13   0.2622072661913E-16
  0.9604380000000E+13   0.2589348904774E-16
  0.9845560000000E+13   0.2553568741535E-16
  0.1009280000000E+14   0.2512229312214E-16
  0.1034620000000E+14   0.2467882568257E-16
  0.1060610000000E+14   0.2418529100966E-16
  0.1087240000000E+14   0.2369937243419E-16
  0.1114540000000E+14   0.2318051575236E-16
  0.1142530000000E+14   0.2265475394701E-16
  0.1171220000000E+14   0.2212081443555E-16
  0.1200630000000E+14   0.2156597640658E-16
  0.1230780000000E+14   0.2100916004018E-16
  0.1261690000000E+14   0.2043627180279E-16
  0.1293370000000E+14   0.1990672687869E-16
  0.1325850000000E+14   0.1937226906980E-16
  0.1359150000000E+14   0.1885515512858E-16
  0.1393280000000E+14   0.1834986847717E-16
  0.1428260000000E+14   0.1785791231682E-16
  0.1464130000000E+14   0.1741425122148E-16
  0.1500900000000E+14   0.1696571996371E-16
  0.1538590000000E+14   0.1643609688731E-16
  0.1577220000000E+14   0.1590721652431E-16
  0.1616830000000E+14   0.1513645301490E-16
  0.1657430000000E+14   0.1424812833895E-16
  0.1699050000000E+14   0.1331111489904E-16
  0.1741720000000E+14   0.1219501623470E-16
  0.1785460000000E+14   0.1114893025124E-16
  0.1830290000000E+14   0.1006484599240E-16
  0.1876260000000E+14   0.9050660030261E-17
  0.1923370000000E+14   0.8145336829257E-17
  0.1971670000000E+14   0.7324025717735E-17
  0.2021180000000E+14   0.6607341449103E-17
  0.2071940000000E+14   0.6036848645957E-17
  0.2123970000000E+14   0.5514315954622E-17
  0.2177310000000E+14   0.5408676914437E-17
  0.2231980000000E+14   0.5300200577028E-17
  0.2288030000000E+14   0.5317134102664E-17
  0.2345490000000E+14   0.5369913855771E-17
  0.2404390000000E+14   0.5440676138201E-17
  0.2464770000000E+14   0.5551437104688E-17
  0.2526660000000E+14   0.5637130144269E-17
  0.2590110000000E+14   0.5744574105091E-17
  0.2655150000000E+14   0.5823699512004E-17
  0.2721830000000E+14   0.5965571173382E-17
  0.2790180000000E+14   0.6106292850686E-17
  0.2860240000000E+14   0.6185785562282E-17
  0.2932070000000E+14   0.6199203331089E-17
  0.3005700000000E+14   0.6187810466918E-17
  0.3081180000000E+14   0.6051187195490E-17
  0.3158550000000E+14   0.5919641152942E-17
  0.3237870000000E+14   0.5324959371026E-17
  0.3319170000000E+14   0.4628440966353E-17
  0.3402530000000E+14   0.3986837176732E-17
  0.3487970000000E+14   0.3395352144281E-17
  0.3575560000000E+14   0.2842340973755E-17
  0.3665350000000E+14   0.2344880314968E-17
  0.3757390000000E+14   0.1862710227179E-17
  0.3851740000000E+14   0.1569747243566E-17
  0.3948470000000E+14   0.1328883937649E-17
  0.4047620000000E+14   0.1172075880055E-17
  0.4149260000000E+14   0.1117535962925E-17
  0.4253460000000E+14   0.1070634796293E-17
  0.4360270000000E+14   0.1058490336820E-17
  0.4469770000000E+14   0.1048123381132E-17
  0.4582010000000E+14   0.1039753687704E-17
  0.4697070000000E+14   0.1032822499598E-17
  0.4815020000000E+14   0.1025952069468E-17
  0.4935940000000E+14   0.1018985563527E-17
  0.5059890000000E+14   0.1012978232954E-17
  0.5186950000000E+14   0.1008435440774E-17
  0.5317200000000E+14   0.1004348829124E-17
  0.5450730000000E+14   0.1002265865250E-17
  0.6258450000000E+14   0.1003620841993E-17
  0.7185870000000E+14   0.1014535468722E-17
  0.8250720000000E+14   0.1015767368445E-17
  0.9473370000000E+14   0.1003903297780E-17
  0.1087720000000E+15   0.9851710907971E-18
  0.1248910000000E+15   0.9688440325336E-18
  0.1433980000000E+15   0.9627762789438E-18
  0.1646470000000E+15   0.9747525240747E-18
  0.1890460000000E+15   0.1012532577059E-17
  0.2170600000000E+15   0.1077763005116E-17
  0.2492250000000E+15   0.1171796582775E-17
  0.2861570000000E+15   0.1292812176598E-17
  0.3285620000000E+15   0.1434421769293E-17
  0.3772500000000E+15   0.1585619765742E-17
  0.4331540000000E+15   0.1728831990221E-17
  0.4973410000000E+15   0.1840166993653E-17
  0.5710410000000E+15   0.1892909618606E-17
  0.6556610000000E+15   0.1863619201872E-17
  0.7528220000000E+15   0.1738769867427E-17
  0.8643800000000E+15   0.1522065435824E-17
  0.9924690000000E+15   0.1236380856162E-17
  0.1139540000000E+16   0.9188513699576E-18
  0.1308400000000E+16   0.6172045677870E-18
  0.1502290000000E+16   0.3682712221714E-18
  0.1724910000000E+16   0.1915871673221E-18
  0.1980520000000E+16   0.8501802275938E-19
  0.2274010000000E+16   0.3146639864942E-19
  0.2610990000000E+16   0.9452562582818E-20
  0.2997900000000E+16   0.2234518992189E-20
