mstar = 2 Msun, Rstar = 2.5 Rsun, Tstar = 10000, mdisk = 0.0051133 Msun, Rc = 150 AU, Rin = 0.5 AU, Rout = 250 AU, inclination = 45 degree, powerlaw = -1 
         130
  
  0.2997900000000E+11   0.6684657233478E-23
  0.3951060000000E+11   0.1522876154507E-22
  0.5207280000000E+11   0.3465920105129E-22
  0.6862910000000E+11   0.7876666600474E-22
  0.9044930000000E+11   0.1786437796180E-21
  0.1192070000000E+12   0.4040502454148E-21
  0.1571080000000E+12   0.9104876818794E-21
  0.2070600000000E+12   0.2041511456015E-20
  0.2728930000000E+12   0.4547104261095E-20
  0.3596580000000E+12   0.1094633914193E-19
  0.4740100000000E+12   0.3144744728655E-19
  0.6247180000000E+12   0.8889081464116E-19
  0.8233440000000E+12   0.2453355307704E-18
  0.1085120000000E+13   0.6561175572513E-18
  0.1430130000000E+13   0.1676421881520E-17
  0.1884830000000E+13   0.4020056043358E-17
  0.2484100000000E+13   0.8805440828986E-17
  0.3273910000000E+13   0.1688031706326E-16
  0.4314820000000E+13   0.2688124106740E-16
  0.5686700000000E+13   0.3346488228819E-16
  0.7494750000000E+13   0.3223986282647E-16
  0.7682960000000E+13   0.3181997900893E-16
  0.7875890000000E+13   0.3136146541117E-16
  0.8073670000000E+13   0.3086617895525E-16
  0.8276410000000E+13   0.3034041751478E-16
  0.8484250000000E+13   0.2979374404677E-16
  0.8697300000000E+13   0.2926572911692E-16
  0.8915700000000E+13   0.2871578040463E-16
  0.9139590000000E+13   0.2820198586308E-16
  0.9369100000000E+13   0.2768142232797E-16
  0.9604380000000E+13   0.2717780345061E-16
  0.9845560000000E+13   0.2669142846112E-16
  0.1009280000000E+14   0.2619526252013E-16
  0.1034620000000E+14   0.2571075549554E-16
  0.1060610000000E+14   0.2521204091490E-16
  0.1087240000000E+14   0.2475683500046E-16
  0.1114540000000E+14   0.2429578320134E-16
  0.1142530000000E+14   0.2385270143624E-16
  0.1171220000000E+14   0.2342054799423E-16
  0.1200630000000E+14   0.2297744878637E-16
  0.1230780000000E+14   0.2254042499673E-16
  0.1261690000000E+14   0.2208582122267E-16
  0.1293370000000E+14   0.2168483719026E-16
  0.1325850000000E+14   0.2127128768558E-16
  0.1359150000000E+14   0.2087007136853E-16
  0.1393280000000E+14   0.2047069192933E-16
  0.1428260000000E+14   0.2007258090203E-16
  0.1464130000000E+14   0.1971958620025E-16
  0.1500900000000E+14   0.1934110288647E-16
  0.1538590000000E+14   0.1883930598243E-16
  0.1577220000000E+14   0.1832120201529E-16
  0.1616830000000E+14   0.1748003584905E-16
  0.1657430000000E+14   0.1647812304234E-16
  0.1699050000000E+14   0.1540471176583E-16
  0.1741720000000E+14   0.1409549227991E-16
  0.1785460000000E+14   0.1286642055015E-16
  0.1830290000000E+14   0.1158043072900E-16
  0.1876260000000E+14   0.1037509900848E-16
  0.1923370000000E+14   0.9301121945657E-17
  0.1971670000000E+14   0.8327680225200E-17
  0.2021180000000E+14   0.7482389951518E-17
  0.2071940000000E+14   0.6819647601582E-17
  0.2123970000000E+14   0.6213248821840E-17
  0.2177310000000E+14   0.6136287708427E-17
  0.2231980000000E+14   0.6046820944120E-17
  0.2288030000000E+14   0.6106145717226E-17
  0.2345490000000E+14   0.6198871238562E-17
  0.2404390000000E+14   0.6302769612742E-17
  0.2464770000000E+14   0.6445002368560E-17
  0.2526660000000E+14   0.6548480038325E-17
  0.2590110000000E+14   0.6671069526882E-17
  0.2655150000000E+14   0.6754683559048E-17
  0.2721830000000E+14   0.6907667062260E-17
  0.2790180000000E+14   0.7055374012477E-17
  0.2860240000000E+14   0.7129070971200E-17
  0.2932070000000E+14   0.7124471162843E-17
  0.3005700000000E+14   0.7090283970502E-17
  0.3081180000000E+14   0.6911810601839E-17
  0.3158550000000E+14   0.6739292102986E-17
  0.3237870000000E+14   0.6038398145248E-17
  0.3319170000000E+14   0.5224012628528E-17
  0.3402530000000E+14   0.4475234845220E-17
  0.3487970000000E+14   0.3786732669405E-17
  0.3575560000000E+14   0.3145088397273E-17
  0.3665350000000E+14   0.2569652963103E-17
  0.3757390000000E+14   0.2015161872958E-17
  0.3851740000000E+14   0.1678770597411E-17
  0.3948470000000E+14   0.1405580171697E-17
  0.4047620000000E+14   0.1231036082029E-17
  0.4149260000000E+14   0.1170798158898E-17
  0.4253460000000E+14   0.1120135692858E-17
  0.4360270000000E+14   0.1106302436489E-17
  0.4469770000000E+14   0.1094596461657E-17
  0.4582010000000E+14   0.1085226587468E-17
  0.4697070000000E+14   0.1077611317596E-17
  0.4815020000000E+14   0.1070382568775E-17
  0.4935940000000E+14   0.1063399113749E-17
  0.5059890000000E+14   0.1057671784108E-17
  0.5186950000000E+14   0.1053634728034E-17
  0.5317200000000E+14   0.1050291450779E-17
  0.5450730000000E+14   0.1049037151982E-17
  0.6258450000000E+14   0.1056178662377E-17
  0.7185870000000E+14   0.1072073424049E-17
  0.8250720000000E+14   0.1075825690382E-17
  0.9473370000000E+14   0.1062512940484E-17
  0.1087720000000E+15   0.1037514619550E-17
  0.1248910000000E+15   0.1010878641863E-17
  0.1433980000000E+15   0.9923329472158E-18
  0.1646470000000E+15   0.9918168112470E-18
  0.1890460000000E+15   0.1018864268581E-17
  0.2170600000000E+15   0.1076055224424E-17
  0.2492250000000E+15   0.1165285494753E-17
  0.2861570000000E+15   0.1284648273310E-17
  0.3285620000000E+15   0.1426975177043E-17
  0.3772500000000E+15   0.1580007532172E-17
  0.4331540000000E+15   0.1725085792245E-17
  0.4973410000000E+15   0.1837683844221E-17
  0.5710410000000E+15   0.1890831336854E-17
  0.6556610000000E+15   0.1861187431754E-17
  0.7528220000000E+15   0.1735326771415E-17
  0.8643800000000E+15   0.1517898698982E-17
  0.9924690000000E+15   0.1232560429000E-17
  0.1139540000000E+16   0.9149328821241E-18
  0.1308400000000E+16   0.6147354478731E-18
  0.1502290000000E+16   0.3670533624372E-18
  0.1724910000000E+16   0.1911120408379E-18
  0.1980520000000E+16   0.8479552235632E-19
  0.2274010000000E+16   0.3138594718199E-19
  0.2610990000000E+16   0.9428840500791E-20
  0.2997900000000E+16   0.2228990882180E-20
