mstar = 2 Msun, Rstar = 2.5 Rsun, Tstar = 10000, mdisk = 0.0010073 Msun, Rc = 150 AU, Rin = 0.5 AU, Rout = 250 AU, inclination = 45 degree, powerlaw = -1 
         130
  
  0.2997900000000E+11   0.1559442374490E-23
  0.3951060000000E+11   0.3543240623891E-23
  0.5207280000000E+11   0.8050415332688E-23
  0.6862910000000E+11   0.1827980441937E-22
  0.9044930000000E+11   0.4145594939171E-22
  0.1192070000000E+12   0.9383087868269E-22
  0.1571080000000E+12   0.2117705634925E-21
  0.2070600000000E+12   0.4760502760656E-21
  0.2728930000000E+12   0.1064311449135E-20
  0.3596580000000E+12   0.2575868900031E-20
  0.4740100000000E+12   0.7459188867349E-20
  0.6247180000000E+12   0.2133128710216E-19
  0.8233440000000E+12   0.5988049623170E-19
  0.1085120000000E+13   0.1641878615610E-18
  0.1430130000000E+13   0.4354173017118E-18
  0.1884830000000E+13   0.1104758492746E-17
  0.2484100000000E+13   0.2639395089747E-17
  0.3273910000000E+13   0.5784935325007E-17
  0.4314820000000E+13   0.1128876910170E-16
  0.5686700000000E+13   0.1865374345572E-16
  0.7494750000000E+13   0.2447969728395E-16
  0.7682960000000E+13   0.2475574750588E-16
  0.7875890000000E+13   0.2496725758284E-16
  0.8073670000000E+13   0.2510871140213E-16
  0.8276410000000E+13   0.2518143157882E-16
  0.8484250000000E+13   0.2519211910327E-16
  0.8697300000000E+13   0.2518530650329E-16
  0.8915700000000E+13   0.2510594629571E-16
  0.9139590000000E+13   0.2502113538134E-16
  0.9369100000000E+13   0.2487603737985E-16
  0.9604380000000E+13   0.2469686007858E-16
  0.9845560000000E+13   0.2448249510710E-16
  0.1009280000000E+14   0.2420454956473E-16
  0.1034620000000E+14   0.2388822443400E-16
  0.1060610000000E+14   0.2351080332210E-16
  0.1087240000000E+14   0.2313186958222E-16
  0.1114540000000E+14   0.2270727385558E-16
  0.1142530000000E+14   0.2226350463524E-16
  0.1171220000000E+14   0.2179842064255E-16
  0.1200630000000E+14   0.2129863668231E-16
  0.1230780000000E+14   0.2078390829127E-16
  0.1261690000000E+14   0.2024048613463E-16
  0.1293370000000E+14   0.1972877466732E-16
  0.1325850000000E+14   0.1920107501202E-16
  0.1359150000000E+14   0.1868072026278E-16
  0.1393280000000E+14   0.1816364837329E-16
  0.1428260000000E+14   0.1765287832297E-16
  0.1464130000000E+14   0.1718304510549E-16
  0.1500900000000E+14   0.1670525959543E-16
  0.1538590000000E+14   0.1615049363197E-16
  0.1577220000000E+14   0.1559725150443E-16
  0.1616830000000E+14   0.1482157933491E-16
  0.1657430000000E+14   0.1394017816575E-16
  0.1699050000000E+14   0.1301711080509E-16
  0.1741720000000E+14   0.1193127526455E-16
  0.1785460000000E+14   0.1091343807436E-16
  0.1830290000000E+14   0.9862920332626E-17
  0.1876260000000E+14   0.8879585608018E-17
  0.1923370000000E+14   0.7999733582719E-17
  0.1971670000000E+14   0.7200110124645E-17
  0.2021180000000E+14   0.6500356019608E-17
  0.2071940000000E+14   0.5940135130285E-17
  0.2123970000000E+14   0.5426889385876E-17
  0.2177310000000E+14   0.5308919857438E-17
  0.2231980000000E+14   0.5188385419047E-17
  0.2288030000000E+14   0.5185727123039E-17
  0.2345490000000E+14   0.5217665680284E-17
  0.2404390000000E+14   0.5268403809565E-17
  0.2464770000000E+14   0.5359274872447E-17
  0.2526660000000E+14   0.5429864964482E-17
  0.2590110000000E+14   0.5524129799010E-17
  0.2655150000000E+14   0.5594597566301E-17
  0.2721830000000E+14   0.5727165818528E-17
  0.2790180000000E+14   0.5861097299351E-17
  0.2860240000000E+14   0.5938397518009E-17
  0.2932070000000E+14   0.5953502873636E-17
  0.3005700000000E+14   0.5945557606928E-17
  0.3081180000000E+14   0.5817980193742E-17
  0.3158550000000E+14   0.5695463197965E-17
  0.3237870000000E+14   0.5128393602339E-17
  0.3319170000000E+14   0.4463319711165E-17
  0.3402530000000E+14   0.3851299983569E-17
  0.3487970000000E+14   0.3287795436160E-17
  0.3575560000000E+14   0.2761267583209E-17
  0.3665350000000E+14   0.2287671155697E-17
  0.3757390000000E+14   0.1828517688253E-17
  0.3851740000000E+14   0.1549400673362E-17
  0.3948470000000E+14   0.1318906536604E-17
  0.4047620000000E+14   0.1166603680103E-17
  0.4149260000000E+14   0.1112652029247E-17
  0.4253460000000E+14   0.1065581150644E-17
  0.4360270000000E+14   0.1053482506297E-17
  0.4469770000000E+14   0.1043048994358E-17
  0.4582010000000E+14   0.1034520974150E-17
  0.4697070000000E+14   0.1027339828932E-17
  0.4815020000000E+14   0.1020103605156E-17
  0.4935940000000E+14   0.1012658578152E-17
  0.5059890000000E+14   0.1006102817585E-17
  0.5186950000000E+14   0.1000978463665E-17
  0.5317200000000E+14   0.9962562448888E-18
  0.5450730000000E+14   0.9935599864439E-18
  0.6258450000000E+14   0.9915571772912E-18
  0.7185870000000E+14   0.9996460043781E-18
  0.8250720000000E+14   0.9989241264137E-18
  0.9473370000000E+14   0.9865687062404E-18
  0.1087720000000E+15   0.9691052736165E-18
  0.1248910000000E+15   0.9555894414382E-18
  0.1433980000000E+15   0.9532350475838E-18
  0.1646470000000E+15   0.9689336956304E-18
  0.1890460000000E+15   0.1009638097995E-17
  0.2170600000000E+15   0.1076712094164E-17
  0.2492250000000E+15   0.1171738620746E-17
  0.2861570000000E+15   0.1293277023905E-17
  0.3285620000000E+15   0.1435068499640E-17
  0.3772500000000E+15   0.1586173415830E-17
  0.4331540000000E+15   0.1729229114295E-17
  0.4973410000000E+15   0.1840481066438E-17
  0.5710410000000E+15   0.1893231074421E-17
  0.6556610000000E+15   0.1864029284607E-17
  0.7528220000000E+15   0.1739360251802E-17
  0.8643800000000E+15   0.1522780987094E-17
  0.9924690000000E+15   0.1237037057593E-17
  0.1139540000000E+16   0.9195248692456E-18
  0.1308400000000E+16   0.6176288866145E-18
  0.1502290000000E+16   0.3684804263318E-18
  0.1724910000000E+16   0.1916687450059E-18
  0.1980520000000E+16   0.8505622843604E-19
  0.2274010000000E+16   0.3148021252935E-19
  0.2610990000000E+16   0.9456635658596E-20
  0.2997900000000E+16   0.2235468147495E-20
