mstar = 2 Msun, Rstar = 2.5 Rsun, Tstar = 10000, mdisk = 0.0064419 Msun, Rc = 150 AU, Rin = 0.5 AU, Rout = 250 AU, inclination = 45 degree, powerlaw = -1 
         130
  
  0.2997900000000E+11   0.8241354675821E-23
  0.3951060000000E+11   0.1877690140663E-22
  0.5207280000000E+11   0.4273514653302E-22
  0.6862910000000E+11   0.9711453511417E-22
  0.9044930000000E+11   0.2202269337011E-21
  0.1192070000000E+12   0.4979885826593E-21
  0.1571080000000E+12   0.1121791413021E-20
  0.2070600000000E+12   0.2514109281432E-20
  0.2728930000000E+12   0.5596083994349E-20
  0.3596580000000E+12   0.1345902853051E-19
  0.4740100000000E+12   0.3860951476261E-19
  0.6247180000000E+12   0.1088970738234E-18
  0.8233440000000E+12   0.2995596821075E-18
  0.1085120000000E+13   0.7970705226194E-18
  0.1430130000000E+13   0.2020484452302E-17
  0.1884830000000E+13   0.4784883157682E-17
  0.2484100000000E+13   0.1027564514985E-16
  0.3273910000000E+13   0.1910925176350E-16
  0.4314820000000E+13   0.2914067401533E-16
  0.5686700000000E+13   0.3454832172111E-16
  0.7494750000000E+13   0.3241281308779E-16
  0.7682960000000E+13   0.3198085433756E-16
  0.7875890000000E+13   0.3152087663811E-16
  0.8073670000000E+13   0.3103329196501E-16
  0.8276410000000E+13   0.3052290387892E-16
  0.8484250000000E+13   0.2999794201542E-16
  0.8697300000000E+13   0.2949829877238E-16
  0.8915700000000E+13   0.2898001724973E-16
  0.9139590000000E+13   0.2850281148863E-16
  0.9369100000000E+13   0.2801998490508E-16
  0.9604380000000E+13   0.2755524623945E-16
  0.9845560000000E+13   0.2710763751626E-16
  0.1009280000000E+14   0.2664740136792E-16
  0.1034620000000E+14   0.2619638002911E-16
  0.1060610000000E+14   0.2572662171906E-16
  0.1087240000000E+14   0.2529862206639E-16
  0.1114540000000E+14   0.2485998481845E-16
  0.1142530000000E+14   0.2443574762934E-16
  0.1171220000000E+14   0.2401851434906E-16
  0.1200630000000E+14   0.2358564267028E-16
  0.1230780000000E+14   0.2315526475610E-16
  0.1261690000000E+14   0.2270313632597E-16
  0.1293370000000E+14   0.2230358807729E-16
  0.1325850000000E+14   0.2188821734090E-16
  0.1359150000000E+14   0.2148325130781E-16
  0.1393280000000E+14   0.2107817473452E-16
  0.1428260000000E+14   0.2067274738804E-16
  0.1464130000000E+14   0.2031247374068E-16
  0.1500900000000E+14   0.1992478756878E-16
  0.1538590000000E+14   0.1940924838446E-16
  0.1577220000000E+14   0.1887633329634E-16
  0.1616830000000E+14   0.1801054974304E-16
  0.1657430000000E+14   0.1697916439245E-16
  0.1699050000000E+14   0.1587407340610E-16
  0.1741720000000E+14   0.1452625594591E-16
  0.1785460000000E+14   0.1326082603138E-16
  0.1830290000000E+14   0.1193676512402E-16
  0.1876260000000E+14   0.1069556050810E-16
  0.1923370000000E+14   0.9589287440004E-17
  0.1971670000000E+14   0.8586311944412E-17
  0.2021180000000E+14   0.7715151388587E-17
  0.2071940000000E+14   0.7032038304157E-17
  0.2123970000000E+14   0.6406868742381E-17
  0.2177310000000E+14   0.6327223420550E-17
  0.2231980000000E+14   0.6234214198114E-17
  0.2288030000000E+14   0.6293934691265E-17
  0.2345490000000E+14   0.6387689201452E-17
  0.2404390000000E+14   0.6492649575937E-17
  0.2464770000000E+14   0.6636905606843E-17
  0.2526660000000E+14   0.6741252739576E-17
  0.2590110000000E+14   0.6865475323938E-17
  0.2655150000000E+14   0.6949788407726E-17
  0.2721830000000E+14   0.7105650437919E-17
  0.2790180000000E+14   0.7256202118956E-17
  0.2860240000000E+14   0.7330686915338E-17
  0.2932070000000E+14   0.7324663480196E-17
  0.3005700000000E+14   0.7288096727944E-17
  0.3081180000000E+14   0.7102847563081E-17
  0.3158550000000E+14   0.6923669248604E-17
  0.3237870000000E+14   0.6200250674207E-17
  0.3319170000000E+14   0.5359597048615E-17
  0.3402530000000E+14   0.4586317098994E-17
  0.3487970000000E+14   0.3875243310029E-17
  0.3575560000000E+14   0.3212869600146E-17
  0.3665350000000E+14   0.2619341314583E-17
  0.3757390000000E+14   0.2048228556829E-17
  0.3851740000000E+14   0.1701773666061E-17
  0.3948470000000E+14   0.1421124141155E-17
  0.4047620000000E+14   0.1242394218090E-17
  0.4149260000000E+14   0.1180188467813E-17
  0.4253460000000E+14   0.1128000302178E-17
  0.4360270000000E+14   0.1113057047868E-17
  0.4469770000000E+14   0.1100384502320E-17
  0.4582010000000E+14   0.1090184264800E-17
  0.4697070000000E+14   0.1081864759268E-17
  0.4815020000000E+14   0.1074055114103E-17
  0.4935940000000E+14   0.1066612733669E-17
  0.5059890000000E+14   0.1060531866347E-17
  0.5186950000000E+14   0.1056228190605E-17
  0.5317200000000E+14   0.1052704776374E-17
  0.5450730000000E+14   0.1051324576692E-17
  0.6258450000000E+14   0.1058560514529E-17
  0.7185870000000E+14   0.1075229207646E-17
  0.8250720000000E+14   0.1080007490134E-17
  0.9473370000000E+14   0.1067563524471E-17
  0.1087720000000E+15   0.1042918037256E-17
  0.1248910000000E+15   0.1015920966776E-17
  0.1433980000000E+15   0.9962899459959E-18
  0.1646470000000E+15   0.9941815143442E-18
  0.1890460000000E+15   0.1019548697251E-17
  0.2170600000000E+15   0.1075389726552E-17
  0.2492250000000E+15   0.1163824388924E-17
  0.2861570000000E+15   0.1282902523152E-17
  0.3285620000000E+15   0.1425343401887E-17
  0.3772500000000E+15   0.1578757549917E-17
  0.4331540000000E+15   0.1724271274802E-17
  0.4973410000000E+15   0.1837141184302E-17
  0.5710410000000E+15   0.1890324167564E-17
  0.6556610000000E+15   0.1860534719545E-17
  0.7528220000000E+15   0.1734373071026E-17
  0.8643800000000E+15   0.1516738646775E-17
  0.9924690000000E+15   0.1231496386913E-17
  0.1139540000000E+16   0.9138422762545E-18
  0.1308400000000E+16   0.6140481144275E-18
  0.1502290000000E+16   0.3667141934484E-18
  0.1724910000000E+16   0.1909796498048E-18
  0.1980520000000E+16   0.8473352945910E-19
  0.2274010000000E+16   0.3136353098607E-19
  0.2610990000000E+16   0.9422230616150E-20
  0.2997900000000E+16   0.2227450502864E-20
