mstar = 2 Msun, Rstar = 2.5 Rsun, Tstar = 10000, mdisk = 0.0032377 Msun, Rc = 150 AU, Rin = 0.5 AU, Rout = 250 AU, inclination = 45 degree, powerlaw = -1 
         130
  
  0.2997900000000E+11   0.4436887277523E-23
  0.3951060000000E+11   0.1010481076318E-22
  0.5207280000000E+11   0.2299453354790E-22
  0.6862910000000E+11   0.5225948854422E-22
  0.9044930000000E+11   0.1185504500155E-21
  0.1192070000000E+12   0.2682422186048E-21
  0.1571080000000E+12   0.6048403705392E-21
  0.2070600000000E+12   0.1357422022950E-20
  0.2728930000000E+12   0.3027255971285E-20
  0.3596580000000E+12   0.7300637265271E-20
  0.4740100000000E+12   0.2103081560513E-19
  0.6247180000000E+12   0.5968333915759E-19
  0.8233440000000E+12   0.1656927347593E-18
  0.1085120000000E+13   0.4470364268750E-18
  0.1430130000000E+13   0.1157601016452E-17
  0.1884830000000E+13   0.2834005410460E-17
  0.2484100000000E+13   0.6411520070748E-17
  0.3273910000000E+13   0.1292082886950E-16
  0.4314820000000E+13   0.2215755265077E-16
  0.5686700000000E+13   0.3031514106030E-16
  0.7494750000000E+13   0.3154616877300E-16
  0.7682960000000E+13   0.3125519045633E-16
  0.7875890000000E+13   0.3090164981812E-16
  0.8073670000000E+13   0.3048763105421E-16
  0.8276410000000E+13   0.3002060969359E-16
  0.8484250000000E+13   0.2951175498270E-16
  0.8697300000000E+13   0.2900210085405E-16
  0.8915700000000E+13   0.2845221962121E-16
  0.9139590000000E+13   0.2792082867776E-16
  0.9369100000000E+13   0.2736798139200E-16
  0.9604380000000E+13   0.2681880017876E-16
  0.9845560000000E+13   0.2627588121253E-16
  0.1009280000000E+14   0.2571708466740E-16
  0.1034620000000E+14   0.2516502498439E-16
  0.1060610000000E+14   0.2459878736501E-16
  0.1087240000000E+14   0.2407293877376E-16
  0.1114540000000E+14   0.2354486923303E-16
  0.1142530000000E+14   0.2303770077943E-16
  0.1171220000000E+14   0.2254650257172E-16
  0.1200630000000E+14   0.2205250499811E-16
  0.1230780000000E+14   0.2157161638191E-16
  0.1261690000000E+14   0.2108260057805E-16
  0.1293370000000E+14   0.2065028176270E-16
  0.1325850000000E+14   0.2021422793353E-16
  0.1359150000000E+14   0.1979678063457E-16
  0.1393280000000E+14   0.1938779300520E-16
  0.1428260000000E+14   0.1898607523810E-16
  0.1464130000000E+14   0.1863176380573E-16
  0.1500900000000E+14   0.1825855640509E-16
  0.1538590000000E+14   0.1777396214550E-16
  0.1577220000000E+14   0.1727701764510E-16
  0.1616830000000E+14   0.1647923346558E-16
  0.1657430000000E+14   0.1553189774583E-16
  0.1699050000000E+14   0.1451841645964E-16
  0.1741720000000E+14   0.1328441351588E-16
  0.1785460000000E+14   0.1212654418693E-16
  0.1830290000000E+14   0.1091626884890E-16
  0.1876260000000E+14   0.9782554798445E-17
  0.1923370000000E+14   0.8772690499515E-17
  0.1971670000000E+14   0.7857715166616E-17
  0.2021180000000E+14   0.7063167704216E-17
  0.2071940000000E+14   0.6439316202899E-17
  0.2123970000000E+14   0.5868495344520E-17
  0.2177310000000E+14   0.5791292055174E-17
  0.2231980000000E+14   0.5704218692318E-17
  0.2288030000000E+14   0.5758266984533E-17
  0.2345490000000E+14   0.5845771264333E-17
  0.2404390000000E+14   0.5945439969022E-17
  0.2464770000000E+14   0.6082745682221E-17
  0.2526660000000E+14   0.6184480672154E-17
  0.2590110000000E+14   0.6305198603939E-17
  0.2655150000000E+14   0.6389764985211E-17
  0.2721830000000E+14   0.6540765573161E-17
  0.2790180000000E+14   0.6687425943890E-17
  0.2860240000000E+14   0.6764248912181E-17
  0.2932070000000E+14   0.6766727220604E-17
  0.3005700000000E+14   0.6741022293254E-17
  0.3081180000000E+14   0.6577506606415E-17
  0.3158550000000E+14   0.6419641341878E-17
  0.3237870000000E+14   0.5756054458734E-17
  0.3319170000000E+14   0.4982926209223E-17
  0.3402530000000E+14   0.4272279002536E-17
  0.3487970000000E+14   0.3618674393108E-17
  0.3575560000000E+14   0.3009477443816E-17
  0.3665350000000E+14   0.2463502996063E-17
  0.3757390000000E+14   0.1936691777422E-17
  0.3851740000000E+14   0.1618321245573E-17
  0.3948470000000E+14   0.1359616440621E-17
  0.4047620000000E+14   0.1193817256858E-17
  0.4149260000000E+14   0.1137198962072E-17
  0.4253460000000E+14   0.1089338252716E-17
  0.4360270000000E+14   0.1077189679573E-17
  0.4469770000000E+14   0.1066957780693E-17
  0.4582010000000E+14   0.1058855666157E-17
  0.4697070000000E+14   0.1052317708167E-17
  0.4815020000000E+14   0.1045983922623E-17
  0.4935940000000E+14   0.1039710491920E-17
  0.5059890000000E+14   0.1034520516392E-17
  0.5186950000000E+14   0.1030876548512E-17
  0.5317200000000E+14   0.1027785993354E-17
  0.5450730000000E+14   0.1026698924580E-17
  0.6258450000000E+14   0.1033645710553E-17
  0.7185870000000E+14   0.1048897746106E-17
  0.8250720000000E+14   0.1052465469622E-17
  0.9473370000000E+14   0.1040111736442E-17
  0.1087720000000E+15   0.1017649600165E-17
  0.1248910000000E+15   0.9949867001503E-18
  0.1433980000000E+15   0.9813192787965E-18
  0.1646470000000E+15   0.9858590021348E-18
  0.1890460000000E+15   0.1017338048643E-17
  0.2170600000000E+15   0.1077702042512E-17
  0.2492250000000E+15   0.1168528268181E-17
  0.2861570000000E+15   0.1288209775296E-17
  0.3285620000000E+15   0.1430118655581E-17
  0.3772500000000E+15   0.1582390290803E-17
  0.4331540000000E+15   0.1726654795278E-17
  0.4973410000000E+15   0.1838668826759E-17
  0.5710410000000E+15   0.1891617365559E-17
  0.6556610000000E+15   0.1862101947384E-17
  0.7528220000000E+15   0.1736628246244E-17
  0.8643800000000E+15   0.1519476440166E-17
  0.9924690000000E+15   0.1234007307373E-17
  0.1139540000000E+16   0.9164164153383E-18
  0.1308400000000E+16   0.6156703333778E-18
  0.1502290000000E+16   0.3675145818402E-18
  0.1724910000000E+16   0.1912920238244E-18
  0.1980520000000E+16   0.8487980428567E-19
  0.2274010000000E+16   0.3141642232835E-19
  0.2610990000000E+16   0.9437826595886E-20
  0.2997900000000E+16   0.2231084993203E-20
