         130
  
  0.2997900000000E+11   0.7143998032371E-24
  0.3951060000000E+11   0.1615526532568E-23
  0.5207280000000E+11   0.3657823655521E-23
  0.6862910000000E+11   0.8285444665015E-23
  0.9044930000000E+11   0.1876063366636E-22
  0.1192070000000E+12   0.4242803305907E-22
  0.1571080000000E+12   0.9574735620115E-22
  0.2070600000000E+12   0.2153658367517E-21
  0.2728930000000E+12   0.4821581860802E-21
  0.3596580000000E+12   0.1169414008247E-20
  0.4740100000000E+12   0.3397173641267E-20
  0.6247180000000E+12   0.9762992700324E-20
  0.8233440000000E+12   0.2760247643188E-19
  0.1085120000000E+13   0.7645391087568E-19
  0.1430130000000E+13   0.2056818616322E-18
  0.1884830000000E+13   0.5326574121054E-18
  0.2484100000000E+13   0.1310639790639E-17
  0.3273910000000E+13   0.2998057241994E-17
  0.4314820000000E+13   0.6228294196906E-17
  0.5686700000000E+13   0.1127819382573E-16
  0.7494750000000E+13   0.1683440358642E-16
  0.7682960000000E+13   0.1725420766453E-16
  0.7875890000000E+13   0.1763987307451E-16
  0.8073670000000E+13   0.1798487168795E-16
  0.8276410000000E+13   0.1828810970067E-16
  0.8484250000000E+13   0.1855327125514E-16
  0.8697300000000E+13   0.1881952359522E-16
  0.8915700000000E+13   0.1903457527112E-16
  0.9139590000000E+13   0.1926027577335E-16
  0.9369100000000E+13   0.1944240041238E-16
  0.9604380000000E+13   0.1960417764331E-16
  0.9845560000000E+13   0.1974225850017E-16
  0.1009280000000E+14   0.1982377668354E-16
  0.1034620000000E+14   0.1987104135817E-16
  0.1060610000000E+14   0.1985553254805E-16
  0.1087240000000E+14   0.1983826566107E-16
  0.1114540000000E+14   0.1976675815054E-16
  0.1142530000000E+14   0.1966654265909E-16
  0.1171220000000E+14   0.1953103850460E-16
  0.1200630000000E+14   0.1934059816164E-16
  0.1230780000000E+14   0.1911425334372E-16
  0.1261690000000E+14   0.1883271602667E-16
  0.1293370000000E+14   0.1856305547033E-16
  0.1325850000000E+14   0.1824755198301E-16
  0.1359150000000E+14   0.1791115573463E-16
  0.1393280000000E+14   0.1754789651949E-16
  0.1428260000000E+14   0.1716079572267E-16
  0.1464130000000E+14   0.1678695127194E-16
  0.1500900000000E+14   0.1637465213429E-16
  0.1538590000000E+14   0.1585828648872E-16
  0.1577220000000E+14   0.1532375771739E-16
  0.1616830000000E+14   0.1456018386376E-16
  0.1657430000000E+14   0.1369149496775E-16
  0.1699050000000E+14   0.1278310927139E-16
  0.1741720000000E+14   0.1172191359559E-16
  0.1785460000000E+14   0.1072658265237E-16
  0.1830290000000E+14   0.9699878491356E-17
  0.1876260000000E+14   0.8736149679997E-17
  0.1923370000000E+14   0.7871052636394E-17
  0.1971670000000E+14   0.7082475402789E-17
  0.2021180000000E+14   0.6391163015475E-17
  0.2071940000000E+14   0.5839579935886E-17
  0.2123970000000E+14   0.5334104137469E-17
  0.2177310000000E+14   0.5229905822579E-17
  0.2231980000000E+14   0.5112216736484E-17
  0.2288030000000E+14   0.5095694242830E-17
  0.2345490000000E+14   0.5096823559161E-17
  0.2404390000000E+14   0.5103475688678E-17
  0.2464770000000E+14   0.5137237051295E-17
  0.2526660000000E+14   0.5151242035704E-17
  0.2590110000000E+14   0.5186252366787E-17
  0.2655150000000E+14   0.5205915527937E-17
  0.2721830000000E+14   0.5283107472684E-17
  0.2790180000000E+14   0.5369171856699E-17
  0.2860240000000E+14   0.5415801211730E-17
  0.2932070000000E+14   0.5416836528749E-17
  0.3005700000000E+14   0.5403812817791E-17
  0.3081180000000E+14   0.5292302285116E-17
  0.3158550000000E+14   0.5187854092758E-17
  0.3237870000000E+14   0.4698777267316E-17
  0.3319170000000E+14   0.4123828374728E-17
  0.3402530000000E+14   0.3593623134497E-17
  0.3487970000000E+14   0.3104119395373E-17
  0.3575560000000E+14   0.2645173466068E-17
  0.3665350000000E+14   0.2229912393764E-17
  0.3757390000000E+14   0.1820624661205E-17
  0.3851740000000E+14   0.1559945489095E-17
  0.3948470000000E+14   0.1324455372360E-17
  0.4047620000000E+14   0.1146273582277E-17
  0.4149260000000E+14   0.1080410077631E-17
  0.4253460000000E+14   0.1020603541365E-17
  0.4360270000000E+14   0.1008247276061E-17
  0.4469770000000E+14   0.9973073487320E-18
  0.4582010000000E+14   0.9882614878048E-18
  0.4697070000000E+14   0.9804236974734E-18
  0.4815020000000E+14   0.9719194688222E-18
  0.4935940000000E+14   0.9626352519401E-18
  0.5059890000000E+14   0.9542271531078E-18
  0.5186950000000E+14   0.9475797490806E-18
  0.5317200000000E+14   0.9412887162477E-18
  0.5450730000000E+14   0.9377528615900E-18
  0.6258450000000E+14   0.9359095128175E-18
  0.7185870000000E+14   0.9498405108560E-18
  0.8250720000000E+14   0.9554353006411E-18
  0.9473370000000E+14   0.9495025461724E-18
  0.1087720000000E+15   0.9389663943804E-18
  0.1248910000000E+15   0.9324803190161E-18
  0.1433980000000E+15   0.9368461159536E-18
  0.1646470000000E+15   0.9586231209828E-18
  0.1890460000000E+15   0.1004250860585E-17
  0.2170600000000E+15   0.1074604939908E-17
  0.2492250000000E+15   0.1171191524406E-17
  0.2861570000000E+15   0.1293275074351E-17
  0.3285620000000E+15   0.1435378903976E-17
  0.3772500000000E+15   0.1586701536764E-17
  0.4331540000000E+15   0.1729776520991E-17
  0.4973410000000E+15   0.1841011630801E-17
  0.5710410000000E+15   0.1893853129690E-17
  0.6556610000000E+15   0.1864871702628E-17
  0.7528220000000E+15   0.1740592715907E-17
  0.8643800000000E+15   0.1524279205298E-17
  0.9924690000000E+15   0.1238411597062E-17
  0.1139540000000E+16   0.9209361412311E-18
  0.1308400000000E+16   0.6185179585859E-18
  0.1502290000000E+16   0.3689186894024E-18
  0.1724910000000E+16   0.1918396050150E-18
  0.1980520000000E+16   0.8513625105965E-19
  0.2274010000000E+16   0.3150914553809E-19
  0.2610990000000E+16   0.9465166560889E-20
  0.2997900000000E+16   0.2237456098351E-20
