         130
  
  0.2997900000000E+11   0.4018963038859E-23
  0.3951060000000E+11   0.9151914051595E-23
  0.5207280000000E+11   0.2082463745393E-22
  0.6862910000000E+11   0.4732665846326E-22
  0.9044930000000E+11   0.1073617762125E-21
  0.1192070000000E+12   0.2429394110074E-21
  0.1571080000000E+12   0.5478437056133E-21
  0.2070600000000E+12   0.1229703631521E-20
  0.2728930000000E+12   0.2743057982838E-20
  0.3596580000000E+12   0.6617435995077E-20
  0.4740100000000E+12   0.1907226767216E-19
  0.6247180000000E+12   0.5416522146805E-19
  0.8233440000000E+12   0.1505385675532E-18
  0.1085120000000E+13   0.4068207440437E-18
  0.1430130000000E+13   0.1056124059748E-17
  0.1884830000000E+13   0.2595770572348E-17
  0.2484100000000E+13   0.5909287839999E-17
  0.3273910000000E+13   0.1202693123115E-16
  0.4314820000000E+13   0.2094291153585E-16
  0.5686700000000E+13   0.2927450584823E-16
  0.7494750000000E+13   0.3114988779912E-16
  0.7682960000000E+13   0.3091148304952E-16
  0.7875890000000E+13   0.3060614755586E-16
  0.8073670000000E+13   0.3023542971306E-16
  0.8276410000000E+13   0.2980655265322E-16
  0.8484250000000E+13   0.2933062120589E-16
  0.8697300000000E+13   0.2884908444768E-16
  0.8915700000000E+13   0.2832173000412E-16
  0.9139590000000E+13   0.2780784434628E-16
  0.9369100000000E+13   0.2726712991864E-16
  0.9604380000000E+13   0.2672504206512E-16
  0.9845560000000E+13   0.2618441835892E-16
  0.1009280000000E+14   0.2562377837762E-16
  0.1034620000000E+14   0.2506621027079E-16
  0.1060610000000E+14   0.2449177200235E-16
  0.1087240000000E+14   0.2395482283798E-16
  0.1114540000000E+14   0.2341415337968E-16
  0.1142530000000E+14   0.2289310438653E-16
  0.1171220000000E+14   0.2238747064277E-16
  0.1200630000000E+14   0.2187952085170E-16
  0.1230780000000E+14   0.2138526061458E-16
  0.1261690000000E+14   0.2088432748254E-16
  0.1293370000000E+14   0.2044030310263E-16
  0.1325850000000E+14   0.1999439213854E-16
  0.1359150000000E+14   0.1956854812920E-16
  0.1393280000000E+14   0.1915289999497E-16
  0.1428260000000E+14   0.1874627243235E-16
  0.1464130000000E+14   0.1838793696928E-16
  0.1500900000000E+14   0.1801270808019E-16
  0.1538590000000E+14   0.1752943052978E-16
  0.1577220000000E+14   0.1703514545426E-16
  0.1616830000000E+14   0.1624564602358E-16
  0.1657430000000E+14   0.1530955683889E-16
  0.1699050000000E+14   0.1430890188046E-16
  0.1741720000000E+14   0.1309179775361E-16
  0.1785460000000E+14   0.1195028423652E-16
  0.1830290000000E+14   0.1075804815533E-16
  0.1876260000000E+14   0.9641916103376E-17
  0.1923370000000E+14   0.8648214883224E-17
  0.1971670000000E+14   0.7748280257663E-17
  0.2021180000000E+14   0.6966936836562E-17
  0.2071940000000E+14   0.6353190422008E-17
  0.2123970000000E+14   0.5791741414401E-17
  0.2177310000000E+14   0.5713737926786E-17
  0.2231980000000E+14   0.5626767094171E-17
  0.2288030000000E+14   0.5678912124959E-17
  0.2345490000000E+14   0.5764569276131E-17
  0.2404390000000E+14   0.5862676524120E-17
  0.2464770000000E+14   0.5998257320824E-17
  0.2526660000000E+14   0.6099109016796E-17
  0.2590110000000E+14   0.6218846694941E-17
  0.2655150000000E+14   0.6303163196143E-17
  0.2721830000000E+14   0.6453154113956E-17
  0.2790180000000E+14   0.6599022342728E-17
  0.2860240000000E+14   0.6675958268014E-17
  0.2932070000000E+14   0.6679628842979E-17
  0.3005700000000E+14   0.6655526099780E-17
  0.3081180000000E+14   0.6495535229123E-17
  0.3158550000000E+14   0.6341090008558E-17
  0.3237870000000E+14   0.5687820129760E-17
  0.3319170000000E+14   0.4926434962124E-17
  0.3402530000000E+14   0.4226433906344E-17
  0.3487970000000E+14   0.3582848489087E-17
  0.3575560000000E+14   0.2982785729994E-17
  0.3665350000000E+14   0.2444016324486E-17
  0.3757390000000E+14   0.1924333499766E-17
  0.3851740000000E+14   0.1610221737909E-17
  0.3948470000000E+14   0.1354808320711E-17
  0.4047620000000E+14   0.1190794804647E-17
  0.4149260000000E+14   0.1134323486021E-17
  0.4253460000000E+14   0.1086439480186E-17
  0.4360270000000E+14   0.1073812021998E-17
  0.4469770000000E+14   0.1063084785163E-17
  0.4582010000000E+14   0.1054472280663E-17
  0.4697070000000E+14   0.1047417576830E-17
  0.4815020000000E+14   0.1040574069369E-17
  0.4935940000000E+14   0.1033798837039E-17
  0.5059890000000E+14   0.1028109499887E-17
  0.5186950000000E+14   0.1023967394423E-17
  0.5317200000000E+14   0.1020390267840E-17
  0.5450730000000E+14   0.1018823425661E-17
  0.6258450000000E+14   0.1023434843806E-17
  0.7185870000000E+14   0.1037102926302E-17
  0.8250720000000E+14   0.1039951947523E-17
  0.9473370000000E+14   0.1027752242260E-17
  0.1087720000000E+15   0.1006235637440E-17
  0.1248910000000E+15   0.9850857924385E-18
  0.1433980000000E+15   0.9732334535554E-18
  0.1646470000000E+15   0.9796652343370E-18
  0.1890460000000E+15   0.1012945776543E-17
  0.2170600000000E+15   0.1074926919631E-17
  0.2492250000000E+15   0.1167023665849E-17
  0.2861570000000E+15   0.1287548568664E-17
  0.3285620000000E+15   0.1429938330130E-17
  0.3772500000000E+15   0.1582442265012E-17
  0.4331540000000E+15   0.1726791298082E-17
  0.4973410000000E+15   0.1838827992910E-17
  0.5710410000000E+15   0.1891806556683E-17
  0.6556610000000E+15   0.1862358154422E-17
  0.7528220000000E+15   0.1737004620151E-17
  0.8643800000000E+15   0.1519934554269E-17
  0.9924690000000E+15   0.1234427597905E-17
  0.1139540000000E+16   0.9168474917667E-18
  0.1308400000000E+16   0.6159419698963E-18
  0.1502290000000E+16   0.3676485690797E-18
  0.1724910000000E+16   0.1913442994509E-18
  0.1980520000000E+16   0.8490428459294E-19
  0.2274010000000E+16   0.3142527392814E-19
  0.2610990000000E+16   0.9440436604612E-20
  0.2997900000000E+16   0.2231693221831E-20
