         130
  
  0.2997900000000E+11   0.7922649031420E-24
  0.3951060000000E+11   0.1793179621391E-23
  0.5207280000000E+11   0.4062714483855E-23
  0.6862910000000E+11   0.9206927486932E-23
  0.9044930000000E+11   0.2085388186381E-22
  0.1192070000000E+12   0.4717125200968E-22
  0.1571080000000E+12   0.1064600378384E-21
  0.2070600000000E+12   0.2394551030557E-21
  0.2728930000000E+12   0.5360122624484E-21
  0.3596580000000E+12   0.1299714947331E-20
  0.4740100000000E+12   0.3774275638575E-20
  0.6247180000000E+12   0.1084001946159E-19
  0.8233440000000E+12   0.3061964818888E-19
  0.1085120000000E+13   0.8470146314585E-19
  0.1430130000000E+13   0.2274561881683E-18
  0.1884830000000E+13   0.5875405606003E-18
  0.2484100000000E+13   0.1440455915558E-17
  0.3273910000000E+13   0.3278127776982E-17
  0.4314820000000E+13   0.6760545112194E-17
  0.5686700000000E+13   0.1211569987937E-16
  0.7494750000000E+13   0.1782484192921E-16
  0.7682960000000E+13   0.1824149360550E-16
  0.7875890000000E+13   0.1862026440418E-16
  0.8073670000000E+13   0.1895450730902E-16
  0.8276410000000E+13   0.1924325692101E-16
  0.8484250000000E+13   0.1949048178273E-16
  0.8697300000000E+13   0.1973651937156E-16
  0.8915700000000E+13   0.1992771917578E-16
  0.9139590000000E+13   0.2012745791054E-16
  0.9369100000000E+13   0.2028035064092E-16
  0.9604380000000E+13   0.2041020685983E-16
  0.9845560000000E+13   0.2051370756380E-16
  0.1009280000000E+14   0.2055784329672E-16
  0.1034620000000E+14   0.2056547832061E-16
  0.1060610000000E+14   0.2050828700984E-16
  0.1087240000000E+14   0.2044779396836E-16
  0.1114540000000E+14   0.2033176701469E-16
  0.1142530000000E+14   0.2018610211699E-16
  0.1171220000000E+14   0.2000464531212E-16
  0.1200630000000E+14   0.1976844845575E-16
  0.1230780000000E+14   0.1949686448853E-16
  0.1261690000000E+14   0.1917143117985E-16
  0.1293370000000E+14   0.1885859534333E-16
  0.1325850000000E+14   0.1850206469033E-16
  0.1359150000000E+14   0.1812681741230E-16
  0.1393280000000E+14   0.1772747890901E-16
  0.1428260000000E+14   0.1730742851075E-16
  0.1464130000000E+14   0.1690334257068E-16
  0.1500900000000E+14   0.1646495631776E-16
  0.1538590000000E+14   0.1592793845086E-16
  0.1577220000000E+14   0.1537640334565E-16
  0.1616830000000E+14   0.1460207930857E-16
  0.1657430000000E+14   0.1372602485206E-16
  0.1699050000000E+14   0.1281227883324E-16
  0.1741720000000E+14   0.1174877468075E-16
  0.1785460000000E+14   0.1075149298495E-16
  0.1830290000000E+14   0.9724495246335E-17
  0.1876260000000E+14   0.8760928177835E-17
  0.1923370000000E+14   0.7895866383109E-17
  0.1971670000000E+14   0.7107385506103E-17
  0.2021180000000E+14   0.6415724561711E-17
  0.2071940000000E+14   0.5862322715992E-17
  0.2123970000000E+14   0.5355184989517E-17
  0.2177310000000E+14   0.5242793259728E-17
  0.2231980000000E+14   0.5118894005875E-17
  0.2288030000000E+14   0.5097063682095E-17
  0.2345490000000E+14   0.5095661812861E-17
  0.2404390000000E+14   0.5102740748751E-17
  0.2464770000000E+14   0.5139916039273E-17
  0.2526660000000E+14   0.5159213866397E-17
  0.2590110000000E+14   0.5201265837616E-17
  0.2655150000000E+14   0.5228226418752E-17
  0.2721830000000E+14   0.5314136500609E-17
  0.2790180000000E+14   0.5408600377881E-17
  0.2860240000000E+14   0.5461677102546E-17
  0.2932070000000E+14   0.5466975320205E-17
  0.3005700000000E+14   0.5456900027175E-17
  0.3081180000000E+14   0.5345179201107E-17
  0.3158550000000E+14   0.5240073428627E-17
  0.3237870000000E+14   0.4741546736811E-17
  0.3319170000000E+14   0.4155290775575E-17
  0.3402530000000E+14   0.3614703215814E-17
  0.3487970000000E+14   0.3115733702937E-17
  0.3575560000000E+14   0.2648247896116E-17
  0.3665350000000E+14   0.2225970193542E-17
  0.3757390000000E+14   0.1811867933465E-17
  0.3851740000000E+14   0.1551326857189E-17
  0.3948470000000E+14   0.1320502790567E-17
  0.4047620000000E+14   0.1149147345480E-17
  0.4149260000000E+14   0.1085599057863E-17
  0.4253460000000E+14   0.1028004964746E-17
  0.4360270000000E+14   0.1015549178835E-17
  0.4469770000000E+14   0.1004553239809E-17
  0.4582010000000E+14   0.9954531211853E-18
  0.4697070000000E+14   0.9875846253136E-18
  0.4815020000000E+14   0.9791550556447E-18
  0.4935940000000E+14   0.9700426664507E-18
  0.5059890000000E+14   0.9618069998014E-18
  0.5186950000000E+14   0.9552752235462E-18
  0.5317200000000E+14   0.9491076100884E-18
  0.5450730000000E+14   0.9455741768163E-18
  0.6258450000000E+14   0.9429916851791E-18
  0.7185870000000E+14   0.9553762092996E-18
  0.8250720000000E+14   0.9596487606747E-18
  0.9473370000000E+14   0.9528081705034E-18
  0.1087720000000E+15   0.9416763933480E-18
  0.1248910000000E+15   0.9348243950416E-18
  0.1433980000000E+15   0.9389152580838E-18
  0.1646470000000E+15   0.9603502732300E-18
  0.1890460000000E+15   0.1005514232411E-17
  0.2170600000000E+15   0.1075364304625E-17
  0.2492250000000E+15   0.1171577975136E-17
  0.2861570000000E+15   0.1293471868587E-17
  0.3285620000000E+15   0.1435484312663E-17
  0.3772500000000E+15   0.1586731062457E-17
  0.4331540000000E+15   0.1729753354122E-17
  0.4973410000000E+15   0.1840965644401E-17
  0.5710410000000E+15   0.1893788403516E-17
  0.6556610000000E+15   0.1864779239890E-17
  0.7528220000000E+15   0.1740455615544E-17
  0.8643800000000E+15   0.1524112109584E-17
  0.9924690000000E+15   0.1238258234394E-17
  0.1139540000000E+16   0.9207786431447E-18
  0.1308400000000E+16   0.6184187417104E-18
  0.1502290000000E+16   0.3688697864012E-18
  0.1724910000000E+16   0.1918205423475E-18
  0.1980520000000E+16   0.8512732282588E-19
  0.2274010000000E+16   0.3150591747379E-19
  0.2610990000000E+16   0.9464214772781E-20
  0.2997900000000E+16   0.2237234305023E-20
