         130
  
  0.2997900000000E+11   0.2900032876071E-23
  0.3951060000000E+11   0.6600630036922E-23
  0.5207280000000E+11   0.1501482635170E-22
  0.6862910000000E+11   0.3411879466282E-22
  0.9044930000000E+11   0.7740239933895E-22
  0.1192070000000E+12   0.1751836233690E-21
  0.1571080000000E+12   0.3952071570313E-21
  0.2070600000000E+12   0.8876416781199E-21
  0.2728930000000E+12   0.1981804718139E-20
  0.3596580000000E+12   0.4786999820856E-20
  0.4740100000000E+12   0.1382236157713E-19
  0.6247180000000E+12   0.3936148067209E-19
  0.8233440000000E+12   0.1098232559002E-18
  0.1085120000000E+13   0.2984927397651E-18
  0.1430130000000E+13   0.7815133529120E-18
  0.1884830000000E+13   0.1945658988184E-17
  0.2484100000000E+13   0.4517641318033E-17
  0.3273910000000E+13   0.9479798541076E-17
  0.4314820000000E+13   0.1729944079339E-16
  0.5686700000000E+13   0.2585489049929E-16
  0.7494750000000E+13   0.2969144349544E-16
  0.7682960000000E+13   0.2964565536838E-16
  0.7875890000000E+13   0.2952394113154E-16
  0.8073670000000E+13   0.2932534109550E-16
  0.8276410000000E+13   0.2905541060657E-16
  0.8484250000000E+13   0.2872432851985E-16
  0.8697300000000E+13   0.2837534343985E-16
  0.8915700000000E+13   0.2796314286489E-16
  0.9139590000000E+13   0.2755013158465E-16
  0.9369100000000E+13   0.2709195760018E-16
  0.9604380000000E+13   0.2661499803521E-16
  0.9845560000000E+13   0.2612176004942E-16
  0.1009280000000E+14   0.2559076016035E-16
  0.1034620000000E+14   0.2504662059435E-16
  0.1060610000000E+14   0.2447113713850E-16
  0.1087240000000E+14   0.2391921092615E-16
  0.1114540000000E+14   0.2335240641112E-16
  0.1142530000000E+14   0.2279524539663E-16
  0.1171220000000E+14   0.2224579263451E-16
  0.1200630000000E+14   0.2168982110482E-16
  0.1230780000000E+14   0.2114442147732E-16
  0.1261690000000E+14   0.2059291044728E-16
  0.1293370000000E+14   0.2009514562863E-16
  0.1325850000000E+14   0.1959881338817E-16
  0.1359150000000E+14   0.1912516776958E-16
  0.1393280000000E+14   0.1866619267648E-16
  0.1428260000000E+14   0.1822146177140E-16
  0.1464130000000E+14   0.1782737549236E-16
  0.1500900000000E+14   0.1742444357649E-16
  0.1538590000000E+14   0.1692809354092E-16
  0.1577220000000E+14   0.1642694166154E-16
  0.1616830000000E+14   0.1565638921175E-16
  0.1657430000000E+14   0.1475262585485E-16
  0.1699050000000E+14   0.1379115568117E-16
  0.1741720000000E+14   0.1263035566662E-16
  0.1785460000000E+14   0.1154174220212E-16
  0.1830290000000E+14   0.1040788401817E-16
  0.1876260000000E+14   0.9346688602217E-17
  0.1923370000000E+14   0.8400963821474E-17
  0.1971670000000E+14   0.7543831690352E-17
  0.2021180000000E+14   0.6798053855842E-17
  0.2071940000000E+14   0.6208693987129E-17
  0.2123970000000E+14   0.5669126713241E-17
  0.2177310000000E+14   0.5578579371722E-17
  0.2231980000000E+14   0.5482565838945E-17
  0.2288030000000E+14   0.5519312825639E-17
  0.2345490000000E+14   0.5591091980300E-17
  0.2404390000000E+14   0.5677949331068E-17
  0.2464770000000E+14   0.5803320261415E-17
  0.2526660000000E+14   0.5898197722369E-17
  0.2590110000000E+14   0.6012947015699E-17
  0.2655150000000E+14   0.6095235950911E-17
  0.2721830000000E+14   0.6241548832032E-17
  0.2790180000000E+14   0.6384995761481E-17
  0.2860240000000E+14   0.6463208211887E-17
  0.2932070000000E+14   0.6471452849009E-17
  0.3005700000000E+14   0.6453362319473E-17
  0.3081180000000E+14   0.6304326676524E-17
  0.3158550000000E+14   0.6160628693934E-17
  0.3237870000000E+14   0.5534080213261E-17
  0.3319170000000E+14   0.4802000135954E-17
  0.3402530000000E+14   0.4128242731033E-17
  0.3487970000000E+14   0.3507719099698E-17
  0.3575560000000E+14   0.2928577385669E-17
  0.3665350000000E+14   0.2408611492044E-17
  0.3757390000000E+14   0.1907102589747E-17
  0.3851740000000E+14   0.1603484306073E-17
  0.3948470000000E+14   0.1355269428894E-17
  0.4047620000000E+14   0.1194719590304E-17
  0.4149260000000E+14   0.1138778562732E-17
  0.4253460000000E+14   0.1091042435260E-17
  0.4360270000000E+14   0.1078020553798E-17
  0.4469770000000E+14   0.1066898494300E-17
  0.4582010000000E+14   0.1057885707510E-17
  0.4697070000000E+14   0.1050426892702E-17
  0.4815020000000E+14   0.1043169359521E-17
  0.4935940000000E+14   0.1035960243691E-17
  0.5059890000000E+14   0.1029817687678E-17
  0.5186950000000E+14   0.1025212257391E-17
  0.5317200000000E+14   0.1021155561596E-17
  0.5450730000000E+14   0.1019114648089E-17
  0.6258450000000E+14   0.1021112119073E-17
  0.7185870000000E+14   0.1032362812854E-17
  0.8250720000000E+14   0.1033094430644E-17
  0.9473370000000E+14   0.1019472252947E-17
  0.1087720000000E+15   0.9976388822839E-18
  0.1248910000000E+15   0.9773818959307E-18
  0.1433980000000E+15   0.9674013529110E-18
  0.1646470000000E+15   0.9762339909919E-18
  0.1890460000000E+15   0.1011960809223E-17
  0.2170600000000E+15   0.1076021681047E-17
  0.2492250000000E+15   0.1169434881603E-17
  0.2861570000000E+15   0.1290302889883E-17
  0.3285620000000E+15   0.1432288927258E-17
  0.3772500000000E+15   0.1584130597040E-17
  0.4331540000000E+15   0.1727896589676E-17
  0.4973410000000E+15   0.1839554526164E-17
  0.5710410000000E+15   0.1892396702469E-17
  0.6556610000000E+15   0.1863027095925E-17
  0.7528220000000E+15   0.1737939817536E-17
  0.8643800000000E+15   0.1521063537820E-17
  0.9924690000000E+15   0.1235462483780E-17
  0.1139540000000E+16   0.9179090574167E-18
  0.1308400000000E+16   0.6166108602268E-18
  0.1502290000000E+16   0.3679784615138E-18
  0.1724910000000E+16   0.1914729878907E-18
  0.1980520000000E+16   0.8496455005936E-19
  0.2274010000000E+16   0.3144706448971E-19
  0.2610990000000E+16   0.9446861775806E-20
  0.2997900000000E+16   0.2233190514328E-20
