mstar = 2 Msun, Rstar = 2.5 Rsun, Tstar = 10000, mdisk = 0.00034044 Msun, Rc = 150 AU, Rin = 0.5 AU, Rout = 250 AU, inclination = 45 degree, powerlaw = -1 
         130
  
  0.2997900000000E+11   0.6089509313383E-24
  0.3951060000000E+11   0.1374933230139E-23
  0.5207280000000E+11   0.3109465659790E-23
  0.6862910000000E+11   0.7037389408646E-23
  0.9044930000000E+11   0.1592536463415E-22
  0.1192070000000E+12   0.3600289543809E-22
  0.1571080000000E+12   0.8123443574529E-22
  0.2070600000000E+12   0.1827263682375E-21
  0.2728930000000E+12   0.4091751575245E-21
  0.3596580000000E+12   0.9927838725204E-21
  0.4740100000000E+12   0.2885801431064E-20
  0.6247180000000E+12   0.8301724560473E-20
  0.8233440000000E+12   0.2350587761362E-19
  0.1085120000000E+13   0.6524371460664E-19
  0.1430130000000E+13   0.1760394358759E-18
  0.1884830000000E+13   0.4577679828396E-18
  0.2484100000000E+13   0.1132866478298E-17
  0.3273910000000E+13   0.2612333453745E-17
  0.4314820000000E+13   0.5488267316677E-17
  0.5686700000000E+13   0.1009456180685E-16
  0.7494750000000E+13   0.1539354755712E-16
  0.7682960000000E+13   0.1581295058462E-16
  0.7875890000000E+13   0.1620351417743E-16
  0.8073670000000E+13   0.1655895565842E-16
  0.8276410000000E+13   0.1687804824101E-16
  0.8484250000000E+13   0.1716409602130E-16
  0.8697300000000E+13   0.1745437010267E-16
  0.8915700000000E+13   0.1769892705330E-16
  0.9139590000000E+13   0.1795704723268E-16
  0.9369100000000E+13   0.1817660999143E-16
  0.9604380000000E+13   0.1837991775706E-16
  0.9845560000000E+13   0.1856368218490E-16
  0.1009280000000E+14   0.1869555492500E-16
  0.1034620000000E+14   0.1879696322318E-16
  0.1060610000000E+14   0.1883937807333E-16
  0.1087240000000E+14   0.1888275022229E-16
  0.1114540000000E+14   0.1887465560535E-16
  0.1142530000000E+14   0.1884003931959E-16
  0.1171220000000E+14   0.1877179738593E-16
  0.1200630000000E+14   0.1864941926791E-16
  0.1230780000000E+14   0.1849138412220E-16
  0.1261690000000E+14   0.1827726443514E-16
  0.1293370000000E+14   0.1807488491900E-16
  0.1325850000000E+14   0.1782456513613E-16
  0.1359150000000E+14   0.1755113062059E-16
  0.1393280000000E+14   0.1724766314097E-16
  0.1428260000000E+14   0.1691653030590E-16
  0.1464130000000E+14   0.1659548457297E-16
  0.1500900000000E+14   0.1623030515841E-16
  0.1538590000000E+14   0.1575265048079E-16
  0.1577220000000E+14   0.1525128717058E-16
  0.1616830000000E+14   0.1450912008829E-16
  0.1657430000000E+14   0.1365501353731E-16
  0.1699050000000E+14   0.1275693941783E-16
  0.1741720000000E+14   0.1169898794690E-16
  0.1785460000000E+14   0.1070613558971E-16
  0.1830290000000E+14   0.9678319682416E-17
  0.1876260000000E+14   0.8712553714272E-17
  0.1923370000000E+14   0.7845810956837E-17
  0.1971670000000E+14   0.7055537955747E-17
  0.2021180000000E+14   0.6363468423791E-17
  0.2071940000000E+14   0.5813974103085E-17
  0.2123970000000E+14   0.5310200386014E-17
  0.2177310000000E+14   0.5221114355139E-17
  0.2231980000000E+14   0.5115425156773E-17
  0.2288030000000E+14   0.5110757862714E-17
  0.2345490000000E+14   0.5119629834306E-17
  0.2404390000000E+14   0.5129224704867E-17
  0.2464770000000E+14   0.5161087281147E-17
  0.2526660000000E+14   0.5169139385663E-17
  0.2590110000000E+14   0.5194793525816E-17
  0.2655150000000E+14   0.5203683324649E-17
  0.2721830000000E+14   0.5267569898578E-17
  0.2790180000000E+14   0.5340185635392E-17
  0.2860240000000E+14   0.5375813128007E-17
  0.2932070000000E+14   0.5368870598952E-17
  0.3005700000000E+14   0.5349910225006E-17
  0.3081180000000E+14   0.5236919472225E-17
  0.3158550000000E+14   0.5131834994328E-17
  0.3237870000000E+14   0.4653468653969E-17
  0.3319170000000E+14   0.4091759357988E-17
  0.3402530000000E+14   0.3573655087238E-17
  0.3487970000000E+14   0.3095066424868E-17
  0.3575560000000E+14   0.2645790355058E-17
  0.3665350000000E+14   0.2237984916741E-17
  0.3757390000000E+14   0.1832005709172E-17
  0.3851740000000E+14   0.1567161317154E-17
  0.3948470000000E+14   0.1320127784597E-17
  0.4047620000000E+14   0.1129407077471E-17
  0.4149260000000E+14   0.1059511852484E-17
  0.4253460000000E+14   0.9960851753853E-18
  0.4360270000000E+14   0.9835962299471E-18
  0.4469770000000E+14   0.9724766297658E-18
  0.4582010000000E+14   0.9632653870188E-18
  0.4697070000000E+14   0.9552446978128E-18
  0.4815020000000E+14   0.9464247172237E-18
  0.4935940000000E+14   0.9367070785693E-18
  0.5059890000000E+14   0.9278867902668E-18
  0.5186950000000E+14   0.9209280639187E-18
  0.5317200000000E+14   0.9143359468229E-18
  0.5450730000000E+14   0.9106882813139E-18
  0.6258450000000E+14   0.9097196281304E-18
  0.7185870000000E+14   0.9266839243819E-18
  0.8250720000000E+14   0.9362385850694E-18
  0.9473370000000E+14   0.9347162863911E-18
  0.1087720000000E+15   0.9286406876433E-18
  0.1248910000000E+15   0.9259948525750E-18
  0.1433980000000E+15   0.9330836658176E-18
  0.1646470000000E+15   0.9564412271514E-18
  0.1890460000000E+15   0.1002882122596E-17
  0.2170600000000E+15   0.1073724744424E-17
  0.2492250000000E+15   0.1170641539208E-17
  0.2861570000000E+15   0.1292907334623E-17
  0.3285620000000E+15   0.1435126618804E-17
  0.3772500000000E+15   0.1586584451811E-17
  0.4331540000000E+15   0.1729778438192E-17
  0.4973410000000E+15   0.1841071328036E-17
  0.5710410000000E+15   0.1893945453800E-17
  0.6556610000000E+15   0.1865004620700E-17
  0.7528220000000E+15   0.1740790151123E-17
  0.8643800000000E+15   0.1524519983529E-17
  0.9924690000000E+15   0.1238632613291E-17
  0.1139540000000E+16   0.9211631341712E-18
  0.1308400000000E+16   0.6186609526402E-18
  0.1502290000000E+16   0.3689891673529E-18
  0.1724910000000E+16   0.1918670766079E-18
  0.1980520000000E+16   0.8514911780309E-19
  0.2274010000000E+16   0.3151379758387E-19
  0.2610990000000E+16   0.9466538203836E-20
  0.2997900000000E+16   0.2237775729076E-20
