         130
  
  0.2997900000000E+11   0.8117002790143E-23
  0.3951060000000E+11   0.1849356171443E-22
  0.5207280000000E+11   0.4209051233022E-22
  0.6862910000000E+11   0.9565080888735E-22
  0.9044930000000E+11   0.2169120618807E-21
  0.1192070000000E+12   0.4905075433435E-21
  0.1571080000000E+12   0.1104985734040E-20
  0.2070600000000E+12   0.2476587476357E-20
  0.2728930000000E+12   0.5512993065285E-20
  0.3596580000000E+12   0.1326061892570E-19
  0.4740100000000E+12   0.3804646537385E-19
  0.6247180000000E+12   0.1073341425712E-18
  0.8233440000000E+12   0.2953625951088E-18
  0.1085120000000E+13   0.7863075968657E-18
  0.1430130000000E+13   0.1994736492335E-17
  0.1884830000000E+13   0.4729406878772E-17
  0.2484100000000E+13   0.1017436213415E-16
  0.3273910000000E+13   0.1896940557290E-16
  0.4314820000000E+13   0.2902540895839E-16
  0.5686700000000E+13   0.3452260910740E-16
  0.7494750000000E+13   0.3240409316728E-16
  0.7682960000000E+13   0.3196756846178E-16
  0.7875890000000E+13   0.3150239763985E-16
  0.8073670000000E+13   0.3100914663698E-16
  0.8276410000000E+13   0.3049281025374E-16
  0.8484250000000E+13   0.2996175830246E-16
  0.8697300000000E+13   0.2945593684632E-16
  0.8915700000000E+13   0.2893162976458E-16
  0.9139590000000E+13   0.2844850861723E-16
  0.9369100000000E+13   0.2796014278061E-16
  0.9604380000000E+13   0.2749024597089E-16
  0.9845560000000E+13   0.2703794982906E-16
  0.1009280000000E+14   0.2657362132538E-16
  0.1034620000000E+14   0.2611910876776E-16
  0.1060610000000E+14   0.2564653702657E-16
  0.1087240000000E+14   0.2521622867041E-16
  0.1114540000000E+14   0.2477592445469E-16
  0.1142530000000E+14   0.2435054970774E-16
  0.1171220000000E+14   0.2393271903083E-16
  0.1200630000000E+14   0.2349974494221E-16
  0.1230780000000E+14   0.2306966701508E-16
  0.1261690000000E+14   0.2261821147553E-16
  0.1293370000000E+14   0.2221957365379E-16
  0.1325850000000E+14   0.2180535435531E-16
  0.1359150000000E+14   0.2140166701745E-16
  0.1393280000000E+14   0.2099801454164E-16
  0.1428260000000E+14   0.2059410253063E-16
  0.1464130000000E+14   0.2023531546738E-16
  0.1500900000000E+14   0.1984915058508E-16
  0.1538590000000E+14   0.1933536729945E-16
  0.1577220000000E+14   0.1880423798433E-16
  0.1616830000000E+14   0.1794099103985E-16
  0.1657430000000E+14   0.1691261827652E-16
  0.1699050000000E+14   0.1581083976119E-16
  0.1741720000000E+14   0.1446705982886E-16
  0.1785460000000E+14   0.1320564568630E-16
  0.1830290000000E+14   0.1188590496513E-16
  0.1876260000000E+14   0.1064881062029E-16
  0.1923370000000E+14   0.9546467562170E-17
  0.1971670000000E+14   0.8547252838346E-17
  0.2021180000000E+14   0.7679412020341E-17
  0.2071940000000E+14   0.6999034734264E-17
  0.2123970000000E+14   0.6376383989476E-17
  0.2177310000000E+14   0.6297715286042E-17
  0.2231980000000E+14   0.6205708934691E-17
  0.2288030000000E+14   0.6265942394608E-17
  0.2345490000000E+14   0.6360048556703E-17
  0.2404390000000E+14   0.6465184921949E-17
  0.2464770000000E+14   0.6609618071329E-17
  0.2526660000000E+14   0.6714224680018E-17
  0.2590110000000E+14   0.6838368454169E-17
  0.2655150000000E+14   0.6922750250138E-17
  0.2721830000000E+14   0.7078240304724E-17
  0.2790180000000E+14   0.7228290646397E-17
  0.2860240000000E+14   0.7302800526834E-17
  0.2932070000000E+14   0.7297176673901E-17
  0.3005700000000E+14   0.7261127781608E-17
  0.3081180000000E+14   0.7077091757597E-17
  0.3158550000000E+14   0.6899130552919E-17
  0.3237870000000E+14   0.6179208707707E-17
  0.3319170000000E+14   0.5342563905401E-17
  0.3402530000000E+14   0.4573012832441E-17
  0.3487970000000E+14   0.3864974105788E-17
  0.3575560000000E+14   0.3205139272160E-17
  0.3665350000000E+14   0.2613449172873E-17
  0.3757390000000E+14   0.2043715528291E-17
  0.3851740000000E+14   0.1697837319441E-17
  0.3948470000000E+14   0.1417214246901E-17
  0.4047620000000E+14   0.1238371637994E-17
  0.4149260000000E+14   0.1176280684574E-17
  0.4253460000000E+14   0.1124180804800E-17
  0.4360270000000E+14   0.1109410534136E-17
  0.4469770000000E+14   0.1096883194228E-17
  0.4582010000000E+14   0.1086804131344E-17
  0.4697070000000E+14   0.1078583314605E-17
  0.4815020000000E+14   0.1070847967472E-17
  0.4935940000000E+14   0.1063455715268E-17
  0.5059890000000E+14   0.1057411413307E-17
  0.5186950000000E+14   0.1053138648672E-17
  0.5317200000000E+14   0.1049635406043E-17
  0.5450730000000E+14   0.1048281014452E-17
  0.6258450000000E+14   0.1055744533268E-17
  0.7185870000000E+14   0.1072903237911E-17
  0.8250720000000E+14   0.1078372888899E-17
  0.9473370000000E+14   0.1066731039204E-17
  0.1087720000000E+15   0.1042898990130E-17
  0.1248910000000E+15   0.1016597289171E-17
  0.1433980000000E+15   0.9974286629634E-18
  0.1646470000000E+15   0.9954978806870E-18
  0.1890460000000E+15   0.1020779695380E-17
  0.2170600000000E+15   0.1076349064194E-17
  0.2492250000000E+15   0.1164458332559E-17
  0.2861570000000E+15   0.1283274365314E-17
  0.3285620000000E+15   0.1425551227824E-17
  0.3772500000000E+15   0.1578871974920E-17
  0.4331540000000E+15   0.1724329526479E-17
  0.4973410000000E+15   0.1837166682054E-17
  0.5710410000000E+15   0.1890334531177E-17
  0.6556610000000E+15   0.1860540341525E-17
  0.7528220000000E+15   0.1734378606434E-17
  0.8643800000000E+15   0.1516744849284E-17
  0.9924690000000E+15   0.1231502021069E-17
  0.1139540000000E+16   0.9138480437220E-18
  0.1308400000000E+16   0.6140517490579E-18
  0.1502290000000E+16   0.3667159871415E-18
  0.1724910000000E+16   0.1909803500341E-18
  0.1980520000000E+16   0.8473385733942E-19
  0.2274010000000E+16   0.3136364954628E-19
  0.2610990000000E+16   0.9422265576341E-20
  0.2997900000000E+16   0.2227458650089E-20
