mstar = 0.6381 Msun, Rstar = 3.3962 Rsun, Tstar = 4695, mdisk = 0.00090082 Msun, Rc = 7.139 AU, Rin = 0.1784 AU, Rout = 139.572 AU, inclination = 45 degree, powerlaw = -1 
         130
  
  0.2997900000000E+11   0.2256858366241E-23
  0.3951060000000E+11   0.5069213557569E-23
  0.5207280000000E+11   0.1134025545555E-22
  0.6862910000000E+11   0.2523599901354E-22
  0.9044930000000E+11   0.5578813828347E-22
  0.1192070000000E+12   0.1223279815710E-21
  0.1571080000000E+12   0.2656048817469E-21
  0.2070600000000E+12   0.5699164247704E-21
  0.2728930000000E+12   0.1205615695727E-20
  0.3596580000000E+12   0.2633448500418E-20
  0.4740100000000E+12   0.6183029558111E-20
  0.6247180000000E+12   0.1369785285053E-19
  0.8233440000000E+12   0.2804424693958E-19
  0.1085120000000E+13   0.5239440389351E-19
  0.1430130000000E+13   0.8973856933890E-19
  0.1884830000000E+13   0.1439086353062E-18
  0.2484100000000E+13   0.2195383812273E-18
  0.3273910000000E+13   0.3187055831873E-18
  0.4314820000000E+13   0.4390413232188E-18
  0.5686700000000E+13   0.5718355918906E-18
  0.7494750000000E+13   0.6992608495605E-18
  0.7682960000000E+13   0.7095817809893E-18
  0.7875890000000E+13   0.7195021085862E-18
  0.8073670000000E+13   0.7289430382690E-18
  0.8276410000000E+13   0.7378955568212E-18
  0.8484250000000E+13   0.7464159750828E-18
  0.8697300000000E+13   0.7550767453477E-18
  0.8915700000000E+13   0.7631404792860E-18
  0.9139590000000E+13   0.7715442234329E-18
  0.9369100000000E+13   0.7794968745854E-18
  0.9604380000000E+13   0.7873750317504E-18
  0.9845560000000E+13   0.7951537430946E-18
  0.1009280000000E+14   0.8023004634698E-18
  0.1034620000000E+14   0.8091833056647E-18
  0.1060610000000E+14   0.8152953952842E-18
  0.1087240000000E+14   0.8217372556434E-18
  0.1114540000000E+14   0.8275516780424E-18
  0.1142530000000E+14   0.8332165652188E-18
  0.1171220000000E+14   0.8385964351053E-18
  0.1200630000000E+14   0.8432310860816E-18
  0.1230780000000E+14   0.8474783982532E-18
  0.1261690000000E+14   0.8508157397859E-18
  0.1293370000000E+14   0.8548481023158E-18
  0.1325850000000E+14   0.8581000481416E-18
  0.1359150000000E+14   0.8611535533355E-18
  0.1393280000000E+14   0.8637609860024E-18
  0.1428260000000E+14   0.8659077789634E-18
  0.1464130000000E+14   0.8687274222844E-18
  0.1500900000000E+14   0.8704139504423E-18
  0.1538590000000E+14   0.8682570608677E-18
  0.1577220000000E+14   0.8649692299005E-18
  0.1616830000000E+14   0.8516713266645E-18
  0.1657430000000E+14   0.8322574983850E-18
  0.1699050000000E+14   0.8088993900829E-18
  0.1741720000000E+14   0.7758570362404E-18
  0.1785460000000E+14   0.7427252433383E-18
  0.1830290000000E+14   0.7047448406412E-18
  0.1876260000000E+14   0.6665759280256E-18
  0.1923370000000E+14   0.6304417161267E-18
  0.1971670000000E+14   0.5955527420421E-18
  0.2021180000000E+14   0.5635563823327E-18
  0.2071940000000E+14   0.5376138035026E-18
  0.2123970000000E+14   0.5125819348444E-18
  0.2177310000000E+14   0.5124111105141E-18
  0.2231980000000E+14   0.5113567717521E-18
  0.2288030000000E+14   0.5175057810600E-18
  0.2345490000000E+14   0.5251492522817E-18
  0.2404390000000E+14   0.5331267728557E-18
  0.2464770000000E+14   0.5427618879602E-18
  0.2526660000000E+14   0.5502248459024E-18
  0.2590110000000E+14   0.5583100276376E-18
  0.2655150000000E+14   0.5641381167856E-18
  0.2721830000000E+14   0.5729936143129E-18
  0.2790180000000E+14   0.5811638975487E-18
  0.2860240000000E+14   0.5853372742154E-18
  0.2932070000000E+14   0.5853355873394E-18
  0.3005700000000E+14   0.5835063836089E-18
  0.3081180000000E+14   0.5743751080022E-18
  0.3158550000000E+14   0.5651521214621E-18
  0.3237870000000E+14   0.5296834626611E-18
  0.3319170000000E+14   0.4870061242553E-18
  0.3402530000000E+14   0.4459006387245E-18
  0.3487970000000E+14   0.4061501488299E-18
  0.3575560000000E+14   0.3669666428295E-18
  0.3665350000000E+14   0.3293819104510E-18
  0.3757390000000E+14   0.2902989933209E-18
  0.3851740000000E+14   0.2646238754302E-18
  0.3948470000000E+14   0.2421748779008E-18
  0.4047620000000E+14   0.2268374202339E-18
  0.4149260000000E+14   0.2215525241223E-18
  0.4253460000000E+14   0.2171388827166E-18
  0.4360270000000E+14   0.2162843061254E-18
  0.4469770000000E+14   0.2157005836638E-18
  0.4582010000000E+14   0.2154207355436E-18
  0.4697070000000E+14   0.2154027852043E-18
  0.4815020000000E+14   0.2155276116504E-18
  0.4935940000000E+14   0.2157951909028E-18
  0.5059890000000E+14   0.2163106093981E-18
  0.5186950000000E+14   0.2171161223119E-18
  0.5317200000000E+14   0.2181268168611E-18
  0.5450730000000E+14   0.2194651557007E-18
  0.6258450000000E+14   0.2306649442968E-18
  0.7185870000000E+14   0.2460043018020E-18
  0.8250720000000E+14   0.2621190774505E-18
  0.9473370000000E+14   0.2770183706914E-18
  0.1087720000000E+15   0.2899759580597E-18
  0.1248910000000E+15   0.3015905034030E-18
  0.1433980000000E+15   0.3131532543014E-18
  0.1646470000000E+15   0.3260548309088E-18
  0.1890460000000E+15   0.3406958650369E-18
  0.2170600000000E+15   0.3549323948319E-18
  0.2492250000000E+15   0.3645641866378E-18
  0.2861570000000E+15   0.3640210932215E-18
  0.3285620000000E+15   0.3484327535269E-18
  0.3772500000000E+15   0.3155777328822E-18
  0.4331540000000E+15   0.2670816710084E-18
  0.4973410000000E+15   0.2085176585416E-18
  0.5710410000000E+15   0.1481015208107E-18
  0.6556610000000E+15   0.9423286601270E-19
  0.7528220000000E+15   0.5279321190333E-19
  0.8643800000000E+15   0.2554130025050E-19
  0.9924690000000E+15   0.1043779990412E-19
  0.1139540000000E+16   0.3513509962442E-20
  0.1308400000000E+16   0.9465679898282E-21
  0.1502290000000E+16   0.1974499978911E-21
  0.1724910000000E+16   0.3070569967452E-22
  0.1980520000000E+16   0.3408229963827E-23
  0.2274010000000E+16   0.2568499972755E-24
  0.2610990000000E+16   0.1240979986842E-25
  0.2997900000000E+16   0.3599099961852E-27
