mstar = 0.1443 Msun, Rstar = 3.305 Rsun, Tstar = 2965.8, mdisk = 0.00065451 Msun, Rc = 40.596 AU, Rin = 0.0245 AU, Rout = 101.318 AU, inclination = 45 degree, powerlaw = -1 
         130
  
  0.2997900000000E+11   0.9305979501921E-24
  0.3951060000000E+11   0.2109661111838E-23
  0.5207280000000E+11   0.4777766576231E-23
  0.6862910000000E+11   0.1080101466027E-22
  0.9044930000000E+11   0.2435282349134E-22
  0.1192070000000E+12   0.5470355116417E-22
  0.1571080000000E+12   0.1222625177750E-21
  0.2070600000000E+12   0.2714220618027E-21
  0.2728930000000E+12   0.5971749022887E-21
  0.3596580000000E+12   0.1387069931761E-20
  0.4740100000000E+12   0.3682861141294E-20
  0.6247180000000E+12   0.9625782929478E-20
  0.8233440000000E+12   0.2443830224896E-19
  0.1085120000000E+13   0.5935168739741E-19
  0.1430130000000E+13   0.1346892876528E-18
  0.1884830000000E+13   0.2771884903006E-18
  0.2484100000000E+13   0.4968300125305E-18
  0.3273910000000E+13   0.7379605795234E-18
  0.4314820000000E+13   0.8773647254058E-18
  0.5686700000000E+13   0.8481627165706E-18
  0.7494750000000E+13   0.7226317651493E-18
  0.7682960000000E+13   0.7094707215477E-18
  0.7875890000000E+13   0.6959003561282E-18
  0.8073670000000E+13   0.6818554393549E-18
  0.8276410000000E+13   0.6673961990873E-18
  0.8484250000000E+13   0.6526757974644E-18
  0.8697300000000E+13   0.6385941424653E-18
  0.8915700000000E+13   0.6240618550391E-18
  0.9139590000000E+13   0.6104190473986E-18
  0.9369100000000E+13   0.5965622912068E-18
  0.9604380000000E+13   0.5830033033713E-18
  0.9845560000000E+13   0.5697004169272E-18
  0.1009280000000E+14   0.5560386852296E-18
  0.1034620000000E+14   0.5424946987890E-18
  0.1060610000000E+14   0.5285405835429E-18
  0.1087240000000E+14   0.5153754871206E-18
  0.1114540000000E+14   0.5020121010383E-18
  0.1142530000000E+14   0.4889439197806E-18
  0.1171220000000E+14   0.4760577524320E-18
  0.1200630000000E+14   0.4629940334657E-18
  0.1230780000000E+14   0.4501016388737E-18
  0.1261690000000E+14   0.4370171744573E-18
  0.1293370000000E+14   0.4249539357969E-18
  0.1325850000000E+14   0.4128302014913E-18
  0.1359150000000E+14   0.4010737922683E-18
  0.1393280000000E+14   0.3895428539615E-18
  0.1428260000000E+14   0.3782511940999E-18
  0.1464130000000E+14   0.3678306254034E-18
  0.1500900000000E+14   0.3572838085893E-18
  0.1538590000000E+14   0.3453547014141E-18
  0.1577220000000E+14   0.3335683876444E-18
  0.1616830000000E+14   0.3180337695125E-18
  0.1657430000000E+14   0.3009956239245E-18
  0.1699050000000E+14   0.2836084129079E-18
  0.1741720000000E+14   0.2637766247768E-18
  0.1785460000000E+14   0.2454090968280E-18
  0.1830290000000E+14   0.2266819501555E-18
  0.1876260000000E+14   0.2092480304380E-18
  0.1923370000000E+14   0.1937133487175E-18
  0.1971670000000E+14   0.1796374874676E-18
  0.2021180000000E+14   0.1673754330823E-18
  0.2071940000000E+14   0.1576900262214E-18
  0.2123970000000E+14   0.1488534927163E-18
  0.2177310000000E+14   0.1475410010971E-18
  0.2231980000000E+14   0.1461169371466E-18
  0.2288030000000E+14   0.1467733000481E-18
  0.2345490000000E+14   0.1478735698413E-18
  0.2404390000000E+14   0.1490942269627E-18
  0.2464770000000E+14   0.1507586503050E-18
  0.2526660000000E+14   0.1518905352701E-18
  0.2590110000000E+14   0.1531999585747E-18
  0.2655150000000E+14   0.1540113988094E-18
  0.2721830000000E+14   0.1555341681040E-18
  0.2790180000000E+14   0.1568966359120E-18
  0.2860240000000E+14   0.1574115578123E-18
  0.2932070000000E+14   0.1571160084686E-18
  0.3005700000000E+14   0.1565317430999E-18
  0.3081180000000E+14   0.1546408042759E-18
  0.3158550000000E+14   0.1528639921585E-18
  0.3237870000000E+14   0.1462513181563E-18
  0.3319170000000E+14   0.1381150383489E-18
  0.3402530000000E+14   0.1299958059077E-18
  0.3487970000000E+14   0.1217745661013E-18
  0.3575560000000E+14   0.1131304864316E-18
  0.3665350000000E+14   0.1042340396069E-18
  0.3757390000000E+14   0.9415805567671E-19
  0.3851740000000E+14   0.8732069390423E-19
  0.3948470000000E+14   0.8097188106759E-19
  0.4047620000000E+14   0.7654257179227E-19
  0.4149260000000E+14   0.7523162073392E-19
  0.4253460000000E+14   0.7413191794235E-19
  0.4360270000000E+14   0.7414626495348E-19
  0.4469770000000E+14   0.7420776089355E-19
  0.4582010000000E+14   0.7432822090174E-19
  0.4697070000000E+14   0.7449425895568E-19
  0.4815020000000E+14   0.7466544120211E-19
  0.4935940000000E+14   0.7484159104490E-19
  0.5059890000000E+14   0.7506153030142E-19
  0.5186950000000E+14   0.7534416280082E-19
  0.5317200000000E+14   0.7566165230802E-19
  0.5450730000000E+14   0.7606306018480E-19
  0.6258450000000E+14   0.7917501196703E-19
  0.7185870000000E+14   0.8345768893324E-19
  0.8250720000000E+14   0.8829913286473E-19
  0.9473370000000E+14   0.9331945812359E-19
  0.1087720000000E+15   0.9805302968180E-19
  0.1248910000000E+15   0.1018098557518E-18
  0.1433980000000E+15   0.1036389237442E-18
  0.1646470000000E+15   0.1025179852146E-18
  0.1890460000000E+15   0.9764871263303E-19
  0.2170600000000E+15   0.8856562171033E-19
  0.2492250000000E+15   0.7566335260861E-19
  0.2861570000000E+15   0.6007379593520E-19
  0.3285620000000E+15   0.4359177104342E-19
  0.3772500000000E+15   0.2834501489373E-19
  0.4331540000000E+15   0.1607688428635E-19
  0.4973410000000E+15   0.7730562939165E-20
  0.5710410000000E+15   0.3048841663648E-20
  0.6556610000000E+15   0.9349280887564E-21
  0.7528220000000E+15   0.1956756302111E-21
  0.8643800000000E+15   0.3212189877518E-22
  0.9924690000000E+15   0.5056012474136E-23
  0.1139540000000E+16   0.3771649433822E-24
  0.1308400000000E+16   0.4278682396599E-25
  0.1502290000000E+16   0.4076787507352E-26
  0.1724910000000E+16   0.2620285158806E-27
  0.1980520000000E+16   0.5889082136796E-29
  0.2274010000000E+16   0.7971777593782E-31
  0.2610990000000E+16   0.5302206408617E-33
  0.2997900000000E+16   0.1562148753600E-35
