mstar = 0.7833 Msun, Rstar = 1.3845 Rsun, Tstar = 3556, mdisk = 0.0023147 Msun, Rc = 42.971 AU, Rin = 0.1241 AU, Rout = 69.61 AU, inclination = 45 degree, powerlaw = -1 
         130
  
  0.2997900000000E+11   0.1789948873543E-23
  0.3951060000000E+11   0.4055710969768E-23
  0.5207280000000E+11   0.9161549826175E-23
  0.6862910000000E+11   0.2061118060037E-22
  0.9044930000000E+11   0.4611990552818E-22
  0.1192070000000E+12   0.1024623943888E-21
  0.1571080000000E+12   0.2254870161778E-21
  0.2070600000000E+12   0.4899997931692E-21
  0.2728930000000E+12   0.1046985237501E-20
  0.3596580000000E+12   0.2335905604799E-20
  0.4740100000000E+12   0.5853140702810E-20
  0.6247180000000E+12   0.1407401671086E-19
  0.8233440000000E+12   0.3170326379228E-19
  0.1085120000000E+13   0.6491513561330E-19
  0.1430130000000E+13   0.1158090454135E-18
  0.1884830000000E+13   0.1716006283850E-18
  0.2484100000000E+13   0.2029614752701E-18
  0.3273910000000E+13   0.1936560443039E-18
  0.4314820000000E+13   0.1652591130320E-18
  0.5686700000000E+13   0.1374992146784E-18
  0.7494750000000E+13   0.1070894933217E-18
  0.7682960000000E+13   0.1041221077804E-18
  0.7875890000000E+13   0.1010870015895E-18
  0.8073670000000E+13   0.9797713378942E-19
  0.8276410000000E+13   0.9481099208605E-19
  0.8484250000000E+13   0.9162494876509E-19
  0.8697300000000E+13   0.8859492115915E-19
  0.8915700000000E+13   0.8551505704177E-19
  0.9139590000000E+13   0.8263646196840E-19
  0.9369100000000E+13   0.7975710109239E-19
  0.9604380000000E+13   0.7697238711458E-19
  0.9845560000000E+13   0.7427462595935E-19
  0.1009280000000E+14   0.7155862041410E-19
  0.1034620000000E+14   0.6890959662966E-19
  0.1060610000000E+14   0.6623943596281E-19
  0.1087240000000E+14   0.6374969975515E-19
  0.1114540000000E+14   0.6127516578184E-19
  0.1142530000000E+14   0.5889601370610E-19
  0.1171220000000E+14   0.5659203980396E-19
  0.1200630000000E+14   0.5430664271948E-19
  0.1230780000000E+14   0.5209344367046E-19
  0.1261690000000E+14   0.4989453113000E-19
  0.1293370000000E+14   0.4789326918961E-19
  0.1325850000000E+14   0.4592175483362E-19
  0.1359150000000E+14   0.4404165248932E-19
  0.1393280000000E+14   0.4222847560678E-19
  0.1428260000000E+14   0.4048252801356E-19
  0.1464130000000E+14   0.3889148535359E-19
  0.1500900000000E+14   0.3730976490043E-19
  0.1538590000000E+14   0.3556150288720E-19
  0.1577220000000E+14   0.3386361271184E-19
  0.1616830000000E+14   0.3168927548279E-19
  0.1657430000000E+14   0.2937038750072E-19
  0.1699050000000E+14   0.2707475984209E-19
  0.1741720000000E+14   0.2455584577483E-19
  0.1785460000000E+14   0.2231758461447E-19
  0.1830290000000E+14   0.2014816029828E-19
  0.1876260000000E+14   0.1823068057234E-19
  0.1923370000000E+14   0.1661123627925E-19
  0.1971670000000E+14   0.1522623021554E-19
  0.2021180000000E+14   0.1408965388769E-19
  0.2071940000000E+14   0.1324932472523E-19
  0.2123970000000E+14   0.1253616033068E-19
  0.2177310000000E+14   0.1245855423322E-19
  0.2231980000000E+14   0.1237891901980E-19
  0.2288030000000E+14   0.1246365994780E-19
  0.2345490000000E+14   0.1258356357982E-19
  0.2404390000000E+14   0.1271239017760E-19
  0.2464770000000E+14   0.1287465869511E-19
  0.2526660000000E+14   0.1300054139931E-19
  0.2590110000000E+14   0.1314347092351E-19
  0.2655150000000E+14   0.1325578643506E-19
  0.2721830000000E+14   0.1342511361244E-19
  0.2790180000000E+14   0.1359057395653E-19
  0.2860240000000E+14   0.1370386985846E-19
  0.2932070000000E+14   0.1376943357246E-19
  0.3005700000000E+14   0.1382525200032E-19
  0.3081180000000E+14   0.1380167598574E-19
  0.3158550000000E+14   0.1379883187991E-19
  0.3237870000000E+14   0.1350280780082E-19
  0.3319170000000E+14   0.1316730672882E-19
  0.3402530000000E+14   0.1288737635803E-19
  0.3487970000000E+14   0.1264832123679E-19
  0.3575560000000E+14   0.1243129680414E-19
  0.3665350000000E+14   0.1224083474977E-19
  0.3757390000000E+14   0.1203532328265E-19
  0.3851740000000E+14   0.1196604315604E-19
  0.3948470000000E+14   0.1191932590665E-19
  0.4047620000000E+14   0.1193053282659E-19
  0.4149260000000E+14   0.1204624776722E-19
  0.4253460000000E+14   0.1216358570892E-19
  0.4360270000000E+14   0.1232235634930E-19
  0.4469770000000E+14   0.1247928353543E-19
  0.4582010000000E+14   0.1263464405149E-19
  0.4697070000000E+14   0.1278794410473E-19
  0.4815020000000E+14   0.1293721525772E-19
  0.4935940000000E+14   0.1308242821651E-19
  0.5059890000000E+14   0.1322552427586E-19
  0.5186950000000E+14   0.1336742978745E-19
  0.5317200000000E+14   0.1350731724300E-19
  0.5450730000000E+14   0.1364762889593E-19
  0.6258450000000E+14   0.1442722860295E-19
  0.7185870000000E+14   0.1525642654366E-19
  0.8250720000000E+14   0.1622969682625E-19
  0.9473370000000E+14   0.1746617887857E-19
  0.1087720000000E+15   0.1903794969461E-19
  0.1248910000000E+15   0.2090729422911E-19
  0.1433980000000E+15   0.2288946305956E-19
  0.1646470000000E+15   0.2467025369021E-19
  0.1890460000000E+15   0.2586259796148E-19
  0.2170600000000E+15   0.2608926088655E-19
  0.2492250000000E+15   0.2507583681007E-19
  0.2861570000000E+15   0.2273645004863E-19
  0.3285620000000E+15   0.1923823615037E-19
  0.3772500000000E+15   0.1500810247590E-19
  0.4331540000000E+15   0.1064819999455E-19
  0.4973410000000E+15   0.6766579908067E-20
  0.5710410000000E+15   0.3785329938581E-20
  0.6556610000000E+15   0.1828229964659E-20
  0.7528220000000E+15   0.7456629814483E-21
  0.8643800000000E+15   0.2504379923440E-21
  0.9924690000000E+15   0.6729409776724E-22
  0.1139540000000E+16   0.1399589941469E-22
  0.1308400000000E+16   0.2169239913498E-23
  0.1502290000000E+16   0.2398369916595E-24
  0.1724910000000E+16   0.1799409948362E-25
  0.1980520000000E+16   0.8649329743074E-27
  0.2274010000000E+16   0.2493519927037E-28
  0.2610990000000E+16   0.3997049884436E-30
  0.2997900000000E+16   0.3265969906428E-32
