mstar = 0.2588 Msun, Rstar = 0.6406 Rsun, Tstar = 4051.3, mdisk = 0.0034498 Msun, Rc = 11.95 AU, Rin = 0.0997 AU, Rout = 144.578 AU, inclination = 45 degree, powerlaw = -1 
         130
  
  0.2997900000000E+11   0.2801028756306E-23
  0.3951060000000E+11   0.6246519210759E-23
  0.5207280000000E+11   0.1384066839417E-22
  0.6862910000000E+11   0.3042437343884E-22
  0.9044930000000E+11   0.6622027530208E-22
  0.1192070000000E+12   0.1423588100479E-21
  0.1571080000000E+12   0.3013032849225E-21
  0.2070600000000E+12   0.6252087453135E-21
  0.2728930000000E+12   0.1264913453126E-20
  0.3596580000000E+12   0.2597524942156E-20
  0.4740100000000E+12   0.5574426785738E-20
  0.6247180000000E+12   0.1091649688605E-19
  0.8233440000000E+12   0.1901015847702E-19
  0.1085120000000E+13   0.2915018482794E-19
  0.1430130000000E+13   0.3996121612456E-19
  0.1884830000000E+13   0.5029410574257E-19
  0.2484100000000E+13   0.5889895528709E-19
  0.3273910000000E+13   0.6440844067551E-19
  0.4314820000000E+13   0.6595668801309E-19
  0.5686700000000E+13   0.6283386646384E-19
  0.7494750000000E+13   0.5446405522726E-19
  0.7682960000000E+13   0.5346282053101E-19
  0.7875890000000E+13   0.5240622830210E-19
  0.8073670000000E+13   0.5128957960605E-19
  0.8276410000000E+13   0.5011990826147E-19
  0.8484250000000E+13   0.4891296456304E-19
  0.8697300000000E+13   0.4775122855233E-19
  0.8915700000000E+13   0.4653789570648E-19
  0.9139590000000E+13   0.4539406629730E-19
  0.9369100000000E+13   0.4422214436988E-19
  0.9604380000000E+13   0.4306893496735E-19
  0.9845560000000E+13   0.4193196713555E-19
  0.1009280000000E+14   0.4075794642045E-19
  0.1034620000000E+14   0.3958977800143E-19
  0.1060610000000E+14   0.3838193856034E-19
  0.1087240000000E+14   0.3723994520337E-19
  0.1114540000000E+14   0.3607842572739E-19
  0.1142530000000E+14   0.3494078002780E-19
  0.1171220000000E+14   0.3381705676821E-19
  0.1200630000000E+14   0.3267728492699E-19
  0.1230780000000E+14   0.3155213051044E-19
  0.1261690000000E+14   0.3041090022974E-19
  0.1293370000000E+14   0.2935658518919E-19
  0.1325850000000E+14   0.2829761315744E-19
  0.1359150000000E+14   0.2727047309487E-19
  0.1393280000000E+14   0.2626365497134E-19
  0.1428260000000E+14   0.2527855418815E-19
  0.1464130000000E+14   0.2436731393152E-19
  0.1500900000000E+14   0.2344777567484E-19
  0.1538590000000E+14   0.2241918587100E-19
  0.1577220000000E+14   0.2140773917028E-19
  0.1616830000000E+14   0.2010756730185E-19
  0.1657430000000E+14   0.1870992489277E-19
  0.1699050000000E+14   0.1731396203682E-19
  0.1741720000000E+14   0.1577544095080E-19
  0.1785460000000E+14   0.1439264708585E-19
  0.1830290000000E+14   0.1303866165863E-19
  0.1876260000000E+14   0.1183003315155E-19
  0.1923370000000E+14   0.1079991138956E-19
  0.1971670000000E+14   0.9912686881081E-20
  0.2021180000000E+14   0.9179199568477E-20
  0.2071940000000E+14   0.8627315722501E-20
  0.2123970000000E+14   0.8153254409724E-20
  0.2177310000000E+14   0.8070839308725E-20
  0.2231980000000E+14   0.7985888476501E-20
  0.2288030000000E+14   0.7998979809393E-20
  0.2345490000000E+14   0.8030126762089E-20
  0.2404390000000E+14   0.8064363094914E-20
  0.2464770000000E+14   0.8115858239639E-20
  0.2526660000000E+14   0.8142630527812E-20
  0.2590110000000E+14   0.8175970455810E-20
  0.2655150000000E+14   0.8188487150749E-20
  0.2721830000000E+14   0.8230168923866E-20
  0.2790180000000E+14   0.8265844301180E-20
  0.2860240000000E+14   0.8269915339854E-20
  0.2932070000000E+14   0.8245655589349E-20
  0.3005700000000E+14   0.8214601747908E-20
  0.3081180000000E+14   0.8140717359190E-20
  0.3158550000000E+14   0.8077673709561E-20
  0.3237870000000E+14   0.7863900915476E-20
  0.3319170000000E+14   0.7633357114338E-20
  0.3402530000000E+14   0.7435239984187E-20
  0.3487970000000E+14   0.7261423591554E-20
  0.3575560000000E+14   0.7100431489539E-20
  0.3665350000000E+14   0.6950638279278E-20
  0.3757390000000E+14   0.6784964675848E-20
  0.3851740000000E+14   0.6678705904026E-20
  0.3948470000000E+14   0.6576262196823E-20
  0.4047620000000E+14   0.6500595572157E-20
  0.4149260000000E+14   0.6478890722937E-20
  0.4253460000000E+14   0.6453161634464E-20
  0.4360270000000E+14   0.6446760973578E-20
  0.4469770000000E+14   0.6434775541626E-20
  0.4582010000000E+14   0.6417447803413E-20
  0.4697070000000E+14   0.6394606317109E-20
  0.4815020000000E+14   0.6365231988431E-20
  0.4935940000000E+14   0.6329469779875E-20
  0.5059890000000E+14   0.6288670969583E-20
  0.5186950000000E+14   0.6243539062792E-20
  0.5317200000000E+14   0.6193886760674E-20
  0.5450730000000E+14   0.6141304583008E-20
  0.6258450000000E+14   0.5803012123209E-20
  0.7185870000000E+14   0.5457877270187E-20
  0.8250720000000E+14   0.5212855552222E-20
  0.9473370000000E+14   0.5172975129377E-20
  0.1087720000000E+15   0.5395491619069E-20
  0.1248910000000E+15   0.5867274424153E-20
  0.1433980000000E+15   0.6508149031316E-20
  0.1646470000000E+15   0.7197425303452E-20
  0.1890460000000E+15   0.7800608507186E-20
  0.2170600000000E+15   0.8188104369825E-20
  0.2492250000000E+15   0.8248996238589E-20
  0.2861570000000E+15   0.7907229847623E-20
  0.3285620000000E+15   0.7144302604518E-20
  0.3772500000000E+15   0.6019589239293E-20
  0.4331540000000E+15   0.4672708874113E-20
  0.4973410000000E+15   0.3296188773575E-20
  0.5710410000000E+15   0.2080608829899E-20
  0.6556610000000E+15   0.1154969016950E-20
  0.7528220000000E+15   0.5528722420825E-21
  0.8643800000000E+15   0.2231995750405E-21
  0.9924690000000E+15   0.7408764083641E-22
  0.1139540000000E+16   0.1964054190868E-22
  0.1308400000000E+16   0.4022178835629E-23
  0.1502290000000E+16   0.6123595928775E-24
  0.1724910000000E+16   0.6633528533961E-25
  0.1980520000000E+16   0.4861391138332E-26
  0.2274010000000E+16   0.2274565948291E-27
  0.2610990000000E+16   0.6357648882791E-29
  0.2997900000000E+16   0.9836013041599E-31
