mstar = 0.4253 Msun, Rstar = 2.9751 Rsun, Tstar = 2932.1, mdisk = 0.0020864 Msun, Rc = 18.939 AU, Rin = 0.1456 AU, Rout = 232.858 AU, inclination = 45 degree, powerlaw = -1 
         130
  
  0.2997900000000E+11   0.2461811642773E-23
  0.3951060000000E+11   0.5564051349405E-23
  0.5207280000000E+11   0.1253547109143E-22
  0.6862910000000E+11   0.2812337238423E-22
  0.9044930000000E+11   0.6275317226898E-22
  0.1192070000000E+12   0.1390525010699E-21
  0.1571080000000E+12   0.3053919008488E-21
  0.2070600000000E+12   0.6630927408957E-21
  0.2728930000000E+12   0.1418678905262E-20
  0.3596580000000E+12   0.3159866175693E-20
  0.4740100000000E+12   0.7780585435746E-20
  0.6247180000000E+12   0.1827242147528E-19
  0.8233440000000E+12   0.3992479303888E-19
  0.1085120000000E+13   0.7883853340428E-19
  0.1430130000000E+13   0.1361217376111E-18
  0.1884830000000E+13   0.2009849136623E-18
  0.2484100000000E+13   0.2562790930881E-18
  0.3273910000000E+13   0.2950256431135E-18
  0.4314820000000E+13   0.3177799529353E-18
  0.5686700000000E+13   0.3204863992172E-18
  0.7494750000000E+13   0.2965985754808E-18
  0.7682960000000E+13   0.2930265114985E-18
  0.7875890000000E+13   0.2891320940156E-18
  0.8073670000000E+13   0.2848851404687E-18
  0.8276410000000E+13   0.2803137182946E-18
  0.8484250000000E+13   0.2754912906510E-18
  0.8697300000000E+13   0.2708396108689E-18
  0.8915700000000E+13   0.2658569246768E-18
  0.9139590000000E+13   0.2611762679042E-18
  0.9369100000000E+13   0.2562860204266E-18
  0.9604380000000E+13   0.2514331993322E-18
  0.9845560000000E+13   0.2466039465300E-18
  0.1009280000000E+14   0.2415076369611E-18
  0.1034620000000E+14   0.2363736675731E-18
  0.1060610000000E+14   0.2309508013422E-18
  0.1087240000000E+14   0.2258204797960E-18
  0.1114540000000E+14   0.2205057510682E-18
  0.1142530000000E+14   0.2152492398750E-18
  0.1171220000000E+14   0.2099950756428E-18
  0.1200630000000E+14   0.2045644644922E-18
  0.1230780000000E+14   0.1991314945651E-18
  0.1261690000000E+14   0.1935139332782E-18
  0.1293370000000E+14   0.1883238097697E-18
  0.1325850000000E+14   0.1830170029923E-18
  0.1359150000000E+14   0.1778119468483E-18
  0.1393280000000E+14   0.1726364402445E-18
  0.1428260000000E+14   0.1674990226782E-18
  0.1464130000000E+14   0.1627291944990E-18
  0.1500900000000E+14   0.1578134396259E-18
  0.1538590000000E+14   0.1521006647848E-18
  0.1577220000000E+14   0.1463848852599E-18
  0.1616830000000E+14   0.1386672970496E-18
  0.1657430000000E+14   0.1301458138393E-18
  0.1699050000000E+14   0.1214501427527E-18
  0.1741720000000E+14   0.1115869241511E-18
  0.1785460000000E+14   0.1025528152453E-18
  0.1830290000000E+14   0.9348831819530E-19
  0.1876260000000E+14   0.8520337572795E-19
  0.1923370000000E+14   0.7797257043803E-19
  0.1971670000000E+14   0.7157323751461E-19
  0.2021180000000E+14   0.6612685120454E-19
  0.2071940000000E+14   0.6191093382349E-19
  0.2123970000000E+14   0.5816118931707E-19
  0.2177310000000E+14   0.5747559256253E-19
  0.2231980000000E+14   0.5674099778839E-19
  0.2288030000000E+14   0.5679692348277E-19
  0.2345490000000E+14   0.5699622962120E-19
  0.2404390000000E+14   0.5721115704695E-19
  0.2464770000000E+14   0.5756291220055E-19
  0.2526660000000E+14   0.5769758600696E-19
  0.2590110000000E+14   0.5787411236535E-19
  0.2655150000000E+14   0.5786124382782E-19
  0.2721830000000E+14   0.5808011427545E-19
  0.2790180000000E+14   0.5823616530762E-19
  0.2860240000000E+14   0.5811510369984E-19
  0.2932070000000E+14   0.5774525977576E-19
  0.3005700000000E+14   0.5731470394829E-19
  0.3081180000000E+14   0.5652048565329E-19
  0.3158550000000E+14   0.5582358512145E-19
  0.3237870000000E+14   0.5383611586547E-19
  0.3319170000000E+14   0.5169582910659E-19
  0.3402530000000E+14   0.4985135307565E-19
  0.3487970000000E+14   0.4825507648394E-19
  0.3575560000000E+14   0.4682851626155E-19
  0.3665350000000E+14   0.4556041074399E-19
  0.3757390000000E+14   0.4418629299053E-19
  0.3851740000000E+14   0.4345261471354E-19
  0.3948470000000E+14   0.4284771845699E-19
  0.4047620000000E+14   0.4263631729109E-19
  0.4149260000000E+14   0.4304490684038E-19
  0.4253460000000E+14   0.4349721621220E-19
  0.4360270000000E+14   0.4417256004007E-19
  0.4469770000000E+14   0.4485478254436E-19
  0.4582010000000E+14   0.4554364717746E-19
  0.4697070000000E+14   0.4623445128585E-19
  0.4815020000000E+14   0.4691637938323E-19
  0.4935940000000E+14   0.4758727235881E-19
  0.5059890000000E+14   0.4825359352784E-19
  0.5186950000000E+14   0.4891711608944E-19
  0.5317200000000E+14   0.4957157674327E-19
  0.5450730000000E+14   0.5022549401117E-19
  0.6258450000000E+14   0.5369625248515E-19
  0.7185870000000E+14   0.5678323404496E-19
  0.8250720000000E+14   0.5944723509439E-19
  0.9473370000000E+14   0.6185478387758E-19
  0.1087720000000E+15   0.6419231038823E-19
  0.1248910000000E+15   0.6646231968364E-19
  0.1433980000000E+15   0.6829139527281E-19
  0.1646470000000E+15   0.6893184532759E-19
  0.1890460000000E+15   0.6745254178311E-19
  0.2170600000000E+15   0.6308531182475E-19
  0.2492250000000E+15   0.5562160425365E-19
  0.2861570000000E+15   0.4561680185475E-19
  0.3285620000000E+15   0.3432811697800E-19
  0.3772500000000E+15   0.2336019402009E-19
  0.4331540000000E+15   0.1414440319696E-19
  0.4973410000000E+15   0.7483737739399E-20
  0.5710410000000E+15   0.3389848276049E-20
  0.6556610000000E+15   0.1284329007985E-20
  0.7528220000000E+15   0.3963245071324E-21
  0.8643800000000E+15   0.9662493314792E-22
  0.9924690000000E+15   0.1797296498306E-22
  0.1139540000000E+16   0.2450313428253E-23
  0.1308400000000E+16   0.2338474114041E-24
  0.1502290000000E+16   0.1481586912557E-25
  0.1724910000000E+16   0.5865410804396E-27
  0.1980520000000E+16   0.1353207762729E-28
  0.2274010000000E+16   0.1679437286633E-30
  0.2610990000000E+16   0.1022868377708E-32
  0.2997900000000E+16   0.2751385697400E-35
