mstar = 0.4224 Msun, Rstar = 2.9738 Rsun, Tstar = 3810.3, mdisk = 0.00015278 Msun, Rc = 28.461 AU, Rin = 0.0308 AU, Rout = 125.729 AU, inclination = 45 degree, powerlaw = -1 
         130
  
  0.2997900000000E+11   0.2829521178866E-24
  0.3951060000000E+11   0.6369114203106E-24
  0.5207280000000E+11   0.1435910873159E-23
  0.6862910000000E+11   0.3238793405350E-23
  0.9044930000000E+11   0.7300719744482E-23
  0.1192070000000E+12   0.1642779785745E-22
  0.1571080000000E+12   0.3685157134511E-22
  0.2070600000000E+12   0.8228477755588E-22
  0.2728930000000E+12   0.1825282854356E-21
  0.3596580000000E+12   0.4286491634793E-21
  0.4740100000000E+12   0.1155861568241E-20
  0.6247180000000E+12   0.3089144205559E-20
  0.8233440000000E+12   0.8098241216344E-20
  0.1085120000000E+13   0.2059807035276E-19
  0.1430130000000E+13   0.4996111206638E-19
  0.1884830000000E+13   0.1130962117573E-18
  0.2484100000000E+13   0.2317267894492E-18
  0.3273910000000E+13   0.4111221720262E-18
  0.4314820000000E+13   0.6013020593988E-18
  0.5686700000000E+13   0.6923902023395E-18
  0.7494750000000E+13   0.6341511440026E-18
  0.7682960000000E+13   0.6240039949721E-18
  0.7875890000000E+13   0.6132686551356E-18
  0.8073670000000E+13   0.6019674691539E-18
  0.8276410000000E+13   0.5902156151349E-18
  0.8484250000000E+13   0.5781947093403E-18
  0.8697300000000E+13   0.5666871453005E-18
  0.8915700000000E+13   0.5548557455280E-18
  0.9139590000000E+13   0.5438393724787E-18
  0.9369100000000E+13   0.5327669092639E-18
  0.9604380000000E+13   0.5220895178721E-18
  0.9845560000000E+13   0.5117950219515E-18
  0.1009280000000E+14   0.5013620753129E-18
  0.1034620000000E+14   0.4911971413924E-18
  0.1060610000000E+14   0.4808217721798E-18
  0.1087240000000E+14   0.4712987889430E-18
  0.1114540000000E+14   0.4617228415204E-18
  0.1142530000000E+14   0.4525293845242E-18
  0.1171220000000E+14   0.4435944940923E-18
  0.1200630000000E+14   0.4345418012149E-18
  0.1230780000000E+14   0.4256792360630E-18
  0.1261690000000E+14   0.4166125369071E-18
  0.1293370000000E+14   0.4085569637614E-18
  0.1325850000000E+14   0.4003907502305E-18
  0.1359150000000E+14   0.3925393597142E-18
  0.1393280000000E+14   0.3848350557326E-18
  0.1428260000000E+14   0.3772760098514E-18
  0.1464130000000E+14   0.3705724842180E-18
  0.1500900000000E+14   0.3635924145853E-18
  0.1538590000000E+14   0.3548137512949E-18
  0.1577220000000E+14   0.3459633848412E-18
  0.1616830000000E+14   0.3322853565843E-18
  0.1657430000000E+14   0.3163763715322E-18
  0.1699050000000E+14   0.2996298958817E-18
  0.1741720000000E+14   0.2794984794201E-18
  0.1785460000000E+14   0.2608086237602E-18
  0.1830290000000E+14   0.2413865729648E-18
  0.1876260000000E+14   0.2232942034121E-18
  0.1923370000000E+14   0.2072799937119E-18
  0.1971670000000E+14   0.1928323776647E-18
  0.2021180000000E+14   0.1803704790014E-18
  0.2071940000000E+14   0.1707912768861E-18
  0.2123970000000E+14   0.1620627900226E-18
  0.2177310000000E+14   0.1621248898971E-18
  0.2231980000000E+14   0.1620563491950E-18
  0.2288030000000E+14   0.1645785573762E-18
  0.2345490000000E+14   0.1677800664951E-18
  0.2404390000000E+14   0.1712980199590E-18
  0.2464770000000E+14   0.1756012654692E-18
  0.2526660000000E+14   0.1793882934086E-18
  0.2590110000000E+14   0.1836468030851E-18
  0.2655150000000E+14   0.1873866563256E-18
  0.2721830000000E+14   0.1924792403087E-18
  0.2790180000000E+14   0.1976609818686E-18
  0.2860240000000E+14   0.2017252766968E-18
  0.2932070000000E+14   0.2045642604084E-18
  0.3005700000000E+14   0.2069934231351E-18
  0.3081180000000E+14   0.2068933722415E-18
  0.3158550000000E+14   0.2069141942371E-18
  0.3237870000000E+14   0.1967607998358E-18
  0.3319170000000E+14   0.1835694392527E-18
  0.3402530000000E+14   0.1706577688867E-18
  0.3487970000000E+14   0.1578791428621E-18
  0.3575560000000E+14   0.1448364809578E-18
  0.3665350000000E+14   0.1319402629444E-18
  0.3757390000000E+14   0.1172735241893E-18
  0.3851740000000E+14   0.1069173574085E-18
  0.3948470000000E+14   0.9797800707611E-19
  0.4047620000000E+14   0.9221273591184E-19
  0.4149260000000E+14   0.9062638249193E-19
  0.4253460000000E+14   0.8928522458619E-19
  0.4360270000000E+14   0.8938760424112E-19
  0.4469770000000E+14   0.8953564217534E-19
  0.4582010000000E+14   0.8974724482228E-19
  0.4697070000000E+14   0.9000703781661E-19
  0.4815020000000E+14   0.9026235425589E-19
  0.4935940000000E+14   0.9051426164954E-19
  0.5059890000000E+14   0.9081721539013E-19
  0.5186950000000E+14   0.9119925991724E-19
  0.5317200000000E+14   0.9162368763808E-19
  0.5450730000000E+14   0.9216110793981E-19
  0.6258450000000E+14   0.9639999154711E-19
  0.7185870000000E+14   0.1025373685685E-18
  0.8250720000000E+14   0.1100011744581E-18
  0.9473370000000E+14   0.1186131614506E-18
  0.1087720000000E+15   0.1282186286608E-18
  0.1248910000000E+15   0.1383692205366E-18
  0.1433980000000E+15   0.1481382476862E-18
  0.1646470000000E+15   0.1562071746463E-18
  0.1890460000000E+15   0.1610645973013E-18
  0.2170600000000E+15   0.1610113766098E-18
  0.2492250000000E+15   0.1548318545832E-18
  0.2861570000000E+15   0.1419271582746E-18
  0.3285620000000E+15   0.1227140520118E-18
  0.3772500000000E+15   0.9889013679986E-19
  0.4331540000000E+15   0.7324478705126E-19
  0.4973410000000E+15   0.4910075860746E-19
  0.5710410000000E+15   0.2928248513998E-19
  0.6556610000000E+15   0.1524343171632E-19
  0.7528220000000E+15   0.6780779132325E-20
  0.8643800000000E+15   0.2517066992377E-20
  0.9924690000000E+15   0.7589410154126E-21
  0.1139540000000E+16   0.1801798419858E-21
  0.1308400000000E+16   0.3251352929892E-22
  0.1502290000000E+16   0.4280898099723E-23
  0.1724910000000E+16   0.3925113393077E-24
  0.1980520000000E+16   0.2375136569010E-25
  0.2274010000000E+16   0.8919231781733E-27
  0.2610990000000E+16   0.1936755948889E-28
  0.2997900000000E+16   0.2242324314067E-30
