mstar = 2 Msun, Rstar = 2.5 Rsun, Tstar = 10000, mdisk = 0.0064233 Msun, Rc = 150 AU, Rin = 0.5 AU, Rout = 250 AU, inclination = 45 degree, powerlaw = -0.5 
         130
  
  0.2997900000000E+11   0.8211590210229E-23
  0.3951060000000E+11   0.1870898500474E-22
  0.5207280000000E+11   0.4258033475832E-22
  0.6862910000000E+11   0.9676212691203E-22
  0.9044930000000E+11   0.2194261689460E-21
  0.1192070000000E+12   0.4961733761906E-21
  0.1571080000000E+12   0.1117689484395E-20
  0.2070600000000E+12   0.2504878298216E-20
  0.2728930000000E+12   0.5575424982159E-20
  0.3596580000000E+12   0.1340898615008E-19
  0.4740100000000E+12   0.3846466453244E-19
  0.6247180000000E+12   0.1084841285292E-18
  0.8233440000000E+12   0.2984095023932E-18
  0.1085120000000E+13   0.7939630785222E-18
  0.1430130000000E+13   0.2012472928570E-17
  0.1884830000000E+13   0.4765565416210E-17
  0.2484100000000E+13   0.1023357114514E-16
  0.3273910000000E+13   0.1903079310380E-16
  0.4314820000000E+13   0.2902321729552E-16
  0.5686700000000E+13   0.3441446798934E-16
  0.7494750000000E+13   0.3229330844095E-16
  0.7682960000000E+13   0.3186363114227E-16
  0.7875890000000E+13   0.3140602936489E-16
  0.8073670000000E+13   0.3092089728337E-16
  0.8276410000000E+13   0.3041302529770E-16
  0.8484250000000E+13   0.2989063568686E-16
  0.8697300000000E+13   0.2939362646426E-16
  0.8915700000000E+13   0.2887801050337E-16
  0.9139590000000E+13   0.2840353005896E-16
  0.9369100000000E+13   0.2792345156813E-16
  0.9604380000000E+13   0.2746148224036E-16
  0.9845560000000E+13   0.2701666639067E-16
  0.1009280000000E+14   0.2655919111232E-16
  0.1034620000000E+14   0.2611092612166E-16
  0.1060610000000E+14   0.2564386361419E-16
  0.1087240000000E+14   0.2521856518674E-16
  0.1114540000000E+14   0.2478255733570E-16
  0.1142530000000E+14   0.2436086786696E-16
  0.1171220000000E+14   0.2394612609954E-16
  0.1200630000000E+14   0.2351560857398E-16
  0.1230780000000E+14   0.2308749088719E-16
  0.1261690000000E+14   0.2263747949699E-16
  0.1293370000000E+14   0.2224002971873E-16
  0.1325850000000E+14   0.2182658270774E-16
  0.1359150000000E+14   0.2142341436297E-16
  0.1393280000000E+14   0.2102000099240E-16
  0.1428260000000E+14   0.2061612886013E-16
  0.1464130000000E+14   0.2025734274993E-16
  0.1500900000000E+14   0.1987095089864E-16
  0.1538590000000E+14   0.1935641530215E-16
  0.1577220000000E+14   0.1882437208868E-16
  0.1616830000000E+14   0.1795906721732E-16
  0.1657430000000E+14   0.1692798752493E-16
  0.1699050000000E+14   0.1582310273220E-16
  0.1741720000000E+14   0.1447514252189E-16
  0.1785460000000E+14   0.1320967499357E-16
  0.1830290000000E+14   0.1188542864611E-16
  0.1876260000000E+14   0.1064414257736E-16
  0.1923370000000E+14   0.9537870303799E-17
  0.1971670000000E+14   0.8535137267110E-17
  0.2021180000000E+14   0.7664481364135E-17
  0.2071940000000E+14   0.6982246463894E-17
  0.2123970000000E+14   0.6358006209956E-17
  0.2177310000000E+14   0.6280708704558E-17
  0.2231980000000E+14   0.6189895661604E-17
  0.2288030000000E+14   0.6251929344890E-17
  0.2345490000000E+14   0.6347897514031E-17
  0.2404390000000E+14   0.6454934644108E-17
  0.2464770000000E+14   0.6601145907601E-17
  0.2526660000000E+14   0.6707162564771E-17
  0.2590110000000E+14   0.6832856160061E-17
  0.2655150000000E+14   0.6918582512530E-17
  0.2721830000000E+14   0.7075531086506E-17
  0.2790180000000E+14   0.7227278878790E-17
  0.2860240000000E+14   0.7302940335543E-17
  0.2932070000000E+14   0.7297893143319E-17
  0.3005700000000E+14   0.7262279970606E-17
  0.3081180000000E+14   0.7078302870341E-17
  0.3158550000000E+14   0.6900397800319E-17
  0.3237870000000E+14   0.6179549373392E-17
  0.3319170000000E+14   0.5341246981832E-17
  0.3402530000000E+14   0.4570398157366E-17
  0.3487970000000E+14   0.3861734158100E-17
  0.3575560000000E+14   0.3201493841034E-17
  0.3665350000000E+14   0.2609802787308E-17
  0.3757390000000E+14   0.2039401750774E-17
  0.3851740000000E+14   0.1693071598657E-17
  0.3948470000000E+14   0.1412188780496E-17
  0.4047620000000E+14   0.1233533933846E-17
  0.4149260000000E+14   0.1172012349287E-17
  0.4253460000000E+14   0.1120454177710E-17
  0.4360270000000E+14   0.1106313582926E-17
  0.4469770000000E+14   0.1094354444701E-17
  0.4582010000000E+14   0.1084787148970E-17
  0.4697070000000E+14   0.1077025031220E-17
  0.4815020000000E+14   0.1069694522818E-17
  0.4935940000000E+14   0.1062658156183E-17
  0.5059890000000E+14   0.1056927826226E-17
  0.5186950000000E+14   0.1052932211858E-17
  0.5317200000000E+14   0.1049672102400E-17
  0.5450730000000E+14   0.1048533843172E-17
  0.6258450000000E+14   0.1056783712716E-17
  0.7185870000000E+14   0.1074263202659E-17
  0.8250720000000E+14   0.1079760606115E-17
  0.9473370000000E+14   0.1067924811537E-17
  0.1087720000000E+15   0.1043725751785E-17
  0.1248910000000E+15   0.1016968361759E-17
  0.1433980000000E+15   0.9973499205889E-18
  0.1646470000000E+15   0.9950465924205E-18
  0.1890460000000E+15   0.1020079122512E-17
  0.2170600000000E+15   0.1075554159174E-17
  0.2492250000000E+15   0.1163708792172E-17
  0.2861570000000E+15   0.1282652388285E-17
  0.3285620000000E+15   0.1425088800783E-17
  0.3772500000000E+15   0.1578570430470E-17
  0.4331540000000E+15   0.1724164373953E-17
  0.4973410000000E+15   0.1837093087770E-17
  0.5710410000000E+15   0.1890308356192E-17
  0.6556610000000E+15   0.1860533550404E-17
  0.7528220000000E+15   0.1734378900728E-17
  0.8643800000000E+15   0.1516747330262E-17
  0.9924690000000E+15   0.1231504524608E-17
  0.1139540000000E+16   0.9138506383355E-18
  0.1308400000000E+16   0.6140533859469E-18
  0.1502290000000E+16   0.3667167950118E-18
  0.1724910000000E+16   0.1909806654167E-18
  0.1980520000000E+16   0.8473400501653E-19
  0.2274010000000E+16   0.3136370294573E-19
  0.2610990000000E+16   0.9422281322389E-20
  0.2997900000000E+16   0.2227462319595E-20
