mstar = 2 Msun, Rstar = 2.5 Rsun, Tstar = 10000, mdisk = 0.00099906 Msun, Rc = 150 AU, Rin = 0.5 AU, Rout = 250 AU, inclination = 45 degree, powerlaw = -0.5 
         130
  
  0.2997900000000E+11   0.1548936114739E-23
  0.3951060000000E+11   0.3519283206122E-23
  0.5207280000000E+11   0.7995853361134E-23
  0.6862910000000E+11   0.1815574721289E-22
  0.9044930000000E+11   0.4117449830890E-22
  0.1192070000000E+12   0.9319419737584E-22
  0.1571080000000E+12   0.2103358275240E-21
  0.2070600000000E+12   0.4728336763854E-21
  0.2728930000000E+12   0.1057149147734E-20
  0.3596580000000E+12   0.2558633419239E-20
  0.4740100000000E+12   0.7409682427077E-20
  0.6247180000000E+12   0.2119136434238E-19
  0.8233440000000E+12   0.5949419401563E-19
  0.1085120000000E+13   0.1631536203263E-18
  0.1430130000000E+13   0.4327683397581E-18
  0.1884830000000E+13   0.1098379871074E-17
  0.2484100000000E+13   0.2625347017584E-17
  0.3273910000000E+13   0.5757911541745E-17
  0.4314820000000E+13   0.1124660856770E-16
  0.5686700000000E+13   0.1860843403947E-16
  0.7494750000000E+13   0.2446070375063E-16
  0.7682960000000E+13   0.2474042746894E-16
  0.7875890000000E+13   0.2495569287571E-16
  0.8073670000000E+13   0.2510093804621E-16
  0.8276410000000E+13   0.2517743849179E-16
  0.8484250000000E+13   0.2519186414091E-16
  0.8697300000000E+13   0.2518880673859E-16
  0.8915700000000E+13   0.2511305548946E-16
  0.9139590000000E+13   0.2503183306421E-16
  0.9369100000000E+13   0.2489012180211E-16
  0.9604380000000E+13   0.2471415410097E-16
  0.9845560000000E+13   0.2450277096950E-16
  0.1009280000000E+14   0.2422744922785E-16
  0.1034620000000E+14   0.2391342724181E-16
  0.1060610000000E+14   0.2353787941746E-16
  0.1087240000000E+14   0.2316051706934E-16
  0.1114540000000E+14   0.2273704797748E-16
  0.1142530000000E+14   0.2229401146726E-16
  0.1171220000000E+14   0.2182923495235E-16
  0.1200630000000E+14   0.2132930683462E-16
  0.1230780000000E+14   0.2081403068560E-16
  0.1261690000000E+14   0.2026965851466E-16
  0.1293370000000E+14   0.1975666974787E-16
  0.1325850000000E+14   0.1922736772455E-16
  0.1359150000000E+14   0.1870512415413E-16
  0.1393280000000E+14   0.1818591866315E-16
  0.1428260000000E+14   0.1767282010308E-16
  0.1464130000000E+14   0.1720046418882E-16
  0.1500900000000E+14   0.1672010686664E-16
  0.1538590000000E+14   0.1616296678357E-16
  0.1577220000000E+14   0.1560746704190E-16
  0.1616830000000E+14   0.1483032074648E-16
  0.1657430000000E+14   0.1394799583580E-16
  0.1699050000000E+14   0.1302440045594E-16
  0.1741720000000E+14   0.1193877290179E-16
  0.1785460000000E+14   0.1092114004918E-16
  0.1830290000000E+14   0.9871140862883E-17
  0.1876260000000E+14   0.8888305664071E-17
  0.1923370000000E+14   0.8008851944927E-17
  0.1971670000000E+14   0.7209615508323E-17
  0.2021180000000E+14   0.6510130274881E-17
  0.2071940000000E+14   0.5949909388186E-17
  0.2123970000000E+14   0.5436652644907E-17
  0.2177310000000E+14   0.5317729680576E-17
  0.2231980000000E+14   0.5196316549366E-17
  0.2288030000000E+14   0.5192531332833E-17
  0.2345490000000E+14   0.5223395456997E-17
  0.2404390000000E+14   0.5273258548853E-17
  0.2464770000000E+14   0.5363444535403E-17
  0.2526660000000E+14   0.5433613027065E-17
  0.2590110000000E+14   0.5527592623798E-17
  0.2655150000000E+14   0.5597946161970E-17
  0.2721830000000E+14   0.5730460295556E-17
  0.2790180000000E+14   0.5864414020914E-17
  0.2860240000000E+14   0.5941938269640E-17
  0.2932070000000E+14   0.5957396930616E-17
  0.3005700000000E+14   0.5949874034954E-17
  0.3081180000000E+14   0.5822893967485E-17
  0.3158550000000E+14   0.5700971432282E-17
  0.3237870000000E+14   0.5134679801899E-17
  0.3319170000000E+14   0.4470232367489E-17
  0.3402530000000E+14   0.3858517162911E-17
  0.3487970000000E+14   0.3294914239885E-17
  0.3575560000000E+14   0.2767999669194E-17
  0.3665350000000E+14   0.2294103627039E-17
  0.3757390000000E+14   0.1834736625761E-17
  0.3851740000000E+14   0.1555608982278E-17
  0.3948470000000E+14   0.1325137899219E-17
  0.4047620000000E+14   0.1172735392243E-17
  0.4149260000000E+14   0.1118653763580E-17
  0.4253460000000E+14   0.1071447108848E-17
  0.4360270000000E+14   0.1059309906645E-17
  0.4469770000000E+14   0.1048855166245E-17
  0.4582010000000E+14   0.1040322570953E-17
  0.4697070000000E+14   0.1033151087473E-17
  0.4815020000000E+14   0.1025932587483E-17
  0.4935940000000E+14   0.1018512348387E-17
  0.5059890000000E+14   0.1011990192204E-17
  0.5186950000000E+14   0.1006908184776E-17
  0.5317200000000E+14   0.1002232826201E-17
  0.5450730000000E+14   0.9995914241263E-18
  0.6258450000000E+14   0.9978776173160E-18
  0.7185870000000E+14   0.1005970651354E-17
  0.8250720000000E+14   0.1004766590688E-17
  0.9473370000000E+14   0.9914837232302E-18
  0.1087720000000E+15   0.9728145561395E-18
  0.1248910000000E+15   0.9580420441776E-18
  0.1433980000000E+15   0.9545863457415E-18
  0.1646470000000E+15   0.9694656589968E-18
  0.1890460000000E+15   0.1009658257032E-17
  0.2170600000000E+15   0.1076470377458E-17
  0.2492250000000E+15   0.1171407133143E-17
  0.2861570000000E+15   0.1292960063281E-17
  0.3285620000000E+15   0.1434823188458E-17
  0.3772500000000E+15   0.1586016400791E-17
  0.4331540000000E+15   0.1729147505129E-17
  0.4973410000000E+15   0.1840448681673E-17
  0.5710410000000E+15   0.1893224155318E-17
  0.6556610000000E+15   0.1864034025634E-17
  0.7528220000000E+15   0.1739371899743E-17
  0.8643800000000E+15   0.1522796014588E-17
  0.9924690000000E+15   0.1237050928769E-17
  0.1139540000000E+16   0.9195391186776E-18
  0.1308400000000E+16   0.6176378644159E-18
  0.1502290000000E+16   0.3684848524561E-18
  0.1724910000000E+16   0.1916704708176E-18
  0.1980520000000E+16   0.8505703670365E-19
  0.2274010000000E+16   0.3148050477002E-19
  0.2610990000000E+16   0.9456721826528E-20
  0.2997900000000E+16   0.2235488227282E-20
