mstar = 2 Msun, Rstar = 2.5 Rsun, Tstar = 10000, mdisk = 0.007077 Msun, Rc = 150 AU, Rin = 0.5 AU, Rout = 250 AU, inclination = 45 degree, powerlaw = -0.5 
         130
  
  0.2997900000000E+11   0.8971197613258E-23
  0.3951060000000E+11   0.2044023867210E-22
  0.5207280000000E+11   0.4652055431053E-22
  0.6862910000000E+11   0.1057130800531E-21
  0.9044930000000E+11   0.2397097212512E-21
  0.1192070000000E+12   0.5419870106490E-21
  0.1571080000000E+12   0.1220718923747E-20
  0.2070600000000E+12   0.2735244609759E-20
  0.2728930000000E+12   0.6086553212423E-20
  0.3596580000000E+12   0.1463261971956E-19
  0.4740100000000E+12   0.4194855907445E-19
  0.6247180000000E+12   0.1181984837187E-18
  0.8233440000000E+12   0.3246642501652E-18
  0.1085120000000E+13   0.8618919743345E-18
  0.1430130000000E+13   0.2177003805530E-17
  0.1884830000000E+13   0.5126641627735E-17
  0.2484100000000E+13   0.1091300641274E-16
  0.3273910000000E+13   0.2002625656878E-16
  0.4314820000000E+13   0.2998487923222E-16
  0.5686700000000E+13   0.3488133934120E-16
  0.7494750000000E+13   0.3247485705890E-16
  0.7682960000000E+13   0.3204605656048E-16
  0.7875890000000E+13   0.3159247998220E-16
  0.8073670000000E+13   0.3111386056859E-16
  0.8276410000000E+13   0.3061437052580E-16
  0.8484250000000E+13   0.3010169090648E-16
  0.8697300000000E+13   0.2961566381354E-16
  0.8915700000000E+13   0.2911128153543E-16
  0.9139590000000E+13   0.2864861704148E-16
  0.9369100000000E+13   0.2817989292150E-16
  0.9604380000000E+13   0.2772877914690E-16
  0.9845560000000E+13   0.2729401723710E-16
  0.1009280000000E+14   0.2684518305807E-16
  0.1034620000000E+14   0.2640430951100E-16
  0.1060610000000E+14   0.2594299986546E-16
  0.1087240000000E+14   0.2552251318540E-16
  0.1114540000000E+14   0.2508981820495E-16
  0.1142530000000E+14   0.2467032311146E-16
  0.1171220000000E+14   0.2425665190984E-16
  0.1200630000000E+14   0.2382601919935E-16
  0.1230780000000E+14   0.2339690245812E-16
  0.1261690000000E+14   0.2294493783561E-16
  0.1293370000000E+14   0.2254526947215E-16
  0.1325850000000E+14   0.2212895644130E-16
  0.1359150000000E+14   0.2172253616612E-16
  0.1393280000000E+14   0.2131545138798E-16
  0.1428260000000E+14   0.2090754139357E-16
  0.1464130000000E+14   0.2054473309824E-16
  0.1500900000000E+14   0.2015388350218E-16
  0.1538590000000E+14   0.1963377748467E-16
  0.1577220000000E+14   0.1909583903766E-16
  0.1616830000000E+14   0.1822203770611E-16
  0.1657430000000E+14   0.1718096565643E-16
  0.1699050000000E+14   0.1606521902675E-16
  0.1741720000000E+14   0.1470416980905E-16
  0.1785460000000E+14   0.1342570648575E-16
  0.1830290000000E+14   0.1208759086766E-16
  0.1876260000000E+14   0.1083266380706E-16
  0.1923370000000E+14   0.9713588589166E-17
  0.1971670000000E+14   0.8698494560540E-17
  0.2021180000000E+14   0.7816234047539E-17
  0.2071940000000E+14   0.7123825609089E-17
  0.2123970000000E+14   0.6489842158972E-17
  0.2177310000000E+14   0.6407827443153E-17
  0.2231980000000E+14   0.6312154263616E-17
  0.2288030000000E+14   0.6370799939453E-17
  0.2345490000000E+14   0.6463568925354E-17
  0.2404390000000E+14   0.6567432928912E-17
  0.2464770000000E+14   0.6710789509590E-17
  0.2526660000000E+14   0.6813597809470E-17
  0.2590110000000E+14   0.6936266301152E-17
  0.2655150000000E+14   0.7018585151318E-17
  0.2721830000000E+14   0.7172753542093E-17
  0.2790180000000E+14   0.7321639629490E-17
  0.2860240000000E+14   0.7393852422503E-17
  0.2932070000000E+14   0.7384953817719E-17
  0.3005700000000E+14   0.7345085958371E-17
  0.3081180000000E+14   0.7155627965034E-17
  0.3158550000000E+14   0.6972376458942E-17
  0.3237870000000E+14   0.6241884784793E-17
  0.3319170000000E+14   0.5393241396850E-17
  0.3402530000000E+14   0.4613151851984E-17
  0.3487970000000E+14   0.3896212722635E-17
  0.3575560000000E+14   0.3228363683167E-17
  0.3665350000000E+14   0.2630042022537E-17
  0.3757390000000E+14   0.2054403283417E-17
  0.3851740000000E+14   0.1704337323103E-17
  0.3948470000000E+14   0.1420810027626E-17
  0.4047620000000E+14   0.1240380881483E-17
  0.4149260000000E+14   0.1177479481631E-17
  0.4253460000000E+14   0.1124748021287E-17
  0.4360270000000E+14   0.1109505653659E-17
  0.4469770000000E+14   0.1096584875803E-17
  0.4582010000000E+14   0.1086185061026E-17
  0.4697070000000E+14   0.1077709851708E-17
  0.4815020000000E+14   0.1069781802043E-17
  0.4935940000000E+14   0.1062253319630E-17
  0.5059890000000E+14   0.1056121760096E-17
  0.5186950000000E+14   0.1051805476314E-17
  0.5317200000000E+14   0.1048298853713E-17
  0.5450730000000E+14   0.1046971776785E-17
  0.6258450000000E+14   0.1054977325085E-17
  0.7185870000000E+14   0.1073013627645E-17
  0.8250720000000E+14   0.1079382461611E-17
  0.9473370000000E+14   0.1068422328060E-17
  0.1087720000000E+15   0.1044882578625E-17
  0.1248910000000E+15   0.1018360428114E-17
  0.1433980000000E+15   0.9984359194439E-18
  0.1646470000000E+15   0.9953899726868E-18
  0.1890460000000E+15   0.1019557803414E-17
  0.2170600000000E+15   0.1074387440369E-17
  0.2492250000000E+15   0.1162293003343E-17
  0.2861570000000E+15   0.1281335335930E-17
  0.3285620000000E+15   0.1424076920742E-17
  0.3772500000000E+15   0.1577921886294E-17
  0.4331540000000E+15   0.1723809064029E-17
  0.4973410000000E+15   0.1836890772303E-17
  0.5710410000000E+15   0.1890132113609E-17
  0.6556610000000E+15   0.1860306684081E-17
  0.7528220000000E+15   0.1734045579997E-17
  0.8643800000000E+15   0.1516341394443E-17
  0.9924690000000E+15   0.1231132144757E-17
  0.1139540000000E+16   0.9134690362812E-18
  0.1308400000000E+16   0.6138128761463E-18
  0.1502290000000E+16   0.3665980985334E-18
  0.1724910000000E+16   0.1909343263395E-18
  0.1980520000000E+16   0.8471230702072E-19
  0.2274010000000E+16   0.3135585701451E-19
  0.2610990000000E+16   0.9419967764945E-20
  0.2997900000000E+16   0.2226923160450E-20
