mstar = 2 Msun, Rstar = 2.5 Rsun, Tstar = 10000, mdisk = 0.00039704 Msun, Rc = 150 AU, Rin = 0.5 AU, Rout = 250 AU, inclination = 45 degree, powerlaw = -0.5 
         130
  
  0.2997900000000E+11   0.6933961368381E-24
  0.3951060000000E+11   0.1567604958779E-23
  0.5207280000000E+11   0.3548603140738E-23
  0.6862910000000E+11   0.8036865806271E-23
  0.9044930000000E+11   0.1819594181151E-22
  0.1192070000000E+12   0.4114840840177E-22
  0.1571080000000E+12   0.9285712595896E-22
  0.2070600000000E+12   0.2088661709125E-21
  0.2728930000000E+12   0.4676260049363E-21
  0.3596580000000E+12   0.1134248133072E-20
  0.4740100000000E+12   0.3295379821215E-20
  0.6247180000000E+12   0.9472177027682E-20
  0.8233440000000E+12   0.2678742991766E-19
  0.1085120000000E+13   0.7422446358037E-19
  0.1430130000000E+13   0.1997900061234E-18
  0.1884830000000E+13   0.5177828740045E-18
  0.2484100000000E+13   0.1275363134782E-17
  0.3273910000000E+13   0.2921593302153E-17
  0.4314820000000E+13   0.6081694197997E-17
  0.5686700000000E+13   0.1104353324002E-16
  0.7494750000000E+13   0.1654693600301E-16
  0.7682960000000E+13   0.1696634013023E-16
  0.7875890000000E+13   0.1735262059469E-16
  0.8073670000000E+13   0.1769929498314E-16
  0.8276410000000E+13   0.1800524247771E-16
  0.8484250000000E+13   0.1827407606964E-16
  0.8697300000000E+13   0.1854459099140E-16
  0.8915700000000E+13   0.1876495784064E-16
  0.9139590000000E+13   0.1899651890047E-16
  0.9369100000000E+13   0.1918546398560E-16
  0.9604380000000E+13   0.1935483946516E-16
  0.9845560000000E+13   0.1950131022586E-16
  0.1009280000000E+14   0.1959211466214E-16
  0.1034620000000E+14   0.1964939054101E-16
  0.1060610000000E+14   0.1964461916645E-16
  0.1087240000000E+14   0.1963859632805E-16
  0.1114540000000E+14   0.1957885667333E-16
  0.1142530000000E+14   0.1949081985250E-16
  0.1171220000000E+14   0.1936780303422E-16
  0.1200630000000E+14   0.1919001516667E-16
  0.1230780000000E+14   0.1897636980145E-16
  0.1261690000000E+14   0.1870737866035E-16
  0.1293370000000E+14   0.1845020732101E-16
  0.1325850000000E+14   0.1814681166932E-16
  0.1359150000000E+14   0.1782211160781E-16
  0.1393280000000E+14   0.1746996924834E-16
  0.1428260000000E+14   0.1709328685512E-16
  0.1464130000000E+14   0.1672924286510E-16
  0.1500900000000E+14   0.1632575193322E-16
  0.1538590000000E+14   0.1581681532950E-16
  0.1577220000000E+14   0.1528876545797E-16
  0.1616830000000E+14   0.1452996321715E-16
  0.1657430000000E+14   0.1366506709209E-16
  0.1699050000000E+14   0.1275985643270E-16
  0.1741720000000E+14   0.1170090466413E-16
  0.1785460000000E+14   0.1070762790055E-16
  0.1830290000000E+14   0.9682423376662E-17
  0.1876260000000E+14   0.8719923482350E-17
  0.1923370000000E+14   0.7855939529987E-17
  0.1971670000000E+14   0.7068337464768E-17
  0.2021180000000E+14   0.6378011193195E-17
  0.2071940000000E+14   0.5827690779144E-17
  0.2123970000000E+14   0.5323306376371E-17
  0.2177310000000E+14   0.5222141690659E-17
  0.2231980000000E+14   0.5106921315764E-17
  0.2288030000000E+14   0.5092689542640E-17
  0.2345490000000E+14   0.5095349262029E-17
  0.2404390000000E+14   0.5102703756769E-17
  0.2464770000000E+14   0.5136345614237E-17
  0.2526660000000E+14   0.5149592845251E-17
  0.2590110000000E+14   0.5183320881652E-17
  0.2655150000000E+14   0.5201555175587E-17
  0.2721830000000E+14   0.5276937882577E-17
  0.2790180000000E+14   0.5361271077791E-17
  0.2860240000000E+14   0.5406645916237E-17
  0.2932070000000E+14   0.5406953773825E-17
  0.3005700000000E+14   0.5393544591755E-17
  0.3081180000000E+14   0.5282326136671E-17
  0.3158550000000E+14   0.5178272639891E-17
  0.3237870000000E+14   0.4691207912563E-17
  0.3319170000000E+14   0.4118541168028E-17
  0.3402530000000E+14   0.3590342184398E-17
  0.3487970000000E+14   0.3102555216647E-17
  0.3575560000000E+14   0.2644951800302E-17
  0.3665350000000E+14   0.2230483357957E-17
  0.3757390000000E+14   0.1820935898938E-17
  0.3851740000000E+14   0.1559058416568E-17
  0.3948470000000E+14   0.1321063927366E-17
  0.4047620000000E+14   0.1140419479646E-17
  0.4149260000000E+14   0.1073778028875E-17
  0.4253460000000E+14   0.1013282123292E-17
  0.4360270000000E+14   0.1000889357180E-17
  0.4469770000000E+14   0.9899043696155E-18
  0.4582010000000E+14   0.9808157459100E-18
  0.4697070000000E+14   0.9729311060643E-18
  0.4815020000000E+14   0.9643550523082E-18
  0.4935940000000E+14   0.9549769189294E-18
  0.5059890000000E+14   0.9464783181468E-18
  0.5186950000000E+14   0.9397577768476E-18
  0.5317200000000E+14   0.9333940665821E-18
  0.5450730000000E+14   0.9298188995132E-18
  0.6258450000000E+14   0.9280098107537E-18
  0.7185870000000E+14   0.9423627381722E-18
  0.8250720000000E+14   0.9486268441796E-18
  0.9473370000000E+14   0.9436125391553E-18
  0.1087720000000E+15   0.9342140151829E-18
  0.1248910000000E+15   0.9289220851534E-18
  0.1433980000000E+15   0.9343515948273E-18
  0.1646470000000E+15   0.9569532388075E-18
  0.1890460000000E+15   0.1003162572773E-17
  0.2170600000000E+15   0.1073919597658E-17
  0.2492250000000E+15   0.1170770534181E-17
  0.2861570000000E+15   0.1293011802746E-17
  0.3285620000000E+15   0.1435215210097E-17
  0.3772500000000E+15   0.1586615580683E-17
  0.4331540000000E+15   0.1729746365568E-17
  0.4973410000000E+15   0.1841010763237E-17
  0.5710410000000E+15   0.1893866583386E-17
  0.6556610000000E+15   0.1864895374556E-17
  0.7528220000000E+15   0.1740628835244E-17
  0.8643800000000E+15   0.1524323285989E-17
  0.9924690000000E+15   0.1238452046464E-17
  0.1139540000000E+16   0.9209776805076E-18
  0.1308400000000E+16   0.6185441261027E-18
  0.1502290000000E+16   0.3689315868731E-18
  0.1724910000000E+16   0.1918446324165E-18
  0.1980520000000E+16   0.8513860571287E-19
  0.2274010000000E+16   0.3150999687785E-19
  0.2610990000000E+16   0.9465417576362E-20
  0.2997900000000E+16   0.2237514591945E-20
