mstar = 2 Msun, Rstar = 2.5 Rsun, Tstar = 10000, mdisk = 0.00091803 Msun, Rc = 150 AU, Rin = 0.5 AU, Rout = 250 AU, inclination = 45 degree, powerlaw = -0.5 
         130
  
  0.2997900000000E+11   0.1437251040736E-23
  0.3951060000000E+11   0.3264533474802E-23
  0.5207280000000E+11   0.7415447556277E-23
  0.6862910000000E+11   0.1683540550882E-22
  0.9044930000000E+11   0.3817697589562E-22
  0.1192070000000E+12   0.8640725589900E-22
  0.1571080000000E+12   0.1950232893552E-21
  0.2070600000000E+12   0.4384484163778E-21
  0.2728930000000E+12   0.9804185888384E-21
  0.3596580000000E+12   0.2373445357987E-20
  0.4740100000000E+12   0.6875611940775E-20
  0.6247180000000E+12   0.1967345541847E-19
  0.8233440000000E+12   0.5527107172268E-19
  0.1085120000000E+13   0.1517223548205E-18
  0.1430130000000E+13   0.4030163818508E-18
  0.1884830000000E+13   0.1024962973752E-17
  0.2484100000000E+13   0.2457217884133E-17
  0.3273910000000E+13   0.5413114774589E-17
  0.4314820000000E+13   0.1064370818288E-16
  0.5686700000000E+13   0.1778684069335E-16
  0.7494750000000E+13   0.2370848045467E-16
  0.7682960000000E+13   0.2401365280092E-16
  0.7875890000000E+13   0.2425719008568E-16
  0.8073670000000E+13   0.2443321222378E-16
  0.8276410000000E+13   0.2454261101180E-16
  0.8484250000000E+13   0.2459167574335E-16
  0.8697300000000E+13   0.2462484256105E-16
  0.8915700000000E+13   0.2458637847778E-16
  0.9139590000000E+13   0.2454361978945E-16
  0.9369100000000E+13   0.2444080024868E-16
  0.9604380000000E+13   0.2430399340530E-16
  0.9845560000000E+13   0.2413163802508E-16
  0.1009280000000E+14   0.2389432401191E-16
  0.1034620000000E+14   0.2361715970481E-16
  0.1060610000000E+14   0.2327647922669E-16
  0.1087240000000E+14   0.2293254528478E-16
  0.1114540000000E+14   0.2253986014537E-16
  0.1142530000000E+14   0.2212505435343E-16
  0.1171220000000E+14   0.2168555118535E-16
  0.1200630000000E+14   0.2120743587505E-16
  0.1230780000000E+14   0.2071065636911E-16
  0.1261690000000E+14   0.2018120887520E-16
  0.1293370000000E+14   0.1968019344194E-16
  0.1325850000000E+14   0.1915937169243E-16
  0.1359150000000E+14   0.1864244528759E-16
  0.1393280000000E+14   0.1812555566441E-16
  0.1428260000000E+14   0.1761207305112E-16
  0.1464130000000E+14   0.1713674495137E-16
  0.1500900000000E+14   0.1665144620633E-16
  0.1538590000000E+14   0.1608887862881E-16
  0.1577220000000E+14   0.1552732562203E-16
  0.1616830000000E+14   0.1474756303097E-16
  0.1657430000000E+14   0.1386512182178E-16
  0.1699050000000E+14   0.1294311088838E-16
  0.1741720000000E+14   0.1186292128819E-16
  0.1785460000000E+14   0.1085063668270E-16
  0.1830290000000E+14   0.9807389617504E-17
  0.1876260000000E+14   0.8830939940165E-17
  0.1923370000000E+14   0.7956978629287E-17
  0.1971670000000E+14   0.7162627132270E-17
  0.2021180000000E+14   0.6467171031629E-17
  0.2071940000000E+14   0.5909716267292E-17
  0.2123970000000E+14   0.5399080985484E-17
  0.2177310000000E+14   0.5278210648226E-17
  0.2231980000000E+14   0.5154442893832E-17
  0.2288030000000E+14   0.5145877280313E-17
  0.2345490000000E+14   0.5171002817729E-17
  0.2404390000000E+14   0.5214844099736E-17
  0.2464770000000E+14   0.5298664454618E-17
  0.2526660000000E+14   0.5363702263941E-17
  0.2590110000000E+14   0.5452884124802E-17
  0.2655150000000E+14   0.5519772314101E-17
  0.2721830000000E+14   0.5648438645068E-17
  0.2790180000000E+14   0.5779322242722E-17
  0.2860240000000E+14   0.5855336015781E-17
  0.2932070000000E+14   0.5870817903902E-17
  0.3005700000000E+14   0.5864010337533E-17
  0.3081180000000E+14   0.5739775206735E-17
  0.3158550000000E+14   0.5620665896831E-17
  0.3237870000000E+14   0.5063832235690E-17
  0.3319170000000E+14   0.4410318102582E-17
  0.3402530000000E+14   0.3808545290930E-17
  0.3487970000000E+14   0.3253938897762E-17
  0.3575560000000E+14   0.2735732564232E-17
  0.3665350000000E+14   0.2270183137882E-17
  0.3757390000000E+14   0.1819716530403E-17
  0.3851740000000E+14   0.1546373759473E-17
  0.3948470000000E+14   0.1320378440727E-17
  0.4047620000000E+14   0.1169624707178E-17
  0.4149260000000E+14   0.1115846809784E-17
  0.4253460000000E+14   0.1068669410793E-17
  0.4360270000000E+14   0.1056796460752E-17
  0.4469770000000E+14   0.1046557019230E-17
  0.4582010000000E+14   0.1038201075044E-17
  0.4697070000000E+14   0.1031165685821E-17
  0.4815020000000E+14   0.1024029241550E-17
  0.4935940000000E+14   0.1016639118394E-17
  0.5059890000000E+14   0.1010115298806E-17
  0.5186950000000E+14   0.1005016738140E-17
  0.5317200000000E+14   0.1000299994615E-17
  0.5450730000000E+14   0.9976256409794E-18
  0.6258450000000E+14   0.9956681172231E-18
  0.7185870000000E+14   0.1003536547989E-17
  0.8250720000000E+14   0.1002185399892E-17
  0.9473370000000E+14   0.9889774852637E-18
  0.1087720000000E+15   0.9706347235510E-18
  0.1248910000000E+15   0.9563805033787E-18
  0.1433980000000E+15   0.9535515261705E-18
  0.1646470000000E+15   0.9690589551944E-18
  0.1890460000000E+15   0.1009764378741E-17
  0.2170600000000E+15   0.1076892605405E-17
  0.2492250000000E+15   0.1171949001415E-17
  0.2861570000000E+15   0.1293494193752E-17
  0.3285620000000E+15   0.1435268641066E-17
  0.3772500000000E+15   0.1586321048101E-17
  0.4331540000000E+15   0.1729325599249E-17
  0.4973410000000E+15   0.1840558905997E-17
  0.5710410000000E+15   0.1893317379734E-17
  0.6556610000000E+15   0.1864143807242E-17
  0.7528220000000E+15   0.1739526726469E-17
  0.8643800000000E+15   0.1522983059508E-17
  0.9924690000000E+15   0.1237222403335E-17
  0.1139540000000E+16   0.9197151281560E-18
  0.1308400000000E+16   0.6177487503824E-18
  0.1502290000000E+16   0.3685395188811E-18
  0.1724910000000E+16   0.1916917856271E-18
  0.1980520000000E+16   0.8506701932623E-19
  0.2274010000000E+16   0.3148411412416E-19
  0.2610990000000E+16   0.9457786052897E-20
  0.2997900000000E+16   0.2235736224650E-20
