mstar = 2 Msun, Rstar = 2.5 Rsun, Tstar = 10000, mdisk = 0.00024638 Msun, Rc = 150 AU, Rin = 0.5 AU, Rout = 250 AU, inclination = 45 degree, powerlaw = -0.5 
         130
  
  0.2997900000000E+11   0.4637532690637E-24
  0.3951060000000E+11   0.1043610051378E-23
  0.5207280000000E+11   0.2354201040257E-23
  0.6862910000000E+11   0.5318069329474E-23
  0.9044930000000E+11   0.1201845059366E-22
  0.1192070000000E+12   0.2714610025686E-22
  0.1571080000000E+12   0.6121950646659E-22
  0.2070600000000E+12   0.1376846233604E-21
  0.2728930000000E+12   0.3083757336004E-21
  0.3596580000000E+12   0.7485583300374E-21
  0.4740100000000E+12   0.2177636967593E-20
  0.6247180000000E+12   0.6273834249904E-20
  0.8233440000000E+12   0.1780416544559E-19
  0.1085120000000E+13   0.4957743150540E-19
  0.1430130000000E+13   0.1343738318703E-18
  0.1884830000000E+13   0.3516215340671E-18
  0.2484100000000E+13   0.8777900348683E-18
  0.3273910000000E+13   0.2048638642945E-17
  0.4314820000000E+13   0.4375711024835E-17
  0.5686700000000E+13   0.8231666431106E-17
  0.7494750000000E+13   0.1294089582553E-16
  0.7682960000000E+13   0.1333605464509E-16
  0.7875890000000E+13   0.1371010104229E-16
  0.8073670000000E+13   0.1405742734128E-16
  0.8276410000000E+13   0.1437677880320E-16
  0.8484250000000E+13   0.1467090638825E-16
  0.8697300000000E+13   0.1497299769146E-16
  0.8915700000000E+13   0.1523853097310E-16
  0.9139590000000E+13   0.1552082336628E-16
  0.9369100000000E+13   0.1577300465503E-16
  0.9604380000000E+13   0.1601527532188E-16
  0.9845560000000E+13   0.1624472549489E-16
  0.1009280000000E+14   0.1643132462582E-16
  0.1034620000000E+14   0.1659453511397E-16
  0.1060610000000E+14   0.1670726041420E-16
  0.1087240000000E+14   0.1682557722690E-16
  0.1114540000000E+14   0.1689964054131E-16
  0.1142530000000E+14   0.1695271471218E-16
  0.1171220000000E+14   0.1697750032378E-16
  0.1200630000000E+14   0.1695326621360E-16
  0.1230780000000E+14   0.1689712308286E-16
  0.1261690000000E+14   0.1678787014113E-16
  0.1293370000000E+14   0.1669213277412E-16
  0.1325850000000E+14   0.1654960222961E-16
  0.1359150000000E+14   0.1638411949866E-16
  0.1393280000000E+14   0.1618758027631E-16
  0.1428260000000E+14   0.1596120635354E-16
  0.1464130000000E+14   0.1574286754847E-16
  0.1500900000000E+14   0.1547549416613E-16
  0.1538590000000E+14   0.1508661306311E-16
  0.1577220000000E+14   0.1466721074130E-16
  0.1616830000000E+14   0.1399082788484E-16
  0.1657430000000E+14   0.1319145751461E-16
  0.1699050000000E+14   0.1234015597497E-16
  0.1741720000000E+14   0.1131670806528E-16
  0.1785460000000E+14   0.1035533091206E-16
  0.1830290000000E+14   0.9352044863665E-17
  0.1876260000000E+14   0.8408086332066E-17
  0.1923370000000E+14   0.7562274740498E-17
  0.1971670000000E+14   0.6791346545730E-17
  0.2021180000000E+14   0.6118262451099E-17
  0.2071940000000E+14   0.5589780066813E-17
  0.2123970000000E+14   0.5105088362808E-17
  0.2177310000000E+14   0.5051406800042E-17
  0.2231980000000E+14   0.4977561899022E-17
  0.2288030000000E+14   0.5005858501269E-17
  0.2345490000000E+14   0.5042805782805E-17
  0.2404390000000E+14   0.5073493313257E-17
  0.2464770000000E+14   0.5118729755720E-17
  0.2526660000000E+14   0.5131906263675E-17
  0.2590110000000E+14   0.5155012330892E-17
  0.2655150000000E+14   0.5155917809561E-17
  0.2721830000000E+14   0.5204670577709E-17
  0.2790180000000E+14   0.5258486837551E-17
  0.2860240000000E+14   0.5276821815276E-17
  0.2932070000000E+14   0.5256317177964E-17
  0.3005700000000E+14   0.5226227459583E-17
  0.3081180000000E+14   0.5110706473334E-17
  0.3158550000000E+14   0.5004306892652E-17
  0.3237870000000E+14   0.4551494087723E-17
  0.3319170000000E+14   0.4021254177573E-17
  0.3402530000000E+14   0.3531487650085E-17
  0.3487970000000E+14   0.3077583365716E-17
  0.3575560000000E+14   0.2648801097960E-17
  0.3665350000000E+14   0.2254176955153E-17
  0.3757390000000E+14   0.1847745334455E-17
  0.3851740000000E+14   0.1568647883539E-17
  0.3948470000000E+14   0.1296560927686E-17
  0.4047620000000E+14   0.1085189216033E-17
  0.4149260000000E+14   0.1010297450351E-17
  0.4253460000000E+14   0.9427296407821E-18
  0.4360270000000E+14   0.9308534151479E-18
  0.4469770000000E+14   0.9202192653710E-18
  0.4582010000000E+14   0.9114581972411E-18
  0.4697070000000E+14   0.9038175615726E-18
  0.4815020000000E+14   0.8951580898266E-18
  0.4935940000000E+14   0.8854090264848E-18
  0.5059890000000E+14   0.8765605704469E-18
  0.5186950000000E+14   0.8696915184030E-18
  0.5317200000000E+14   0.8631879777084E-18
  0.5450730000000E+14   0.8598726613110E-18
  0.6258450000000E+14   0.8627020067926E-18
  0.7185870000000E+14   0.8865009140870E-18
  0.8250720000000E+14   0.9041258376204E-18
  0.9473370000000E+14   0.9109356171348E-18
  0.1087720000000E+15   0.9127744201899E-18
  0.1248910000000E+15   0.9166535344707E-18
  0.1433980000000E+15   0.9281304004103E-18
  0.1646470000000E+15   0.9536754252382E-18
  0.1890460000000E+15   0.1000782760781E-17
  0.2170600000000E+15   0.1071817732092E-17
  0.2492250000000E+15   0.1169053320865E-17
  0.2861570000000E+15   0.1291683127550E-17
  0.3285620000000E+15   0.1434202776444E-17
  0.3772500000000E+15   0.1585977820741E-17
  0.4331540000000E+15   0.1729504701862E-17
  0.4973410000000E+15   0.1841034860395E-17
  0.5710410000000E+15   0.1894041607846E-17
  0.6556610000000E+15   0.1865193116671E-17
  0.7528220000000E+15   0.1741084425358E-17
  0.8643800000000E+15   0.1524880800608E-17
  0.9924690000000E+15   0.1238963920924E-17
  0.1139540000000E+16   0.9215034335109E-18
  0.1308400000000E+16   0.6188753192571E-18
  0.1502290000000E+16   0.3690948176027E-18
  0.1724910000000E+16   0.1919082555451E-18
  0.1980520000000E+16   0.8516840478315E-19
  0.2274010000000E+16   0.3152077087311E-19
  0.2610990000000E+16   0.9468594252052E-20
  0.2997900000000E+16   0.2238254843916E-20
