mstar = 2 Msun, Rstar = 2.5 Rsun, Tstar = 10000, mdisk = 0.0044627 Msun, Rc = 150 AU, Rin = 0.5 AU, Rout = 250 AU, inclination = 45 degree, powerlaw = -0.5 
         130
  
  0.2997900000000E+11   0.5908788374506E-23
  0.3951060000000E+11   0.1346017497351E-22
  0.5207280000000E+11   0.3063320030912E-22
  0.6862910000000E+11   0.6961840136137E-22
  0.9044930000000E+11   0.1579057823334E-21
  0.1192070000000E+12   0.3571883135469E-21
  0.1571080000000E+12   0.8050355988884E-21
  0.2070600000000E+12   0.1805534963792E-20
  0.2728930000000E+12   0.4022956683296E-20
  0.3596580000000E+12   0.9689501350369E-20
  0.4740100000000E+12   0.2785876440202E-19
  0.6247180000000E+12   0.7883919898140E-19
  0.8233440000000E+12   0.2179748495999E-18
  0.1085120000000E+13   0.5844956663749E-18
  0.1430130000000E+13   0.1499550447561E-17
  0.1884830000000E+13   0.3618996365498E-17
  0.2484100000000E+13   0.8007071645105E-17
  0.3273910000000E+13   0.1559013738078E-16
  0.4314820000000E+13   0.2539774311196E-16
  0.5686700000000E+13   0.3250885607291E-16
  0.7494750000000E+13   0.3194809403403E-16
  0.7682960000000E+13   0.3155637952055E-16
  0.7875890000000E+13   0.3111942941762E-16
  0.8073670000000E+13   0.3063950469547E-16
  0.8276410000000E+13   0.3012351294916E-16
  0.8484250000000E+13   0.2958165712111E-16
  0.8697300000000E+13   0.2905377414894E-16
  0.8915700000000E+13   0.2850021928291E-16
  0.9139590000000E+13   0.2797891863944E-16
  0.9369100000000E+13   0.2744832547705E-16
  0.9604380000000E+13   0.2693245014771E-16
  0.9845560000000E+13   0.2643228132948E-16
  0.1009280000000E+14   0.2592222877989E-16
  0.1034620000000E+14   0.2542384665725E-16
  0.1060610000000E+14   0.2491253094199E-16
  0.1087240000000E+14   0.2444486800685E-16
  0.1114540000000E+14   0.2397318966055E-16
  0.1142530000000E+14   0.2352089652073E-16
  0.1171220000000E+14   0.2308127844385E-16
  0.1200630000000E+14   0.2263301599349E-16
  0.1230780000000E+14   0.2219264980605E-16
  0.1261690000000E+14   0.2173693493760E-16
  0.1293370000000E+14   0.2133537507408E-16
  0.1325850000000E+14   0.2092300560555E-16
  0.1359150000000E+14   0.2052398714872E-16
  0.1393280000000E+14   0.2012784528909E-16
  0.1428260000000E+14   0.1973386574562E-16
  0.1464130000000E+14   0.1938497817878E-16
  0.1500900000000E+14   0.1901157714251E-16
  0.1538590000000E+14   0.1851721569284E-16
  0.1577220000000E+14   0.1800700582796E-16
  0.1616830000000E+14   0.1717900888034E-16
  0.1657430000000E+14   0.1619290658476E-16
  0.1699050000000E+14   0.1513652037991E-16
  0.1741720000000E+14   0.1384829080503E-16
  0.1785460000000E+14   0.1263927603951E-16
  0.1830290000000E+14   0.1137467789555E-16
  0.1876260000000E+14   0.1018987770493E-16
  0.1923370000000E+14   0.9134500214317E-17
  0.1971670000000E+14   0.8178218689706E-17
  0.2021180000000E+14   0.7348067324426E-17
  0.2071940000000E+14   0.6697074363838E-17
  0.2123970000000E+14   0.6101460823905E-17
  0.2177310000000E+14   0.6023984743150E-17
  0.2231980000000E+14   0.5934624968734E-17
  0.2288030000000E+14   0.5991381994723E-17
  0.2345490000000E+14   0.6081546374133E-17
  0.2404390000000E+14   0.6183122499484E-17
  0.2464770000000E+14   0.6322813286831E-17
  0.2526660000000E+14   0.6424903115544E-17
  0.2590110000000E+14   0.6546203306817E-17
  0.2655150000000E+14   0.6629616152658E-17
  0.2721830000000E+14   0.6781640238578E-17
  0.2790180000000E+14   0.6928813928480E-17
  0.2860240000000E+14   0.7003475423149E-17
  0.2932070000000E+14   0.7001100982828E-17
  0.3005700000000E+14   0.6969559072092E-17
  0.3081180000000E+14   0.6795447352579E-17
  0.3158550000000E+14   0.6627196586299E-17
  0.3237870000000E+14   0.5936480160195E-17
  0.3319170000000E+14   0.5133671481757E-17
  0.3402530000000E+14   0.4396063468781E-17
  0.3487970000000E+14   0.3718224576536E-17
  0.3575560000000E+14   0.3087129636822E-17
  0.3665350000000E+14   0.2521882065202E-17
  0.3757390000000E+14   0.1978051209681E-17
  0.3851740000000E+14   0.1649055233984E-17
  0.3948470000000E+14   0.1382638705849E-17
  0.4047620000000E+14   0.1212627365031E-17
  0.4149260000000E+14   0.1154039840687E-17
  0.4253460000000E+14   0.1104716983700E-17
  0.4360270000000E+14   0.1091519587049E-17
  0.4469770000000E+14   0.1080408793022E-17
  0.4582010000000E+14   0.1071586245967E-17
  0.4697070000000E+14   0.1064475915575E-17
  0.4815020000000E+14   0.1057721597300E-17
  0.4935940000000E+14   0.1051176502258E-17
  0.5059890000000E+14   0.1045837883744E-17
  0.5186950000000E+14   0.1042139733950E-17
  0.5317200000000E+14   0.1039094168181E-17
  0.5450730000000E+14   0.1038096243042E-17
  0.6258450000000E+14   0.1046180312142E-17
  0.7185870000000E+14   0.1062620987449E-17
  0.8250720000000E+14   0.1066873430102E-17
  0.9473370000000E+14   0.1054284306352E-17
  0.1087720000000E+15   0.1030431002738E-17
  0.1248910000000E+15   0.1005379586792E-17
  0.1433980000000E+15   0.9887220701604E-18
  0.1646470000000E+15   0.9901462568893E-18
  0.1890460000000E+15   0.1018873021482E-17
  0.2170600000000E+15   0.1077223076923E-17
  0.2492250000000E+15   0.1166985632308E-17
  0.2861570000000E+15   0.1286378207162E-17
  0.3285620000000E+15   0.1428426525089E-17
  0.3772500000000E+15   0.1581035565474E-17
  0.4331540000000E+15   0.1725696265251E-17
  0.4973410000000E+15   0.1838010605976E-17
  0.5710410000000E+15   0.1891047233998E-17
  0.6556610000000E+15   0.1861415501611E-17
  0.7528220000000E+15   0.1735644913878E-17
  0.8643800000000E+15   0.1518283581205E-17
  0.9924690000000E+15   0.1232913325193E-17
  0.1139540000000E+16   0.9152946531161E-18
  0.1308400000000E+16   0.6149634354826E-18
  0.1502290000000E+16   0.3671658497916E-18
  0.1724910000000E+16   0.1911559423232E-18
  0.1980520000000E+16   0.8481608001584E-19
  0.2274010000000E+16   0.3139338060361E-19
  0.2610990000000E+16   0.9431032381524E-20
  0.2997900000000E+16   0.2229501678589E-20
