mstar = 2 Msun, Rstar = 2.5 Rsun, Tstar = 10000, mdisk = 0.00080824 Msun, Rc = 150 AU, Rin = 0.5 AU, Rout = 250 AU, inclination = 45 degree, powerlaw = -0.5 
         130
  
  0.2997900000000E+11   0.1282767490386E-23
  0.3951060000000E+11   0.2912135550466E-23
  0.5207280000000E+11   0.6612486395811E-23
  0.6862910000000E+11   0.1500854186289E-22
  0.9044930000000E+11   0.3402879461039E-22
  0.1192070000000E+12   0.7701284702216E-22
  0.1571080000000E+12   0.1738213633063E-21
  0.2070600000000E+12   0.3908188069806E-21
  0.2728930000000E+12   0.8740756860013E-21
  0.3596580000000E+12   0.2116600052729E-20
  0.4740100000000E+12   0.6134130676676E-20
  0.6247180000000E+12   0.1756307666362E-19
  0.8233440000000E+12   0.4938795722208E-19
  0.1085120000000E+13   0.1357529781565E-18
  0.1430130000000E+13   0.3612841138997E-18
  0.1884830000000E+13   0.9213646577981E-18
  0.2484100000000E+13   0.2217820323072E-17
  0.3273910000000E+13   0.4915314849111E-17
  0.4314820000000E+13   0.9753652466395E-17
  0.5686700000000E+13   0.1652671273018E-16
  0.7494750000000E+13   0.2247093894375E-16
  0.7682960000000E+13   0.2280727679751E-16
  0.7875890000000E+13   0.2308676889736E-16
  0.8073670000000E+13   0.2330321612046E-16
  0.8276410000000E+13   0.2345700699638E-16
  0.8484250000000E+13   0.2355387120925E-16
  0.8697300000000E+13   0.2363755391419E-16
  0.8915700000000E+13   0.2365226772589E-16
  0.9139590000000E+13   0.2366479378853E-16
  0.9369100000000E+13   0.2361896456003E-16
  0.9604380000000E+13   0.2354038852777E-16
  0.9845560000000E+13   0.2342697144100E-16
  0.1009280000000E+14   0.2324834159860E-16
  0.1034620000000E+14   0.2302914409087E-16
  0.1060610000000E+14   0.2274469628893E-16
  0.1087240000000E+14   0.2245547107059E-16
  0.1114540000000E+14   0.2211462446407E-16
  0.1142530000000E+14   0.2174860373349E-16
  0.1171220000000E+14   0.2135417777934E-16
  0.1200630000000E+14   0.2091668690998E-16
  0.1230780000000E+14   0.2045602401946E-16
  0.1261690000000E+14   0.1995775011278E-16
  0.1293370000000E+14   0.1948343234281E-16
  0.1325850000000E+14   0.1898421262856E-16
  0.1359150000000E+14   0.1848396838682E-16
  0.1393280000000E+14   0.1797897824124E-16
  0.1428260000000E+14   0.1747293391556E-16
  0.1464130000000E+14   0.1700048670807E-16
  0.1500900000000E+14   0.1651452852830E-16
  0.1538590000000E+14   0.1595022213651E-16
  0.1577220000000E+14   0.1538533335576E-16
  0.1616830000000E+14   0.1460766886429E-16
  0.1657430000000E+14   0.1373096870893E-16
  0.1699050000000E+14   0.1281696834101E-16
  0.1741720000000E+14   0.1175080566124E-16
  0.1785460000000E+14   0.1075164915101E-16
  0.1830290000000E+14   0.9723381440607E-17
  0.1876260000000E+14   0.8760748942744E-17
  0.1923370000000E+14   0.7898333189575E-17
  0.1971670000000E+14   0.7113871640770E-17
  0.2021180000000E+14   0.6426351227745E-17
  0.2071940000000E+14   0.5874310053214E-17
  0.2123970000000E+14   0.5368537079369E-17
  0.2177310000000E+14   0.5244773187531E-17
  0.2231980000000E+14   0.5117209018077E-17
  0.2288030000000E+14   0.5100579603887E-17
  0.2345490000000E+14   0.5115624080830E-17
  0.2404390000000E+14   0.5148439540634E-17
  0.2464770000000E+14   0.5220098307449E-17
  0.2526660000000E+14   0.5274718437035E-17
  0.2590110000000E+14   0.5353964579996E-17
  0.2655150000000E+14   0.5413226563638E-17
  0.2721830000000E+14   0.5533732338041E-17
  0.2790180000000E+14   0.5657900428493E-17
  0.2860240000000E+14   0.5730165846619E-17
  0.2932070000000E+14   0.5744630157251E-17
  0.3005700000000E+14   0.5738171700938E-17
  0.3081180000000E+14   0.5617964869976E-17
  0.3158550000000E+14   0.5503078732294E-17
  0.3237870000000E+14   0.4962055032585E-17
  0.3319170000000E+14   0.4326950392178E-17
  0.3402530000000E+14   0.3742281079435E-17
  0.3487970000000E+14   0.3203671276763E-17
  0.3575560000000E+14   0.2700403289040E-17
  0.3665350000000E+14   0.2247696550184E-17
  0.3757390000000E+14   0.1808204248725E-17
  0.3851740000000E+14   0.1539775466684E-17
  0.3948470000000E+14   0.1315436421108E-17
  0.4047620000000E+14   0.1163082188340E-17
  0.4149260000000E+14   0.1108058154404E-17
  0.4253460000000E+14   0.1059385220209E-17
  0.4360270000000E+14   0.1047316264518E-17
  0.4469770000000E+14   0.1036870301681E-17
  0.4582010000000E+14   0.1028322051132E-17
  0.4697070000000E+14   0.1021093202256E-17
  0.4815020000000E+14   0.1013705053040E-17
  0.4935940000000E+14   0.1006005037348E-17
  0.5059890000000E+14   0.9991777898836E-18
  0.5186950000000E+14   0.9938227132307E-18
  0.5317200000000E+14   0.9888486399750E-18
  0.5450730000000E+14   0.9860126121930E-18
  0.6258450000000E+14   0.9838457665965E-18
  0.7185870000000E+14   0.9923480451482E-18
  0.8250720000000E+14   0.9918432568552E-18
  0.9473370000000E+14   0.9796998668656E-18
  0.1087720000000E+15   0.9627061589292E-18
  0.1248910000000E+15   0.9499656546688E-18
  0.1433980000000E+15   0.9486448296736E-18
  0.1646470000000E+15   0.9654996517952E-18
  0.1890460000000E+15   0.1007259287809E-17
  0.2170600000000E+15   0.1075126011025E-17
  0.2492250000000E+15   0.1170673133897E-17
  0.2861570000000E+15   0.1292604332088E-17
  0.3285620000000E+15   0.1434726658097E-17
  0.3772500000000E+15   0.1586040352389E-17
  0.4331540000000E+15   0.1729209064773E-17
  0.4973410000000E+15   0.1840549199484E-17
  0.5710410000000E+15   0.1893382291931E-17
  0.6556610000000E+15   0.1864270133851E-17
  0.7528220000000E+15   0.1739726023324E-17
  0.8643800000000E+15   0.1523228433363E-17
  0.9924690000000E+15   0.1237447848970E-17
  0.1139540000000E+16   0.9199466128204E-18
  0.1308400000000E+16   0.6178945870910E-18
  0.1502290000000E+16   0.3686114134392E-18
  0.1724910000000E+16   0.1917198166036E-18
  0.1980520000000E+16   0.8508014750632E-19
  0.2274010000000E+16   0.3148886078289E-19
  0.2610990000000E+16   0.9459185612709E-20
  0.2997900000000E+16   0.2236062364386E-20
