mstar = 2 Msun, Rstar = 2.5 Rsun, Tstar = 10000, mdisk = 0.0002174 Msun, Rc = 150 AU, Rin = 0.5 AU, Rout = 250 AU, inclination = 45 degree, powerlaw = -0.5 
         130
  
  0.2997900000000E+11   0.4179801384591E-24
  0.3951060000000E+11   0.9391537670039E-24
  0.5207280000000E+11   0.2116065454167E-23
  0.6862910000000E+11   0.4775896221405E-23
  0.9044930000000E+11   0.1078622940960E-22
  0.1192070000000E+12   0.2435208406840E-22
  0.1571080000000E+12   0.5490360754819E-22
  0.2070600000000E+12   0.1234656999452E-21
  0.2728930000000E+12   0.2765385228280E-21
  0.3596580000000E+12   0.6713669586256E-21
  0.4740100000000E+12   0.1953600409711E-20
  0.6247180000000E+12   0.5631477253627E-20
  0.8233440000000E+12   0.1599501324915E-19
  0.1085120000000E+13   0.4459510193532E-19
  0.1430130000000E+13   0.1210819380887E-18
  0.1884830000000E+13   0.3176190646876E-18
  0.2484100000000E+13   0.7956372669645E-18
  0.3273910000000E+13   0.1865846807426E-17
  0.4314820000000E+13   0.4011987450805E-17
  0.5686700000000E+13   0.7617053880313E-17
  0.7494750000000E+13   0.1212409673128E-16
  0.7682960000000E+13   0.1251052133257E-16
  0.7875890000000E+13   0.1287844277936E-16
  0.8073670000000E+13   0.1322250533202E-16
  0.8276410000000E+13   0.1354145606215E-16
  0.8484250000000E+13   0.1383785780291E-16
  0.8697300000000E+13   0.1414341588798E-16
  0.8915700000000E+13   0.1441558746930E-16
  0.9139590000000E+13   0.1470550310275E-16
  0.9369100000000E+13   0.1496823380557E-16
  0.9604380000000E+13   0.1522321304078E-16
  0.9845560000000E+13   0.1546768377179E-16
  0.1009280000000E+14   0.1567252920752E-16
  0.1034620000000E+14   0.1585650354367E-16
  0.1060610000000E+14   0.1599311504739E-16
  0.1087240000000E+14   0.1613696882918E-16
  0.1114540000000E+14   0.1623929341334E-16
  0.1142530000000E+14   0.1632273956586E-16
  0.1171220000000E+14   0.1637999832683E-16
  0.1200630000000E+14   0.1639034653400E-16
  0.1230780000000E+14   0.1637040790788E-16
  0.1261690000000E+14   0.1629877610444E-16
  0.1293370000000E+14   0.1624162139455E-16
  0.1325850000000E+14   0.1613852959845E-16
  0.1359150000000E+14   0.1601300886234E-16
  0.1393280000000E+14   0.1585655092871E-16
  0.1428260000000E+14   0.1566998190376E-16
  0.1464130000000E+14   0.1549131810569E-16
  0.1500900000000E+14   0.1526229869532E-16
  0.1538590000000E+14   0.1490844931890E-16
  0.1577220000000E+14   0.1452172569469E-16
  0.1616830000000E+14   0.1387046420687E-16
  0.1657430000000E+14   0.1309085981491E-16
  0.1699050000000E+14   0.1225538868681E-16
  0.1741720000000E+14   0.1124109622908E-16
  0.1785460000000E+14   0.1028753946841E-16
  0.1830290000000E+14   0.9288431516580E-17
  0.1876260000000E+14   0.8347494666347E-17
  0.1923370000000E+14   0.7504621208983E-17
  0.1971670000000E+14   0.6736266287499E-17
  0.2021180000000E+14   0.6066075325337E-17
  0.2071940000000E+14   0.5542105417393E-17
  0.2123970000000E+14   0.5061272078804E-17
  0.2177310000000E+14   0.5021268118121E-17
  0.2231980000000E+14   0.4959926784459E-17
  0.2288030000000E+14   0.5002817652171E-17
  0.2345490000000E+14   0.5053289386521E-17
  0.2404390000000E+14   0.5095308375247E-17
  0.2464770000000E+14   0.5149399830431E-17
  0.2526660000000E+14   0.5167572975878E-17
  0.2590110000000E+14   0.5192504720662E-17
  0.2655150000000E+14   0.5192097541929E-17
  0.2721830000000E+14   0.5236625128906E-17
  0.2790180000000E+14   0.5283832501292E-17
  0.2860240000000E+14   0.5294749984367E-17
  0.2932070000000E+14   0.5267214463658E-17
  0.3005700000000E+14   0.5230507084099E-17
  0.3081180000000E+14   0.5110925169196E-17
  0.3158550000000E+14   0.5000961092480E-17
  0.3237870000000E+14   0.4553178254586E-17
  0.3319170000000E+14   0.4029758701331E-17
  0.3402530000000E+14   0.3545725778926E-17
  0.3487970000000E+14   0.3096056803793E-17
  0.3575560000000E+14   0.2669378853062E-17
  0.3665350000000E+14   0.2273488210415E-17
  0.3757390000000E+14   0.1858840901231E-17
  0.3851740000000E+14   0.1568847214549E-17
  0.3948470000000E+14   0.1284046281179E-17
  0.4047620000000E+14   0.1064479834450E-17
  0.4149260000000E+14   0.9877719862734E-18
  0.4253460000000E+14   0.9188675684363E-18
  0.4360270000000E+14   0.9070929808130E-18
  0.4469770000000E+14   0.8965447062906E-18
  0.4582010000000E+14   0.8878786062344E-18
  0.4697070000000E+14   0.8803315558810E-18
  0.4815020000000E+14   0.8717246367976E-18
  0.4935940000000E+14   0.8619952635714E-18
  0.5059890000000E+14   0.8531849476712E-18
  0.5186950000000E+14   0.8464010870521E-18
  0.5317200000000E+14   0.8399976279722E-18
  0.5450730000000E+14   0.8368590617649E-18
  0.6258450000000E+14   0.8414148867792E-18
  0.7185870000000E+14   0.8681593408209E-18
  0.8250720000000E+14   0.8894318091266E-18
  0.9473370000000E+14   0.9001509721954E-18
  0.1087720000000E+15   0.9057828150263E-18
  0.1248910000000E+15   0.9128493485806E-18
  0.1433980000000E+15   0.9264819318060E-18
  0.1646470000000E+15   0.9529993590206E-18
  0.1890460000000E+15   0.1000124038488E-17
  0.2170600000000E+15   0.1070786505395E-17
  0.2492250000000E+15   0.1167805536687E-17
  0.2861570000000E+15   0.1290506848199E-17
  0.3285620000000E+15   0.1433263590755E-17
  0.3772500000000E+15   0.1585337959052E-17
  0.4331540000000E+15   0.1729154669818E-17
  0.4973410000000E+15   0.1840897927748E-17
  0.5710410000000E+15   0.1894024561035E-17
  0.6556610000000E+15   0.1865239117686E-17
  0.7528220000000E+15   0.1741176716327E-17
  0.8643800000000E+15   0.1524998037869E-17
  0.9924690000000E+15   0.1239071996490E-17
  0.1139540000000E+16   0.9216145021623E-18
  0.1308400000000E+16   0.6189452870149E-18
  0.1502290000000E+16   0.3691292998240E-18
  0.1724910000000E+16   0.1919216949287E-18
  0.1980520000000E+16   0.8517469943744E-19
  0.2274010000000E+16   0.3152304672410E-19
  0.2610990000000E+16   0.9469265276376E-20
  0.2997900000000E+16   0.2238411210411E-20
