mstar = 2 Msun, Rstar = 2.5 Rsun, Tstar = 10000, mdisk = 0.0011352 Msun, Rc = 150 AU, Rin = 0.5 AU, Rout = 250 AU, inclination = 45 degree, powerlaw = -0.5 
         130
  
  0.2997900000000E+11   0.1733723671711E-23
  0.3951060000000E+11   0.3940752364559E-23
  0.5207280000000E+11   0.8956027938508E-23
  0.6862910000000E+11   0.2033978574474E-22
  0.9044930000000E+11   0.4613216687258E-22
  0.1192070000000E+12   0.1044172516558E-21
  0.1571080000000E+12   0.2356509706739E-21
  0.2070600000000E+12   0.5296623122255E-21
  0.2728930000000E+12   0.1183908046988E-20
  0.3596580000000E+12   0.2864386889940E-20
  0.4740100000000E+12   0.8290736860740E-20
  0.6247180000000E+12   0.2369260971559E-19
  0.8233440000000E+12   0.6644202340345E-19
  0.1085120000000E+13   0.1819166031711E-18
  0.1430130000000E+13   0.4814345373651E-18
  0.1884830000000E+13   0.1217844023832E-17
  0.2484100000000E+13   0.2896687782173E-17
  0.3273910000000E+13   0.6306907202831E-17
  0.4314820000000E+13   0.1218432612596E-16
  0.5686700000000E+13   0.1983208600560E-16
  0.7494750000000E+13   0.2548436977221E-16
  0.7682960000000E+13   0.2571700868969E-16
  0.7875890000000E+13   0.2588143709819E-16
  0.8073670000000E+13   0.2597269335308E-16
  0.8276410000000E+13   0.2599272088464E-16
  0.8484250000000E+13   0.2594879488666E-16
  0.8697300000000E+13   0.2588552791239E-16
  0.8915700000000E+13   0.2574895710350E-16
  0.9139590000000E+13   0.2560577557315E-16
  0.9369100000000E+13   0.2540254293923E-16
  0.9604380000000E+13   0.2516563595290E-16
  0.9845560000000E+13   0.2489458417069E-16
  0.1009280000000E+14   0.2456235002934E-16
  0.1034620000000E+14   0.2419427167170E-16
  0.1060610000000E+14   0.2376882122408E-16
  0.1087240000000E+14   0.2334471205531E-16
  0.1114540000000E+14   0.2287944208532E-16
  0.1142530000000E+14   0.2239933150680E-16
  0.1171220000000E+14   0.2190270661219E-16
  0.1200630000000E+14   0.2137668935940E-16
  0.1230780000000E+14   0.2084075478294E-16
  0.1261690000000E+14   0.2028128825950E-16
  0.1293370000000E+14   0.1975797596421E-16
  0.1325850000000E+14   0.1922344147528E-16
  0.1359150000000E+14   0.1870054332399E-16
  0.1393280000000E+14   0.1818480737107E-16
  0.1428260000000E+14   0.1767873193545E-16
  0.1464130000000E+14   0.1721690373292E-16
  0.1500900000000E+14   0.1674916682617E-16
  0.1538590000000E+14   0.1620403139098E-16
  0.1577220000000E+14   0.1566072355490E-16
  0.1616830000000E+14   0.1488893812793E-16
  0.1657430000000E+14   0.1400752804255E-16
  0.1699050000000E+14   0.1308204070590E-16
  0.1741720000000E+14   0.1198825489837E-16
  0.1785460000000E+14   0.1096308814082E-16
  0.1830290000000E+14   0.9903555440637E-17
  0.1876260000000E+14   0.8912178359588E-17
  0.1923370000000E+14   0.8026062075635E-17
  0.1971670000000E+14   0.7221371628694E-17
  0.2021180000000E+14   0.6518009603370E-17
  0.2071940000000E+14   0.5956010962275E-17
  0.2123970000000E+14   0.5441219043344E-17
  0.2177310000000E+14   0.5327568381407E-17
  0.2231980000000E+14   0.5211666831206E-17
  0.2288030000000E+14   0.5216444269271E-17
  0.2345490000000E+14   0.5256759754381E-17
  0.2404390000000E+14   0.5316000361888E-17
  0.2464770000000E+14   0.5415663315576E-17
  0.2526660000000E+14   0.5493482448874E-17
  0.2590110000000E+14   0.5594449393856E-17
  0.2655150000000E+14   0.5669931016598E-17
  0.2721830000000E+14   0.5807829128001E-17
  0.2790180000000E+14   0.5945969150811E-17
  0.2860240000000E+14   0.6025477133382E-17
  0.2932070000000E+14   0.6041097720545E-17
  0.3005700000000E+14   0.6032838619506E-17
  0.3081180000000E+14   0.5902662728078E-17
  0.3158550000000E+14   0.5777462020327E-17
  0.3237870000000E+14   0.5200446705568E-17
  0.3319170000000E+14   0.4523717329836E-17
  0.3402530000000E+14   0.3900573015640E-17
  0.3487970000000E+14   0.3326702029577E-17
  0.3575560000000E+14   0.2790623796100E-17
  0.3665350000000E+14   0.2308704550680E-17
  0.3757390000000E+14   0.1841589129234E-17
  0.3851740000000E+14   0.1557767645329E-17
  0.3948470000000E+14   0.1323645080287E-17
  0.4047620000000E+14   0.1169770659411E-17
  0.4149260000000E+14   0.1115878707732E-17
  0.4253460000000E+14   0.1069142556798E-17
  0.4360270000000E+14   0.1057320456170E-17
  0.4469770000000E+14   0.1047194525030E-17
  0.4582010000000E+14   0.1038997050259E-17
  0.4697070000000E+14   0.1032168415951E-17
  0.4815020000000E+14   0.1025311577986E-17
  0.4935940000000E+14   0.1018271251326E-17
  0.5059890000000E+14   0.1012131930991E-17
  0.5186950000000E+14   0.1007423438584E-17
  0.5317200000000E+14   0.1003122799347E-17
  0.5450730000000E+14   0.1000829125757E-17
  0.6258450000000E+14   0.1000818344529E-17
  0.7185870000000E+14   0.1010311347792E-17
  0.8250720000000E+14   0.1010240497058E-17
  0.9473370000000E+14   0.9975665724759E-18
  0.1087720000000E+15   0.9787690208199E-18
  0.1248910000000E+15   0.9631300905811E-18
  0.1433980000000E+15   0.9582969733690E-18
  0.1646470000000E+15   0.9716735694792E-18
  0.1890460000000E+15   0.1010618471934E-17
  0.2170600000000E+15   0.1076619043023E-17
  0.2492250000000E+15   0.1171133076174E-17
  0.2861570000000E+15   0.1292500485887E-17
  0.3285620000000E+15   0.1434342942479E-17
  0.3772500000000E+15   0.1585646751245E-17
  0.4331540000000E+15   0.1728912966967E-17
  0.4973410000000E+15   0.1840295597223E-17
  0.5710410000000E+15   0.1893091895341E-17
  0.6556610000000E+15   0.1863877019437E-17
  0.7528220000000E+15   0.1739149725563E-17
  0.8643800000000E+15   0.1522527411154E-17
  0.9924690000000E+15   0.1236804662031E-17
  0.1139540000000E+16   0.9192863501881E-18
  0.1308400000000E+16   0.6174786176710E-18
  0.1502290000000E+16   0.3684063413262E-18
  0.1724910000000E+16   0.1916398574098E-18
  0.1980520000000E+16   0.8504269926356E-19
  0.2274010000000E+16   0.3147532085475E-19
  0.2610990000000E+16   0.9455193333247E-20
  0.2997900000000E+16   0.2235132040797E-20
