mstar = 2 Msun, Rstar = 2.5 Rsun, Tstar = 10000, mdisk = 0.0055872 Msun, Rc = 150 AU, Rin = 0.5 AU, Rout = 250 AU, inclination = 45 degree, powerlaw = -0.5 
         130
  
  0.2997900000000E+11   0.7234903438363E-23
  0.3951060000000E+11   0.1648288617081E-22
  0.5207280000000E+11   0.3751361033191E-22
  0.6862910000000E+11   0.8525130531349E-22
  0.9044930000000E+11   0.1933393863171E-21
  0.1192070000000E+12   0.4372452537922E-21
  0.1571080000000E+12   0.9851467882393E-21
  0.2070600000000E+12   0.2208463909625E-20
  0.2728930000000E+12   0.4917584765479E-20
  0.3596580000000E+12   0.1183350769775E-19
  0.4740100000000E+12   0.3397539973916E-19
  0.6247180000000E+12   0.9594984443419E-19
  0.8233440000000E+12   0.2644626358672E-18
  0.1085120000000E+13   0.7058249084944E-18
  0.1430130000000E+13   0.1797738856574E-17
  0.1884830000000E+13   0.4289717861555E-17
  0.2484100000000E+13   0.9323389407594E-17
  0.3273910000000E+13   0.1766111179029E-16
  0.4314820000000E+13   0.2764635055014E-16
  0.5686700000000E+13   0.3373958864650E-16
  0.7494750000000E+13   0.3212135644025E-16
  0.7682960000000E+13   0.3169590305142E-16
  0.7875890000000E+13   0.3123677390077E-16
  0.8073670000000E+13   0.3074531522695E-16
  0.8276410000000E+13   0.3022724833978E-16
  0.8484250000000E+13   0.2969157616797E-16
  0.8697300000000E+13   0.2917778933735E-16
  0.8915700000000E+13   0.2864417274134E-16
  0.9139590000000E+13   0.2814915725010E-16
  0.9369100000000E+13   0.2764851185790E-16
  0.9604380000000E+13   0.2716576798536E-16
  0.9845560000000E+13   0.2670065137804E-16
  0.1009280000000E+14   0.2622503955319E-16
  0.1034620000000E+14   0.2576034858446E-16
  0.1060610000000E+14   0.2527987605505E-16
  0.1087240000000E+14   0.2484217519351E-16
  0.1114540000000E+14   0.2439672338484E-16
  0.1142530000000E+14   0.2396766356736E-16
  0.1171220000000E+14   0.2354775409482E-16
  0.1200630000000E+14   0.2311481924071E-16
  0.1230780000000E+14   0.2268622457291E-16
  0.1261690000000E+14   0.2223814241073E-16
  0.1293370000000E+14   0.2184271188283E-16
  0.1325850000000E+14   0.2143304924517E-16
  0.1359150000000E+14   0.2103448544589E-16
  0.1393280000000E+14   0.2063656450854E-16
  0.1428260000000E+14   0.2023888184868E-16
  0.1464130000000E+14   0.1988573688866E-16
  0.1500900000000E+14   0.1950606997416E-16
  0.1538590000000E+14   0.1900156509259E-16
  0.1577220000000E+14   0.1848012207438E-16
  0.1616830000000E+14   0.1763330002329E-16
  0.1657430000000E+14   0.1662460993326E-16
  0.1699050000000E+14   0.1554386759266E-16
  0.1741720000000E+14   0.1422583524073E-16
  0.1785460000000E+14   0.1298831294580E-16
  0.1830290000000E+14   0.1169344679456E-16
  0.1876260000000E+14   0.1047957837273E-16
  0.1923370000000E+14   0.9397785662329E-17
  0.1971670000000E+14   0.8417010411678E-17
  0.2021180000000E+14   0.7565068470750E-17
  0.2071940000000E+14   0.6896891131083E-17
  0.2123970000000E+14   0.6285390230544E-17
  0.2177310000000E+14   0.6206955190070E-17
  0.2231980000000E+14   0.6115690866708E-17
  0.2288030000000E+14   0.6173914791055E-17
  0.2345490000000E+14   0.6265592677744E-17
  0.2404390000000E+14   0.6368262116085E-17
  0.2464770000000E+14   0.6509643221749E-17
  0.2526660000000E+14   0.6612126855569E-17
  0.2590110000000E+14   0.6734017229839E-17
  0.2655150000000E+14   0.6816952095172E-17
  0.2721830000000E+14   0.6969687571091E-17
  0.2790180000000E+14   0.7117442212379E-17
  0.2860240000000E+14   0.7191042555607E-17
  0.2932070000000E+14   0.7186107207783E-17
  0.3005700000000E+14   0.7151592270018E-17
  0.3081180000000E+14   0.6972060845402E-17
  0.3158550000000E+14   0.6798647695221E-17
  0.3237870000000E+14   0.6093477441610E-17
  0.3319170000000E+14   0.5273201508379E-17
  0.3402530000000E+14   0.4518256204567E-17
  0.3487970000000E+14   0.3823169829729E-17
  0.3575560000000E+14   0.3174998876386E-17
  0.3665350000000E+14   0.2593500808362E-17
  0.3757390000000E+14   0.2032492676717E-17
  0.3851740000000E+14   0.1691410304090E-17
  0.3948470000000E+14   0.1413993125767E-17
  0.4047620000000E+14   0.1236685165247E-17
  0.4149260000000E+14   0.1175147240925E-17
  0.4253460000000E+14   0.1123344401245E-17
  0.4360270000000E+14   0.1108869878396E-17
  0.4469770000000E+14   0.1096584626206E-17
  0.4582010000000E+14   0.1086701256693E-17
  0.4697070000000E+14   0.1078629917375E-17
  0.4815020000000E+14   0.1070986867596E-17
  0.4935940000000E+14   0.1063630158896E-17
  0.5059890000000E+14   0.1057577120263E-17
  0.5186950000000E+14   0.1053265104155E-17
  0.5317200000000E+14   0.1049684351108E-17
  0.5450730000000E+14   0.1048239116416E-17
  0.6258450000000E+14   0.1054841764941E-17
  0.7185870000000E+14   0.1070759457505E-17
  0.8250720000000E+14   0.1074802569672E-17
  0.9473370000000E+14   0.1061921855391E-17
  0.1087720000000E+15   0.1037424929183E-17
  0.1248910000000E+15   0.1011250354433E-17
  0.1433980000000E+15   0.9929902781143E-18
  0.1646470000000E+15   0.9924998482156E-18
  0.1890460000000E+15   0.1019341969637E-17
  0.2170600000000E+15   0.1076221262701E-17
  0.2492250000000E+15   0.1165174629322E-17
  0.2861570000000E+15   0.1284365530893E-17
  0.3285620000000E+15   0.1426636865065E-17
  0.3772500000000E+15   0.1579707708134E-17
  0.4331540000000E+15   0.1724861157095E-17
  0.4973410000000E+15   0.1837506109073E-17
  0.5710410000000E+15   0.1890641086471E-17
  0.6556610000000E+15   0.1860931126886E-17
  0.7528220000000E+15   0.1734949141598E-17
  0.8643800000000E+15   0.1517438959398E-17
  0.9924690000000E+15   0.1232138706861E-17
  0.1139540000000E+16   0.9145005870745E-18
  0.1308400000000E+16   0.6144630083426E-18
  0.1502290000000E+16   0.3669189333296E-18
  0.1724910000000E+16   0.1910595715212E-18
  0.1980520000000E+16   0.8477095299873E-19
  0.2274010000000E+16   0.3137706312025E-19
  0.2610990000000E+16   0.9426220859635E-20
  0.2997900000000E+16   0.2228380398166E-20
