mstar = 2 Msun, Rstar = 2.5 Rsun, Tstar = 10000, mdisk = 0.00072269 Msun, Rc = 150 AU, Rin = 0.5 AU, Rout = 250 AU, inclination = 45 degree, powerlaw = -0.5 
         130
  
  0.2997900000000E+11   0.1163000909645E-23
  0.3951060000000E+11   0.2638935905063E-23
  0.5207280000000E+11   0.5989996045438E-23
  0.6862910000000E+11   0.1359231548871E-22
  0.9044930000000E+11   0.3081314495907E-22
  0.1192070000000E+12   0.6973069644031E-22
  0.1571080000000E+12   0.1573875825276E-21
  0.2070600000000E+12   0.3539039506602E-21
  0.2728930000000E+12   0.7916655645374E-21
  0.3596580000000E+12   0.1917590174572E-20
  0.4740100000000E+12   0.5559725165082E-20
  0.6247180000000E+12   0.1592864507579E-19
  0.8233440000000E+12   0.4483317442016E-19
  0.1085120000000E+13   0.1233949522267E-18
  0.1430130000000E+13   0.3290105610609E-18
  0.1884830000000E+13   0.8413217208098E-18
  0.2484100000000E+13   0.2033111540284E-17
  0.3273910000000E+13   0.4532012659428E-17
  0.4314820000000E+13   0.9070361140309E-17
  0.5686700000000E+13   0.1556443895912E-16
  0.7494750000000E+13   0.2154139096386E-16
  0.7682960000000E+13   0.2190394976920E-16
  0.7875890000000E+13   0.2221352167631E-16
  0.8073670000000E+13   0.2246365134538E-16
  0.8276410000000E+13   0.2265433464447E-16
  0.8484250000000E+13   0.2279087178566E-16
  0.8697300000000E+13   0.2291664182457E-16
  0.8915700000000E+13   0.2297562667737E-16
  0.9139590000000E+13   0.2303448765959E-16
  0.9369100000000E+13   0.2303651461825E-16
  0.9604380000000E+13   0.2300709406087E-16
  0.9845560000000E+13   0.2294372861954E-16
  0.1009280000000E+14   0.2281507122502E-16
  0.1034620000000E+14   0.2264555138549E-16
  0.1060610000000E+14   0.2240941472887E-16
  0.1087240000000E+14   0.2216783274057E-16
  0.1114540000000E+14   0.2187235661119E-16
  0.1142530000000E+14   0.2154952177442E-16
  0.1171220000000E+14   0.2119545560757E-16
  0.1200630000000E+14   0.2079459044346E-16
  0.1230780000000E+14   0.2036690693998E-16
  0.1261690000000E+14   0.1989722207945E-16
  0.1293370000000E+14   0.1944836257042E-16
  0.1325850000000E+14   0.1897000853370E-16
  0.1359150000000E+14   0.1848648276792E-16
  0.1393280000000E+14   0.1799393520557E-16
  0.1428260000000E+14   0.1749622318347E-16
  0.1464130000000E+14   0.1702851470296E-16
  0.1500900000000E+14   0.1654347228467E-16
  0.1538590000000E+14   0.1597694986954E-16
  0.1577220000000E+14   0.1540778772233E-16
  0.1616830000000E+14   0.1462564017609E-16
  0.1657430000000E+14   0.1374505825103E-16
  0.1699050000000E+14   0.1282785550383E-16
  0.1741720000000E+14   0.1176007213307E-16
  0.1785460000000E+14   0.1075934734974E-16
  0.1830290000000E+14   0.9729950867509E-17
  0.1876260000000E+14   0.8765925698996E-17
  0.1923370000000E+14   0.7901790829840E-17
  0.1971670000000E+14   0.7115429595559E-17
  0.2021180000000E+14   0.6426016620394E-17
  0.2071940000000E+14   0.5872476581367E-17
  0.2123970000000E+14   0.5365412040132E-17
  0.2177310000000E+14   0.5241441482447E-17
  0.2231980000000E+14   0.5112535286261E-17
  0.2288030000000E+14   0.5092944603685E-17
  0.2345490000000E+14   0.5103516067244E-17
  0.2404390000000E+14   0.5130961088602E-17
  0.2464770000000E+14   0.5196537315005E-17
  0.2526660000000E+14   0.5245779722841E-17
  0.2590110000000E+14   0.5320149198466E-17
  0.2655150000000E+14   0.5375910347914E-17
  0.2721830000000E+14   0.5493238934403E-17
  0.2790180000000E+14   0.5615489534396E-17
  0.2860240000000E+14   0.5687361887416E-17
  0.2932070000000E+14   0.5702640018633E-17
  0.3005700000000E+14   0.5697574186200E-17
  0.3081180000000E+14   0.5579781494918E-17
  0.3158550000000E+14   0.5467358264961E-17
  0.3237870000000E+14   0.4931016335899E-17
  0.3319170000000E+14   0.4300746942996E-17
  0.3402530000000E+14   0.3720677655710E-17
  0.3487970000000E+14   0.3186503860929E-17
  0.3575560000000E+14   0.2687579899647E-17
  0.3665350000000E+14   0.2239079866602E-17
  0.3757390000000E+14   0.1803893912793E-17
  0.3851740000000E+14   0.1537710291310E-17
  0.3948470000000E+14   0.1313603644922E-17
  0.4047620000000E+14   0.1159212931680E-17
  0.4149260000000E+14   0.1103000297859E-17
  0.4253460000000E+14   0.1052928911222E-17
  0.4360270000000E+14   0.1040729295943E-17
  0.4469770000000E+14   0.1030104546261E-17
  0.4582010000000E+14   0.1021357076017E-17
  0.4697070000000E+14   0.1013896969695E-17
  0.4815020000000E+14   0.1006196458017E-17
  0.4935940000000E+14   0.9981096565395E-18
  0.5059890000000E+14   0.9908842137411E-18
  0.5186950000000E+14   0.9851604402628E-18
  0.5317200000000E+14   0.9798084361102E-18
  0.5450730000000E+14   0.9766745926791E-18
  0.6258450000000E+14   0.9734643642398E-18
  0.7185870000000E+14   0.9818758508244E-18
  0.8250720000000E+14   0.9818290358869E-18
  0.9473370000000E+14   0.9707001317940E-18
  0.1087720000000E+15   0.9552620486274E-18
  0.1248910000000E+15   0.9444236416848E-18
  0.1433980000000E+15   0.9450719453795E-18
  0.1646470000000E+15   0.9636558482770E-18
  0.1890460000000E+15   0.1006651607897E-17
  0.2170600000000E+15   0.1075190470393E-17
  0.2492250000000E+15   0.1170967436099E-17
  0.2861570000000E+15   0.1292923779450E-17
  0.3285620000000E+15   0.1435028069116E-17
  0.3772500000000E+15   0.1586291431336E-17
  0.4331540000000E+15   0.1729383696585E-17
  0.4973410000000E+15   0.1840668028372E-17
  0.5710410000000E+15   0.1893484513520E-17
  0.6556610000000E+15   0.1864389293678E-17
  0.7528220000000E+15   0.1739893069236E-17
  0.8643800000000E+15   0.1523429954100E-17
  0.9924690000000E+15   0.1237632564543E-17
  0.1139540000000E+16   0.9201362328115E-18
  0.1308400000000E+16   0.6180140440373E-18
  0.1502290000000E+16   0.3686703010002E-18
  0.1724910000000E+16   0.1917427752554E-18
  0.1980520000000E+16   0.8509090016525E-19
  0.2274010000000E+16   0.3149274852945E-19
  0.2610990000000E+16   0.9460331918012E-20
  0.2997900000000E+16   0.2236329487657E-20
