mstar = 2 Msun, Rstar = 2.5 Rsun, Tstar = 10000, mdisk = 0.0071672 Msun, Rc = 150 AU, Rin = 0.5 AU, Rout = 250 AU, inclination = 45 degree, powerlaw = -0.5 
         130
  
  0.2997900000000E+11   0.9080478016682E-23
  0.3951060000000E+11   0.2068934670245E-22
  0.5207280000000E+11   0.4708763429113E-22
  0.6862910000000E+11   0.1070016902855E-21
  0.9044930000000E+11   0.2426309485234E-21
  0.1192070000000E+12   0.5485883861609E-21
  0.1571080000000E+12   0.1235574186841E-20
  0.2070600000000E+12   0.2768487073965E-20
  0.2728930000000E+12   0.6160386566316E-20
  0.3596580000000E+12   0.1480961038382E-19
  0.4740100000000E+12   0.4245343282721E-19
  0.6247180000000E+12   0.1196097624205E-18
  0.8233440000000E+12   0.3284896714097E-18
  0.1085120000000E+13   0.8718278789921E-18
  0.1430130000000E+13   0.2201170181416E-17
  0.1884830000000E+13   0.5179842780278E-17
  0.2484100000000E+13   0.1101324421188E-16
  0.3273910000000E+13   0.2017243324789E-16
  0.4314820000000E+13   0.3012398951487E-16
  0.5686700000000E+13   0.3494993997485E-16
  0.7494750000000E+13   0.3251882290534E-16
  0.7682960000000E+13   0.3209229587728E-16
  0.7875890000000E+13   0.3164139417750E-16
  0.8073670000000E+13   0.3116571464236E-16
  0.8276410000000E+13   0.3066931944761E-16
  0.8484250000000E+13   0.3015982840654E-16
  0.8697300000000E+13   0.2967735270751E-16
  0.8915700000000E+13   0.2917633279875E-16
  0.9139590000000E+13   0.2871733197948E-16
  0.9369100000000E+13   0.2825199998388E-16
  0.9604380000000E+13   0.2780413969040E-16
  0.9845560000000E+13   0.2737236101023E-16
  0.1009280000000E+14   0.2692591992376E-16
  0.1034620000000E+14   0.2648699383416E-16
  0.1060610000000E+14   0.2602696060278E-16
  0.1087240000000E+14   0.2560748485876E-16
  0.1114540000000E+14   0.2517514410839E-16
  0.1142530000000E+14   0.2475551429442E-16
  0.1171220000000E+14   0.2434117563366E-16
  0.1200630000000E+14   0.2390926631101E-16
  0.1230780000000E+14   0.2347838331736E-16
  0.1261690000000E+14   0.2302410352916E-16
  0.1293370000000E+14   0.2262190385154E-16
  0.1325850000000E+14   0.2220254620597E-16
  0.1359150000000E+14   0.2179271802480E-16
  0.1393280000000E+14   0.2138189900261E-16
  0.1428260000000E+14   0.2096998913218E-16
  0.1464130000000E+14   0.2060303243081E-16
  0.1500900000000E+14   0.2020776083849E-16
  0.1538590000000E+14   0.1968288260168E-16
  0.1577220000000E+14   0.1914008466239E-16
  0.1616830000000E+14   0.1826104297951E-16
  0.1657430000000E+14   0.1721474876048E-16
  0.1699050000000E+14   0.1609403526405E-16
  0.1741720000000E+14   0.1472835458646E-16
  0.1785460000000E+14   0.1344590599483E-16
  0.1830290000000E+14   0.1210426772132E-16
  0.1876260000000E+14   0.1084631437127E-16
  0.1923370000000E+14   0.9724773719413E-17
  0.1971670000000E+14   0.8707600672818E-17
  0.2021180000000E+14   0.7823591010835E-17
  0.2071940000000E+14   0.7129549042429E-17
  0.2123970000000E+14   0.6494104691369E-17
  0.2177310000000E+14   0.6410146104623E-17
  0.2231980000000E+14   0.6312523012531E-17
  0.2288030000000E+14   0.6368608612590E-17
  0.2345490000000E+14   0.6458631681874E-17
  0.2404390000000E+14   0.6559548073751E-17
  0.2464770000000E+14   0.6699849488259E-17
  0.2526660000000E+14   0.6799832273121E-17
  0.2590110000000E+14   0.6919448875423E-17
  0.2655150000000E+14   0.6999014013925E-17
  0.2721830000000E+14   0.7150388590675E-17
  0.2790180000000E+14   0.7296466356206E-17
  0.2860240000000E+14   0.7366316318624E-17
  0.2932070000000E+14   0.7355412297409E-17
  0.3005700000000E+14   0.7314032754073E-17
  0.3081180000000E+14   0.7124042871788E-17
  0.3158550000000E+14   0.6940443178868E-17
  0.3237870000000E+14   0.6212984403536E-17
  0.3319170000000E+14   0.5368821835424E-17
  0.3402530000000E+14   0.4593027282483E-17
  0.3487970000000E+14   0.3880556747965E-17
  0.3575560000000E+14   0.3217158314752E-17
  0.3665350000000E+14   0.2622764243063E-17
  0.3757390000000E+14   0.2050681866000E-17
  0.3851740000000E+14   0.1703112465591E-17
  0.3948470000000E+14   0.1421111690213E-17
  0.4047620000000E+14   0.1241071672030E-17
  0.4149260000000E+14   0.1178193296348E-17
  0.4253460000000E+14   0.1125450581411E-17
  0.4360270000000E+14   0.1110153844245E-17
  0.4469770000000E+14   0.1097162822301E-17
  0.4582010000000E+14   0.1086678299100E-17
  0.4697070000000E+14   0.1078108225585E-17
  0.4815020000000E+14   0.1070078418613E-17
  0.4935940000000E+14   0.1062444376729E-17
  0.5059890000000E+14   0.1056202067897E-17
  0.5186950000000E+14   0.1051770596886E-17
  0.5317200000000E+14   0.1048148797201E-17
  0.5450730000000E+14   0.1046704454995E-17
  0.6258450000000E+14   0.1054132865940E-17
  0.7185870000000E+14   0.1071850692326E-17
  0.8250720000000E+14   0.1078169110594E-17
  0.9473370000000E+14   0.1067328558696E-17
  0.1087720000000E+15   0.1043981883348E-17
  0.1248910000000E+15   0.1017645208452E-17
  0.1433980000000E+15   0.9978400355377E-18
  0.1646470000000E+15   0.9948210827474E-18
  0.1890460000000E+15   0.1018938339949E-17
  0.2170600000000E+15   0.1073696903335E-17
  0.2492250000000E+15   0.1161574979234E-17
  0.2861570000000E+15   0.1280676190651E-17
  0.3285620000000E+15   0.1423564652679E-17
  0.3772500000000E+15   0.1577596082673E-17
  0.4331540000000E+15   0.1723641313941E-17
  0.4973410000000E+15   0.1836815431850E-17
  0.5710410000000E+15   0.1890092056906E-17
  0.6556610000000E+15   0.1860270403110E-17
  0.7528220000000E+15   0.1733997318504E-17
  0.8643800000000E+15   0.1516283460512E-17
  0.9924690000000E+15   0.1231079077424E-17
  0.1139540000000E+16   0.9134146679952E-18
  0.1308400000000E+16   0.6137786097758E-18
  0.1502290000000E+16   0.3665811867444E-18
  0.1724910000000E+16   0.1909277236763E-18
  0.1980520000000E+16   0.8470921538697E-19
  0.2274010000000E+16   0.3135473908510E-19
  0.2610990000000E+16   0.9419638116282E-20
  0.2997900000000E+16   0.2226846337873E-20
