         130
  
  0.2997900000000E+11   0.9903293286090E-23
  0.3951060000000E+11   0.2256424675516E-22
  0.5207280000000E+11   0.5135354058570E-22
  0.6862910000000E+11   0.1166887594606E-21
  0.9044930000000E+11   0.2645713319470E-21
  0.1192070000000E+12   0.5981104123954E-21
  0.1571080000000E+12   0.1346841955491E-20
  0.2070600000000E+12   0.3016969331675E-20
  0.2728930000000E+12   0.6710802977767E-20
  0.3596580000000E+12   0.1612427439579E-19
  0.4740100000000E+12   0.4618369947143E-19
  0.6247180000000E+12   0.1299595942063E-18
  0.8233440000000E+12   0.3562546391599E-18
  0.1085120000000E+13   0.9428459616992E-18
  0.1430130000000E+13   0.2370070107563E-17
  0.1884830000000E+13   0.5539385032954E-17
  0.2484100000000E+13   0.1165417181619E-16
  0.3273910000000E+13   0.2101543858245E-16
  0.4314820000000E+13   0.3073924147382E-16
  0.5686700000000E+13   0.3497304811985E-16
  0.7494750000000E+13   0.3238292630042E-16
  0.7682960000000E+13   0.3197208875805E-16
  0.7875890000000E+13   0.3153945149656E-16
  0.8073670000000E+13   0.3108378571162E-16
  0.8276410000000E+13   0.3060843175172E-16
  0.8484250000000E+13   0.3012047254872E-16
  0.8697300000000E+13   0.2966020321448E-16
  0.8915700000000E+13   0.2918064863189E-16
  0.9139590000000E+13   0.2874308825468E-16
  0.9369100000000E+13   0.2829784667262E-16
  0.9604380000000E+13   0.2786885737293E-16
  0.9845560000000E+13   0.2745448052551E-16
  0.1009280000000E+14   0.2702330837815E-16
  0.1034620000000E+14   0.2659782768619E-16
  0.1060610000000E+14   0.2614903077323E-16
  0.1087240000000E+14   0.2573950809034E-16
  0.1114540000000E+14   0.2531523169664E-16
  0.1142530000000E+14   0.2490222332035E-16
  0.1171220000000E+14   0.2449311823245E-16
  0.1200630000000E+14   0.2406498769133E-16
  0.1230780000000E+14   0.2363678538014E-16
  0.1261690000000E+14   0.2318400481212E-16
  0.1293370000000E+14   0.2278297274449E-16
  0.1325850000000E+14   0.2236396353424E-16
  0.1359150000000E+14   0.2195399866299E-16
  0.1393280000000E+14   0.2154256529853E-16
  0.1428260000000E+14   0.2112964181066E-16
  0.1464130000000E+14   0.2076172432938E-16
  0.1500900000000E+14   0.2036496636851E-16
  0.1538590000000E+14   0.1983733730340E-16
  0.1577220000000E+14   0.1929150309228E-16
  0.1616830000000E+14   0.1840666569205E-16
  0.1657430000000E+14   0.1735318001945E-16
  0.1699050000000E+14   0.1622461130126E-16
  0.1741720000000E+14   0.1484888267199E-16
  0.1785460000000E+14   0.1355690344172E-16
  0.1830290000000E+14   0.1220514199144E-16
  0.1876260000000E+14   0.1093753991537E-16
  0.1923370000000E+14   0.9807415557524E-17
  0.1971670000000E+14   0.8782459094194E-17
  0.2021180000000E+14   0.7891807756583E-17
  0.2071940000000E+14   0.7192846542538E-17
  0.2123970000000E+14   0.6553019585781E-17
  0.2177310000000E+14   0.6469689185463E-17
  0.2231980000000E+14   0.6372553727854E-17
  0.2288030000000E+14   0.6430670875816E-17
  0.2345490000000E+14   0.6523092746552E-17
  0.2404390000000E+14   0.6626574558077E-17
  0.2464770000000E+14   0.6769853158018E-17
  0.2526660000000E+14   0.6872301679111E-17
  0.2590110000000E+14   0.6994628974359E-17
  0.2655150000000E+14   0.7076404309683E-17
  0.2721830000000E+14   0.7230264410864E-17
  0.2790180000000E+14   0.7378898389208E-17
  0.2860240000000E+14   0.7450407022507E-17
  0.2932070000000E+14   0.7440248260911E-17
  0.3005700000000E+14   0.7399170492419E-17
  0.3081180000000E+14   0.7208136685116E-17
  0.3158550000000E+14   0.7023399153688E-17
  0.3237870000000E+14   0.6289976163786E-17
  0.3319170000000E+14   0.5438167583795E-17
  0.3402530000000E+14   0.4654878347619E-17
  0.3487970000000E+14   0.3934557453928E-17
  0.3575560000000E+14   0.3263250677429E-17
  0.3665350000000E+14   0.2661609030408E-17
  0.3757390000000E+14   0.2082631373933E-17
  0.3851740000000E+14   0.1730603373894E-17
  0.3948470000000E+14   0.1445135716871E-17
  0.4047620000000E+14   0.1262903266858E-17
  0.4149260000000E+14   0.1199244030916E-17
  0.4253460000000E+14   0.1145910683082E-17
  0.4360270000000E+14   0.1130542807632E-17
  0.4469770000000E+14   0.1117521538074E-17
  0.4582010000000E+14   0.1107050261096E-17
  0.4697070000000E+14   0.1098529589193E-17
  0.4815020000000E+14   0.1090574728973E-17
  0.4935940000000E+14   0.1083043897268E-17
  0.5059890000000E+14   0.1076939646011E-17
  0.5186950000000E+14   0.1072674296867E-17
  0.5317200000000E+14   0.1069240044770E-17
  0.5450730000000E+14   0.1067997625162E-17
  0.6258450000000E+14   0.1076506242774E-17
  0.7185870000000E+14   0.1094585926162E-17
  0.8250720000000E+14   0.1100111915870E-17
  0.9473370000000E+14   0.1087143553671E-17
  0.1087720000000E+15   0.1060393109722E-17
  0.1248910000000E+15   0.1029839574315E-17
  0.1433980000000E+15   0.1005705722803E-17
  0.1646470000000E+15   0.9989266601774E-18
  0.1890460000000E+15   0.1020289459133E-17
  0.2170600000000E+15   0.1073354263715E-17
  0.2492250000000E+15   0.1160420915968E-17
  0.2861570000000E+15   0.1279312720503E-17
  0.3285620000000E+15   0.1422370087507E-17
  0.3772500000000E+15   0.1576758335249E-17
  0.4331540000000E+15   0.1723152169180E-17
  0.4973410000000E+15   0.1836532284449E-17
  0.5710410000000E+15   0.1889859944790E-17
  0.6556610000000E+15   0.1859987568271E-17
  0.7528220000000E+15   0.1733589274582E-17
  0.8643800000000E+15   0.1515788141795E-17
  0.9924690000000E+15   0.1230624879890E-17
  0.1139540000000E+16   0.9129493090794E-18
  0.1308400000000E+16   0.6134853025040E-18
  0.1502290000000E+16   0.3664364213407E-18
  0.1724910000000E+16   0.1908712015601E-18
  0.1980520000000E+16   0.8468274968960E-19
  0.2274010000000E+16   0.3134516909618E-19
  0.2610990000000E+16   0.9416816163530E-20
  0.2997900000000E+16   0.2226188697714E-20
