mstar = 2 Msun, Rstar = 2.5 Rsun, Tstar = 10000, mdisk = 0.0066855 Msun, Rc = 150 AU, Rin = 0.5 AU, Rout = 250 AU, inclination = 45 degree, powerlaw = -1 
         130
  
  0.2997900000000E+11   0.8514110450343E-23
  0.3951060000000E+11   0.1939845483466E-22
  0.5207280000000E+11   0.4414947283728E-22
  0.6862910000000E+11   0.1003265747400E-21
  0.9044930000000E+11   0.2275030509820E-21
  0.1192070000000E+12   0.5144149870006E-21
  0.1571080000000E+12   0.1158708620701E-20
  0.2070600000000E+12   0.2596581314881E-20
  0.2728930000000E+12   0.5778852862364E-20
  0.3596580000000E+12   0.1389586769917E-19
  0.4740100000000E+12   0.3985059363027E-19
  0.6247180000000E+12   0.1123473517744E-18
  0.8233440000000E+12   0.3088469586076E-18
  0.1085120000000E+13   0.8209586191492E-18
  0.1430130000000E+13   0.2077833097208E-17
  0.1884830000000E+13   0.4908964221633E-17
  0.2484100000000E+13   0.1050338970226E-16
  0.3273910000000E+13   0.1942633097051E-16
  0.4314820000000E+13   0.2940638217281E-16
  0.5686700000000E+13   0.3460638316353E-16
  0.7494750000000E+13   0.3238790227008E-16
  0.7682960000000E+13   0.3196027147106E-16
  0.7875890000000E+13   0.3150586767053E-16
  0.8073670000000E+13   0.3102476998751E-16
  0.8276410000000E+13   0.3052148969041E-16
  0.8484250000000E+13   0.3000402540914E-16
  0.8697300000000E+13   0.2951235767015E-16
  0.8915700000000E+13   0.2900190278742E-16
  0.9139590000000E+13   0.2853271655004E-16
  0.9369100000000E+13   0.2805745536244E-16
  0.9604380000000E+13   0.2759986042600E-16
  0.9845560000000E+13   0.2715882347343E-16
  0.1009280000000E+14   0.2670420900296E-16
  0.1034620000000E+14   0.2625801132107E-16
  0.1060610000000E+14   0.2579203097291E-16
  0.1087240000000E+14   0.2536725104707E-16
  0.1114540000000E+14   0.2493090501000E-16
  0.1142530000000E+14   0.2450823694490E-16
  0.1171220000000E+14   0.2409186415206E-16
  0.1200630000000E+14   0.2365906606095E-16
  0.1230780000000E+14   0.2322819157937E-16
  0.1261690000000E+14   0.2277494257319E-16
  0.1293370000000E+14   0.2237412238452E-16
  0.1325850000000E+14   0.2195706780382E-16
  0.1359150000000E+14   0.2155015664156E-16
  0.1393280000000E+14   0.2114292175433E-16
  0.1428260000000E+14   0.2073518867275E-16
  0.1464130000000E+14   0.2037266545924E-16
  0.1500900000000E+14   0.1998251030269E-16
  0.1538590000000E+14   0.1946400492083E-16
  0.1577220000000E+14   0.1892806461408E-16
  0.1616830000000E+14   0.1805824001938E-16
  0.1657430000000E+14   0.1702238089913E-16
  0.1699050000000E+14   0.1591266019321E-16
  0.1741720000000E+14   0.1455942501640E-16
  0.1785460000000E+14   0.1328896137549E-16
  0.1830290000000E+14   0.1195971329988E-16
  0.1876260000000E+14   0.1071354133421E-16
  0.1923370000000E+14   0.9602762277421E-17
  0.1971670000000E+14   0.8595708476110E-17
  0.2021180000000E+14   0.7721083889721E-17
  0.2071940000000E+14   0.7035302677465E-17
  0.2123970000000E+14   0.6407763589651E-17
  0.2177310000000E+14   0.6328597971826E-17
  0.2231980000000E+14   0.6235999892792E-17
  0.2288030000000E+14   0.6296744410092E-17
  0.2345490000000E+14   0.6391462781210E-17
  0.2404390000000E+14   0.6497294228729E-17
  0.2464770000000E+14   0.6642304483516E-17
  0.2526660000000E+14   0.6747006208623E-17
  0.2590110000000E+14   0.6871424826218E-17
  0.2655150000000E+14   0.6955864876225E-17
  0.2721830000000E+14   0.7111732754443E-17
  0.2790180000000E+14   0.7262334060590E-17
  0.2860240000000E+14   0.7336754515737E-17
  0.2932070000000E+14   0.7330594347614E-17
  0.3005700000000E+14   0.7293864955284E-17
  0.3081180000000E+14   0.7108372516840E-17
  0.3158550000000E+14   0.6928993156403E-17
  0.3237870000000E+14   0.6205189031526E-17
  0.3319170000000E+14   0.5364268660020E-17
  0.3402530000000E+14   0.4591210082256E-17
  0.3487970000000E+14   0.3880662587618E-17
  0.3575560000000E+14   0.3218347331318E-17
  0.3665350000000E+14   0.2624094682451E-17
  0.3757390000000E+14   0.2051811009509E-17
  0.3851740000000E+14   0.1704485881693E-17
  0.3948470000000E+14   0.1422853937563E-17
  0.4047620000000E+14   0.1243232052636E-17
  0.4149260000000E+14   0.1180808857402E-17
  0.4253460000000E+14   0.1128380675597E-17
  0.4360270000000E+14   0.1113531809566E-17
  0.4469770000000E+14   0.1100929466812E-17
  0.4582010000000E+14   0.1090784585117E-17
  0.4697070000000E+14   0.1082506358274E-17
  0.4815020000000E+14   0.1074713237653E-17
  0.4935940000000E+14   0.1067263330079E-17
  0.5059890000000E+14   0.1061170430995E-17
  0.5186950000000E+14   0.1056861384804E-17
  0.5317200000000E+14   0.1053329170794E-17
  0.5450730000000E+14   0.1051961375639E-17
  0.6258450000000E+14   0.1059451496157E-17
  0.7185870000000E+14   0.1076638384684E-17
  0.8250720000000E+14   0.1081939355059E-17
  0.9473370000000E+14   0.1069881031260E-17
  0.1087720000000E+15   0.1045432193548E-17
  0.1248910000000E+15   0.1018405621984E-17
  0.1433980000000E+15   0.9984901586431E-18
  0.1646470000000E+15   0.9958671656053E-18
  0.1890460000000E+15   0.1020586782083E-17
  0.2170600000000E+15   0.1075781929255E-17
  0.2492250000000E+15   0.1163717451945E-17
  0.2861570000000E+15   0.1282523163477E-17
  0.3285620000000E+15   0.1424909156893E-17
  0.3772500000000E+15   0.1578411755103E-17
  0.4331540000000E+15   0.1724055450019E-17
  0.4973410000000E+15   0.1837020697486E-17
  0.5710410000000E+15   0.1890242698331E-17
  0.6556610000000E+15   0.1860450492191E-17
  0.7528220000000E+15   0.1734258145862E-17
  0.8643800000000E+15   0.1516600633696E-17
  0.9924690000000E+15   0.1231369996048E-17
  0.1139540000000E+16   0.9137127781675E-18
  0.1308400000000E+16   0.6139664987256E-18
  0.1502290000000E+16   0.3666739153411E-18
  0.1724910000000E+16   0.1909639256371E-18
  0.1980520000000E+16   0.8472616668119E-19
  0.2274010000000E+16   0.3136086863217E-19
  0.2610990000000E+16   0.9421445559574E-20
  0.2997900000000E+16   0.2227267550857E-20
