         130
  
  0.2997900000000E+11   0.1044982974081E-22
  0.3951060000000E+11   0.2380958951646E-22
  0.5207280000000E+11   0.5418698171452E-22
  0.6862910000000E+11   0.1231228269888E-21
  0.9044930000000E+11   0.2791435755160E-21
  0.1192070000000E+12   0.6310006981316E-21
  0.1571080000000E+12   0.1420738427787E-20
  0.2070600000000E+12   0.3181989369232E-20
  0.2728930000000E+12   0.7076330356105E-20
  0.3596580000000E+12   0.1699727474714E-19
  0.4740100000000E+12   0.4866029909162E-19
  0.6247180000000E+12   0.1368277382575E-18
  0.8233440000000E+12   0.3746636957064E-18
  0.1085120000000E+13   0.9898607300194E-18
  0.1430130000000E+13   0.2481599173468E-17
  0.1884830000000E+13   0.5775865980389E-17
  0.2484100000000E+13   0.1207355770842E-16
  0.3273910000000E+13   0.2156678346921E-16
  0.4314820000000E+13   0.3116435067176E-16
  0.5686700000000E+13   0.3508707092527E-16
  0.7494750000000E+13   0.3244568313032E-16
  0.7682960000000E+13   0.3204399199547E-16
  0.7875890000000E+13   0.3162106826202E-16
  0.8073670000000E+13   0.3117520326589E-16
  0.8276410000000E+13   0.3070940664494E-16
  0.8484250000000E+13   0.3023053983895E-16
  0.8697300000000E+13   0.2977929504279E-16
  0.8915700000000E+13   0.2930770196465E-16
  0.9139590000000E+13   0.2887785241815E-16
  0.9369100000000E+13   0.2843911388357E-16
  0.9604380000000E+13   0.2801572260311E-16
  0.9845560000000E+13   0.2760596308054E-16
  0.1009280000000E+14   0.2717802676838E-16
  0.1034620000000E+14   0.2675480625687E-16
  0.1060610000000E+14   0.2630704168302E-16
  0.1087240000000E+14   0.2589815858400E-16
  0.1114540000000E+14   0.2547363636688E-16
  0.1142530000000E+14   0.2505990993017E-16
  0.1171220000000E+14   0.2464966659702E-16
  0.1200630000000E+14   0.2421988778270E-16
  0.1230780000000E+14   0.2378983466159E-16
  0.1261690000000E+14   0.2333487135901E-16
  0.1293370000000E+14   0.2293203293434E-16
  0.1325850000000E+14   0.2251106637380E-16
  0.1359150000000E+14   0.2209927383775E-16
  0.1393280000000E+14   0.2168606026763E-16
  0.1428260000000E+14   0.2127140490780E-16
  0.1464130000000E+14   0.2090219013739E-16
  0.1500900000000E+14   0.2050404000654E-16
  0.1538590000000E+14   0.1997407123869E-16
  0.1577220000000E+14   0.1942576838004E-16
  0.1616830000000E+14   0.1853577284356E-16
  0.1657430000000E+14   0.1747569114933E-16
  0.1699050000000E+14   0.1633975032353E-16
  0.1741720000000E+14   0.1495446183735E-16
  0.1785460000000E+14   0.1365331040631E-16
  0.1830290000000E+14   0.1229144789725E-16
  0.1876260000000E+14   0.1101423300149E-16
  0.1923370000000E+14   0.9875538900273E-17
  0.1971670000000E+14   0.8842719701336E-17
  0.2021180000000E+14   0.7945191818849E-17
  0.2071940000000E+14   0.7240878386250E-17
  0.2123970000000E+14   0.6595980537077E-17
  0.2177310000000E+14   0.6512997398277E-17
  0.2231980000000E+14   0.6415915437474E-17
  0.2288030000000E+14   0.6475460303464E-17
  0.2345490000000E+14   0.6569543021019E-17
  0.2404390000000E+14   0.6674670407242E-17
  0.2464770000000E+14   0.6819973659047E-17
  0.2526660000000E+14   0.6924199160786E-17
  0.2590110000000E+14   0.7048426445050E-17
  0.2655150000000E+14   0.7131565587016E-17
  0.2721830000000E+14   0.7287603384849E-17
  0.2790180000000E+14   0.7437881821544E-17
  0.2860240000000E+14   0.7510153448074E-17
  0.2932070000000E+14   0.7499791291460E-17
  0.3005700000000E+14   0.7458102360394E-17
  0.3081180000000E+14   0.7264991017237E-17
  0.3158550000000E+14   0.7078156671719E-17
  0.3237870000000E+14   0.6337719327009E-17
  0.3319170000000E+14   0.5476821283710E-17
  0.3402530000000E+14   0.4684140546174E-17
  0.3487970000000E+14   0.3954994182134E-17
  0.3575560000000E+14   0.3275837493996E-17
  0.3665350000000E+14   0.2667087092806E-17
  0.3757390000000E+14   0.2081090458950E-17
  0.3851740000000E+14   0.1724504799871E-17
  0.3948470000000E+14   0.1434778149209E-17
  0.4047620000000E+14   0.1249351123675E-17
  0.4149260000000E+14   0.1184669422366E-17
  0.4253460000000E+14   0.1130523864151E-17
  0.4360270000000E+14   0.1115027225910E-17
  0.4469770000000E+14   0.1101902790947E-17
  0.4582010000000E+14   0.1091356298541E-17
  0.4697070000000E+14   0.1082777335697E-17
  0.4815020000000E+14   0.1074758274931E-17
  0.4935940000000E+14   0.1067158475146E-17
  0.5059890000000E+14   0.1060998054517E-17
  0.5186950000000E+14   0.1056698681080E-17
  0.5317200000000E+14   0.1053236049259E-17
  0.5450730000000E+14   0.1051993607730E-17
  0.6258450000000E+14   0.1060732130448E-17
  0.7185870000000E+14   0.1079466425568E-17
  0.8250720000000E+14   0.1086154024887E-17
  0.9473370000000E+14   0.1074950753199E-17
  0.1087720000000E+15   0.1050503560826E-17
  0.1248910000000E+15   0.1022501142306E-17
  0.1433980000000E+15   0.1000781542577E-17
  0.1646470000000E+15   0.9959538254055E-18
  0.1890460000000E+15   0.1018648129218E-17
  0.2170600000000E+15   0.1072479226411E-17
  0.2492250000000E+15   0.1159900470002E-17
  0.2861570000000E+15   0.1278930434485E-17
  0.3285620000000E+15   0.1422064916744E-17
  0.3772500000000E+15   0.1576542368783E-17
  0.4331540000000E+15   0.1723020949520E-17
  0.4973410000000E+15   0.1836445874418E-17
  0.5710410000000E+15   0.1889774598448E-17
  0.6556610000000E+15   0.1859874541038E-17
  0.7528220000000E+15   0.1733423691122E-17
  0.8643800000000E+15   0.1515586987005E-17
  0.9924690000000E+15   0.1230440442678E-17
  0.1139540000000E+16   0.9127603618091E-18
  0.1308400000000E+16   0.6133662102204E-18
  0.1502290000000E+16   0.3663776384684E-18
  0.1724910000000E+16   0.1908482488160E-18
  0.1980520000000E+16   0.8467200250927E-19
  0.2274010000000E+16   0.3134128289900E-19
  0.2610990000000E+16   0.9415670215674E-20
  0.2997900000000E+16   0.2225921640235E-20
