         130
  
  0.2997900000000E+11   0.4007363456008E-23
  0.3951060000000E+11   0.9125444370348E-23
  0.5207280000000E+11   0.2076429613397E-22
  0.6862910000000E+11   0.4718928662681E-22
  0.9044930000000E+11   0.1070495951007E-21
  0.1192070000000E+12   0.2422316527055E-21
  0.1571080000000E+12   0.5462441317301E-21
  0.2070600000000E+12   0.1226103479267E-20
  0.2728930000000E+12   0.2735000031449E-20
  0.3596580000000E+12   0.6597913380867E-20
  0.4740100000000E+12   0.1901571827730E-19
  0.6247180000000E+12   0.5400370249219E-19
  0.8233440000000E+12   0.1500865363243E-18
  0.1085120000000E+13   0.4055901843164E-18
  0.1430130000000E+13   0.1052907637027E-17
  0.1884830000000E+13   0.2587837050372E-17
  0.2484100000000E+13   0.5891342081048E-17
  0.3273910000000E+13   0.1199155354820E-16
  0.4314820000000E+13   0.2088638674943E-16
  0.5686700000000E+13   0.2920907753252E-16
  0.7494750000000E+13   0.3110060406365E-16
  0.7682960000000E+13   0.3086444238229E-16
  0.7875890000000E+13   0.3056136831224E-16
  0.8073670000000E+13   0.3019290989044E-16
  0.8276410000000E+13   0.2976626160073E-16
  0.8484250000000E+13   0.2929251430379E-16
  0.8697300000000E+13   0.2881309755310E-16
  0.8915700000000E+13   0.2828777126160E-16
  0.9139590000000E+13   0.2777581207899E-16
  0.9369100000000E+13   0.2723690524189E-16
  0.9604380000000E+13   0.2669650197401E-16
  0.9845560000000E+13   0.2615743413467E-16
  0.1009280000000E+14   0.2559821515962E-16
  0.1034620000000E+14   0.2504191843917E-16
  0.1060610000000E+14   0.2446862925023E-16
  0.1087240000000E+14   0.2393268465934E-16
  0.1114540000000E+14   0.2339289388608E-16
  0.1142530000000E+14   0.2287259752640E-16
  0.1171220000000E+14   0.2236761055561E-16
  0.1200630000000E+14   0.2186022642250E-16
  0.1230780000000E+14   0.2136644692851E-16
  0.1261690000000E+14   0.2086595445272E-16
  0.1293370000000E+14   0.2042227633102E-16
  0.1325850000000E+14   0.1997669485181E-16
  0.1359150000000E+14   0.1955114538584E-16
  0.1393280000000E+14   0.1913578432268E-16
  0.1428260000000E+14   0.1872942396960E-16
  0.1464130000000E+14   0.1837129824947E-16
  0.1500900000000E+14   0.1799633788112E-16
  0.1538590000000E+14   0.1751344686684E-16
  0.1577220000000E+14   0.1701956650637E-16
  0.1616830000000E+14   0.1623078933551E-16
  0.1657430000000E+14   0.1529556075427E-16
  0.1699050000000E+14   0.1429578275996E-16
  0.1741720000000E+14   0.1307970227335E-16
  0.1785460000000E+14   0.1193905263203E-16
  0.1830290000000E+14   0.1074760477772E-16
  0.1876260000000E+14   0.9632151206280E-17
  0.1923370000000E+14   0.8638987532199E-17
  0.1971670000000E+14   0.7739457708132E-17
  0.2021180000000E+14   0.6958376095715E-17
  0.2071940000000E+14   0.6344881635350E-17
  0.2123970000000E+14   0.5783690908934E-17
  0.2177310000000E+14   0.5706268743156E-17
  0.2231980000000E+14   0.5619876626079E-17
  0.2288030000000E+14   0.5672673220941E-17
  0.2345490000000E+14   0.5758876519999E-17
  0.2404390000000E+14   0.5857491698334E-17
  0.2464770000000E+14   0.5993476027046E-17
  0.2526660000000E+14   0.6094739314704E-17
  0.2590110000000E+14   0.6214883612933E-17
  0.2655150000000E+14   0.6299498813300E-17
  0.2721830000000E+14   0.6449690537854E-17
  0.2790180000000E+14   0.6595670677423E-17
  0.2860240000000E+14   0.6672665018800E-17
  0.2932070000000E+14   0.6676407919095E-17
  0.3005700000000E+14   0.6652456691260E-17
  0.3081180000000E+14   0.6492669274802E-17
  0.3158550000000E+14   0.6338403522190E-17
  0.3237870000000E+14   0.5685775322856E-17
  0.3319170000000E+14   0.4925232838090E-17
  0.3402530000000E+14   0.4225775176278E-17
  0.3487970000000E+14   0.3582560302328E-17
  0.3575560000000E+14   0.2982704382079E-17
  0.3665350000000E+14   0.2444007417606E-17
  0.3757390000000E+14   0.1924708008357E-17
  0.3851740000000E+14   0.1610735186616E-17
  0.3948470000000E+14   0.1355106784290E-17
  0.4047620000000E+14   0.1190924412946E-17
  0.4149260000000E+14   0.1134577279765E-17
  0.4253460000000E+14   0.1086843681419E-17
  0.4360270000000E+14   0.1074433592140E-17
  0.4469770000000E+14   0.1063897340104E-17
  0.4582010000000E+14   0.1055450477250E-17
  0.4697070000000E+14   0.1048536250751E-17
  0.4815020000000E+14   0.1041807238927E-17
  0.4935940000000E+14   0.1035122487591E-17
  0.5059890000000E+14   0.1029500679821E-17
  0.5186950000000E+14   0.1025406127535E-17
  0.5317200000000E+14   0.1021856777510E-17
  0.5450730000000E+14   0.1020295963543E-17
  0.6258450000000E+14   0.1024608049483E-17
  0.7185870000000E+14   0.1037575333428E-17
  0.8250720000000E+14   0.1039618909134E-17
  0.9473370000000E+14   0.1026742095181E-17
  0.1087720000000E+15   0.1004824427432E-17
  0.1248910000000E+15   0.9836058617835E-18
  0.1433980000000E+15   0.9719672725809E-18
  0.1646470000000E+15   0.9787677693292E-18
  0.1890460000000E+15   0.1012427810829E-17
  0.2170600000000E+15   0.1074703659854E-17
  0.2492250000000E+15   0.1166990261398E-17
  0.2861570000000E+15   0.1287615994642E-17
  0.3285620000000E+15   0.1430039731728E-17
  0.3772500000000E+15   0.1582532337390E-17
  0.4331540000000E+15   0.1726849549396E-17
  0.4973410000000E+15   0.1838856247810E-17
  0.5710410000000E+15   0.1891816481076E-17
  0.6556610000000E+15   0.1862359648443E-17
  0.7528220000000E+15   0.1737002423663E-17
  0.8643800000000E+15   0.1519930997015E-17
  0.9924690000000E+15   0.1234424242178E-17
  0.1139540000000E+16   0.9168440379894E-18
  0.1308400000000E+16   0.6159397929452E-18
  0.1502290000000E+16   0.3676474952955E-18
  0.1724910000000E+16   0.1913438805277E-18
  0.1980520000000E+16   0.8490408841265E-19
  0.2274010000000E+16   0.3142520299342E-19
  0.2610990000000E+16   0.9440415688647E-20
  0.2997900000000E+16   0.2231688347647E-20
