mstar = 2 Msun, Rstar = 2.5 Rsun, Tstar = 10000, mdisk = 0.001209 Msun, Rc = 150 AU, Rin = 0.5 AU, Rout = 250 AU, inclination = 45 degree, powerlaw = -1 
         130
  
  0.2997900000000E+11   0.1833263473462E-23
  0.3951060000000E+11   0.4167780277109E-23
  0.5207280000000E+11   0.9473217381288E-23
  0.6862910000000E+11   0.2151614862956E-22
  0.9044930000000E+11   0.4880230780508E-22
  0.1192070000000E+12   0.1104614088392E-21
  0.1571080000000E+12   0.2492830780172E-21
  0.2070600000000E+12   0.5602604215442E-21
  0.2728930000000E+12   0.1252147188826E-20
  0.3596580000000E+12   0.3028948448793E-20
  0.4740100000000E+12   0.8764778282895E-20
  0.6247180000000E+12   0.2503773997864E-19
  0.8233440000000E+12   0.7017593276257E-19
  0.1085120000000E+13   0.1919907572157E-18
  0.1430130000000E+13   0.5075305453523E-18
  0.1884830000000E+13   0.1281785259554E-17
  0.2484100000000E+13   0.3041525547489E-17
  0.3273910000000E+13   0.6598757793368E-17
  0.4314820000000E+13   0.1267975410857E-16
  0.5686700000000E+13   0.2047295492614E-16
  0.7494750000000E+13   0.2601734433068E-16
  0.7682960000000E+13   0.2622575099861E-16
  0.7875890000000E+13   0.2636417196384E-16
  0.8073670000000E+13   0.2642797459334E-16
  0.8276410000000E+13   0.2641944571132E-16
  0.8484250000000E+13   0.2634617497444E-16
  0.8697300000000E+13   0.2625277564059E-16
  0.8915700000000E+13   0.2608595362303E-16
  0.9139590000000E+13   0.2591214851622E-16
  0.9369100000000E+13   0.2567870658530E-16
  0.9604380000000E+13   0.2541210116038E-16
  0.9845560000000E+13   0.2511220966269E-16
  0.1009280000000E+14   0.2475268820847E-16
  0.1034620000000E+14   0.2435892878748E-16
  0.1060610000000E+14   0.2390996637113E-16
  0.1087240000000E+14   0.2346412347982E-16
  0.1114540000000E+14   0.2297963598624E-16
  0.1142530000000E+14   0.2248272946063E-16
  0.1171220000000E+14   0.2197192051481E-16
  0.1200630000000E+14   0.2143447639133E-16
  0.1230780000000E+14   0.2088970079363E-16
  0.1261690000000E+14   0.2032390519459E-16
  0.1293370000000E+14   0.1979662267331E-16
  0.1325850000000E+14   0.1926033842266E-16
  0.1359150000000E+14   0.1873769576763E-16
  0.1393280000000E+14   0.1822392431267E-16
  0.1428260000000E+14   0.1772121115658E-16
  0.1464130000000E+14   0.1726426243838E-16
  0.1500900000000E+14   0.1680196320728E-16
  0.1538590000000E+14   0.1626126226757E-16
  0.1577220000000E+14   0.1572214095627E-16
  0.1616830000000E+14   0.1495016175576E-16
  0.1657430000000E+14   0.1406587502124E-16
  0.1699050000000E+14   0.1313591182582E-16
  0.1741720000000E+14   0.1203398685902E-16
  0.1785460000000E+14   0.1100118294171E-16
  0.1830290000000E+14   0.9932906914974E-17
  0.1876260000000E+14   0.8933591179245E-17
  0.1923370000000E+14   0.8040881448243E-17
  0.1971670000000E+14   0.7230663909511E-17
  0.2021180000000E+14   0.6522958890011E-17
  0.2071940000000E+14   0.5958169473859E-17
  0.2123970000000E+14   0.5440935870299E-17
  0.2177310000000E+14   0.5328966761070E-17
  0.2231980000000E+14   0.5214732669759E-17
  0.2288030000000E+14   0.5222597136430E-17
  0.2345490000000E+14   0.5266247809448E-17
  0.2404390000000E+14   0.5328658914304E-17
  0.2464770000000E+14   0.5431444006349E-17
  0.2526660000000E+14   0.5511492063801E-17
  0.2590110000000E+14   0.5614321185365E-17
  0.2655150000000E+14   0.5690750103553E-17
  0.2721830000000E+14   0.5829651740636E-17
  0.2790180000000E+14   0.5968278179833E-17
  0.2860240000000E+14   0.6047397148854E-17
  0.2932070000000E+14   0.6061980558944E-17
  0.3005700000000E+14   0.6052479974890E-17
  0.3081180000000E+14   0.5920099120683E-17
  0.3158550000000E+14   0.5792804469671E-17
  0.3237870000000E+14   0.5210465088495E-17
  0.3319170000000E+14   0.4528378274243E-17
  0.3402530000000E+14   0.3900527273875E-17
  0.3487970000000E+14   0.3322614150321E-17
  0.3575560000000E+14   0.2783438411409E-17
  0.3665350000000E+14   0.2299313504455E-17
  0.3757390000000E+14   0.1830764637449E-17
  0.3851740000000E+14   0.1546598193626E-17
  0.3948470000000E+14   0.1312835367015E-17
  0.4047620000000E+14   0.1160008642677E-17
  0.4149260000000E+14   0.1106693321559E-17
  0.4253460000000E+14   0.1060616497818E-17
  0.4360270000000E+14   0.1048937142174E-17
  0.4469770000000E+14   0.1038964223870E-17
  0.4582010000000E+14   0.1030919422486E-17
  0.4697070000000E+14   0.1024249150818E-17
  0.4815020000000E+14   0.1017578851674E-17
  0.4935940000000E+14   0.1010753422538E-17
  0.5059890000000E+14   0.1004832268546E-17
  0.5186950000000E+14   0.1000329897986E-17
  0.5317200000000E+14   0.9962408814609E-18
  0.5450730000000E+14   0.9941271554717E-18
  0.6258450000000E+14   0.9949478777674E-18
  0.7185870000000E+14   0.1005132535849E-17
  0.8250720000000E+14   0.1005871020726E-17
  0.9473370000000E+14   0.9940820108514E-18
  0.1087720000000E+15   0.9761049629207E-18
  0.1248910000000E+15   0.9611068060446E-18
  0.1433980000000E+15   0.9566876708481E-18
  0.1646470000000E+15   0.9702866345914E-18
  0.1890460000000E+15   0.1009356563848E-17
  0.2170600000000E+15   0.1075488930785E-17
  0.2492250000000E+15   0.1170170342923E-17
  0.2861570000000E+15   0.1291727148737E-17
  0.3285620000000E+15   0.1433780678995E-17
  0.3772500000000E+15   0.1585293691211E-17
  0.4331540000000E+15   0.1728717050766E-17
  0.4973410000000E+15   0.1840186315875E-17
  0.5710410000000E+15   0.1893014918556E-17
  0.6556610000000E+15   0.1863797408083E-17
  0.7528220000000E+15   0.1739042296998E-17
  0.8643800000000E+15   0.1522398762169E-17
  0.9924690000000E+15   0.1236686854066E-17
  0.1139540000000E+16   0.9191654572929E-18
  0.1308400000000E+16   0.6174024540230E-18
  0.1502290000000E+16   0.3683687902560E-18
  0.1724910000000E+16   0.1916252147545E-18
  0.1980520000000E+16   0.8503584158799E-19
  0.2274010000000E+16   0.3147284135276E-19
  0.2610990000000E+16   0.9454462242853E-20
  0.2997900000000E+16   0.2234961673702E-20
