mstar = 2 Msun, Rstar = 2.5 Rsun, Tstar = 10000, mdisk = 0.00083128 Msun, Rc = 150 AU, Rin = 0.5 AU, Rout = 250 AU, inclination = 45 degree, powerlaw = -1 
         130
  
  0.2997900000000E+11   0.1315015972876E-23
  0.3951060000000E+11   0.2985697387622E-23
  0.5207280000000E+11   0.6780097847238E-23
  0.6862910000000E+11   0.1538987281667E-22
  0.9044930000000E+11   0.3489463195294E-22
  0.1192070000000E+12   0.7897361213116E-22
  0.1571080000000E+12   0.1782462510569E-21
  0.2070600000000E+12   0.4007583493942E-21
  0.2728930000000E+12   0.8962653297285E-21
  0.3596580000000E+12   0.2170186550744E-20
  0.4740100000000E+12   0.6288804825020E-20
  0.6247180000000E+12   0.1800323590360E-19
  0.8233440000000E+12   0.5061482200927E-19
  0.1085120000000E+13   0.1390832614633E-18
  0.1430130000000E+13   0.3699899447767E-18
  0.1884830000000E+13   0.9429996084750E-18
  0.2484100000000E+13   0.2267957392930E-17
  0.3273910000000E+13   0.5020292606516E-17
  0.4314820000000E+13   0.9944279012505E-17
  0.5686700000000E+13   0.1680571125432E-16
  0.7494750000000E+13   0.2276513891483E-16
  0.7682960000000E+13   0.2309685438373E-16
  0.7875890000000E+13   0.2337065767360E-16
  0.8073670000000E+13   0.2358039322944E-16
  0.8276410000000E+13   0.2372653861134E-16
  0.8484250000000E+13   0.2381492885390E-16
  0.8697300000000E+13   0.2388949109213E-16
  0.8915700000000E+13   0.2389435986450E-16
  0.9139590000000E+13   0.2389650120382E-16
  0.9369100000000E+13   0.2383974366060E-16
  0.9604380000000E+13   0.2374981327986E-16
  0.9845560000000E+13   0.2362470791328E-16
  0.1009280000000E+14   0.2343421518578E-16
  0.1034620000000E+14   0.2320309763612E-16
  0.1060610000000E+14   0.2290686072377E-16
  0.1087240000000E+14   0.2260598778430E-16
  0.1114540000000E+14   0.2225387057170E-16
  0.1142530000000E+14   0.2187702506788E-16
  0.1171220000000E+14   0.2147236737247E-16
  0.1200630000000E+14   0.2102540706391E-16
  0.1230780000000E+14   0.2055607636685E-16
  0.1261690000000E+14   0.2005005225113E-16
  0.1293370000000E+14   0.1956883450694E-16
  0.1325850000000E+14   0.1906371359785E-16
  0.1359150000000E+14   0.1855856999388E-16
  0.1393280000000E+14   0.1804967883365E-16
  0.1428260000000E+14   0.1754068188220E-16
  0.1464130000000E+14   0.1706628031553E-16
  0.1500900000000E+14   0.1657918373726E-16
  0.1538590000000E+14   0.1601404982605E-16
  0.1577220000000E+14   0.1544874624339E-16
  0.1616830000000E+14   0.1466954240052E-16
  0.1657430000000E+14   0.1379052186348E-16
  0.1699050000000E+14   0.1287369922262E-16
  0.1741720000000E+14   0.1180333210048E-16
  0.1785460000000E+14   0.1080016294019E-16
  0.1830290000000E+14   0.9767431132094E-17
  0.1876260000000E+14   0.8800601548629E-17
  0.1923370000000E+14   0.7934439362304E-17
  0.1971670000000E+14   0.7146595261041E-17
  0.2021180000000E+14   0.6456161437384E-17
  0.2071940000000E+14   0.5901859814667E-17
  0.2123970000000E+14   0.5394001166011E-17
  0.2177310000000E+14   0.5270130410266E-17
  0.2231980000000E+14   0.5142702046263E-17
  0.2288030000000E+14   0.5127374188590E-17
  0.2345490000000E+14   0.5144306071935E-17
  0.2404390000000E+14   0.5179367289511E-17
  0.2464770000000E+14   0.5253628851561E-17
  0.2526660000000E+14   0.5310460924559E-17
  0.2590110000000E+14   0.5391957570943E-17
  0.2655150000000E+14   0.5452965073196E-17
  0.2721830000000E+14   0.5575538961966E-17
  0.2790180000000E+14   0.5701457667344E-17
  0.2860240000000E+14   0.5774590376218E-17
  0.2932070000000E+14   0.5789144421169E-17
  0.3005700000000E+14   0.5782389622265E-17
  0.3081180000000E+14   0.5660772504011E-17
  0.3158550000000E+14   0.5544375144267E-17
  0.3237870000000E+14   0.4998261668443E-17
  0.3319170000000E+14   0.4357059953220E-17
  0.3402530000000E+14   0.3766491175664E-17
  0.3487970000000E+14   0.3222401915475E-17
  0.3575560000000E+14   0.2713795759782E-17
  0.3665350000000E+14   0.2256359702457E-17
  0.3757390000000E+14   0.1812736686631E-17
  0.3851740000000E+14   0.1542057803166E-17
  0.3948470000000E+14   0.1316256921476E-17
  0.4047620000000E+14   0.1163364280843E-17
  0.4149260000000E+14   0.1108047505159E-17
  0.4253460000000E+14   0.1059189065784E-17
  0.4360270000000E+14   0.1046807310506E-17
  0.4469770000000E+14   0.1036087059246E-17
  0.4582010000000E+14   0.1027298405916E-17
  0.4697070000000E+14   0.1019863516262E-17
  0.4815020000000E+14   0.1012311531340E-17
  0.4935940000000E+14   0.1004488357030E-17
  0.5059890000000E+14   0.9975668043252E-18
  0.5186950000000E+14   0.9921382426099E-18
  0.5317200000000E+14   0.9871173797565E-18
  0.5450730000000E+14   0.9842435717144E-18
  0.6258450000000E+14   0.9821179320902E-18
  0.7185870000000E+14   0.9909764881312E-18
  0.8250720000000E+14   0.9910612154754E-18
  0.9473370000000E+14   0.9796039143626E-18
  0.1087720000000E+15   0.9632840390150E-18
  0.1248910000000E+15   0.9511132806663E-18
  0.1433980000000E+15   0.9501574147633E-18
  0.1646470000000E+15   0.9671036500198E-18
  0.1890460000000E+15   0.1008701891026E-17
  0.2170600000000E+15   0.1076247773048E-17
  0.2492250000000E+15   0.1171442717566E-17
  0.2861570000000E+15   0.1293071584771E-17
  0.3285620000000E+15   0.1434968998887E-17
  0.3772500000000E+15   0.1586144576171E-17
  0.4331540000000E+15   0.1729244271132E-17
  0.4973410000000E+15   0.1840552716067E-17
  0.5710410000000E+15   0.1893369815550E-17
  0.6556610000000E+15   0.1864246490595E-17
  0.7528220000000E+15   0.1739689267398E-17
  0.8643800000000E+15   0.1523183318385E-17
  0.9924690000000E+15   0.1237406413742E-17
  0.1139540000000E+16   0.9199040689554E-18
  0.1308400000000E+16   0.6178677844905E-18
  0.1502290000000E+16   0.3685982005238E-18
  0.1724910000000E+16   0.1917146651217E-18
  0.1980520000000E+16   0.8507773482527E-19
  0.2274010000000E+16   0.3148798844896E-19
  0.2610990000000E+16   0.9458928403968E-20
  0.2997900000000E+16   0.2236002427027E-20
