         130
  
  0.2997900000000E+11   0.9997781652330E-24
  0.3951060000000E+11   0.2266591537440E-23
  0.5207280000000E+11   0.5141551921252E-23
  0.6862910000000E+11   0.1166186965147E-22
  0.9044930000000E+11   0.2642946195188E-22
  0.1192070000000E+12   0.5980204094295E-22
  0.1571080000000E+12   0.1349772355874E-21
  0.2070600000000E+12   0.3035516584059E-21
  0.2728930000000E+12   0.6792201121828E-21
  0.3596580000000E+12   0.1645926209784E-20
  0.4740100000000E+12   0.4775112317590E-20
  0.6247180000000E+12   0.1369405756030E-19
  0.8233440000000E+12   0.3859783405331E-19
  0.1085120000000E+13   0.1064450121272E-18
  0.1430130000000E+13   0.2846179909218E-18
  0.1884830000000E+13   0.7307340582272E-18
  0.2484100000000E+13   0.1776094750518E-17
  0.3273910000000E+13   0.3992375858392E-17
  0.4314820000000E+13   0.8088829680054E-17
  0.5686700000000E+13   0.1413139043589E-16
  0.7494750000000E+13   0.2006027123301E-16
  0.7682960000000E+13   0.2045212547155E-16
  0.7875890000000E+13   0.2079712090574E-16
  0.8073670000000E+13   0.2108860581793E-16
  0.8276410000000E+13   0.2132610232659E-16
  0.8484250000000E+13   0.2151432444515E-16
  0.8697300000000E+13   0.2169564137966E-16
  0.8915700000000E+13   0.2181451759520E-16
  0.9139590000000E+13   0.2193666548887E-16
  0.9369100000000E+13   0.2200540768185E-16
  0.9604380000000E+13   0.2204556430195E-16
  0.9845560000000E+13   0.2205417627032E-16
  0.1009280000000E+14   0.2199890364788E-16
  0.1034620000000E+14   0.2190360906016E-16
  0.1060610000000E+14   0.2174127669287E-16
  0.1087240000000E+14   0.2157346472613E-16
  0.1114540000000E+14   0.2134987702654E-16
  0.1142530000000E+14   0.2109685309793E-16
  0.1171220000000E+14   0.2080954909605E-16
  0.1200630000000E+14   0.2047104674028E-16
  0.1230780000000E+14   0.2010116806946E-16
  0.1261690000000E+14   0.1968354097065E-16
  0.1293370000000E+14   0.1928236337611E-16
  0.1325850000000E+14   0.1884519772038E-16
  0.1359150000000E+14   0.1839668912464E-16
  0.1393280000000E+14   0.1793261559637E-16
  0.1428260000000E+14   0.1745684104195E-16
  0.1464130000000E+14   0.1700496971673E-16
  0.1500900000000E+14   0.1652930130961E-16
  0.1538590000000E+14   0.1596676342714E-16
  0.1577220000000E+14   0.1539755135013E-16
  0.1616830000000E+14   0.1461514765238E-16
  0.1657430000000E+14   0.1373519410361E-16
  0.1699050000000E+14   0.1281948951207E-16
  0.1741720000000E+14   0.1175631163919E-16
  0.1785460000000E+14   0.1075965241002E-16
  0.1830290000000E+14   0.9734936711030E-17
  0.1876260000000E+14   0.8774542410992E-17
  0.1923370000000E+14   0.7912719865794E-17
  0.1971670000000E+14   0.7127738788049E-17
  0.2021180000000E+14   0.6438907777669E-17
  0.2071940000000E+14   0.5885715227692E-17
  0.2123970000000E+14   0.5378799240395E-17
  0.2177310000000E+14   0.5255400782831E-17
  0.2231980000000E+14   0.5124817957601E-17
  0.2288030000000E+14   0.5099765844225E-17
  0.2345490000000E+14   0.5101366406918E-17
  0.2404390000000E+14   0.5117296857277E-17
  0.2464770000000E+14   0.5168957118282E-17
  0.2526660000000E+14   0.5204911683804E-17
  0.2590110000000E+14   0.5265939427966E-17
  0.2655150000000E+14   0.5310622111192E-17
  0.2721830000000E+14   0.5416347573708E-17
  0.2790180000000E+14   0.5528883579413E-17
  0.2860240000000E+14   0.5594757519392E-17
  0.2932070000000E+14   0.5607452369251E-17
  0.3005700000000E+14   0.5601663563558E-17
  0.3081180000000E+14   0.5487369374096E-17
  0.3158550000000E+14   0.5378828846985E-17
  0.3237870000000E+14   0.4858002924979E-17
  0.3319170000000E+14   0.4245332933105E-17
  0.3402530000000E+14   0.3680867603252E-17
  0.3487970000000E+14   0.3160518524492E-17
  0.3575560000000E+14   0.2673943165355E-17
  0.3665350000000E+14   0.2235841972701E-17
  0.3757390000000E+14   0.1809707480670E-17
  0.3851740000000E+14   0.1547255567298E-17
  0.3948470000000E+14   0.1323091040212E-17
  0.4047620000000E+14   0.1164164472590E-17
  0.4149260000000E+14   0.1105362113759E-17
  0.4253460000000E+14   0.1052479208780E-17
  0.4360270000000E+14   0.1039916369318E-17
  0.4469770000000E+14   0.1028901411745E-17
  0.4582010000000E+14   0.1019782718022E-17
  0.4697070000000E+14   0.1011944601830E-17
  0.4815020000000E+14   0.1003767871667E-17
  0.4935940000000E+14   0.9951139158937E-18
  0.5059890000000E+14   0.9873369777423E-18
  0.5186950000000E+14   0.9811411847938E-18
  0.5317200000000E+14   0.9753239972748E-18
  0.5450730000000E+14   0.9718778738945E-18
  0.6258450000000E+14   0.9680268018850E-18
  0.7185870000000E+14   0.9769931306189E-18
  0.8250720000000E+14   0.9776196903775E-18
  0.9473370000000E+14   0.9672351455327E-18
  0.1087720000000E+15   0.9527041305712E-18
  0.1248910000000E+15   0.9428664597183E-18
  0.1433980000000E+15   0.9444903656417E-18
  0.1646470000000E+15   0.9638846544130E-18
  0.1890460000000E+15   0.1007385009579E-17
  0.2170600000000E+15   0.1076045137897E-17
  0.2492250000000E+15   0.1171649764463E-17
  0.2861570000000E+15   0.1293362456847E-17
  0.3285620000000E+15   0.1435319480111E-17
  0.3772500000000E+15   0.1586509078960E-17
  0.4331540000000E+15   0.1729533653109E-17
  0.4973410000000E+15   0.1840780233791E-17
  0.5710410000000E+15   0.1893602525764E-17
  0.6556610000000E+15   0.1864545258161E-17
  0.7528220000000E+15   0.1740120346392E-17
  0.8643800000000E+15   0.1523706095621E-17
  0.9924690000000E+15   0.1237885900952E-17
  0.1139540000000E+16   0.9203963420917E-18
  0.1308400000000E+16   0.6181779071017E-18
  0.1502290000000E+16   0.3687510758749E-18
  0.1724910000000E+16   0.1917742656828E-18
  0.1980520000000E+16   0.8510564878785E-19
  0.2274010000000E+16   0.3149808104382E-19
  0.2610990000000E+16   0.9461904210055E-20
  0.2997900000000E+16   0.2236695877774E-20
