mstar = 2 Msun, Rstar = 2.5 Rsun, Tstar = 10000, mdisk = 0.0050824 Msun, Rc = 150 AU, Rin = 0.5 AU, Rout = 250 AU, inclination = 45 degree, powerlaw = -1 
         130
  
  0.2997900000000E+11   0.6650574711283E-23
  0.3951060000000E+11   0.1515109725157E-22
  0.5207280000000E+11   0.3448248645635E-22
  0.6862910000000E+11   0.7836535952511E-22
  0.9044930000000E+11   0.1777347936172E-21
  0.1192070000000E+12   0.4019983856736E-21
  0.1571080000000E+12   0.9058769727258E-21
  0.2070600000000E+12   0.2031213080119E-20
  0.2728930000000E+12   0.4524286764926E-20
  0.3596580000000E+12   0.1089180952716E-19
  0.4740100000000E+12   0.3129250476477E-19
  0.6247180000000E+12   0.8845980162662E-19
  0.8233440000000E+12   0.2441743374749E-18
  0.1085120000000E+13   0.6531239163088E-18
  0.1430130000000E+13   0.1669201907188E-17
  0.1884830000000E+13   0.4004302591978E-17
  0.2484100000000E+13   0.8776137843375E-17
  0.3273910000000E+13   0.1683918920524E-16
  0.4314820000000E+13   0.2684951178459E-16
  0.5686700000000E+13   0.3347451691579E-16
  0.7494750000000E+13   0.3228189237595E-16
  0.7682960000000E+13   0.3186275365432E-16
  0.7875890000000E+13   0.3140459518040E-16
  0.8073670000000E+13   0.3090929263685E-16
  0.8276410000000E+13   0.3038318521184E-16
  0.8484250000000E+13   0.2983588378677E-16
  0.8697300000000E+13   0.2930705306876E-16
  0.8915700000000E+13   0.2875605967386E-16
  0.9139590000000E+13   0.2824110942798E-16
  0.9369100000000E+13   0.2771926064746E-16
  0.9604380000000E+13   0.2721428522037E-16
  0.9845560000000E+13   0.2672649565363E-16
  0.1009280000000E+14   0.2622886624847E-16
  0.1034620000000E+14   0.2574286530894E-16
  0.1060610000000E+14   0.2524263134420E-16
  0.1087240000000E+14   0.2478594154499E-16
  0.1114540000000E+14   0.2432339413290E-16
  0.1142530000000E+14   0.2387884260839E-16
  0.1171220000000E+14   0.2344522789856E-16
  0.1200630000000E+14   0.2300064102802E-16
  0.1230780000000E+14   0.2256209538721E-16
  0.1261690000000E+14   0.2210587916002E-16
  0.1293370000000E+14   0.2170331691903E-16
  0.1325850000000E+14   0.2128810435074E-16
  0.1359150000000E+14   0.2088515617863E-16
  0.1393280000000E+14   0.2048397456686E-16
  0.1428260000000E+14   0.2008403051139E-16
  0.1464130000000E+14   0.1972916565834E-16
  0.1500900000000E+14   0.1934870666677E-16
  0.1538590000000E+14   0.1884476922879E-16
  0.1577220000000E+14   0.1832446119950E-16
  0.1616830000000E+14   0.1748098712891E-16
  0.1657430000000E+14   0.1647682149902E-16
  0.1699050000000E+14   0.1540126889703E-16
  0.1741720000000E+14   0.1409003627578E-16
  0.1785460000000E+14   0.1285927459055E-16
  0.1830290000000E+14   0.1157193775176E-16
  0.1876260000000E+14   0.1036553030443E-16
  0.1923370000000E+14   0.9290582957685E-17
  0.1971670000000E+14   0.8316426774326E-17
  0.2021180000000E+14   0.7470530450892E-17
  0.2071940000000E+14   0.6807206166028E-17
  0.2123970000000E+14   0.6200395515138E-17
  0.2177310000000E+14   0.6122488232025E-17
  0.2231980000000E+14   0.6032185031882E-17
  0.2288030000000E+14   0.6090543380516E-17
  0.2345490000000E+14   0.6182260790512E-17
  0.2404390000000E+14   0.6285178247610E-17
  0.2464770000000E+14   0.6426471622370E-17
  0.2526660000000E+14   0.6529039533050E-17
  0.2590110000000E+14   0.6650870368733E-17
  0.2655150000000E+14   0.6734070021520E-17
  0.2721830000000E+14   0.6886532202038E-17
  0.2790180000000E+14   0.7033870996324E-17
  0.2860240000000E+14   0.7107590941168E-17
  0.2932070000000E+14   0.7103110415823E-17
  0.3005700000000E+14   0.7069057890580E-17
  0.3081180000000E+14   0.6890884877252E-17
  0.3158550000000E+14   0.6718712434733E-17
  0.3237870000000E+14   0.6018794313976E-17
  0.3319170000000E+14   0.5205368942841E-17
  0.3402530000000E+14   0.4457811253133E-17
  0.3487970000000E+14   0.3770764977255E-17
  0.3575560000000E+14   0.3130791513997E-17
  0.3665350000000E+14   0.2557235229517E-17
  0.3757390000000E+14   0.2004625864559E-17
  0.3851740000000E+14   0.1669535148873E-17
  0.3948470000000E+14   0.1397430239403E-17
  0.4047620000000E+14   0.1223603832563E-17
  0.4149260000000E+14   0.1163835889342E-17
  0.4253460000000E+14   0.1113627921550E-17
  0.4360270000000E+14   0.1100212482348E-17
  0.4469770000000E+14   0.1088894582072E-17
  0.4582010000000E+14   0.1079881432173E-17
  0.4697070000000E+14   0.1072593430649E-17
  0.4815020000000E+14   0.1065661299524E-17
  0.4935940000000E+14   0.1058945884948E-17
  0.5059890000000E+14   0.1053457478014E-17
  0.5186950000000E+14   0.1049631668945E-17
  0.5317200000000E+14   0.1046472905982E-17
  0.5450730000000E+14   0.1045378363680E-17
  0.6258450000000E+14   0.1053037045834E-17
  0.7185870000000E+14   0.1069021883004E-17
  0.8250720000000E+14   0.1072693453470E-17
  0.9473370000000E+14   0.1059338575105E-17
  0.1087720000000E+15   0.1034501531690E-17
  0.1248910000000E+15   0.1008313274362E-17
  0.1433980000000E+15   0.9904736178255E-18
  0.1646470000000E+15   0.9907845784071E-18
  0.1890460000000E+15   0.1018586965313E-17
  0.2170600000000E+15   0.1076310258939E-17
  0.2492250000000E+15   0.1165788704745E-17
  0.2861570000000E+15   0.1285165725616E-17
  0.3285620000000E+15   0.1427372341128E-17
  0.3772500000000E+15   0.1580247824940E-17
  0.4331540000000E+15   0.1725196888657E-17
  0.4973410000000E+15   0.1837715673038E-17
  0.5710410000000E+15   0.1890822531851E-17
  0.6556610000000E+15   0.1861155848260E-17
  0.7528220000000E+15   0.1735274119761E-17
  0.8643800000000E+15   0.1517833489890E-17
  0.9924690000000E+15   0.1232500495204E-17
  0.1139540000000E+16   0.9148714268624E-18
  0.1308400000000E+16   0.6146967173195E-18
  0.1502290000000E+16   0.3670342523191E-18
  0.1724910000000E+16   0.1911045822178E-18
  0.1980520000000E+16   0.8479202974931E-19
  0.2274010000000E+16   0.3138468428990E-19
  0.2610990000000E+16   0.9428468112939E-20
  0.2997900000000E+16   0.2228904100658E-20
