         130
  
  0.2997900000000E+11   0.6343231977348E-24
  0.3951060000000E+11   0.1432825979457E-23
  0.5207280000000E+11   0.3241423721027E-23
  0.6862910000000E+11   0.7337752377750E-23
  0.9044930000000E+11   0.1660779910740E-22
  0.1192070000000E+12   0.3754964803964E-22
  0.1571080000000E+12   0.8472896415383E-22
  0.2070600000000E+12   0.1905878354891E-21
  0.2728930000000E+12   0.4267605357444E-21
  0.3596580000000E+12   0.1035365518286E-20
  0.4740100000000E+12   0.3009170237104E-20
  0.6247180000000E+12   0.8654600924393E-20
  0.8233440000000E+12   0.2449648647249E-19
  0.1085120000000E+13   0.6795956173560E-19
  0.1430130000000E+13   0.1832398396211E-18
  0.1884830000000E+13   0.4760289021500E-18
  0.2484100000000E+13   0.1176458444465E-17
  0.3273910000000E+13   0.2707713973072E-17
  0.4314820000000E+13   0.5673638840447E-17
  0.5686700000000E+13   0.1039741559109E-16
  0.7494750000000E+13   0.1577639188479E-16
  0.7682960000000E+13   0.1619772763762E-16
  0.7875890000000E+13   0.1658892773955E-16
  0.8073670000000E+13   0.1694362704738E-16
  0.8276410000000E+13   0.1726061989138E-16
  0.8484250000000E+13   0.1754330554619E-16
  0.8697300000000E+13   0.1782951260259E-16
  0.8915700000000E+13   0.1806857800710E-16
  0.9139590000000E+13   0.1832056585345E-16
  0.9369100000000E+13   0.1853268402229E-16
  0.9604380000000E+13   0.1872751266030E-16
  0.9845560000000E+13   0.1890173170189E-16
  0.1009280000000E+14   0.1902275260397E-16
  0.1034620000000E+14   0.1911226909161E-16
  0.1060610000000E+14   0.1914165475925E-16
  0.1087240000000E+14   0.1917128012034E-16
  0.1114540000000E+14   0.1914854001945E-16
  0.1142530000000E+14   0.1909858148258E-16
  0.1171220000000E+14   0.1901439692298E-16
  0.1200630000000E+14   0.1887561616558E-16
  0.1230780000000E+14   0.1870088914411E-16
  0.1261690000000E+14   0.1847000789187E-16
  0.1293370000000E+14   0.1825077194454E-16
  0.1325850000000E+14   0.1798381644664E-16
  0.1359150000000E+14   0.1769405589786E-16
  0.1393280000000E+14   0.1737478892081E-16
  0.1428260000000E+14   0.1702854655150E-16
  0.1464130000000E+14   0.1669299457816E-16
  0.1500900000000E+14   0.1631444821800E-16
  0.1538590000000E+14   0.1582519710081E-16
  0.1577220000000E+14   0.1531347355222E-16
  0.1616830000000E+14   0.1456357376849E-16
  0.1657430000000E+14   0.1370334367378E-16
  0.1699050000000E+14   0.1280020977685E-16
  0.1741720000000E+14   0.1173888189457E-16
  0.1785460000000E+14   0.1074293766034E-16
  0.1830290000000E+14   0.9712943873977E-17
  0.1876260000000E+14   0.8745366182092E-17
  0.1923370000000E+14   0.7876893254447E-17
  0.1971670000000E+14   0.7084985302114E-17
  0.2021180000000E+14   0.6391167189445E-17
  0.2071940000000E+14   0.5839404697800E-17
  0.2123970000000E+14   0.5333553290980E-17
  0.2177310000000E+14   0.5239529119487E-17
  0.2231980000000E+14   0.5129584217995E-17
  0.2288030000000E+14   0.5120636020119E-17
  0.2345490000000E+14   0.5126153043336E-17
  0.2404390000000E+14   0.5133517103774E-17
  0.2464770000000E+14   0.5164425723638E-17
  0.2526660000000E+14   0.5172712858194E-17
  0.2590110000000E+14   0.5199625879784E-17
  0.2655150000000E+14   0.5210301046834E-17
  0.2721830000000E+14   0.5276859728055E-17
  0.2790180000000E+14   0.5352483475716E-17
  0.2860240000000E+14   0.5390642675319E-17
  0.2932070000000E+14   0.5385497845937E-17
  0.3005700000000E+14   0.5367834142989E-17
  0.3081180000000E+14   0.5254818080350E-17
  0.3158550000000E+14   0.5149533107222E-17
  0.3237870000000E+14   0.4667229065209E-17
  0.3319170000000E+14   0.4100705945782E-17
  0.3402530000000E+14   0.3578398956629E-17
  0.3487970000000E+14   0.3096184075336E-17
  0.3575560000000E+14   0.2643934249268E-17
  0.3665350000000E+14   0.2233909571105E-17
  0.3757390000000E+14   0.1827259578921E-17
  0.3851740000000E+14   0.1563692739142E-17
  0.3948470000000E+14   0.1319862673659E-17
  0.4047620000000E+14   0.1132392008818E-17
  0.4149260000000E+14   0.1063325656701E-17
  0.4253460000000E+14   0.1000629134140E-17
  0.4360270000000E+14   0.9879369096336E-18
  0.4469770000000E+14   0.9766403820874E-18
  0.4582010000000E+14   0.9672614437466E-18
  0.4697070000000E+14   0.9590912927759E-18
  0.4815020000000E+14   0.9501741285617E-18
  0.4935940000000E+14   0.9404085174616E-18
  0.5059890000000E+14   0.9315505703799E-18
  0.5186950000000E+14   0.9245410356077E-18
  0.5317200000000E+14   0.9179116695644E-18
  0.5450730000000E+14   0.9141870345680E-18
  0.6258450000000E+14   0.9126173874351E-18
  0.7185870000000E+14   0.9287657117107E-18
  0.8250720000000E+14   0.9376023011825E-18
  0.9473370000000E+14   0.9354884259169E-18
  0.1087720000000E+15   0.9289140250041E-18
  0.1248910000000E+15   0.9259180706313E-18
  0.1433980000000E+15   0.9328653314045E-18
  0.1646470000000E+15   0.9562671359014E-18
  0.1890460000000E+15   0.1002833623199E-17
  0.2170600000000E+15   0.1073773313525E-17
  0.2492250000000E+15   0.1170726923961E-17
  0.2861570000000E+15   0.1292998203621E-17
  0.3285620000000E+15   0.1435208110378E-17
  0.3772500000000E+15   0.1586638944682E-17
  0.4331540000000E+15   0.1729799935160E-17
  0.4973410000000E+15   0.1841069906174E-17
  0.5710410000000E+15   0.1893928640022E-17
  0.6556610000000E+15   0.1864973535700E-17
  0.7528220000000E+15   0.1740741013806E-17
  0.8643800000000E+15   0.1524459331856E-17
  0.9924690000000E+15   0.1238576850264E-17
  0.1139540000000E+16   0.9211058489374E-18
  0.1308400000000E+16   0.6186248652673E-18
  0.1502290000000E+16   0.3689713810861E-18
  0.1724910000000E+16   0.1918601438231E-18
  0.1980520000000E+16   0.8514587071690E-19
  0.2274010000000E+16   0.3151262358256E-19
  0.2610990000000E+16   0.9466192053118E-20
  0.2997900000000E+16   0.2237695066451E-20
