         130
  
  0.2997900000000E+11   0.9911811842033E-23
  0.3951060000000E+11   0.2258360808839E-22
  0.5207280000000E+11   0.5139744468739E-22
  0.6862910000000E+11   0.1167880196674E-21
  0.9044930000000E+11   0.2647948784678E-21
  0.1192070000000E+12   0.5986112603233E-21
  0.1571080000000E+12   0.1347956377031E-20
  0.2070600000000E+12   0.3019426923952E-20
  0.2728930000000E+12   0.6716158529552E-20
  0.3596580000000E+12   0.1613679636658E-19
  0.4740100000000E+12   0.4621817190287E-19
  0.6247180000000E+12   0.1300513395889E-18
  0.8233440000000E+12   0.3564878308021E-18
  0.1085120000000E+13   0.9434019353769E-18
  0.1430130000000E+13   0.2371293433331E-17
  0.1884830000000E+13   0.5541856357720E-17
  0.2484100000000E+13   0.1165896205532E-16
  0.3273910000000E+13   0.2102567914140E-16
  0.4314820000000E+13   0.3076396914871E-16
  0.5686700000000E+13   0.3502715767879E-16
  0.7494750000000E+13   0.3246628369402E-16
  0.7682960000000E+13   0.3205678163879E-16
  0.7875890000000E+13   0.3162519342356E-16
  0.8073670000000E+13   0.3117028981697E-16
  0.8276410000000E+13   0.3069541041714E-16
  0.8484250000000E+13   0.3020760462842E-16
  0.8697300000000E+13   0.2974704630534E-16
  0.8915700000000E+13   0.2926693689967E-16
  0.9139590000000E+13   0.2882838073246E-16
  0.9369100000000E+13   0.2838187631610E-16
  0.9604380000000E+13   0.2795132762924E-16
  0.9845560000000E+13   0.2753512461529E-16
  0.1009280000000E+14   0.2710197629984E-16
  0.1034620000000E+14   0.2667436345703E-16
  0.1060610000000E+14   0.2622335686661E-16
  0.1087240000000E+14   0.2581144564291E-16
  0.1114540000000E+14   0.2538471776516E-16
  0.1142530000000E+14   0.2496919806025E-16
  0.1171220000000E+14   0.2455756730603E-16
  0.1200630000000E+14   0.2412695242422E-16
  0.1230780000000E+14   0.2369626673212E-16
  0.1261690000000E+14   0.2324106201796E-16
  0.1293370000000E+14   0.2283758374265E-16
  0.1325850000000E+14   0.2241620616614E-16
  0.1359150000000E+14   0.2200391335416E-16
  0.1393280000000E+14   0.2159022090367E-16
  0.1428260000000E+14   0.2117508708568E-16
  0.1464130000000E+14   0.2080499027427E-16
  0.1500900000000E+14   0.2040615772089E-16
  0.1538590000000E+14   0.1987657835632E-16
  0.1577220000000E+14   0.1932881267559E-16
  0.1616830000000E+14   0.1844208812526E-16
  0.1657430000000E+14   0.1738664984396E-16
  0.1699050000000E+14   0.1625600882754E-16
  0.1741720000000E+14   0.1487810821838E-16
  0.1785460000000E+14   0.1358382417155E-16
  0.1830290000000E+14   0.1222955447025E-16
  0.1876260000000E+14   0.1095932009535E-16
  0.1923370000000E+14   0.9826553937876E-17
  0.1971670000000E+14   0.8799022998408E-17
  0.2021180000000E+14   0.7905906562743E-17
  0.2071940000000E+14   0.7204673940587E-17
  0.2123970000000E+14   0.6562676947994E-17
  0.2177310000000E+14   0.6477600125033E-17
  0.2231980000000E+14   0.6378769578041E-17
  0.2288030000000E+14   0.6435339263225E-17
  0.2345490000000E+14   0.6526319930363E-17
  0.2404390000000E+14   0.6628470348745E-17
  0.2464770000000E+14   0.6770519895516E-17
  0.2526660000000E+14   0.6871880431398E-17
  0.2590110000000E+14   0.6993167614103E-17
  0.2655150000000E+14   0.7073988150386E-17
  0.2721830000000E+14   0.7227224747544E-17
  0.2790180000000E+14   0.7375214173458E-17
  0.2860240000000E+14   0.7445963473525E-17
  0.2932070000000E+14   0.7435194725128E-17
  0.3005700000000E+14   0.7393451766855E-17
  0.3081180000000E+14   0.7201524568877E-17
  0.3158550000000E+14   0.7015935451931E-17
  0.3237870000000E+14   0.6281045463216E-17
  0.3319170000000E+14   0.5428015510386E-17
  0.3402530000000E+14   0.4643637910328E-17
  0.3487970000000E+14   0.3922909742285E-17
  0.3575560000000E+14   0.3251810834941E-17
  0.3665350000000E+14   0.2651118181350E-17
  0.3757390000000E+14   0.2073750289467E-17
  0.3851740000000E+14   0.1722909122092E-17
  0.3948470000000E+14   0.1438196474157E-17
  0.4047620000000E+14   0.1256274426564E-17
  0.4149260000000E+14   0.1192664880447E-17
  0.4253460000000E+14   0.1139304482955E-17
  0.4360270000000E+14   0.1123856702263E-17
  0.4469770000000E+14   0.1110750967450E-17
  0.4582010000000E+14   0.1100191733575E-17
  0.4697070000000E+14   0.1091579863474E-17
  0.4815020000000E+14   0.1083529454348E-17
  0.4935940000000E+14   0.1075897979685E-17
  0.5059890000000E+14   0.1069692413483E-17
  0.5186950000000E+14   0.1065329108230E-17
  0.5317200000000E+14   0.1061797274988E-17
  0.5450730000000E+14   0.1060466049082E-17
  0.6258450000000E+14   0.1068662539679E-17
  0.7185870000000E+14   0.1086854687255E-17
  0.8250720000000E+14   0.1092965409905E-17
  0.9473370000000E+14   0.1081046928489E-17
  0.1087720000000E+15   0.1055725937794E-17
  0.1248910000000E+15   0.1026796803744E-17
  0.1433980000000E+15   0.1004247030803E-17
  0.1646470000000E+15   0.9987828386403E-18
  0.1890460000000E+15   0.1021028788144E-17
  0.2170600000000E+15   0.1074493829441E-17
  0.2492250000000E+15   0.1161552843173E-17
  0.2861570000000E+15   0.1280200908382E-17
  0.3285620000000E+15   0.1422946380434E-17
  0.3772500000000E+15   0.1577070164626E-17
  0.4331540000000E+15   0.1723289792547E-17
  0.4973410000000E+15   0.1836576254625E-17
  0.5710410000000E+15   0.1889859564600E-17
  0.6556610000000E+15   0.1859964860588E-17
  0.7528220000000E+15   0.1733548804873E-17
  0.8643800000000E+15   0.1515737653742E-17
  0.9924690000000E+15   0.1230578457723E-17
  0.1139540000000E+16   0.9129017352273E-18
  0.1308400000000E+16   0.6134553163400E-18
  0.1502290000000E+16   0.3664216205998E-18
  0.1724910000000E+16   0.1908654224517E-18
  0.1980520000000E+16   0.8468004372659E-19
  0.2274010000000E+16   0.3134419061681E-19
  0.2610990000000E+16   0.9416527633296E-20
  0.2997900000000E+16   0.2226121457214E-20
