         130
  
  0.2997900000000E+11   0.1083396292210E-23
  0.3951060000000E+11   0.2457342180997E-23
  0.5207280000000E+11   0.5576208596988E-23
  0.6862910000000E+11   0.1265083998771E-22
  0.9044930000000E+11   0.2867524690833E-22
  0.1192070000000E+12   0.6488859927114E-22
  0.1571080000000E+12   0.1464584629856E-21
  0.2070600000000E+12   0.3293485470945E-21
  0.2728930000000E+12   0.7368305860611E-21
  0.3596580000000E+12   0.1785116354076E-20
  0.4740100000000E+12   0.5177142988438E-20
  0.6247180000000E+12   0.1483915557288E-19
  0.8233440000000E+12   0.4179357194753E-19
  0.1085120000000E+13   0.1151343748239E-18
  0.1430130000000E+13   0.3073855046787E-18
  0.1884830000000E+13   0.7874953894380E-18
  0.2484100000000E+13   0.1908205510537E-17
  0.3273910000000E+13   0.4270522009825E-17
  0.4314820000000E+13   0.8597639421178E-17
  0.5686700000000E+13   0.1488322521396E-16
  0.7494750000000E+13   0.2085850282653E-16
  0.7682960000000E+13   0.2123752941788E-16
  0.7875890000000E+13   0.2156651113408E-16
  0.8073670000000E+13   0.2183887194596E-16
  0.8276410000000E+13   0.2205435948866E-16
  0.8484250000000E+13   0.2221798510314E-16
  0.8697300000000E+13   0.2237270136236E-16
  0.8915700000000E+13   0.2246259426619E-16
  0.9139590000000E+13   0.2255397756242E-16
  0.9369100000000E+13   0.2259002490808E-16
  0.9604380000000E+13   0.2259587116689E-16
  0.9845560000000E+13   0.2256876961540E-16
  0.1009280000000E+14   0.2247680822190E-16
  0.1034620000000E+14   0.2234417060640E-16
  0.1060610000000E+14   0.2214443598283E-16
  0.1087240000000E+14   0.2193904996993E-16
  0.1114540000000E+14   0.2167858238551E-16
  0.1142530000000E+14   0.2138951193074E-16
  0.1171220000000E+14   0.2106748661656E-16
  0.1200630000000E+14   0.2069627643371E-16
  0.1230780000000E+14   0.2029582858609E-16
  0.1261690000000E+14   0.1985038891283E-16
  0.1293370000000E+14   0.1942351269460E-16
  0.1325850000000E+14   0.1896385753188E-16
  0.1359150000000E+14   0.1849595403298E-16
  0.1393280000000E+14   0.1801580340249E-16
  0.1428260000000E+14   0.1752729826071E-16
  0.1464130000000E+14   0.1706586573182E-16
  0.1500900000000E+14   0.1658401359418E-16
  0.1538590000000E+14   0.1601808661551E-16
  0.1577220000000E+14   0.1544763773859E-16
  0.1616830000000E+14   0.1466388904199E-16
  0.1657430000000E+14   0.1378198518102E-16
  0.1699050000000E+14   0.1286380070777E-16
  0.1741720000000E+14   0.1179631841190E-16
  0.1785460000000E+14   0.1079568514906E-16
  0.1830290000000E+14   0.9766686373946E-17
  0.1876260000000E+14   0.8802634888399E-17
  0.1923370000000E+14   0.7937992583947E-17
  0.1971670000000E+14   0.7150795066882E-17
  0.2021180000000E+14   0.6460264658342E-17
  0.2071940000000E+14   0.5905597064264E-17
  0.2123970000000E+14   0.5397344433699E-17
  0.2177310000000E+14   0.5272630112934E-17
  0.2231980000000E+14   0.5141938288759E-17
  0.2288030000000E+14   0.5118890167118E-17
  0.2345490000000E+14   0.5124495728162E-17
  0.2404390000000E+14   0.5145954794987E-17
  0.2464770000000E+14   0.5204663759700E-17
  0.2526660000000E+14   0.5247417910414E-17
  0.2590110000000E+14   0.5315442256019E-17
  0.2655150000000E+14   0.5365894567572E-17
  0.2721830000000E+14   0.5477951712474E-17
  0.2790180000000E+14   0.5595794849555E-17
  0.2860240000000E+14   0.5664770193191E-17
  0.2932070000000E+14   0.5678378379772E-17
  0.3005700000000E+14   0.5672303112361E-17
  0.3081180000000E+14   0.5555145196380E-17
  0.3158550000000E+14   0.5443504630919E-17
  0.3237870000000E+14   0.4912623146383E-17
  0.3319170000000E+14   0.4288319524428E-17
  0.3402530000000E+14   0.3713522256445E-17
  0.3487970000000E+14   0.3184273391396E-17
  0.3575560000000E+14   0.2689761711008E-17
  0.3665350000000E+14   0.2245017503805E-17
  0.3757390000000E+14   0.1813023469975E-17
  0.3851740000000E+14   0.1547809310913E-17
  0.3948470000000E+14   0.1322881804482E-17
  0.4047620000000E+14   0.1165683319676E-17
  0.4149260000000E+14   0.1107827354019E-17
  0.4253460000000E+14   0.1056062291195E-17
  0.4360270000000E+14   0.1043418002930E-17
  0.4469770000000E+14   0.1032367962546E-17
  0.4582010000000E+14   0.1023235191105E-17
  0.4697070000000E+14   0.1015414998409E-17
  0.4815020000000E+14   0.1007334649678E-17
  0.4935940000000E+14   0.9988500568682E-18
  0.5059890000000E+14   0.9912572017017E-18
  0.5186950000000E+14   0.9852236602803E-18
  0.5317200000000E+14   0.9795833227400E-18
  0.5450730000000E+14   0.9762467415194E-18
  0.6258450000000E+14   0.9725821403942E-18
  0.7185870000000E+14   0.9811583622391E-18
  0.8250720000000E+14   0.9812713348605E-18
  0.9473370000000E+14   0.9702709799227E-18
  0.1087720000000E+15   0.9550209293347E-18
  0.1248910000000E+15   0.9444769174991E-18
  0.1433980000000E+15   0.9455373626046E-18
  0.1646470000000E+15   0.9645970983557E-18
  0.1890460000000E+15   0.1008002508793E-17
  0.2170600000000E+15   0.1076726178458E-17
  0.2492250000000E+15   0.1172410657868E-17
  0.2861570000000E+15   0.1294089795503E-17
  0.3285620000000E+15   0.1435863890662E-17
  0.3772500000000E+15   0.1586820254988E-17
  0.4331540000000E+15   0.1729670434943E-17
  0.4973410000000E+15   0.1840812142509E-17
  0.5710410000000E+15   0.1893572289957E-17
  0.6556610000000E+15   0.1864472411041E-17
  0.7528220000000E+15   0.1740002634491E-17
  0.8643800000000E+15   0.1523560800128E-17
  0.9924690000000E+15   0.1237752365982E-17
  0.1139540000000E+16   0.9202592042631E-18
  0.1308400000000E+16   0.6180915119889E-18
  0.1502290000000E+16   0.3687084885555E-18
  0.1724910000000E+16   0.1917576630480E-18
  0.1980520000000E+16   0.8509787288432E-19
  0.2274010000000E+16   0.3149526958954E-19
  0.2610990000000E+16   0.9461075253278E-20
  0.2997900000000E+16   0.2236502706663E-20
