mstar = 2 Msun, Rstar = 2.5 Rsun, Tstar = 10000, mdisk = 0.0020086 Msun, Rc = 150 AU, Rin = 0.5 AU, Rout = 250 AU, inclination = 45 degree, powerlaw = -1 
         130
  
  0.2997900000000E+11   0.2890255655313E-23
  0.3951060000000E+11   0.6578337094182E-23
  0.5207280000000E+11   0.1496406110208E-22
  0.6862910000000E+11   0.3400338775543E-22
  0.9044930000000E+11   0.7714062573129E-22
  0.1192070000000E+12   0.1745916082039E-21
  0.1571080000000E+12   0.3938735218400E-21
  0.2070600000000E+12   0.8846530091606E-21
  0.2728930000000E+12   0.1975153382714E-20
  0.3596580000000E+12   0.4771005257226E-20
  0.4740100000000E+12   0.1377647659735E-19
  0.6247180000000E+12   0.3923201200058E-19
  0.8233440000000E+12   0.1094668367986E-18
  0.1085120000000E+13   0.2975423544536E-18
  0.1430130000000E+13   0.7790940218809E-18
  0.1884830000000E+13   0.1939882070788E-17
  0.2484100000000E+13   0.4505051967386E-17
  0.3273910000000E+13   0.9455856452846E-17
  0.4314820000000E+13   0.1726217405986E-16
  0.5686700000000E+13   0.2581219245725E-16
  0.7494750000000E+13   0.2965952337265E-16
  0.7682960000000E+13   0.2961519113267E-16
  0.7875890000000E+13   0.2949491999381E-16
  0.8073670000000E+13   0.2929772264305E-16
  0.8276410000000E+13   0.2902913006859E-16
  0.8484250000000E+13   0.2869932231146E-16
  0.8697300000000E+13   0.2835163738946E-16
  0.8915700000000E+13   0.2794062536023E-16
  0.9139590000000E+13   0.2752885347482E-16
  0.9369100000000E+13   0.2707182148321E-16
  0.9604380000000E+13   0.2659596376041E-16
  0.9845560000000E+13   0.2610378797610E-16
  0.1009280000000E+14   0.2557371380781E-16
  0.1034620000000E+14   0.2503042340123E-16
  0.1060610000000E+14   0.2445564155478E-16
  0.1087240000000E+14   0.2390442839405E-16
  0.1114540000000E+14   0.2333823995880E-16
  0.1142530000000E+14   0.2278167678039E-16
  0.1171220000000E+14   0.2223278826662E-16
  0.1200630000000E+14   0.2167729941593E-16
  0.1230780000000E+14   0.2113236101582E-16
  0.1261690000000E+14   0.2058124933679E-16
  0.1293370000000E+14   0.2008400083385E-16
  0.1325850000000E+14   0.1958815747690E-16
  0.1359150000000E+14   0.1911505127564E-16
  0.1393280000000E+14   0.1865664939739E-16
  0.1428260000000E+14   0.1821252451317E-16
  0.1464130000000E+14   0.1781913980380E-16
  0.1500900000000E+14   0.1741688477151E-16
  0.1538590000000E+14   0.1692098195425E-16
  0.1577220000000E+14   0.1642027353381E-16
  0.1616830000000E+14   0.1564948409381E-16
  0.1657430000000E+14   0.1474514754750E-16
  0.1699050000000E+14   0.1378295657182E-16
  0.1741720000000E+14   0.1262096338447E-16
  0.1785460000000E+14   0.1153130449777E-16
  0.1830290000000E+14   0.1039635771974E-16
  0.1876260000000E+14   0.9334288096758E-17
  0.1923370000000E+14   0.8387888301956E-17
  0.1971670000000E+14   0.7530321748239E-17
  0.2021180000000E+14   0.6784325622559E-17
  0.2071940000000E+14   0.6195123566763E-17
  0.2123970000000E+14   0.5655790102462E-17
  0.2177310000000E+14   0.5566409391366E-17
  0.2231980000000E+14   0.5471465082265E-17
  0.2288030000000E+14   0.5509498813512E-17
  0.2345490000000E+14   0.5582519390558E-17
  0.2404390000000E+14   0.5670583192043E-17
  0.2464770000000E+14   0.5797109660291E-17
  0.2526660000000E+14   0.5892965100628E-17
  0.2590110000000E+14   0.6008757241835E-17
  0.2655150000000E+14   0.6091948621866E-17
  0.2721830000000E+14   0.6239335644915E-17
  0.2790180000000E+14   0.6383836483575E-17
  0.2860240000000E+14   0.6462866531508E-17
  0.2932070000000E+14   0.6471804215815E-17
  0.3005700000000E+14   0.6454306888936E-17
  0.3081180000000E+14   0.6305531536627E-17
  0.3158550000000E+14   0.6162056228224E-17
  0.3237870000000E+14   0.5534620314281E-17
  0.3319170000000E+14   0.4801457305463E-17
  0.3402530000000E+14   0.4126769898464E-17
  0.3487970000000E+14   0.3505611149492E-17
  0.3575560000000E+14   0.2925865696190E-17
  0.3665350000000E+14   0.2405287285355E-17
  0.3757390000000E+14   0.1903110407521E-17
  0.3851740000000E+14   0.1599073738252E-17
  0.3948470000000E+14   0.1350867781372E-17
  0.4047620000000E+14   0.1190585494065E-17
  0.4149260000000E+14   0.1134805316169E-17
  0.4253460000000E+14   0.1087219677103E-17
  0.4360270000000E+14   0.1074238685206E-17
  0.4469770000000E+14   0.1063138177712E-17
  0.4582010000000E+14   0.1054127028102E-17
  0.4697070000000E+14   0.1046652396268E-17
  0.4815020000000E+14   0.1039368110395E-17
  0.4935940000000E+14   0.1032122052467E-17
  0.5059890000000E+14   0.1025929984714E-17
  0.5186950000000E+14   0.1021261013403E-17
  0.5317200000000E+14   0.1017131759415E-17
  0.5450730000000E+14   0.1015003834544E-17
  0.6258450000000E+14   0.1016417289549E-17
  0.7185870000000E+14   0.1027153760149E-17
  0.8250720000000E+14   0.1027718846088E-17
  0.9473370000000E+14   0.1014371189242E-17
  0.1087720000000E+15   0.9932140740317E-18
  0.1248910000000E+15   0.9738960662639E-18
  0.1433980000000E+15   0.9649445666581E-18
  0.1646470000000E+15   0.9747417368199E-18
  0.1890460000000E+15   0.1011257031024E-17
  0.2170600000000E+15   0.1075880462807E-17
  0.2492250000000E+15   0.1169617143328E-17
  0.2861570000000E+15   0.1290604172631E-17
  0.3285620000000E+15   0.1432567139776E-17
  0.3772500000000E+15   0.1584320734460E-17
  0.4331540000000E+15   0.1727998910730E-17
  0.4973410000000E+15   0.1839600747824E-17
  0.5710410000000E+15   0.1892418233144E-17
  0.6556610000000E+15   0.1863042651092E-17
  0.7528220000000E+15   0.1737958472894E-17
  0.8643800000000E+15   0.1521085520241E-17
  0.9924690000000E+15   0.1235482581957E-17
  0.1139540000000E+16   0.9179296702021E-18
  0.1308400000000E+16   0.6166238474376E-18
  0.1502290000000E+16   0.3679848660926E-18
  0.1724910000000E+16   0.1914754859798E-18
  0.1980520000000E+16   0.8496571994961E-19
  0.2274010000000E+16   0.3144748749071E-19
  0.2610990000000E+16   0.9446986501189E-20
  0.2997900000000E+16   0.2233219579617E-20
