mstar = 2 Msun, Rstar = 2.5 Rsun, Tstar = 10000, mdisk = 0.0031643 Msun, Rc = 150 AU, Rin = 0.5 AU, Rout = 250 AU, inclination = 45 degree, powerlaw = -1 
         130
  
  0.2997900000000E+11   0.4343046166326E-23
  0.3951060000000E+11   0.9890832848952E-23
  0.5207280000000E+11   0.2250723132076E-22
  0.6862910000000E+11   0.5115158065181E-22
  0.9044930000000E+11   0.1160371189228E-21
  0.1192070000000E+12   0.2625572964862E-21
  0.1571080000000E+12   0.5920312531509E-21
  0.2070600000000E+12   0.1328709163355E-20
  0.2728930000000E+12   0.2963333935526E-20
  0.3596580000000E+12   0.7146873378655E-20
  0.4740100000000E+12   0.2058964993300E-19
  0.6247180000000E+12   0.5843905765278E-19
  0.8233440000000E+12   0.1622709298986E-18
  0.1085120000000E+13   0.4379394082054E-18
  0.1430130000000E+13   0.1134592619658E-17
  0.1884830000000E+13   0.2779823106490E-17
  0.2484100000000E+13   0.6296829648197E-17
  0.3273910000000E+13   0.1271555230884E-16
  0.4314820000000E+13   0.2187639419427E-16
  0.5686700000000E+13   0.3007150549002E-16
  0.7494750000000E+13   0.3145816608213E-16
  0.7682960000000E+13   0.3118099176190E-16
  0.7875890000000E+13   0.3084045660402E-16
  0.8073670000000E+13   0.3043850644954E-16
  0.8276410000000E+13   0.2998253634928E-16
  0.8484250000000E+13   0.2948367788111E-16
  0.8697300000000E+13   0.2898302069107E-16
  0.8915700000000E+13   0.2844096144394E-16
  0.9139590000000E+13   0.2791631556142E-16
  0.9369100000000E+13   0.2736904276242E-16
  0.9604380000000E+13   0.2682431980219E-16
  0.9845560000000E+13   0.2628478319698E-16
  0.1009280000000E+14   0.2572837194343E-16
  0.1034620000000E+14   0.2517778209840E-16
  0.1060610000000E+14   0.2461222479535E-16
  0.1087240000000E+14   0.2408629815827E-16
  0.1114540000000E+14   0.2355758257222E-16
  0.1142530000000E+14   0.2304928295073E-16
  0.1171220000000E+14   0.2255656032117E-16
  0.1200630000000E+14   0.2206081695897E-16
  0.1230780000000E+14   0.2157801238384E-16
  0.1261690000000E+14   0.2108703254443E-16
  0.1293370000000E+14   0.2065264135817E-16
  0.1325850000000E+14   0.2021455021882E-16
  0.1359150000000E+14   0.1979509984510E-16
  0.1393280000000E+14   0.1938419208334E-16
  0.1428260000000E+14   0.1898067120497E-16
  0.1464130000000E+14   0.1862458347726E-16
  0.1500900000000E+14   0.1824968410679E-16
  0.1538590000000E+14   0.1776355286990E-16
  0.1577220000000E+14   0.1726512933076E-16
  0.1616830000000E+14   0.1646608419632E-16
  0.1657430000000E+14   0.1551764849700E-16
  0.1699050000000E+14   0.1450320951036E-16
  0.1741720000000E+14   0.1326858342344E-16
  0.1785460000000E+14   0.1211019368528E-16
  0.1830290000000E+14   0.1089978956815E-16
  0.1876260000000E+14   0.9766235608364E-17
  0.1923370000000E+14   0.8756530937680E-17
  0.1971670000000E+14   0.7841638450487E-17
  0.2021180000000E+14   0.7047102347953E-17
  0.2071940000000E+14   0.6423084331021E-17
  0.2123970000000E+14   0.5852165575508E-17
  0.2177310000000E+14   0.5774046792800E-17
  0.2231980000000E+14   0.5686315881359E-17
  0.2288030000000E+14   0.5739684847391E-17
  0.2345490000000E+14   0.5826526954576E-17
  0.2404390000000E+14   0.5925513280794E-17
  0.2464770000000E+14   0.6061894276944E-17
  0.2526660000000E+14   0.6162694277922E-17
  0.2590110000000E+14   0.6282458289243E-17
  0.2655150000000E+14   0.6366046933552E-17
  0.2721830000000E+14   0.6515860463412E-17
  0.2790180000000E+14   0.6661030902145E-17
  0.2860240000000E+14   0.6736461339459E-17
  0.2932070000000E+14   0.6737730328823E-17
  0.3005700000000E+14   0.6710982243749E-17
  0.3081180000000E+14   0.6547096295455E-17
  0.3158550000000E+14   0.6388865971517E-17
  0.3237870000000E+14   0.5727853877129E-17
  0.3319170000000E+14   0.4958258659465E-17
  0.3402530000000E+14   0.4250694697358E-17
  0.3487970000000E+14   0.3600284847314E-17
  0.3575560000000E+14   0.2994076117548E-17
  0.3665350000000E+14   0.2450633535820E-17
  0.3757390000000E+14   0.1927053313059E-17
  0.3851740000000E+14   0.1610666679484E-17
  0.3948470000000E+14   0.1353506208499E-17
  0.4047620000000E+14   0.1188330967052E-17
  0.4149260000000E+14   0.1132036705573E-17
  0.4253460000000E+14   0.1084417097605E-17
  0.4360270000000E+14   0.1072637979975E-17
  0.4469770000000E+14   0.1062749607329E-17
  0.4582010000000E+14   0.1054967024223E-17
  0.4697070000000E+14   0.1048720910000E-17
  0.4815020000000E+14   0.1042640419276E-17
  0.4935940000000E+14   0.1036581042856E-17
  0.5059890000000E+14   0.1031575178020E-17
  0.5186950000000E+14   0.1028092775507E-17
  0.5317200000000E+14   0.1025135347460E-17
  0.5450730000000E+14   0.1024169788171E-17
  0.6258450000000E+14   0.1031466398002E-17
  0.7185870000000E+14   0.1046571884372E-17
  0.8250720000000E+14   0.1049575562448E-17
  0.9473370000000E+14   0.1036484419293E-17
  0.1087720000000E+15   0.1013352048622E-17
  0.1248910000000E+15   0.9902614411201E-18
  0.1433980000000E+15   0.9765303324993E-18
  0.1646470000000E+15   0.9814135094550E-18
  0.1890460000000E+15   0.1013568669838E-17
  0.2170600000000E+15   0.1074810953531E-17
  0.2492250000000E+15   0.1166511292136E-17
  0.2861570000000E+15   0.1286913376561E-17
  0.3285620000000E+15   0.1429353578285E-17
  0.3772500000000E+15   0.1581989844284E-17
  0.4331540000000E+15   0.1726483926427E-17
  0.4973410000000E+15   0.1838622960875E-17
  0.5710410000000E+15   0.1891632422347E-17
  0.6556610000000E+15   0.1862150828356E-17
  0.7528220000000E+15   0.1736708718113E-17
  0.8643800000000E+15   0.1519575765734E-17
  0.9924690000000E+15   0.1234098542667E-17
  0.1139540000000E+16   0.9165099986405E-18
  0.1308400000000E+16   0.6157293045864E-18
  0.1502290000000E+16   0.3675436708205E-18
  0.1724910000000E+16   0.1913033734057E-18
  0.1980520000000E+16   0.8488511918309E-19
  0.2274010000000E+16   0.3141834409620E-19
  0.2610990000000E+16   0.9438393255156E-20
  0.2997900000000E+16   0.2231217045988E-20
