mstar = 2 Msun, Rstar = 2.5 Rsun, Tstar = 10000, mdisk = 0.00059301 Msun, Rc = 150 AU, Rin = 0.5 AU, Rout = 250 AU, inclination = 45 degree, powerlaw = -1 
         130
  
  0.2997900000000E+11   0.9780432661362E-24
  0.3951060000000E+11   0.2217000607366E-23
  0.5207280000000E+11   0.5028523657448E-23
  0.6862910000000E+11   0.1140461575152E-22
  0.9044930000000E+11   0.2584503569169E-22
  0.1192070000000E+12   0.5847761470470E-22
  0.1571080000000E+12   0.1319855646584E-21
  0.2070600000000E+12   0.2968231139885E-21
  0.2728930000000E+12   0.6641739067624E-21
  0.3596580000000E+12   0.1609509446046E-20
  0.4740100000000E+12   0.4669675753114E-20
  0.6247180000000E+12   0.1339276373713E-19
  0.8233440000000E+12   0.3775320799067E-19
  0.1085120000000E+13   0.1041340717716E-18
  0.1430130000000E+13   0.2785097045314E-18
  0.1884830000000E+13   0.7153168775481E-18
  0.2484100000000E+13   0.1739569386126E-17
  0.3273910000000E+13   0.3913449650538E-17
  0.4314820000000E+13   0.7938754571971E-17
  0.5686700000000E+13   0.1389602553452E-16
  0.7494750000000E+13   0.1978446019626E-16
  0.7682960000000E+13   0.2017745629555E-16
  0.7875890000000E+13   0.2052461767629E-16
  0.8073670000000E+13   0.2081931497821E-16
  0.8276410000000E+13   0.2106102565895E-16
  0.8484250000000E+13   0.2125437960579E-16
  0.8697300000000E+13   0.2144143045343E-16
  0.8915700000000E+13   0.2156698061620E-16
  0.9139590000000E+13   0.2169632989441E-16
  0.9369100000000E+13   0.2177308344799E-16
  0.9604380000000E+13   0.2182188715634E-16
  0.9845560000000E+13   0.2183975071267E-16
  0.1009280000000E+14   0.2179436510654E-16
  0.1034620000000E+14   0.2170941351604E-16
  0.1060610000000E+14   0.2155783669164E-16
  0.1087240000000E+14   0.2140098318687E-16
  0.1114540000000E+14   0.2118853546642E-16
  0.1142530000000E+14   0.2094669508443E-16
  0.1171220000000E+14   0.2067051507048E-16
  0.1200630000000E+14   0.2034294105803E-16
  0.1230780000000E+14   0.1998367597645E-16
  0.1261690000000E+14   0.1957621038284E-16
  0.1293370000000E+14   0.1918471216130E-16
  0.1325850000000E+14   0.1875658512280E-16
  0.1359150000000E+14   0.1831642299211E-16
  0.1393280000000E+14   0.1785990990697E-16
  0.1428260000000E+14   0.1739086014401E-16
  0.1464130000000E+14   0.1694485342314E-16
  0.1500900000000E+14   0.1647415269720E-16
  0.1538590000000E+14   0.1591587368826E-16
  0.1577220000000E+14   0.1535023688515E-16
  0.1616830000000E+14   0.1457145406509E-16
  0.1657430000000E+14   0.1369513556860E-16
  0.1699050000000E+14   0.1278301739664E-16
  0.1741720000000E+14   0.1172377039667E-16
  0.1785460000000E+14   0.1073068428297E-16
  0.1830290000000E+14   0.9709377105369E-17
  0.1876260000000E+14   0.8751943338470E-17
  0.1923370000000E+14   0.7892637800993E-17
  0.1971670000000E+14   0.7109798390026E-17
  0.2021180000000E+14   0.6422782665619E-17
  0.2071940000000E+14   0.5871142058126E-17
  0.2123970000000E+14   0.5365599397059E-17
  0.2177310000000E+14   0.5243420548775E-17
  0.2231980000000E+14   0.5113685263017E-17
  0.2288030000000E+14   0.5088852907493E-17
  0.2345490000000E+14   0.5090040960997E-17
  0.2404390000000E+14   0.5105011743994E-17
  0.2464770000000E+14   0.5155144194415E-17
  0.2526660000000E+14   0.5189386190906E-17
  0.2590110000000E+14   0.5248377392471E-17
  0.2655150000000E+14   0.5291146542887E-17
  0.2721830000000E+14   0.5394612435261E-17
  0.2790180000000E+14   0.5505092701030E-17
  0.2860240000000E+14   0.5569588905785E-17
  0.2932070000000E+14   0.5581526937722E-17
  0.3005700000000E+14   0.5575328771462E-17
  0.3081180000000E+14   0.5461493606990E-17
  0.3158550000000E+14   0.5353473175736E-17
  0.3237870000000E+14   0.4836135394388E-17
  0.3319170000000E+14   0.4227698819376E-17
  0.3402530000000E+14   0.3667421467863E-17
  0.3487970000000E+14   0.3150965265107E-17
  0.3575560000000E+14   0.2667649576892E-17
  0.3665350000000E+14   0.2232136310941E-17
  0.3757390000000E+14   0.1808202936038E-17
  0.3851740000000E+14   0.1546504338389E-17
  0.3948470000000E+14   0.1322379090008E-17
  0.4047620000000E+14   0.1162834550591E-17
  0.4149260000000E+14   0.1103884704495E-17
  0.4253460000000E+14   0.1050825973952E-17
  0.4360270000000E+14   0.1038470373103E-17
  0.4469770000000E+14   0.1027653722524E-17
  0.4582010000000E+14   0.1018731184397E-17
  0.4697070000000E+14   0.1011081945944E-17
  0.4815020000000E+14   0.1003070513822E-17
  0.4935940000000E+14   0.9945583563816E-18
  0.5059890000000E+14   0.9869159619588E-18
  0.5186950000000E+14   0.9808579257442E-18
  0.5317200000000E+14   0.9751684728934E-18
  0.5450730000000E+14   0.9718646204607E-18
  0.6258450000000E+14   0.9687747248345E-18
  0.7185870000000E+14   0.9783374310707E-18
  0.8250720000000E+14   0.9792299910902E-18
  0.9473370000000E+14   0.9688295320487E-18
  0.1087720000000E+15   0.9540969437761E-18
  0.1248910000000E+15   0.9439575863914E-18
  0.1433980000000E+15   0.9452737536874E-18
  0.1646470000000E+15   0.9644319635232E-18
  0.1890460000000E+15   0.1007784836744E-17
  0.2170600000000E+15   0.1076342945775E-17
  0.2492250000000E+15   0.1171855001089E-17
  0.2861570000000E+15   0.1293489869254E-17
  0.3285620000000E+15   0.1435404149736E-17
  0.3772500000000E+15   0.1586574674398E-17
  0.4331540000000E+15   0.1729581606713E-17
  0.4973410000000E+15   0.1840812932381E-17
  0.5710410000000E+15   0.1893629168129E-17
  0.6556610000000E+15   0.1864575057452E-17
  0.7528220000000E+15   0.1740161552396E-17
  0.8643800000000E+15   0.1523755695533E-17
  0.9924690000000E+15   0.1237931354697E-17
  0.1139540000000E+16   0.9204430062196E-18
  0.1308400000000E+16   0.6182073037724E-18
  0.1502290000000E+16   0.3687655662998E-18
  0.1724910000000E+16   0.1917799146528E-18
  0.1980520000000E+16   0.8510829451161E-19
  0.2274010000000E+16   0.3149903762987E-19
  0.2610990000000E+16   0.9462186258965E-20
  0.2997900000000E+16   0.2236761603343E-20
