         130
  
  0.2997900000000E+11   0.1164455165633E-22
  0.3951060000000E+11   0.2653180177674E-22
  0.5207280000000E+11   0.6038036169046E-22
  0.6862910000000E+11   0.1371856516770E-21
  0.9044930000000E+11   0.3109911765730E-21
  0.1192070000000E+12   0.7028739527320E-21
  0.1571080000000E+12   0.1582194005180E-20
  0.2070600000000E+12   0.3542456808948E-20
  0.2728930000000E+12   0.7874530119149E-20
  0.3596580000000E+12   0.1890267549686E-19
  0.4740100000000E+12   0.5406007442079E-19
  0.6247180000000E+12   0.1517784567671E-18
  0.8233440000000E+12   0.4146321042856E-18
  0.1085120000000E+13   0.1091488859512E-17
  0.1430130000000E+13   0.2720869131904E-17
  0.1884830000000E+13   0.6276460038567E-17
  0.2484100000000E+13   0.1293995503465E-16
  0.3273910000000E+13   0.2265167652981E-16
  0.4314820000000E+13   0.3189829003294E-16
  0.5686700000000E+13   0.3513984907865E-16
  0.7494750000000E+13   0.3241096670094E-16
  0.7682960000000E+13   0.3203035629717E-16
  0.7875890000000E+13   0.3163010162385E-16
  0.8073670000000E+13   0.3120765160688E-16
  0.8276410000000E+13   0.3076536774273E-16
  0.8484250000000E+13   0.3030968795077E-16
  0.8697300000000E+13   0.2988175163681E-16
  0.8915700000000E+13   0.2943209391291E-16
  0.9139590000000E+13   0.2902384115228E-16
  0.9369100000000E+13   0.2860499796861E-16
  0.9604380000000E+13   0.2820017790040E-16
  0.9845560000000E+13   0.2780751929185E-16
  0.1009280000000E+14   0.2739458578314E-16
  0.1034620000000E+14   0.2698473749308E-16
  0.1060610000000E+14   0.2654832478345E-16
  0.1087240000000E+14   0.2614994206334E-16
  0.1114540000000E+14   0.2573426168793E-16
  0.1142530000000E+14   0.2532828110121E-16
  0.1171220000000E+14   0.2492468051396E-16
  0.1200630000000E+14   0.2450018246203E-16
  0.1230780000000E+14   0.2407441141776E-16
  0.1261690000000E+14   0.2362247117875E-16
  0.1293370000000E+14   0.2322264543937E-16
  0.1325850000000E+14   0.2280366165243E-16
  0.1359150000000E+14   0.2239329667792E-16
  0.1393280000000E+14   0.2198084497986E-16
  0.1428260000000E+14   0.2156631892995E-16
  0.1464130000000E+14   0.2119733973465E-16
  0.1500900000000E+14   0.2079836115881E-16
  0.1538590000000E+14   0.2026497188341E-16
  0.1577220000000E+14   0.1971240771635E-16
  0.1616830000000E+14   0.1881226649097E-16
  0.1657430000000E+14   0.1773871529198E-16
  0.1699050000000E+14   0.1658737884342E-16
  0.1741720000000E+14   0.1518175179275E-16
  0.1785460000000E+14   0.1386079290349E-16
  0.1830290000000E+14   0.1247728169175E-16
  0.1876260000000E+14   0.1117901817332E-16
  0.1923370000000E+14   0.1002088715657E-16
  0.1971670000000E+14   0.8970068540388E-17
  0.2021180000000E+14   0.8056738989917E-17
  0.2071940000000E+14   0.7340034337983E-17
  0.2123970000000E+14   0.6683584849363E-17
  0.2177310000000E+14   0.6600048648713E-17
  0.2231980000000E+14   0.6501849151476E-17
  0.2288030000000E+14   0.6563142113156E-17
  0.2345490000000E+14   0.6659409010526E-17
  0.2404390000000E+14   0.6766796863056E-17
  0.2464770000000E+14   0.6914683476198E-17
  0.2526660000000E+14   0.7020150253347E-17
  0.2590110000000E+14   0.7145564731785E-17
  0.2655150000000E+14   0.7228798112852E-17
  0.2721830000000E+14   0.7385461660008E-17
  0.2790180000000E+14   0.7535711421739E-17
  0.2860240000000E+14   0.7606502309529E-17
  0.2932070000000E+14   0.7593398980960E-17
  0.3005700000000E+14   0.7548409088179E-17
  0.3081180000000E+14   0.7349988732825E-17
  0.3158550000000E+14   0.7157933341775E-17
  0.3237870000000E+14   0.6405859519040E-17
  0.3319170000000E+14   0.5532878550807E-17
  0.3402530000000E+14   0.4729233909018E-17
  0.3487970000000E+14   0.3989599449346E-17
  0.3575560000000E+14   0.3300065189424E-17
  0.3665350000000E+14   0.2682246308636E-17
  0.3757390000000E+14   0.2088383198256E-17
  0.3851740000000E+14   0.1728381427397E-17
  0.3948470000000E+14   0.1437650771554E-17
  0.4047620000000E+14   0.1252479506696E-17
  0.4149260000000E+14   0.1187922278143E-17
  0.4253460000000E+14   0.1133939390534E-17
  0.4360270000000E+14   0.1118293679540E-17
  0.4469770000000E+14   0.1105034897082E-17
  0.4582010000000E+14   0.1094366697605E-17
  0.4697070000000E+14   0.1085682317814E-17
  0.4815020000000E+14   0.1077590844463E-17
  0.4935940000000E+14   0.1069949841942E-17
  0.5059890000000E+14   0.1063763586747E-17
  0.5186950000000E+14   0.1059444502459E-17
  0.5317200000000E+14   0.1055980052345E-17
  0.5450730000000E+14   0.1054725471274E-17
  0.6258450000000E+14   0.1063454336554E-17
  0.7185870000000E+14   0.1082173978471E-17
  0.8250720000000E+14   0.1088753085287E-17
  0.9473370000000E+14   0.1077093256701E-17
  0.1087720000000E+15   0.1051627195723E-17
  0.1248910000000E+15   0.1022086733632E-17
  0.1433980000000E+15   0.9986277244696E-18
  0.1646470000000E+15   0.9922911799855E-18
  0.1890460000000E+15   0.1014036577620E-17
  0.2170600000000E+15   0.1067616027172E-17
  0.2492250000000E+15   0.1155397429099E-17
  0.2861570000000E+15   0.1275216202535E-17
  0.3285620000000E+15   0.1419389044693E-17
  0.3772500000000E+15   0.1574913027173E-17
  0.4331540000000E+15   0.1722185619944E-17
  0.4973410000000E+15   0.1836033583521E-17
  0.5710410000000E+15   0.1889491240574E-17
  0.6556610000000E+15   0.1859558138934E-17
  0.7528220000000E+15   0.1732976967258E-17
  0.8643800000000E+15   0.1515046671782E-17
  0.9924690000000E+15   0.1229945219237E-17
  0.1139540000000E+16   0.9122530987159E-18
  0.1308400000000E+16   0.6130464784452E-18
  0.1502290000000E+16   0.3662198119719E-18
  0.1724910000000E+16   0.1907866182902E-18
  0.1980520000000E+16   0.8464314555684E-19
  0.2274010000000E+16   0.3133084812362E-19
  0.2610990000000E+16   0.9412593233632E-20
  0.2997900000000E+16   0.2225204562507E-20
