         130
  
  0.2997900000000E+11   0.7536937342048E-23
  0.3951060000000E+11   0.1717137293404E-22
  0.5207280000000E+11   0.3908088652262E-22
  0.6862910000000E+11   0.8881264464318E-22
  0.9044930000000E+11   0.2014125742745E-21
  0.1192070000000E+12   0.4554885669872E-21
  0.1571080000000E+12   0.1026199931458E-20
  0.2070600000000E+12   0.2300333471612E-20
  0.2728930000000E+12   0.5121651945048E-20
  0.3596580000000E+12   0.1232283229551E-19
  0.4740100000000E+12   0.3537228979658E-19
  0.6247180000000E+12   0.9986057765517E-19
  0.8233440000000E+12   0.2750963772425E-18
  0.1085120000000E+13   0.7336022125802E-18
  0.1430130000000E+13   0.1866060865183E-17
  0.1884830000000E+13   0.4443548861503E-17
  0.2484100000000E+13   0.9626049519076E-17
  0.3273910000000E+13   0.1814221435234E-16
  0.4314820000000E+13   0.2819443417259E-16
  0.5686700000000E+13   0.3413119438722E-16
  0.7494750000000E+13   0.3236246408302E-16
  0.7682960000000E+13   0.3193364383776E-16
  0.7875890000000E+13   0.3147263839271E-16
  0.8073670000000E+13   0.3098052024298E-16
  0.8276410000000E+13   0.3046276190338E-16
  0.8484250000000E+13   0.2992817911500E-16
  0.8697300000000E+13   0.2941660238845E-16
  0.8915700000000E+13   0.2888540127707E-16
  0.9139590000000E+13   0.2839374031469E-16
  0.9369100000000E+13   0.2789635166292E-16
  0.9604380000000E+13   0.2741695895477E-16
  0.9845560000000E+13   0.2695505594962E-16
  0.1009280000000E+14   0.2648184639407E-16
  0.1034620000000E+14   0.2601898440803E-16
  0.1060610000000E+14   0.2553920812684E-16
  0.1087240000000E+14   0.2510200566943E-16
  0.1114540000000E+14   0.2465599579676E-16
  0.1142530000000E+14   0.2422572259024E-16
  0.1171220000000E+14   0.2380388076540E-16
  0.1200630000000E+14   0.2336801260679E-16
  0.1230780000000E+14   0.2293582541312E-16
  0.1261690000000E+14   0.2248327512568E-16
  0.1293370000000E+14   0.2208354042655E-16
  0.1325850000000E+14   0.2166898663012E-16
  0.1359150000000E+14   0.2126531983803E-16
  0.1393280000000E+14   0.2086207377344E-16
  0.1428260000000E+14   0.2045888997244E-16
  0.1464130000000E+14   0.2010061441694E-16
  0.1500900000000E+14   0.1971552091041E-16
  0.1538590000000E+14   0.1920436202076E-16
  0.1577220000000E+14   0.1867615980418E-16
  0.1616830000000E+14   0.1781934453187E-16
  0.1657430000000E+14   0.1679905877869E-16
  0.1699050000000E+14   0.1570601466203E-16
  0.1741720000000E+14   0.1437322349746E-16
  0.1785460000000E+14   0.1312174031281E-16
  0.1830290000000E+14   0.1181214120623E-16
  0.1876260000000E+14   0.1058423242453E-16
  0.1923370000000E+14   0.9489559693994E-17
  0.1971670000000E+14   0.8496873028382E-17
  0.2021180000000E+14   0.7634445852492E-17
  0.2071940000000E+14   0.6957967146443E-17
  0.2123970000000E+14   0.6338762667276E-17
  0.2177310000000E+14   0.6259408157703E-17
  0.2231980000000E+14   0.6166912707924E-17
  0.2288030000000E+14   0.6225593484532E-17
  0.2345490000000E+14   0.6318007400420E-17
  0.2404390000000E+14   0.6421433433892E-17
  0.2464770000000E+14   0.6563722058912E-17
  0.2526660000000E+14   0.6666466597633E-17
  0.2590110000000E+14   0.6788575412354E-17
  0.2655150000000E+14   0.6871234529156E-17
  0.2721830000000E+14   0.7024458927559E-17
  0.2790180000000E+14   0.7172535407306E-17
  0.2860240000000E+14   0.7245842125939E-17
  0.2932070000000E+14   0.7239639841390E-17
  0.3005700000000E+14   0.7203212048737E-17
  0.3081180000000E+14   0.7019960660720E-17
  0.3158550000000E+14   0.6842754014889E-17
  0.3237870000000E+14   0.6128026074549E-17
  0.3319170000000E+14   0.5297657514088E-17
  0.3402530000000E+14   0.4534702518890E-17
  0.3487970000000E+14   0.3833262072090E-17
  0.3575560000000E+14   0.3179481271360E-17
  0.3665350000000E+14   0.2593673519514E-17
  0.3757390000000E+14   0.2030455278195E-17
  0.3851740000000E+14   0.1689045531922E-17
  0.3948470000000E+14   0.1411954164498E-17
  0.4047620000000E+14   0.1234700835132E-17
  0.4149260000000E+14   0.1173261902025E-17
  0.4253460000000E+14   0.1121648580903E-17
  0.4360270000000E+14   0.1107447112299E-17
  0.4469770000000E+14   0.1095455279071E-17
  0.4582010000000E+14   0.1085880912630E-17
  0.4697070000000E+14   0.1078131851070E-17
  0.4815020000000E+14   0.1070825117627E-17
  0.4935940000000E+14   0.1063816888732E-17
  0.5059890000000E+14   0.1058121164681E-17
  0.5186950000000E+14   0.1054168076377E-17
  0.5317200000000E+14   0.1050949801518E-17
  0.5450730000000E+14   0.1049859323853E-17
  0.6258450000000E+14   0.1058300622309E-17
  0.7185870000000E+14   0.1075729882216E-17
  0.8250720000000E+14   0.1080898865395E-17
  0.9473370000000E+14   0.1068643665328E-17
  0.1087720000000E+15   0.1044171027253E-17
  0.1248910000000E+15   0.1017441533249E-17
  0.1433980000000E+15   0.9981682141015E-18
  0.1646470000000E+15   0.9963973758772E-18
  0.1890460000000E+15   0.1021935186232E-17
  0.2170600000000E+15   0.1077680095429E-17
  0.2492250000000E+15   0.1165803802679E-17
  0.2861570000000E+15   0.1284481126244E-17
  0.3285620000000E+15   0.1426503053718E-17
  0.3772500000000E+15   0.1579512452925E-17
  0.4331540000000E+15   0.1724696289545E-17
  0.4973410000000E+15   0.1837376286855E-17
  0.5710410000000E+15   0.1890507751113E-17
  0.6556610000000E+15   0.1860754982778E-17
  0.7528220000000E+15   0.1734690684515E-17
  0.8643800000000E+15   0.1517124363019E-17
  0.9924690000000E+15   0.1231850119536E-17
  0.1139540000000E+16   0.9142047947904E-18
  0.1308400000000E+16   0.6142765901975E-18
  0.1502290000000E+16   0.3668269435499E-18
  0.1724910000000E+16   0.1910236640165E-18
  0.1980520000000E+16   0.8475413911441E-19
  0.2274010000000E+16   0.3137098333458E-19
  0.2610990000000E+16   0.9424428106792E-20
  0.2997900000000E+16   0.2227962611710E-20
