mstar = 2 Msun, Rstar = 2.5 Rsun, Tstar = 10000, mdisk = 0.00048744 Msun, Rc = 150 AU, Rin = 0.5 AU, Rout = 250 AU, inclination = 45 degree, powerlaw = -1 
         130
  
  0.2997900000000E+11   0.8267508253426E-24
  0.3951060000000E+11   0.1871857480292E-23
  0.5207280000000E+11   0.4242019432758E-23
  0.6862910000000E+11   0.9614972371320E-23
  0.9044930000000E+11   0.2178070527408E-22
  0.1192070000000E+12   0.4927111412602E-22
  0.1571080000000E+12   0.1112017816139E-21
  0.2070600000000E+12   0.2501151834316E-21
  0.2728930000000E+12   0.5598365033433E-21
  0.3596580000000E+12   0.1357333887324E-20
  0.4740100000000E+12   0.3940933935918E-20
  0.6247180000000E+12   0.1131563536394E-19
  0.8233440000000E+12   0.3195063196672E-19
  0.1085120000000E+13   0.8833460219366E-19
  0.1430130000000E+13   0.2370295685265E-18
  0.1884830000000E+13   0.6116069192591E-18
  0.2484100000000E+13   0.1497175798007E-17
  0.3273910000000E+13   0.3399901086705E-17
  0.4314820000000E+13   0.6990444428792E-17
  0.5686700000000E+13   0.1247428033005E-16
  0.7494750000000E+13   0.1824465002790E-16
  0.7682960000000E+13   0.1865961053659E-16
  0.7875890000000E+13   0.1903513682079E-16
  0.8073670000000E+13   0.1936454759899E-16
  0.8276410000000E+13   0.1964694177323E-16
  0.8484250000000E+13   0.1988641040884E-16
  0.8697300000000E+13   0.2012375308285E-16
  0.8915700000000E+13   0.2030480792128E-16
  0.9139590000000E+13   0.2049353875788E-16
  0.9369100000000E+13   0.2063413819683E-16
  0.9604380000000E+13   0.2075064190228E-16
  0.9845560000000E+13   0.2083976246980E-16
  0.1009280000000E+14   0.2086847470685E-16
  0.1034620000000E+14   0.2085986852096E-16
  0.1060610000000E+14   0.2078573405952E-16
  0.1087240000000E+14   0.2070776773305E-16
  0.1114540000000E+14   0.2057389118292E-16
  0.1142530000000E+14   0.2041013002740E-16
  0.1171220000000E+14   0.2021053080394E-16
  0.1200630000000E+14   0.1995643614145E-16
  0.1230780000000E+14   0.1966733748785E-16
  0.1261690000000E+14   0.1932509442635E-16
  0.1293370000000E+14   0.1899589951034E-16
  0.1325850000000E+14   0.1862403395717E-16
  0.1359150000000E+14   0.1823449276853E-16
  0.1393280000000E+14   0.1782210611413E-16
  0.1428260000000E+14   0.1739038193284E-16
  0.1464130000000E+14   0.1697589488460E-16
  0.1500900000000E+14   0.1652881799704E-16
  0.1538590000000E+14   0.1598505100782E-16
  0.1577220000000E+14   0.1542813867117E-16
  0.1616830000000E+14   0.1465001797770E-16
  0.1657430000000E+14   0.1377086865756E-16
  0.1699050000000E+14   0.1285436241408E-16
  0.1741720000000E+14   0.1178838725325E-16
  0.1785460000000E+14   0.1078872915709E-16
  0.1830290000000E+14   0.9759574450685E-17
  0.1876260000000E+14   0.8794031555580E-17
  0.1923370000000E+14   0.7927112570389E-17
  0.1971670000000E+14   0.7136945712776E-17
  0.2021180000000E+14   0.6443626547025E-17
  0.2071940000000E+14   0.5888306639012E-17
  0.2123970000000E+14   0.5379327756328E-17
  0.2177310000000E+14   0.5263744621345E-17
  0.2231980000000E+14   0.5137378343420E-17
  0.2288030000000E+14   0.5113817268132E-17
  0.2345490000000E+14   0.5111879257487E-17
  0.2404390000000E+14   0.5119635641696E-17
  0.2464770000000E+14   0.5158737846849E-17
  0.2526660000000E+14   0.5180500103264E-17
  0.2590110000000E+14   0.5225652365757E-17
  0.2655150000000E+14   0.5255587330233E-17
  0.2721830000000E+14   0.5345179879906E-17
  0.2790180000000E+14   0.5443091505059E-17
  0.2860240000000E+14   0.5498467268676E-17
  0.2932070000000E+14   0.5504808494500E-17
  0.3005700000000E+14   0.5495113633990E-17
  0.3081180000000E+14   0.5382186374620E-17
  0.3158550000000E+14   0.5275720691688E-17
  0.3237870000000E+14   0.4771372030811E-17
  0.3319170000000E+14   0.4178160970143E-17
  0.3402530000000E+14   0.3631231664834E-17
  0.3487970000000E+14   0.3126704122538E-17
  0.3575560000000E+14   0.2654383565036E-17
  0.3665350000000E+14   0.2228150662543E-17
  0.3757390000000E+14   0.1810833112310E-17
  0.3851740000000E+14   0.1549633670271E-17
  0.3948470000000E+14   0.1320143946099E-17
  0.4047620000000E+14   0.1151183413710E-17
  0.4149260000000E+14   0.1088456699606E-17
  0.4253460000000E+14   0.1031682865067E-17
  0.4360270000000E+14   0.1019143706369E-17
  0.4469770000000E+14   0.1008093832315E-17
  0.4582010000000E+14   0.9989508916848E-18
  0.4697070000000E+14   0.9910586679607E-18
  0.4815020000000E+14   0.9826567580617E-18
  0.4935940000000E+14   0.9736188857076E-18
  0.5059890000000E+14   0.9654629746470E-18
  0.5186950000000E+14   0.9589907947175E-18
  0.5317200000000E+14   0.9528883596299E-18
  0.5450730000000E+14   0.9493709346884E-18
  0.6258450000000E+14   0.9465354146503E-18
  0.7185870000000E+14   0.9581893940984E-18
  0.8250720000000E+14   0.9616261483755E-18
  0.9473370000000E+14   0.9539739683887E-18
  0.1087720000000E+15   0.9421466220862E-18
  0.1248910000000E+15   0.9348322471911E-18
  0.1433980000000E+15   0.9387278751290E-18
  0.1646470000000E+15   0.9601556307274E-18
  0.1890460000000E+15   0.1005377343805E-17
  0.2170600000000E+15   0.1075283281045E-17
  0.2492250000000E+15   0.1171546290280E-17
  0.2861570000000E+15   0.1293481459097E-17
  0.3285620000000E+15   0.1435505966078E-17
  0.3772500000000E+15   0.1586734241819E-17
  0.4331540000000E+15   0.1729738323188E-17
  0.4973410000000E+15   0.1840942575674E-17
  0.5710410000000E+15   0.1893757339168E-17
  0.6556610000000E+15   0.1864735301387E-17
  0.7528220000000E+15   0.1740390580925E-17
  0.8643800000000E+15   0.1524032848684E-17
  0.9924690000000E+15   0.1238185488731E-17
  0.1139540000000E+16   0.9207039392689E-18
  0.1308400000000E+16   0.6183716812391E-18
  0.1502290000000E+16   0.3688465902956E-18
  0.1724910000000E+16   0.1918115001530E-18
  0.1980520000000E+16   0.8512308782054E-19
  0.2274010000000E+16   0.3150438627577E-19
  0.2610990000000E+16   0.9463763301568E-20
  0.2997900000000E+16   0.2237129099455E-20
