         130
  
  0.2997900000000E+11   0.8999038527480E-23
  0.3951060000000E+11   0.2050369266476E-22
  0.5207280000000E+11   0.4666497306058E-22
  0.6862910000000E+11   0.1060411584635E-21
  0.9044930000000E+11   0.2404531830778E-21
  0.1192070000000E+12   0.5436662359474E-21
  0.1571080000000E+12   0.1224495111289E-20
  0.2070600000000E+12   0.2743686349941E-20
  0.2728930000000E+12   0.6105276651068E-20
  0.3596580000000E+12   0.1467741916611E-19
  0.4740100000000E+12   0.4207609713285E-19
  0.6247180000000E+12   0.1185543324454E-18
  0.8233440000000E+12   0.3256250855507E-18
  0.1085120000000E+13   0.8643731778783E-18
  0.1430130000000E+13   0.2182980378336E-17
  0.1884830000000E+13   0.5139582489988E-17
  0.2484100000000E+13   0.1093677087603E-16
  0.3273910000000E+13   0.2005958682211E-16
  0.4314820000000E+13   0.3001622107001E-16
  0.5686700000000E+13   0.3490801390444E-16
  0.7494750000000E+13   0.3252969566173E-16
  0.7682960000000E+13   0.3210489633358E-16
  0.7875890000000E+13   0.3165526781672E-16
  0.8073670000000E+13   0.3118046859490E-16
  0.8276410000000E+13   0.3068459924665E-16
  0.8484250000000E+13   0.3017532096746E-16
  0.8697300000000E+13   0.2969272957873E-16
  0.8915700000000E+13   0.2919136260802E-16
  0.9139590000000E+13   0.2873173424372E-16
  0.9369100000000E+13   0.2826562543067E-16
  0.9604380000000E+13   0.2781684369524E-16
  0.9845560000000E+13   0.2738403444014E-16
  0.1009280000000E+14   0.2693655614369E-16
  0.1034620000000E+14   0.2649656409616E-16
  0.1060610000000E+14   0.2603550011923E-16
  0.1087240000000E+14   0.2561497567313E-16
  0.1114540000000E+14   0.2518167039195E-16
  0.1142530000000E+14   0.2476114006574E-16
  0.1171220000000E+14   0.2434598094649E-16
  0.1200630000000E+14   0.2391336905325E-16
  0.1230780000000E+14   0.2348187563379E-16
  0.1261690000000E+14   0.2302710819326E-16
  0.1293370000000E+14   0.2262448637734E-16
  0.1325850000000E+14   0.2220486303986E-16
  0.1359150000000E+14   0.2179487771605E-16
  0.1393280000000E+14   0.2138406096554E-16
  0.1428260000000E+14   0.2097228450146E-16
  0.1464130000000E+14   0.2060556606638E-16
  0.1500900000000E+14   0.2021064284757E-16
  0.1538590000000E+14   0.1968624738982E-16
  0.1577220000000E+14   0.1914403096153E-16
  0.1616830000000E+14   0.1826571904359E-16
  0.1657430000000E+14   0.1722024480669E-16
  0.1699050000000E+14   0.1610039582630E-16
  0.1741720000000E+14   0.1473557537344E-16
  0.1785460000000E+14   0.1345395837441E-16
  0.1830290000000E+14   0.1211320859561E-16
  0.1876260000000E+14   0.1085617616224E-16
  0.1923370000000E+14   0.9735535040105E-17
  0.1971670000000E+14   0.8719302910630E-17
  0.2021180000000E+14   0.7836283686279E-17
  0.2071940000000E+14   0.7143203173435E-17
  0.2123970000000E+14   0.6508709030793E-17
  0.2177310000000E+14   0.6425326274301E-17
  0.2231980000000E+14   0.6328284122325E-17
  0.2288030000000E+14   0.6384990891904E-17
  0.2345490000000E+14   0.6475702358419E-17
  0.2404390000000E+14   0.6577428542774E-17
  0.2464770000000E+14   0.6718469240616E-17
  0.2526660000000E+14   0.6819158471689E-17
  0.2590110000000E+14   0.6939497275277E-17
  0.2655150000000E+14   0.7019643896629E-17
  0.2721830000000E+14   0.7171285711084E-17
  0.2790180000000E+14   0.7317367229406E-17
  0.2860240000000E+14   0.7387104521812E-17
  0.2932070000000E+14   0.7376176458832E-17
  0.3005700000000E+14   0.7334672582500E-17
  0.3081180000000E+14   0.7144546864231E-17
  0.3158550000000E+14   0.6960724669775E-17
  0.3237870000000E+14   0.6233315693415E-17
  0.3319170000000E+14   0.5389199316339E-17
  0.3402530000000E+14   0.4612928034589E-17
  0.3487970000000E+14   0.3899254767309E-17
  0.3575560000000E+14   0.3234374272227E-17
  0.3665350000000E+14   0.2638387007616E-17
  0.3757390000000E+14   0.2064208682892E-17
  0.3851740000000E+14   0.1714645116399E-17
  0.3948470000000E+14   0.1430572765576E-17
  0.4047620000000E+14   0.1248828455036E-17
  0.4149260000000E+14   0.1184850957528E-17
  0.4253460000000E+14   0.1131059256774E-17
  0.4360270000000E+14   0.1114991140808E-17
  0.4469770000000E+14   0.1101275150525E-17
  0.4582010000000E+14   0.1090116851129E-17
  0.4697070000000E+14   0.1080918908492E-17
  0.4815020000000E+14   0.1072300033591E-17
  0.4935940000000E+14   0.1064115170739E-17
  0.5059890000000E+14   0.1057372557437E-17
  0.5186950000000E+14   0.1052492656448E-17
  0.5317200000000E+14   0.1048464014295E-17
  0.5450730000000E+14   0.1046666135897E-17
  0.6258450000000E+14   0.1052796873254E-17
  0.7185870000000E+14   0.1069877180559E-17
  0.8250720000000E+14   0.1075813135621E-17
  0.9473370000000E+14   0.1064758461369E-17
  0.1087720000000E+15   0.1041421360554E-17
  0.1248910000000E+15   0.1015381223578E-17
  0.1433980000000E+15   0.9961509674578E-18
  0.1646470000000E+15   0.9938792480835E-18
  0.1890460000000E+15   0.1018743011668E-17
  0.2170600000000E+15   0.1074085551918E-17
  0.2492250000000E+15   0.1162286128512E-17
  0.2861570000000E+15   0.1281446788753E-17
  0.3285620000000E+15   0.1424197382257E-17
  0.3772500000000E+15   0.1578004537075E-17
  0.4331540000000E+15   0.1723849622017E-17
  0.4973410000000E+15   0.1836903368494E-17
  0.5710410000000E+15   0.1890130562893E-17
  0.6556610000000E+15   0.1860297931773E-17
  0.7528220000000E+15   0.1734030777801E-17
  0.8643800000000E+15   0.1516323064323E-17
  0.9924690000000E+15   0.1231115303299E-17
  0.1139540000000E+16   0.9134517760489E-18
  0.1308400000000E+16   0.6138019973872E-18
  0.1502290000000E+16   0.3665927294504E-18
  0.1724910000000E+16   0.1909322301618E-18
  0.1980520000000E+16   0.8471132550497E-19
  0.2274010000000E+16   0.3135550210021E-19
  0.2610990000000E+16   0.9419863109862E-20
  0.2997900000000E+16   0.2226898771236E-20
