mstar = 2 Msun, Rstar = 2.5 Rsun, Tstar = 10000, mdisk = 0.0060632 Msun, Rc = 150 AU, Rin = 0.5 AU, Rout = 250 AU, inclination = 45 degree, powerlaw = -1 
         130
  
  0.2997900000000E+11   0.7808004879291E-23
  0.3951060000000E+11   0.1778928997095E-22
  0.5207280000000E+11   0.4048757201444E-22
  0.6862910000000E+11   0.9200923803363E-22
  0.9044930000000E+11   0.2086594190987E-21
  0.1192070000000E+12   0.4718659849484E-21
  0.1571080000000E+12   0.1063058138051E-20
  0.2070600000000E+12   0.2382825726979E-20
  0.2728930000000E+12   0.5304914770045E-20
  0.3596580000000E+12   0.1276232876657E-19
  0.4740100000000E+12   0.3662690361706E-19
  0.6247180000000E+12   0.1033721401212E-18
  0.8233440000000E+12   0.2846388092158E-18
  0.1085120000000E+13   0.7584875723707E-18
  0.1430130000000E+13   0.1927060475410E-17
  0.1884830000000E+13   0.4579832182617E-17
  0.2484100000000E+13   0.9889554136552E-17
  0.3273910000000E+13   0.1854435524187E-16
  0.4314820000000E+13   0.2860618711050E-16
  0.5686700000000E+13   0.3433636084454E-16
  0.7494750000000E+13   0.3240432509746E-16
  0.7682960000000E+13   0.3197291661357E-16
  0.7875890000000E+13   0.3151118229639E-16
  0.8073670000000E+13   0.3101995129308E-16
  0.8276410000000E+13   0.3050445380149E-16
  0.8484250000000E+13   0.2997327734668E-16
  0.8697300000000E+13   0.2946625991821E-16
  0.8915700000000E+13   0.2894026024468E-16
  0.9139590000000E+13   0.2845460625407E-16
  0.9369100000000E+13   0.2796348488593E-16
  0.9604380000000E+13   0.2749058147193E-16
  0.9845560000000E+13   0.2703518790365E-16
  0.1009280000000E+14   0.2656811110914E-16
  0.1034620000000E+14   0.2611105379500E-16
  0.1060610000000E+14   0.2563646733661E-16
  0.1087240000000E+14   0.2520416529015E-16
  0.1114540000000E+14   0.2476238214690E-16
  0.1142530000000E+14   0.2433579656385E-16
  0.1171220000000E+14   0.2391705649695E-16
  0.1200630000000E+14   0.2348361538882E-16
  0.1230780000000E+14   0.2305333057047E-16
  0.1261690000000E+14   0.2260205757407E-16
  0.1293370000000E+14   0.2220340095686E-16
  0.1325850000000E+14   0.2178943222547E-16
  0.1359150000000E+14   0.2138605525659E-16
  0.1393280000000E+14   0.2098280273787E-16
  0.1428260000000E+14   0.2057936397201E-16
  0.1464130000000E+14   0.2022082071077E-16
  0.1500900000000E+14   0.1983511958110E-16
  0.1538590000000E+14   0.1932255616393E-16
  0.1577220000000E+14   0.1879271162136E-16
  0.1616830000000E+14   0.1793239982383E-16
  0.1657430000000E+14   0.1690754884791E-16
  0.1699050000000E+14   0.1580930856703E-16
  0.1741720000000E+14   0.1446970800288E-16
  0.1785460000000E+14   0.1321159702098E-16
  0.1830290000000E+14   0.1189471177939E-16
  0.1876260000000E+14   0.1065954389378E-16
  0.1923370000000E+14   0.9558153838634E-17
  0.1971670000000E+14   0.8559198983403E-17
  0.2021180000000E+14   0.7691161522968E-17
  0.2071940000000E+14   0.7010062892954E-17
  0.2123970000000E+14   0.6386524469276E-17
  0.2177310000000E+14   0.6306483589038E-17
  0.2231980000000E+14   0.6213202050277E-17
  0.2288030000000E+14   0.6272147902959E-17
  0.2345490000000E+14   0.6365035920748E-17
  0.2404390000000E+14   0.6469107036996E-17
  0.2464770000000E+14   0.6612395269086E-17
  0.2526660000000E+14   0.6715848287923E-17
  0.2590110000000E+14   0.6838808755389E-17
  0.2655150000000E+14   0.6922083447265E-17
  0.2721830000000E+14   0.7076389630333E-17
  0.2790180000000E+14   0.7225367745208E-17
  0.2860240000000E+14   0.7298844530592E-17
  0.2932070000000E+14   0.7292245165088E-17
  0.3005700000000E+14   0.7255313367055E-17
  0.3081180000000E+14   0.7070579364128E-17
  0.3158550000000E+14   0.6891935797958E-17
  0.3237870000000E+14   0.6172115242303E-17
  0.3319170000000E+14   0.5335746440076E-17
  0.3402530000000E+14   0.4566520000749E-17
  0.3487970000000E+14   0.3858895827009E-17
  0.3575560000000E+14   0.3199340032656E-17
  0.3665350000000E+14   0.2608245986132E-17
  0.3757390000000E+14   0.2038456350643E-17
  0.3851740000000E+14   0.1691969369933E-17
  0.3948470000000E+14   0.1411036208999E-17
  0.4047620000000E+14   0.1232018417238E-17
  0.4149260000000E+14   0.1170075385204E-17
  0.4253460000000E+14   0.1118153614395E-17
  0.4360270000000E+14   0.1103790175351E-17
  0.4469770000000E+14   0.1091675552111E-17
  0.4582010000000E+14   0.1082011989330E-17
  0.4697070000000E+14   0.1074203398439E-17
  0.4815020000000E+14   0.1066862988905E-17
  0.4935940000000E+14   0.1059846047829E-17
  0.5059890000000E+14   0.1054162783349E-17
  0.5186950000000E+14   0.1050237969078E-17
  0.5317200000000E+14   0.1047063665450E-17
  0.5450730000000E+14   0.1046026849664E-17
  0.6258450000000E+14   0.1054901191945E-17
  0.7185870000000E+14   0.1072877775844E-17
  0.8250720000000E+14   0.1078672102573E-17
  0.9473370000000E+14   0.1067050202000E-17
  0.1087720000000E+15   0.1043127012453E-17
  0.1248910000000E+15   0.1016772964082E-17
  0.1433980000000E+15   0.9976605308151E-18
  0.1646470000000E+15   0.9958775431810E-18
  0.1890460000000E+15   0.1021328435789E-17
  0.2170600000000E+15   0.1077021508672E-17
  0.2492250000000E+15   0.1165182828439E-17
  0.2861570000000E+15   0.1283975444790E-17
  0.3285620000000E+15   0.1426149374018E-17
  0.3772500000000E+15   0.1579304520659E-17
  0.4331540000000E+15   0.1724592788096E-17
  0.4973410000000E+15   0.1837319872675E-17
  0.5710410000000E+15   0.1890453034416E-17
  0.6556610000000E+15   0.1860677933042E-17
  0.7528220000000E+15   0.1734574254588E-17
  0.8643800000000E+15   0.1516981808507E-17
  0.9924690000000E+15   0.1231719264499E-17
  0.1139540000000E+16   0.9140706703631E-18
  0.1308400000000E+16   0.6141920587775E-18
  0.1502290000000E+16   0.3667852291131E-18
  0.1724910000000E+16   0.1910073803623E-18
  0.1980520000000E+16   0.8474651426236E-19
  0.2274010000000E+16   0.3136822623100E-19
  0.2610990000000E+16   0.9423615114633E-20
  0.2997900000000E+16   0.2227773150133E-20
