mstar = 2 Msun, Rstar = 2.5 Rsun, Tstar = 10000, mdisk = 0.0044412 Msun, Rc = 150 AU, Rin = 0.5 AU, Rout = 250 AU, inclination = 45 degree, powerlaw = -1 
         130
  
  0.2997900000000E+11   0.5887076765449E-23
  0.3951060000000E+11   0.1341071982326E-22
  0.5207280000000E+11   0.3052072979804E-22
  0.6862910000000E+11   0.6936316132496E-22
  0.9044930000000E+11   0.1573281648298E-21
  0.1192070000000E+12   0.3558859983147E-21
  0.1571080000000E+12   0.8021138368725E-21
  0.2070600000000E+12   0.1799023015374E-20
  0.2728930000000E+12   0.4008569917415E-20
  0.3596580000000E+12   0.9655250574941E-20
  0.4740100000000E+12   0.2776190698960E-19
  0.6247180000000E+12   0.7857134737869E-19
  0.8233440000000E+12   0.2172586741241E-18
  0.1085120000000E+13   0.5826680566226E-18
  0.1430130000000E+13   0.1495194102119E-17
  0.1884830000000E+13   0.3609625195876E-17
  0.2484100000000E+13   0.7989853712777E-17
  0.3273910000000E+13   0.1556567178106E-16
  0.4314820000000E+13   0.2537540491777E-16
  0.5686700000000E+13   0.3249876418156E-16
  0.7494750000000E+13   0.3193212713456E-16
  0.7682960000000E+13   0.3153814446756E-16
  0.7875890000000E+13   0.3109869564772E-16
  0.8073670000000E+13   0.3061607931676E-16
  0.8276410000000E+13   0.3009724834554E-16
  0.8484250000000E+13   0.2955245907602E-16
  0.8697300000000E+13   0.2902158113886E-16
  0.8915700000000E+13   0.2846503482292E-16
  0.9139590000000E+13   0.2794073487737E-16
  0.9369100000000E+13   0.2740722255893E-16
  0.9604380000000E+13   0.2688853865686E-16
  0.9845560000000E+13   0.2638571432599E-16
  0.1009280000000E+14   0.2587324582332E-16
  0.1034620000000E+14   0.2537269139195E-16
  0.1060610000000E+14   0.2485950009680E-16
  0.1087240000000E+14   0.2439018804980E-16
  0.1114540000000E+14   0.2391719941812E-16
  0.1142530000000E+14   0.2346391338889E-16
  0.1171220000000E+14   0.2302365734208E-16
  0.1200630000000E+14   0.2257515028010E-16
  0.1230780000000E+14   0.2213488236456E-16
  0.1261690000000E+14   0.2167960423807E-16
  0.1293370000000E+14   0.2127870544443E-16
  0.1325850000000E+14   0.2086730152803E-16
  0.1359150000000E+14   0.2046951364269E-16
  0.1393280000000E+14   0.2007487301147E-16
  0.1428260000000E+14   0.1968260696506E-16
  0.1464130000000E+14   0.1933557075750E-16
  0.1500900000000E+14   0.1896420419334E-16
  0.1538590000000E+14   0.1847213625135E-16
  0.1577220000000E+14   0.1796434547859E-16
  0.1616830000000E+14   0.1713918832321E-16
  0.1657430000000E+14   0.1615615910484E-16
  0.1699050000000E+14   0.1510296827589E-16
  0.1741720000000E+14   0.1381816561560E-16
  0.1785460000000E+14   0.1261244037376E-16
  0.1830290000000E+14   0.1135114692431E-16
  0.1876260000000E+14   0.1016938406129E-16
  0.1923370000000E+14   0.9116871244006E-17
  0.1971670000000E+14   0.8163213345669E-17
  0.2021180000000E+14   0.7335411949373E-17
  0.2071940000000E+14   0.6686496239969E-17
  0.2123970000000E+14   0.6092787069838E-17
  0.2177310000000E+14   0.6016787186455E-17
  0.2231980000000E+14   0.5928929127906E-17
  0.2288030000000E+14   0.5987271838915E-17
  0.2345490000000E+14   0.6079050353007E-17
  0.2404390000000E+14   0.6182177652431E-17
  0.2464770000000E+14   0.6323514988018E-17
  0.2526660000000E+14   0.6427017219334E-17
  0.2590110000000E+14   0.6549589353829E-17
  0.2655150000000E+14   0.6634147330343E-17
  0.2721830000000E+14   0.6787125533769E-17
  0.2790180000000E+14   0.6935232152495E-17
  0.2860240000000E+14   0.7010834471173E-17
  0.2932070000000E+14   0.7009321807048E-17
  0.3005700000000E+14   0.6978633988552E-17
  0.3081180000000E+14   0.6805328296372E-17
  0.3158550000000E+14   0.6637825445306E-17
  0.3237870000000E+14   0.5947632483851E-17
  0.3319170000000E+14   0.5144814984120E-17
  0.3402530000000E+14   0.4406961006393E-17
  0.3487970000000E+14   0.3728423595688E-17
  0.3575560000000E+14   0.3095975418466E-17
  0.3665350000000E+14   0.2529152786365E-17
  0.3757390000000E+14   0.1983616266066E-17
  0.3851740000000E+14   0.1653296118686E-17
  0.3948470000000E+14   0.1385707850820E-17
  0.4047620000000E+14   0.1215017435711E-17
  0.4149260000000E+14   0.1156259036656E-17
  0.4253460000000E+14   0.1106810684921E-17
  0.4360270000000E+14   0.1093631488640E-17
  0.4469770000000E+14   0.1082536949461E-17
  0.4582010000000E+14   0.1073729831188E-17
  0.4697070000000E+14   0.1066632213478E-17
  0.4815020000000E+14   0.1059884443597E-17
  0.4935940000000E+14   0.1053340526499E-17
  0.5059890000000E+14   0.1048003258729E-17
  0.5186950000000E+14   0.1044307952180E-17
  0.5317200000000E+14   0.1041262882845E-17
  0.5450730000000E+14   0.1040266100628E-17
  0.6258450000000E+14   0.1048294821181E-17
  0.7185870000000E+14   0.1064553015136E-17
  0.8250720000000E+14   0.1068532250554E-17
  0.9473370000000E+14   0.1055615641297E-17
  0.1087720000000E+15   0.1031379506324E-17
  0.1248910000000E+15   0.1005906498946E-17
  0.1433980000000E+15   0.9888447269917E-18
  0.1646470000000E+15   0.9899529282605E-18
  0.1890460000000E+15   0.1018500924962E-17
  0.2170600000000E+15   0.1076811647196E-17
  0.2492250000000E+15   0.1166633677905E-17
  0.2861570000000E+15   0.1286130023596E-17
  0.3285620000000E+15   0.1428283987524E-17
  0.3772500000000E+15   0.1580971102088E-17
  0.4331540000000E+15   0.1725674801342E-17
  0.4973410000000E+15   0.1838006996285E-17
  0.5710410000000E+15   0.1891050275315E-17
  0.6556610000000E+15   0.1861422251857E-17
  0.7528220000000E+15   0.1735655751451E-17
  0.8643800000000E+15   0.1518296996922E-17
  0.9924690000000E+15   0.1232925661761E-17
  0.1139540000000E+16   0.9153073057623E-18
  0.1308400000000E+16   0.6149714093881E-18
  0.1502290000000E+16   0.3671697839384E-18
  0.1724910000000E+16   0.1911574776789E-18
  0.1980520000000E+16   0.8481679897854E-19
  0.2274010000000E+16   0.3139364057180E-19
  0.2610990000000E+16   0.9431109037740E-20
  0.2997900000000E+16   0.2229519542541E-20
