mstar = 2 Msun, Rstar = 2.5 Rsun, Tstar = 10000, mdisk = 0.0027216 Msun, Rc = 150 AU, Rin = 0.5 AU, Rout = 250 AU, inclination = 45 degree, powerlaw = -1 
         130
  
  0.2997900000000E+11   0.3790547914757E-23
  0.3951060000000E+11   0.8631131987645E-23
  0.5207280000000E+11   0.1963879613311E-22
  0.6862910000000E+11   0.4463106748873E-22
  0.9044930000000E+11   0.1012481750354E-21
  0.1192070000000E+12   0.2291153705256E-21
  0.1571080000000E+12   0.5167088563273E-21
  0.2070600000000E+12   0.1159951118141E-20
  0.2728930000000E+12   0.2587888340885E-20
  0.3596580000000E+12   0.6244544793023E-20
  0.4740100000000E+12   0.1800373656032E-19
  0.6247180000000E+12   0.5115625201710E-19
  0.8233440000000E+12   0.1422794894209E-18
  0.1085120000000E+13   0.3849148307762E-18
  0.1430130000000E+13   0.1000868812442E-17
  0.1884830000000E+13   0.2466022822190E-17
  0.2484100000000E+13   0.5635357383907E-17
  0.3273910000000E+13   0.1153751314964E-16
  0.4314820000000E+13   0.2027341693249E-16
  0.5686700000000E+13   0.2869982390580E-16
  0.7494750000000E+13   0.3095419388813E-16
  0.7682960000000E+13   0.3074816752469E-16
  0.7875890000000E+13   0.3047279226000E-16
  0.8073670000000E+13   0.3012925256279E-16
  0.8276410000000E+13   0.2972456586567E-16
  0.8484250000000E+13   0.2926979063389E-16
  0.8697300000000E+13   0.2880673922596E-16
  0.8915700000000E+13   0.2829444266842E-16
  0.9139590000000E+13   0.2779274915288E-16
  0.9369100000000E+13   0.2726085703270E-16
  0.9604380000000E+13   0.2672445811917E-16
  0.9845560000000E+13   0.2618647957548E-16
  0.1009280000000E+14   0.2562565279648E-16
  0.1034620000000E+14   0.2506537643942E-16
  0.1060610000000E+14   0.2448620492074E-16
  0.1087240000000E+14   0.2394249192139E-16
  0.1114540000000E+14   0.2339372543510E-16
  0.1142530000000E+14   0.2286343026453E-16
  0.1171220000000E+14   0.2234783274356E-16
  0.1200630000000E+14   0.2182982500007E-16
  0.1230780000000E+14   0.2132553169074E-16
  0.1261690000000E+14   0.2081520004027E-16
  0.1293370000000E+14   0.2036166212237E-16
  0.1325850000000E+14   0.1990721549479E-16
  0.1359150000000E+14   0.1947356506092E-16
  0.1393280000000E+14   0.1905109699445E-16
  0.1428260000000E+14   0.1863866927638E-16
  0.1464130000000E+14   0.1827502385423E-16
  0.1500900000000E+14   0.1789585485341E-16
  0.1538590000000E+14   0.1741098124434E-16
  0.1577220000000E+14   0.1691604472279E-16
  0.1616830000000E+14   0.1613010114237E-16
  0.1657430000000E+14   0.1519977727874E-16
  0.1699050000000E+14   0.1420604060145E-16
  0.1741720000000E+14   0.1299879949457E-16
  0.1785460000000E+14   0.1186667318780E-16
  0.1830290000000E+14   0.1068479012127E-16
  0.1876260000000E+14   0.9578571337076E-17
  0.1923370000000E+14   0.8593597267486E-17
  0.1971670000000E+14   0.7701637899410E-17
  0.2021180000000E+14   0.6927106266033E-17
  0.2071940000000E+14   0.6318295547912E-17
  0.2123970000000E+14   0.5761364349547E-17
  0.2177310000000E+14   0.5681601806410E-17
  0.2231980000000E+14   0.5593472669700E-17
  0.2288030000000E+14   0.5643239904853E-17
  0.2345490000000E+14   0.5726731403960E-17
  0.2404390000000E+14   0.5823143399059E-17
  0.2464770000000E+14   0.5957090288031E-17
  0.2526660000000E+14   0.6056980433551E-17
  0.2590110000000E+14   0.6175871694367E-17
  0.2655150000000E+14   0.6259823151084E-17
  0.2721830000000E+14   0.6408973074654E-17
  0.2790180000000E+14   0.6554173170524E-17
  0.2860240000000E+14   0.6631284382688E-17
  0.2932070000000E+14   0.6635892531045E-17
  0.3005700000000E+14   0.6613114022711E-17
  0.3081180000000E+14   0.6455582254955E-17
  0.3158550000000E+14   0.6303601883075E-17
  0.3237870000000E+14   0.5656322705319E-17
  0.3319170000000E+14   0.4901560295244E-17
  0.3402530000000E+14   0.4207386122848E-17
  0.3487970000000E+14   0.3568614798365E-17
  0.3575560000000E+14   0.2972682075407E-17
  0.3665350000000E+14   0.2437882608003E-17
  0.3757390000000E+14   0.1921617920153E-17
  0.3851740000000E+14   0.1609368294202E-17
  0.3948470000000E+14   0.1355166356847E-17
  0.4047620000000E+14   0.1191530427525E-17
  0.4149260000000E+14   0.1135305578270E-17
  0.4253460000000E+14   0.1087616136357E-17
  0.4360270000000E+14   0.1075311751488E-17
  0.4469770000000E+14   0.1064909741045E-17
  0.4582010000000E+14   0.1056625167914E-17
  0.4697070000000E+14   0.1049897906899E-17
  0.4815020000000E+14   0.1043371557555E-17
  0.4935940000000E+14   0.1036901122619E-17
  0.5059890000000E+14   0.1031510927429E-17
  0.5186950000000E+14   0.1027665778113E-17
  0.5317200000000E+14   0.1024375303091E-17
  0.5450730000000E+14   0.1023097301608E-17
  0.6258450000000E+14   0.1029181297462E-17
  0.7185870000000E+14   0.1043949249594E-17
  0.8250720000000E+14   0.1047338256771E-17
  0.9473370000000E+14   0.1035102563528E-17
  0.1087720000000E+15   0.1013070621131E-17
  0.1248910000000E+15   0.9910954406516E-18
  0.1433980000000E+15   0.9782969577922E-18
  0.1646470000000E+15   0.9838381466894E-18
  0.1890460000000E+15   0.1016415122196E-17
  0.2170600000000E+15   0.1077845244420E-17
  0.2492250000000E+15   0.1169444806784E-17
  0.2861570000000E+15   0.1289427411249E-17
  0.3285620000000E+15   0.1431247452413E-17
  0.3772500000000E+15   0.1583249500074E-17
  0.4331540000000E+15   0.1727233232028E-17
  0.4973410000000E+15   0.1839055412830E-17
  0.5710410000000E+15   0.1891945256891E-17
  0.6556610000000E+15   0.1862490300657E-17
  0.7528220000000E+15   0.1737180952777E-17
  0.8643800000000E+15   0.1520146105195E-17
  0.9924690000000E+15   0.1234621396692E-17
  0.1139540000000E+16   0.9170462468166E-18
  0.1308400000000E+16   0.6160672080062E-18
  0.1502290000000E+16   0.3677103404174E-18
  0.1724910000000E+16   0.1913683981608E-18
  0.1980520000000E+16   0.8491556997345E-19
  0.2274010000000E+16   0.3142935448091E-19
  0.2610990000000E+16   0.9441639803826E-20
  0.2997900000000E+16   0.2231973610973E-20
