         130
  
  0.2997900000000E+11   0.9234104294868E-24
  0.3951060000000E+11   0.2092370646996E-23
  0.5207280000000E+11   0.4744531073580E-23
  0.6862910000000E+11   0.1075844162177E-22
  0.9044930000000E+11   0.2437765860863E-22
  0.1192070000000E+12   0.5515402607708E-22
  0.1571080000000E+12   0.1244834411949E-21
  0.2070600000000E+12   0.2799661321773E-21
  0.2728930000000E+12   0.6265264446484E-21
  0.3596580000000E+12   0.1518544735485E-20
  0.4740100000000E+12   0.4406908588981E-20
  0.6247180000000E+12   0.1264420349711E-19
  0.8233440000000E+12   0.3566360790895E-19
  0.1085120000000E+13   0.9845030157036E-19
  0.1430130000000E+13   0.2636089124944E-18
  0.1884830000000E+13   0.6781359634525E-18
  0.2484100000000E+13   0.1652918035214E-17
  0.3273910000000E+13   0.3730606884528E-17
  0.4314820000000E+13   0.7603037485454E-17
  0.5686700000000E+13   0.1339685153702E-16
  0.7494750000000E+13   0.1925030032274E-16
  0.7682960000000E+13   0.1965158949781E-16
  0.7875890000000E+13   0.2000924076186E-16
  0.8073670000000E+13   0.2031658987365E-16
  0.8276410000000E+13   0.2057297196897E-16
  0.8484250000000E+13   0.2078283004281E-16
  0.8697300000000E+13   0.2098781491492E-16
  0.8915700000000E+13   0.2113302460468E-16
  0.9139590000000E+13   0.2128335143776E-16
  0.9369100000000E+13   0.2138253217967E-16
  0.9604380000000E+13   0.2145501573553E-16
  0.9845560000000E+13   0.2149768798273E-16
  0.1009280000000E+14   0.2147795619588E-16
  0.1034620000000E+14   0.2141930982451E-16
  0.1060610000000E+14   0.2129426240252E-16
  0.1087240000000E+14   0.2116431181661E-16
  0.1114540000000E+14   0.2097848885196E-16
  0.1142530000000E+14   0.2076294498989E-16
  0.1171220000000E+14   0.2051237904734E-16
  0.1200630000000E+14   0.2020919816569E-16
  0.1230780000000E+14   0.1987304829575E-16
  0.1261690000000E+14   0.1948689222843E-16
  0.1293370000000E+14   0.1911553245918E-16
  0.1325850000000E+14   0.1870537532060E-16
  0.1359150000000E+14   0.1828114679958E-16
  0.1393280000000E+14   0.1783827907912E-16
  0.1428260000000E+14   0.1738050877340E-16
  0.1464130000000E+14   0.1694367159126E-16
  0.1500900000000E+14   0.1647950969586E-16
  0.1538590000000E+14   0.1592504076450E-16
  0.1577220000000E+14   0.1536139889393E-16
  0.1616830000000E+14   0.1458289426451E-16
  0.1657430000000E+14   0.1370631937770E-16
  0.1699050000000E+14   0.1279383633031E-16
  0.1741720000000E+14   0.1173432920138E-16
  0.1785460000000E+14   0.1074095802904E-16
  0.1830290000000E+14   0.9719255523368E-17
  0.1876260000000E+14   0.8761230292915E-17
  0.1923370000000E+14   0.7901247199984E-17
  0.1971670000000E+14   0.7117578839429E-17
  0.2021180000000E+14   0.6429822508236E-17
  0.2071940000000E+14   0.5877942472981E-17
  0.2123970000000E+14   0.5372169128203E-17
  0.2177310000000E+14   0.5251848773928E-17
  0.2231980000000E+14   0.5122928483514E-17
  0.2288030000000E+14   0.5097850354256E-17
  0.2345490000000E+14   0.5097295826558E-17
  0.2404390000000E+14   0.5109174960898E-17
  0.2464770000000E+14   0.5154902134326E-17
  0.2526660000000E+14   0.5184486341383E-17
  0.2590110000000E+14   0.5238373298155E-17
  0.2655150000000E+14   0.5276501486218E-17
  0.2721830000000E+14   0.5374894666660E-17
  0.2790180000000E+14   0.5480816872056E-17
  0.2860240000000E+14   0.5542133910626E-17
  0.2932070000000E+14   0.5552341750577E-17
  0.3005700000000E+14   0.5545209332978E-17
  0.3081180000000E+14   0.5432260950615E-17
  0.3158550000000E+14   0.5325341033963E-17
  0.3237870000000E+14   0.4813875200830E-17
  0.3319170000000E+14   0.4212317355765E-17
  0.3402530000000E+14   0.3657963139297E-17
  0.3487970000000E+14   0.3146487274188E-17
  0.3575560000000E+14   0.2667374174153E-17
  0.3665350000000E+14   0.2235302007502E-17
  0.3757390000000E+14   0.1813922028547E-17
  0.3851740000000E+14   0.1552498875438E-17
  0.3948470000000E+14   0.1326686350400E-17
  0.4047620000000E+14   0.1163839123665E-17
  0.4149260000000E+14   0.1103441343009E-17
  0.4253460000000E+14   0.1048938149397E-17
  0.4360270000000E+14   0.1036440007772E-17
  0.4469770000000E+14   0.1025475921072E-17
  0.4582010000000E+14   0.1016423353588E-17
  0.4697070000000E+14   0.1008648078305E-17
  0.4815020000000E+14   0.1000467114642E-17
  0.4935940000000E+14   0.9917443531223E-18
  0.5059890000000E+14   0.9839048438234E-18
  0.5186950000000E+14   0.9776950335868E-18
  0.5317200000000E+14   0.9718612520029E-18
  0.5450730000000E+14   0.9684946348687E-18
  0.6258450000000E+14   0.9656603598856E-18
  0.7185870000000E+14   0.9761120024752E-18
  0.8250720000000E+14   0.9778112231958E-18
  0.9473370000000E+14   0.9679703469337E-18
  0.1087720000000E+15   0.9535893504018E-18
  0.1248910000000E+15   0.9436413655670E-18
  0.1433980000000E+15   0.9450659397929E-18
  0.1646470000000E+15   0.9643286766262E-18
  0.1890460000000E+15   0.1007799872935E-17
  0.2170600000000E+15   0.1076443266834E-17
  0.2492250000000E+15   0.1171967274732E-17
  0.2861570000000E+15   0.1293567400874E-17
  0.3285620000000E+15   0.1435458073740E-17
  0.3772500000000E+15   0.1586626319611E-17
  0.4331540000000E+15   0.1729626684531E-17
  0.4973410000000E+15   0.1840851242795E-17
  0.5710410000000E+15   0.1893670892725E-17
  0.6556610000000E+15   0.1864630478201E-17
  0.7528220000000E+15   0.1740242422212E-17
  0.8643800000000E+15   0.1523854030614E-17
  0.9924690000000E+15   0.1238021582155E-17
  0.1139540000000E+16   0.9205356529914E-18
  0.1308400000000E+16   0.6182656683971E-18
  0.1502290000000E+16   0.3687943355005E-18
  0.1724910000000E+16   0.1917911299202E-18
  0.1980520000000E+16   0.8511354725184E-19
  0.2274010000000E+16   0.3150093680496E-19
  0.2610990000000E+16   0.9462746229305E-20
  0.2997900000000E+16   0.2236892092576E-20
