         130
  
  0.2997900000000E+11   0.8807586940294E-23
  0.3951060000000E+11   0.2006723220189E-22
  0.5207280000000E+11   0.4567127247895E-22
  0.6862910000000E+11   0.1037827469545E-21
  0.9044930000000E+11   0.2353323506112E-21
  0.1192070000000E+12   0.5320907263765E-21
  0.1571080000000E+12   0.1198435389550E-20
  0.2070600000000E+12   0.2685336477688E-20
  0.2728930000000E+12   0.5975568410192E-20
  0.3596580000000E+12   0.1436611245677E-19
  0.4740100000000E+12   0.4118659744597E-19
  0.6247180000000E+12   0.1160616305866E-18
  0.8233440000000E+12   0.3188424444560E-18
  0.1085120000000E+13   0.8466577188339E-18
  0.1430130000000E+13   0.2139482639390E-17
  0.1884830000000E+13   0.5042122142424E-17
  0.2484100000000E+13   0.1074690808874E-16
  0.3273910000000E+13   0.1976249435873E-16
  0.4314820000000E+13   0.2968121633235E-16
  0.5686700000000E+13   0.3465319354732E-16
  0.7494750000000E+13   0.3234559003707E-16
  0.7682960000000E+13   0.3192316579565E-16
  0.7875890000000E+13   0.3147554276624E-16
  0.8073670000000E+13   0.3100250441355E-16
  0.8276410000000E+13   0.3050827346699E-16
  0.8484250000000E+13   0.3000059206711E-16
  0.8697300000000E+13   0.2951937449275E-16
  0.8915700000000E+13   0.2901959576829E-16
  0.9139590000000E+13   0.2856141325760E-16
  0.9369100000000E+13   0.2809703437447E-16
  0.9604380000000E+13   0.2765017483941E-16
  0.9845560000000E+13   0.2721955577361E-16
  0.1009280000000E+14   0.2677474083271E-16
  0.1034620000000E+14   0.2633775252792E-16
  0.1060610000000E+14   0.2588019445279E-16
  0.1087240000000E+14   0.2546331245345E-16
  0.1114540000000E+14   0.2503404316738E-16
  0.1142530000000E+14   0.2461773843377E-16
  0.1171220000000E+14   0.2420700489571E-16
  0.1200630000000E+14   0.2377904596727E-16
  0.1230780000000E+14   0.2335229249403E-16
  0.1261690000000E+14   0.2290241660068E-16
  0.1293370000000E+14   0.2250453029242E-16
  0.1325850000000E+14   0.2208969615848E-16
  0.1359150000000E+14   0.2168441787753E-16
  0.1393280000000E+14   0.2127816220575E-16
  0.1428260000000E+14   0.2087081038147E-16
  0.1464130000000E+14   0.2050825306207E-16
  0.1500900000000E+14   0.2011743786903E-16
  0.1538590000000E+14   0.1959732928729E-16
  0.1577220000000E+14   0.1905924176733E-16
  0.1616830000000E+14   0.1818579245231E-16
  0.1657430000000E+14   0.1714544867527E-16
  0.1699050000000E+14   0.1603073024157E-16
  0.1741720000000E+14   0.1467164065150E-16
  0.1785460000000E+14   0.1339543030232E-16
  0.1830290000000E+14   0.1206015476644E-16
  0.1876260000000E+14   0.1080825021653E-16
  0.1923370000000E+14   0.9692099068557E-17
  0.1971670000000E+14   0.8679961657188E-17
  0.2021180000000E+14   0.7800617410452E-17
  0.2071940000000E+14   0.7110589373913E-17
  0.2123970000000E+14   0.6478858395993E-17
  0.2177310000000E+14   0.6396291155949E-17
  0.2231980000000E+14   0.6300054428229E-17
  0.2288030000000E+14   0.6357088493763E-17
  0.2345490000000E+14   0.6448081614262E-17
  0.2404390000000E+14   0.6550133825480E-17
  0.2464770000000E+14   0.6691418346408E-17
  0.2526660000000E+14   0.6792494716432E-17
  0.2590110000000E+14   0.6913269671701E-17
  0.2655150000000E+14   0.6994153821261E-17
  0.2721830000000E+14   0.7146727699812E-17
  0.2790180000000E+14   0.7294076212208E-17
  0.2860240000000E+14   0.7365424504308E-17
  0.2932070000000E+14   0.7356174454735E-17
  0.3005700000000E+14   0.7316435341373E-17
  0.3081180000000E+14   0.7128129340358E-17
  0.3158550000000E+14   0.6946136109805E-17
  0.3237870000000E+14   0.6220233677723E-17
  0.3319170000000E+14   0.5377187446600E-17
  0.3402530000000E+14   0.4602197769805E-17
  0.3487970000000E+14   0.3890027772224E-17
  0.3575560000000E+14   0.3226632705055E-17
  0.3665350000000E+14   0.2632273063292E-17
  0.3757390000000E+14   0.2060177545552E-17
  0.3851740000000E+14   0.1712630540092E-17
  0.3948470000000E+14   0.1430570567350E-17
  0.4047620000000E+14   0.1250420570961E-17
  0.4149260000000E+14   0.1187222526391E-17
  0.4253460000000E+14   0.1134084106311E-17
  0.4360270000000E+14   0.1118492370223E-17
  0.4469770000000E+14   0.1105234679609E-17
  0.4582010000000E+14   0.1094514831165E-17
  0.4697070000000E+14   0.1085737519733E-17
  0.4815020000000E+14   0.1077519595053E-17
  0.4935940000000E+14   0.1069714710698E-17
  0.5059890000000E+14   0.1063325874244E-17
  0.5186950000000E+14   0.1058775489588E-17
  0.5317200000000E+14   0.1055053527613E-17
  0.5450730000000E+14   0.1053536048936E-17
  0.6258450000000E+14   0.1060806475765E-17
  0.7185870000000E+14   0.1078334254093E-17
  0.8250720000000E+14   0.1084037880347E-17
  0.9473370000000E+14   0.1072154375853E-17
  0.1087720000000E+15   0.1047543404320E-17
  0.1248910000000E+15   0.1020044266509E-17
  0.1433980000000E+15   0.9994650784839E-18
  0.1646470000000E+15   0.9961627321712E-18
  0.1890460000000E+15   0.1020358163238E-17
  0.2170600000000E+15   0.1075277099929E-17
  0.2492250000000E+15   0.1163169539527E-17
  0.2861570000000E+15   0.1282069967312E-17
  0.3285620000000E+15   0.1424598924701E-17
  0.3772500000000E+15   0.1578234858287E-17
  0.4331540000000E+15   0.1723967131283E-17
  0.4973410000000E+15   0.1836963992062E-17
  0.5710410000000E+15   0.1890174416904E-17
  0.6556610000000E+15   0.1860347492511E-17
  0.7528220000000E+15   0.1734100532847E-17
  0.8643800000000E+15   0.1516407286430E-17
  0.9924690000000E+15   0.1231192474726E-17
  0.1139540000000E+16   0.9135308419627E-18
  0.1308400000000E+16   0.6138518295367E-18
  0.1502290000000E+16   0.3666173233373E-18
  0.1724910000000E+16   0.1909418319515E-18
  0.1980520000000E+16   0.8471582145880E-19
  0.2274010000000E+16   0.3135712782809E-19
  0.2610990000000E+16   0.9420342494959E-20
  0.2997900000000E+16   0.2227010488910E-20
