mstar = 2 Msun, Rstar = 2.5 Rsun, Tstar = 10000, mdisk = 0.00020389 Msun, Rc = 150 AU, Rin = 0.5 AU, Rout = 250 AU, inclination = 45 degree, powerlaw = -1 
         130
  
  0.2997900000000E+11   0.3964682852991E-24
  0.3951060000000E+11   0.8900615061088E-24
  0.5207280000000E+11   0.2004142984289E-23
  0.6862910000000E+11   0.4521066333711E-23
  0.9044930000000E+11   0.1020703163511E-22
  0.1192070000000E+12   0.2303867136916E-22
  0.1571080000000E+12   0.5193431536279E-22
  0.2070600000000E+12   0.1167800273323E-21
  0.2728930000000E+12   0.2615660068789E-21
  0.3596580000000E+12   0.6350558942055E-21
  0.4740100000000E+12   0.1848175812628E-20
  0.6247180000000E+12   0.5329056538489E-20
  0.8233440000000E+12   0.1514268212885E-19
  0.1085120000000E+13   0.4224551230625E-19
  0.1430130000000E+13   0.1148046887215E-18
  0.1884830000000E+13   0.3015262724109E-18
  0.2484100000000E+13   0.7566239319131E-18
  0.3273910000000E+13   0.1778559551752E-17
  0.4314820000000E+13   0.3836647697706E-17
  0.5686700000000E+13   0.7315628627661E-17
  0.7494750000000E+13   0.1170989552960E-16
  0.7682960000000E+13   0.1209008452984E-16
  0.7875890000000E+13   0.1245293636140E-16
  0.8073670000000E+13   0.1279322944442E-16
  0.8276410000000E+13   0.1310971906374E-16
  0.8484250000000E+13   0.1340487640151E-16
  0.8697300000000E+13   0.1370960769003E-16
  0.8915700000000E+13   0.1398244639425E-16
  0.9139590000000E+13   0.1427332012532E-16
  0.9369100000000E+13   0.1453837329019E-16
  0.9604380000000E+13   0.1479661592380E-16
  0.9845560000000E+13   0.1504538193304E-16
  0.1009280000000E+14   0.1525610937079E-16
  0.1034620000000E+14   0.1544716067126E-16
  0.1060610000000E+14   0.1559244740229E-16
  0.1087240000000E+14   0.1574567823666E-16
  0.1114540000000E+14   0.1585880502449E-16
  0.1142530000000E+14   0.1595412123615E-16
  0.1171220000000E+14   0.1602437310908E-16
  0.1200630000000E+14   0.1604895474338E-16
  0.1230780000000E+14   0.1604422042995E-16
  0.1261690000000E+14   0.1598878910713E-16
  0.1293370000000E+14   0.1594836487830E-16
  0.1325850000000E+14   0.1586276755821E-16
  0.1359150000000E+14   0.1575527807835E-16
  0.1393280000000E+14   0.1561725888425E-16
  0.1428260000000E+14   0.1544937182663E-16
  0.1464130000000E+14   0.1528959869567E-16
  0.1500900000000E+14   0.1507932636736E-16
  0.1538590000000E+14   0.1474331071960E-16
  0.1577220000000E+14   0.1437367016970E-16
  0.1616830000000E+14   0.1373673183244E-16
  0.1657430000000E+14   0.1296931066871E-16
  0.1699050000000E+14   0.1214437068779E-16
  0.1741720000000E+14   0.1113792938762E-16
  0.1785460000000E+14   0.1019159099516E-16
  0.1830290000000E+14   0.9198290093229E-17
  0.1876260000000E+14   0.8262692726473E-17
  0.1923370000000E+14   0.7425032194896E-17
  0.1971670000000E+14   0.6661614546351E-17
  0.2021180000000E+14   0.5996280805469E-17
  0.2071940000000E+14   0.5477404317145E-17
  0.2123970000000E+14   0.5001248210463E-17
  0.2177310000000E+14   0.4968464590231E-17
  0.2231980000000E+14   0.4914100416277E-17
  0.2288030000000E+14   0.4964838533635E-17
  0.2345490000000E+14   0.5023006674853E-17
  0.2404390000000E+14   0.5072053223148E-17
  0.2464770000000E+14   0.5132320155692E-17
  0.2526660000000E+14   0.5155119831807E-17
  0.2590110000000E+14   0.5183274368840E-17
  0.2655150000000E+14   0.5184582869982E-17
  0.2721830000000E+14   0.5229364087758E-17
  0.2790180000000E+14   0.5275368173289E-17
  0.2860240000000E+14   0.5284368945745E-17
  0.2932070000000E+14   0.5254814988496E-17
  0.3005700000000E+14   0.5216067129882E-17
  0.3081180000000E+14   0.5095511678660E-17
  0.3158550000000E+14   0.4984674092049E-17
  0.3237870000000E+14   0.4540413553169E-17
  0.3319170000000E+14   0.4021522721692E-17
  0.3402530000000E+14   0.3541299339789E-17
  0.3487970000000E+14   0.3094635953236E-17
  0.3575560000000E+14   0.2669951829285E-17
  0.3665350000000E+14   0.2274116656159E-17
  0.3757390000000E+14   0.1856002642958E-17
  0.3851740000000E+14   0.1561591827063E-17
  0.3948470000000E+14   0.1271889906151E-17
  0.4047620000000E+14   0.1049648079059E-17
  0.4149260000000E+14   0.9726775118944E-18
  0.4253460000000E+14   0.9036730643980E-18
  0.4360270000000E+14   0.8921741212057E-18
  0.4469770000000E+14   0.8818743389900E-18
  0.4582010000000E+14   0.8734394698150E-18
  0.4697070000000E+14   0.8661064946275E-18
  0.4815020000000E+14   0.8576875151654E-18
  0.4935940000000E+14   0.8481243345133E-18
  0.5059890000000E+14   0.8394753748615E-18
  0.5186950000000E+14   0.8328577168854E-18
  0.5317200000000E+14   0.8266185403231E-18
  0.5450730000000E+14   0.8236621685919E-18
  0.6258450000000E+14   0.8294344753467E-18
  0.7185870000000E+14   0.8578508086598E-18
  0.8250720000000E+14   0.8811304458914E-18
  0.9473370000000E+14   0.8940136987964E-18
  0.1087720000000E+15   0.9017912088774E-18
  0.1248910000000E+15   0.9107310120338E-18
  0.1433980000000E+15   0.9257057469896E-18
  0.1646470000000E+15   0.9528929035416E-18
  0.1890460000000E+15   0.1000086835865E-17
  0.2170600000000E+15   0.1070512929291E-17
  0.2492250000000E+15   0.1167335189533E-17
  0.2861570000000E+15   0.1290007427174E-17
  0.3285620000000E+15   0.1432844706494E-17
  0.3772500000000E+15   0.1585042177020E-17
  0.4331540000000E+15   0.1728986292108E-17
  0.4973410000000E+15   0.1840829046126E-17
  0.5710410000000E+15   0.1894013865162E-17
  0.6556610000000E+15   0.1865259123142E-17
  0.7528220000000E+15   0.1741218689047E-17
  0.8643800000000E+15   0.1525051701232E-17
  0.9924690000000E+15   0.1239121509760E-17
  0.1139540000000E+16   0.9216653943807E-18
  0.1308400000000E+16   0.6189773468461E-18
  0.1502290000000E+16   0.3691450996672E-18
  0.1724910000000E+16   0.1919278527850E-18
  0.1980520000000E+16   0.8517758362381E-19
  0.2274010000000E+16   0.3152408950897E-19
  0.2610990000000E+16   0.9469572736457E-20
  0.2997900000000E+16   0.2238482856726E-20
