         130
  
  0.2997900000000E+11   0.2240325051596E-23
  0.3951060000000E+11   0.5096167085046E-23
  0.5207280000000E+11   0.1158807623324E-22
  0.6862910000000E+11   0.2632619625805E-22
  0.9044930000000E+11   0.5971949705119E-22
  0.1192070000000E+12   0.1351712938478E-21
  0.1571080000000E+12   0.3050071182526E-21
  0.2070600000000E+12   0.6853152075076E-21
  0.2728930000000E+12   0.1530977731088E-20
  0.3596580000000E+12   0.3701143926176E-20
  0.4740100000000E+12   0.1070016831414E-19
  0.6247180000000E+12   0.3052563564750E-19
  0.8233440000000E+12   0.8539328315467E-19
  0.1085120000000E+13   0.2329781974631E-18
  0.1430130000000E+13   0.6134127477180E-18
  0.1884830000000E+13   0.1540051865625E-17
  0.2484100000000E+13   0.3622120158724E-17
  0.3273910000000E+13   0.7753386547882E-17
  0.4314820000000E+13   0.1459368296222E-16
  0.5686700000000E+13   0.2284228533488E-16
  0.7494750000000E+13   0.2783474161181E-16
  0.7682960000000E+13   0.2794331744726E-16
  0.7875890000000E+13   0.2797704075443E-16
  0.8073670000000E+13   0.2793269197250E-16
  0.8276410000000E+13   0.2781393801870E-16
  0.8484250000000E+13   0.2762953210076E-16
  0.8697300000000E+13   0.2742377270138E-16
  0.8915700000000E+13   0.2714642102589E-16
  0.9139590000000E+13   0.2686249102977E-16
  0.9369100000000E+13   0.2652275259192E-16
  0.9604380000000E+13   0.2615380159550E-16
  0.9845560000000E+13   0.2575679433712E-16
  0.1009280000000E+14   0.2530787570305E-16
  0.1034620000000E+14   0.2483235496357E-16
  0.1060610000000E+14   0.2431105018560E-16
  0.1087240000000E+14   0.2380066821517E-16
  0.1114540000000E+14   0.2326174721288E-16
  0.1142530000000E+14   0.2271992029354E-16
  0.1171220000000E+14   0.2217397594527E-16
  0.1200630000000E+14   0.2161118890491E-16
  0.1230780000000E+14   0.2105001360825E-16
  0.1261690000000E+14   0.2047601474845E-16
  0.1293370000000E+14   0.1994826062427E-16
  0.1325850000000E+14   0.1941806336712E-16
  0.1359150000000E+14   0.1890730663392E-16
  0.1393280000000E+14   0.1840991226492E-16
  0.1428260000000E+14   0.1792688248696E-16
  0.1464130000000E+14   0.1749329378502E-16
  0.1500900000000E+14   0.1705463634961E-16
  0.1538590000000E+14   0.1653273761901E-16
  0.1577220000000E+14   0.1601059800429E-16
  0.1616830000000E+14   0.1524058075565E-16
  0.1657430000000E+14   0.1434943645637E-16
  0.1699050000000E+14   0.1340749524547E-16
  0.1741720000000E+14   0.1228193909590E-16
  0.1785460000000E+14   0.1122685676387E-16
  0.1830290000000E+14   0.1013236269894E-16
  0.1876260000000E+14   0.9108578748630E-17
  0.1923370000000E+14   0.8195225384806E-17
  0.1971670000000E+14   0.7367031112374E-17
  0.2021180000000E+14   0.6645030425079E-17
  0.2071940000000E+14   0.6071219308579E-17
  0.2123970000000E+14   0.5545836373221E-17
  0.2177310000000E+14   0.5442355175749E-17
  0.2231980000000E+14   0.5335789784003E-17
  0.2288030000000E+14   0.5356083576033E-17
  0.2345490000000E+14   0.5412316980944E-17
  0.2404390000000E+14   0.5486014839649E-17
  0.2464770000000E+14   0.5599355882344E-17
  0.2526660000000E+14   0.5686415905434E-17
  0.2590110000000E+14   0.5794747072581E-17
  0.2655150000000E+14   0.5873731397920E-17
  0.2721830000000E+14   0.6015586868773E-17
  0.2790180000000E+14   0.6155854667555E-17
  0.2860240000000E+14   0.6234105042856E-17
  0.2932070000000E+14   0.6245432712049E-17
  0.3005700000000E+14   0.6231740435986E-17
  0.3081180000000E+14   0.6091899790039E-17
  0.3158550000000E+14   0.5957250345154E-17
  0.3237870000000E+14   0.5356399047643E-17
  0.3319170000000E+14   0.4653357977432E-17
  0.3402530000000E+14   0.4006149505097E-17
  0.3487970000000E+14   0.3409961819477E-17
  0.3575560000000E+14   0.2853265218036E-17
  0.3665350000000E+14   0.2353558494718E-17
  0.3757390000000E+14   0.1870396571059E-17
  0.3851740000000E+14   0.1577071697009E-17
  0.3948470000000E+14   0.1336118677914E-17
  0.4047620000000E+14   0.1179275812116E-17
  0.4149260000000E+14   0.1124486460494E-17
  0.4253460000000E+14   0.1077433575435E-17
  0.4360270000000E+14   0.1064946069543E-17
  0.4469770000000E+14   0.1054290824511E-17
  0.4582010000000E+14   0.1045681858149E-17
  0.4697070000000E+14   0.1038562789845E-17
  0.4815020000000E+14   0.1031564515005E-17
  0.4935940000000E+14   0.1024528447206E-17
  0.5059890000000E+14   0.1018493581694E-17
  0.5186950000000E+14   0.1013953755020E-17
  0.5317200000000E+14   0.1009906778670E-17
  0.5450730000000E+14   0.1007874622594E-17
  0.6258450000000E+14   0.1009779251328E-17
  0.7185870000000E+14   0.1021363298664E-17
  0.8250720000000E+14   0.1023104575019E-17
  0.9473370000000E+14   0.1011343640058E-17
  0.1087720000000E+15   0.9921869227756E-18
  0.1248910000000E+15   0.9749536425954E-18
  0.1433980000000E+15   0.9676646363520E-18
  0.1646470000000E+15   0.9783392771496E-18
  0.1890460000000E+15   0.1014956947680E-17
  0.2170600000000E+15   0.1079241678472E-17
  0.2492250000000E+15   0.1172542952305E-17
  0.2861570000000E+15   0.1293037571237E-17
  0.3285620000000E+15   0.1434366842864E-17
  0.3772500000000E+15   0.1585483730495E-17
  0.4331540000000E+15   0.1728702229908E-17
  0.4973410000000E+15   0.1840056648958E-17
  0.5710410000000E+15   0.1892801769386E-17
  0.6556610000000E+15   0.1863487587457E-17
  0.7528220000000E+15   0.1738583217475E-17
  0.8643800000000E+15   0.1521839791195E-17
  0.9924690000000E+15   0.1236173980666E-17
  0.1139540000000E+16   0.9186390731209E-18
  0.1308400000000E+16   0.6170708123250E-18
  0.1502290000000E+16   0.3682052708287E-18
  0.1724910000000E+16   0.1915614476565E-18
  0.1980520000000E+16   0.8500597752900E-19
  0.2274010000000E+16   0.3146204347197E-19
  0.2610990000000E+16   0.9451278435103E-20
  0.2997900000000E+16   0.2234219744006E-20
