         130
  
  0.2997900000000E+11   0.8829370431447E-23
  0.3951060000000E+11   0.2011697787369E-22
  0.5207280000000E+11   0.4578478574216E-22
  0.6862910000000E+11   0.1040415019267E-21
  0.9044930000000E+11   0.2359213711516E-21
  0.1192070000000E+12   0.5334291062417E-21
  0.1571080000000E+12   0.1201469120063E-20
  0.2070600000000E+12   0.2692190769240E-20
  0.2728930000000E+12   0.5990988588127E-20
  0.3596580000000E+12   0.1440372159620E-19
  0.4740100000000E+12   0.4129649325127E-19
  0.6247180000000E+12   0.1163791722222E-18
  0.8233440000000E+12   0.3197436884689E-18
  0.1085120000000E+13   0.8491549648301E-18
  0.1430130000000E+13   0.2146142721592E-17
  0.1884830000000E+13   0.5058934839719E-17
  0.2484100000000E+13   0.1078587091733E-16
  0.3273910000000E+13   0.1984094403557E-16
  0.4314820000000E+13   0.2980823766299E-16
  0.5686700000000E+13   0.3480413815730E-16
  0.7494750000000E+13   0.3247498920451E-16
  0.7682960000000E+13   0.3204920681570E-16
  0.7875890000000E+13   0.3159810748877E-16
  0.8073670000000E+13   0.3112150375728E-16
  0.8276410000000E+13   0.3062364421013E-16
  0.8484250000000E+13   0.3011228937132E-16
  0.8697300000000E+13   0.2962743257045E-16
  0.8915700000000E+13   0.2912399695479E-16
  0.9139590000000E+13   0.2866225011618E-16
  0.9369100000000E+13   0.2819432485220E-16
  0.9604380000000E+13   0.2774398705522E-16
  0.9845560000000E+13   0.2730995433141E-16
  0.1009280000000E+14   0.2686171860869E-16
  0.1034620000000E+14   0.2642136840285E-16
  0.1060610000000E+14   0.2596042132501E-16
  0.1087240000000E+14   0.2554025650876E-16
  0.1114540000000E+14   0.2510771222274E-16
  0.1142530000000E+14   0.2468821335674E-16
  0.1171220000000E+14   0.2427435187292E-16
  0.1200630000000E+14   0.2384324839021E-16
  0.1230780000000E+14   0.2341339762545E-16
  0.1261690000000E+14   0.2296038680516E-16
  0.1293370000000E+14   0.2255950427559E-16
  0.1325850000000E+14   0.2214163031136E-16
  0.1359150000000E+14   0.2173335086741E-16
  0.1393280000000E+14   0.2132414570779E-16
  0.1428260000000E+14   0.2091384715585E-16
  0.1464130000000E+14   0.2054844689949E-16
  0.1500900000000E+14   0.2015476853139E-16
  0.1538590000000E+14   0.1963164791962E-16
  0.1577220000000E+14   0.1909060084236E-16
  0.1616830000000E+14   0.1821377423015E-16
  0.1657430000000E+14   0.1716989525649E-16
  0.1699050000000E+14   0.1605163555961E-16
  0.1741720000000E+14   0.1468858787910E-16
  0.1785460000000E+14   0.1340848434127E-16
  0.1830290000000E+14   0.1206917635178E-16
  0.1876260000000E+14   0.1081330905827E-16
  0.1923370000000E+14   0.9693775246851E-17
  0.1971670000000E+14   0.8678558797525E-17
  0.2021180000000E+14   0.7796363268554E-17
  0.2071940000000E+14   0.7103949843692E-17
  0.2123970000000E+14   0.6470121638705E-17
  0.2177310000000E+14   0.6387146137506E-17
  0.2231980000000E+14   0.6290560015412E-17
  0.2288030000000E+14   0.6347644986219E-17
  0.2345490000000E+14   0.6438648446565E-17
  0.2404390000000E+14   0.6540599387296E-17
  0.2464770000000E+14   0.6681995832759E-17
  0.2526660000000E+14   0.6783141651545E-17
  0.2590110000000E+14   0.6903895621929E-17
  0.2655150000000E+14   0.6984586865196E-17
  0.2721830000000E+14   0.7136784906548E-17
  0.2790180000000E+14   0.7283728848963E-17
  0.2860240000000E+14   0.7354440722894E-17
  0.2932070000000E+14   0.7344541540374E-17
  0.3005700000000E+14   0.7304097750861E-17
  0.3081180000000E+14   0.7114994888885E-17
  0.3158550000000E+14   0.6932183938099E-17
  0.3237870000000E+14   0.6205629237533E-17
  0.3319170000000E+14   0.5362445138995E-17
  0.3402530000000E+14   0.4587711662129E-17
  0.3487970000000E+14   0.3876065015817E-17
  0.3575560000000E+14   0.3213810634593E-17
  0.3665350000000E+14   0.2620760371535E-17
  0.3757390000000E+14   0.2050483337678E-17
  0.3851740000000E+14   0.1704715729149E-17
  0.3948470000000E+14   0.1424381870511E-17
  0.4047620000000E+14   0.1245346796174E-17
  0.4149260000000E+14   0.1182966770326E-17
  0.4253460000000E+14   0.1130600451597E-17
  0.4360270000000E+14   0.1115701340633E-17
  0.4469770000000E+14   0.1103076923057E-17
  0.4582010000000E+14   0.1092931479482E-17
  0.4697070000000E+14   0.1084671726556E-17
  0.4815020000000E+14   0.1076919139347E-17
  0.4935940000000E+14   0.1069530232327E-17
  0.5059890000000E+14   0.1063509432848E-17
  0.5186950000000E+14   0.1059278443800E-17
  0.5317200000000E+14   0.1055832570952E-17
  0.5450730000000E+14   0.1054550180658E-17
  0.6258450000000E+14   0.1062581126701E-17
  0.7185870000000E+14   0.1080334694259E-17
  0.8250720000000E+14   0.1086056048121E-17
  0.9473370000000E+14   0.1074076492416E-17
  0.1087720000000E+15   0.1049259463488E-17
  0.1248910000000E+15   0.1021448136773E-17
  0.1433980000000E+15   0.1000478372262E-17
  0.1646470000000E+15   0.9967636639548E-18
  0.1890460000000E+15   0.1020597985363E-17
  0.2170600000000E+15   0.1075263001728E-17
  0.2492250000000E+15   0.1163026760869E-17
  0.2861570000000E+15   0.1281899703544E-17
  0.3285620000000E+15   0.1424464117488E-17
  0.3772500000000E+15   0.1578158404008E-17
  0.4331540000000E+15   0.1723940243418E-17
  0.4973410000000E+15   0.1836964566526E-17
  0.5710410000000E+15   0.1890186829839E-17
  0.6556610000000E+15   0.1860367273814E-17
  0.7528220000000E+15   0.1734129947740E-17
  0.8643800000000E+15   0.1516443071846E-17
  0.9924690000000E+15   0.1231225298126E-17
  0.1139540000000E+16   0.9135644771209E-18
  0.1308400000000E+16   0.6138730287449E-18
  0.1502290000000E+16   0.3666277857893E-18
  0.1724910000000E+16   0.1909459165878E-18
  0.1980520000000E+16   0.8471773405779E-19
  0.2274010000000E+16   0.3135781941944E-19
  0.2610990000000E+16   0.9420546427219E-20
  0.2997900000000E+16   0.2227058014013E-20
