         130
  
  0.2997900000000E+11   0.3162926058451E-23
  0.3951060000000E+11   0.7200085606316E-23
  0.5207280000000E+11   0.1638000373409E-22
  0.6862910000000E+11   0.3722262394966E-22
  0.9044930000000E+11   0.8444362940331E-22
  0.1192070000000E+12   0.1911104503860E-21
  0.1571080000000E+12   0.4310936192702E-21
  0.2070600000000E+12   0.9680860650859E-21
  0.2728930000000E+12   0.2160897785461E-20
  0.3596580000000E+12   0.5217852143800E-20
  0.4740100000000E+12   0.1505909010971E-19
  0.6247180000000E+12   0.4285300500924E-19
  0.8233440000000E+12   0.1194436909562E-18
  0.1085120000000E+13   0.3241625490247E-18
  0.1430130000000E+13   0.8468829090142E-18
  0.1884830000000E+13   0.2101588540674E-17
  0.2484100000000E+13   0.4855743608503E-17
  0.3273910000000E+13   0.1011275915022E-16
  0.4314820000000E+13   0.1824313127270E-16
  0.5686700000000E+13   0.2681566002372E-16
  0.7494750000000E+13   0.3019222629951E-16
  0.7682960000000E+13   0.3009539090776E-16
  0.7875890000000E+13   0.2992397236307E-16
  0.8073670000000E+13   0.2967775451070E-16
  0.8276410000000E+13   0.2936283861275E-16
  0.8484250000000E+13   0.2898975006406E-16
  0.8697300000000E+13   0.2860124415733E-16
  0.8915700000000E+13   0.2815362264983E-16
  0.9139590000000E+13   0.2770835485781E-16
  0.9369100000000E+13   0.2722251591372E-16
  0.9604380000000E+13   0.2672227776917E-16
  0.9845560000000E+13   0.2621041352373E-16
  0.1009280000000E+14   0.2566578350625E-16
  0.1034620000000E+14   0.2511264795279E-16
  0.1060610000000E+14   0.2453263549202E-16
  0.1087240000000E+14   0.2398031368310E-16
  0.1114540000000E+14   0.2341687519796E-16
  0.1142530000000E+14   0.2286647758299E-16
  0.1171220000000E+14   0.2232666150365E-16
  0.1200630000000E+14   0.2178232876572E-16
  0.1230780000000E+14   0.2125019899904E-16
  0.1261690000000E+14   0.2071255813062E-16
  0.1293370000000E+14   0.2023014712128E-16
  0.1325850000000E+14   0.1974887403628E-16
  0.1359150000000E+14   0.1929008308481E-16
  0.1393280000000E+14   0.1884512341818E-16
  0.1428260000000E+14   0.1841323271870E-16
  0.1464130000000E+14   0.1803161952594E-16
  0.1500900000000E+14   0.1763895760902E-16
  0.1538590000000E+14   0.1714835607452E-16
  0.1577220000000E+14   0.1665099203297E-16
  0.1616830000000E+14   0.1587563517500E-16
  0.1657430000000E+14   0.1496238289864E-16
  0.1699050000000E+14   0.1398882124069E-16
  0.1741720000000E+14   0.1280978524085E-16
  0.1785460000000E+14   0.1170368995606E-16
  0.1830290000000E+14   0.1055014238119E-16
  0.1876260000000E+14   0.9469992501019E-17
  0.1923370000000E+14   0.8507216809368E-17
  0.1971670000000E+14   0.7634454029887E-17
  0.2021180000000E+14   0.6875329198162E-17
  0.2071940000000E+14   0.6276462789439E-17
  0.2123970000000E+14   0.5728085579091E-17
  0.2177310000000E+14   0.5641810185600E-17
  0.2231980000000E+14   0.5549077080738E-17
  0.2288030000000E+14   0.5592053099180E-17
  0.2345490000000E+14   0.5669936790110E-17
  0.2404390000000E+14   0.5762204395598E-17
  0.2464770000000E+14   0.5892769478149E-17
  0.2526660000000E+14   0.5991101144399E-17
  0.2590110000000E+14   0.6109176539834E-17
  0.2655150000000E+14   0.6193581721327E-17
  0.2721830000000E+14   0.6342866619090E-17
  0.2790180000000E+14   0.6488698599441E-17
  0.2860240000000E+14   0.6567527931060E-17
  0.2932070000000E+14   0.6574911563937E-17
  0.3005700000000E+14   0.6555289133593E-17
  0.3081180000000E+14   0.6402520319416E-17
  0.3158550000000E+14   0.6255104974028E-17
  0.3237870000000E+14   0.5617530402831E-17
  0.3319170000000E+14   0.4872431944550E-17
  0.3402530000000E+14   0.4186054911848E-17
  0.3487970000000E+14   0.3553954996517E-17
  0.3575560000000E+14   0.2963514504550E-17
  0.3665350000000E+14   0.2432815463777E-17
  0.3757390000000E+14   0.1920142196025E-17
  0.3851740000000E+14   0.1609382609852E-17
  0.3948470000000E+14   0.1355482131863E-17
  0.4047620000000E+14   0.1191636848849E-17
  0.4149260000000E+14   0.1135177218759E-17
  0.4253460000000E+14   0.1087156407003E-17
  0.4360270000000E+14   0.1074612059503E-17
  0.4469770000000E+14   0.1063941659208E-17
  0.4582010000000E+14   0.1055361808084E-17
  0.4697070000000E+14   0.1048307572508E-17
  0.4815020000000E+14   0.1041407814248E-17
  0.4935940000000E+14   0.1034514211817E-17
  0.5059890000000E+14   0.1028666066177E-17
  0.5186950000000E+14   0.1024343139474E-17
  0.5317200000000E+14   0.1020545113426E-17
  0.5450730000000E+14   0.1018759915200E-17
  0.6258450000000E+14   0.1021940701965E-17
  0.7185870000000E+14   0.1034184620120E-17
  0.8250720000000E+14   0.1035915589068E-17
  0.9473370000000E+14   0.1023335775209E-17
  0.1087720000000E+15   0.1002450304780E-17
  0.1248910000000E+15   0.9828359297029E-18
  0.1433980000000E+15   0.9730204685977E-18
  0.1646470000000E+15   0.9815056158453E-18
  0.1890460000000E+15   0.1016480772392E-17
  0.2170600000000E+15   0.1079519414706E-17
  0.2492250000000E+15   0.1171853156984E-17
  0.2861570000000E+15   0.1291803902290E-17
  0.3285620000000E+15   0.1433126218438E-17
  0.3772500000000E+15   0.1584529387883E-17
  0.4331540000000E+15   0.1728026332484E-17
  0.4973410000000E+15   0.1839539232895E-17
  0.5710410000000E+15   0.1892301612314E-17
  0.6556610000000E+15   0.1862866866434E-17
  0.7528220000000E+15   0.1737694455733E-17
  0.8643800000000E+15   0.1520762914804E-17
  0.9924690000000E+15   0.1235186442229E-17
  0.1139540000000E+16   0.9176258068958E-18
  0.1308400000000E+16   0.6164323860652E-18
  0.1502290000000E+16   0.3678904451575E-18
  0.1724910000000E+16   0.1914386562239E-18
  0.1980520000000E+16   0.8494847214134E-19
  0.2274010000000E+16   0.3144125113126E-19
  0.2610990000000E+16   0.9445147655320E-20
  0.2997900000000E+16   0.2232791064949E-20
