         130
  
  0.2997900000000E+11   0.1156832076648E-23
  0.3951060000000E+11   0.2624863557721E-23
  0.5207280000000E+11   0.5957930092660E-23
  0.6862910000000E+11   0.1351935667563E-22
  0.9044930000000E+11   0.3064746934765E-22
  0.1192070000000E+12   0.6935545611834E-22
  0.1571080000000E+12   0.1565406123792E-21
  0.2070600000000E+12   0.3520009393561E-21
  0.2728930000000E+12   0.7874157376243E-21
  0.3596580000000E+12   0.1907322394924E-20
  0.4740100000000E+12   0.5530067795816E-20
  0.6247180000000E+12   0.1584416936695E-19
  0.8233440000000E+12   0.4459739778850E-19
  0.1085120000000E+13   0.1227537072509E-18
  0.1430130000000E+13   0.3273295628510E-18
  0.1884830000000E+13   0.8371262510574E-18
  0.2484100000000E+13   0.2023317766000E-17
  0.3273910000000E+13   0.4511253959323E-17
  0.4314820000000E+13   0.9031911067898E-17
  0.5686700000000E+13   0.1550622597770E-16
  0.7494750000000E+13   0.2147643153650E-16
  0.7682960000000E+13   0.2183960408420E-16
  0.7875890000000E+13   0.2215002806409E-16
  0.8073670000000E+13   0.2240124693626E-16
  0.8276410000000E+13   0.2259324023531E-16
  0.8484250000000E+13   0.2273128832463E-16
  0.8697300000000E+13   0.2285870239311E-16
  0.8915700000000E+13   0.2291952598204E-16
  0.9139590000000E+13   0.2298033659266E-16
  0.9369100000000E+13   0.2298446659415E-16
  0.9604380000000E+13   0.2295726142060E-16
  0.9845560000000E+13   0.2289621253339E-16
  0.1009280000000E+14   0.2276996166716E-16
  0.1034620000000E+14   0.2260289427738E-16
  0.1060610000000E+14   0.2236924469220E-16
  0.1087240000000E+14   0.2213013508837E-16
  0.1114540000000E+14   0.2183710630769E-16
  0.1142530000000E+14   0.2151665347176E-16
  0.1171220000000E+14   0.2116487317484E-16
  0.1200630000000E+14   0.2076617684400E-16
  0.1230780000000E+14   0.2034052044706E-16
  0.1261690000000E+14   0.1987271070317E-16
  0.1293370000000E+14   0.1942552612732E-16
  0.1325850000000E+14   0.1894866033771E-16
  0.1359150000000E+14   0.1846641403270E-16
  0.1393280000000E+14   0.1797493577818E-16
  0.1428260000000E+14   0.1747808923038E-16
  0.1464130000000E+14   0.1701101080375E-16
  0.1500900000000E+14   0.1652644475192E-16
  0.1538590000000E+14   0.1596039626462E-16
  0.1577220000000E+14   0.1539161855741E-16
  0.1616830000000E+14   0.1461031315549E-16
  0.1657430000000E+14   0.1373083044475E-16
  0.1699050000000E+14   0.1281483449402E-16
  0.1741720000000E+14   0.1174863040682E-16
  0.1785460000000E+14   0.1074935005012E-16
  0.1830290000000E+14   0.9721438344543E-17
  0.1876260000000E+14   0.8758716329559E-17
  0.1923370000000E+14   0.7895638953323E-17
  0.1971670000000E+14   0.7110178728029E-17
  0.2021180000000E+14   0.6421488686118E-17
  0.2071940000000E+14   0.5868482676284E-17
  0.2123970000000E+14   0.5361867006822E-17
  0.2177310000000E+14   0.5237988576770E-17
  0.2231980000000E+14   0.5109145371495E-17
  0.2288030000000E+14   0.5089455457328E-17
  0.2345490000000E+14   0.5099884482014E-17
  0.2404390000000E+14   0.5127191488988E-17
  0.2464770000000E+14   0.5192627647925E-17
  0.2526660000000E+14   0.5241816941410E-17
  0.2590110000000E+14   0.5316196257217E-17
  0.2655150000000E+14   0.5372092937727E-17
  0.2721830000000E+14   0.5489577174967E-17
  0.2790180000000E+14   0.5612002821624E-17
  0.2860240000000E+14   0.5684277401057E-17
  0.2932070000000E+14   0.5700070013782E-17
  0.3005700000000E+14   0.5695605407586E-17
  0.3081180000000E+14   0.5578492425875E-17
  0.3158550000000E+14   0.5466739554679E-17
  0.3237870000000E+14   0.4931161878521E-17
  0.3319170000000E+14   0.4301543336844E-17
  0.3402530000000E+14   0.3721884350426E-17
  0.3487970000000E+14   0.3187828424050E-17
  0.3575560000000E+14   0.2688749044583E-17
  0.3665350000000E+14   0.2239931368143E-17
  0.3757390000000E+14   0.1804166243761E-17
  0.3851740000000E+14   0.1537557016687E-17
  0.3948470000000E+14   0.1313102038760E-17
  0.4047620000000E+14   0.1158444412509E-17
  0.4149260000000E+14   0.1102118666876E-17
  0.4253460000000E+14   0.1051926481969E-17
  0.4360270000000E+14   0.1039690590854E-17
  0.4469770000000E+14   0.1029025340763E-17
  0.4582010000000E+14   0.1020236656719E-17
  0.4697070000000E+14   0.1012733849153E-17
  0.4815020000000E+14   0.1004985962732E-17
  0.4935940000000E+14   0.9968478450629E-18
  0.5059890000000E+14   0.9895711380821E-18
  0.5186950000000E+14   0.9837987685029E-18
  0.5317200000000E+14   0.9783987070850E-18
  0.5450730000000E+14   0.9752235567172E-18
  0.6258450000000E+14   0.9718564534885E-18
  0.7185870000000E+14   0.9802378189521E-18
  0.8250720000000E+14   0.9802811140993E-18
  0.9473370000000E+14   0.9693850160828E-18
  0.1087720000000E+15   0.9543171445831E-18
  0.1248910000000E+15   0.9439147127724E-18
  0.1433980000000E+15   0.9449600793792E-18
  0.1646470000000E+15   0.9638180370384E-18
  0.1890460000000E+15   0.1006938855090E-17
  0.2170600000000E+15   0.1075482029852E-17
  0.2492250000000E+15   0.1171197047653E-17
  0.2861570000000E+15   0.1293074533641E-17
  0.3285620000000E+15   0.1435112652000E-17
  0.3772500000000E+15   0.1586331632389E-17
  0.4331540000000E+15   0.1729399250305E-17
  0.4973410000000E+15   0.1840673021909E-17
  0.5710410000000E+15   0.1893485929430E-17
  0.6556610000000E+15   0.1864389513900E-17
  0.7528220000000E+15   0.1739892736025E-17
  0.8643800000000E+15   0.1523429363556E-17
  0.9924690000000E+15   0.1237631997191E-17
  0.1139540000000E+16   0.9201356468045E-18
  0.1308400000000E+16   0.6180136746280E-18
  0.1502290000000E+16   0.3686701188907E-18
  0.1724910000000E+16   0.1917427042569E-18
  0.1980520000000E+16   0.8509086691307E-19
  0.2274010000000E+16   0.3149273650676E-19
  0.2610990000000E+16   0.9460328373116E-20
  0.2997900000000E+16   0.2236328661591E-20
