mstar = 2 Msun, Rstar = 2.5 Rsun, Tstar = 10000, mdisk = 0.0020955 Msun, Rc = 150 AU, Rin = 0.5 AU, Rout = 250 AU, inclination = 45 degree, powerlaw = -1 
         130
  
  0.2997900000000E+11   0.2999742811973E-23
  0.3951060000000E+11   0.6827983160268E-23
  0.5207280000000E+11   0.1553256763904E-22
  0.6862910000000E+11   0.3529584439007E-22
  0.9044930000000E+11   0.8007239187433E-22
  0.1192070000000E+12   0.1812223215434E-21
  0.1571080000000E+12   0.4088116130124E-21
  0.2070600000000E+12   0.9181319095540E-21
  0.2728930000000E+12   0.2049666863813E-20
  0.3596580000000E+12   0.4950200091805E-20
  0.4740100000000E+12   0.1429059546318E-19
  0.6247180000000E+12   0.4068255555229E-19
  0.8233440000000E+12   0.1134602864750E-18
  0.1085120000000E+13   0.3081853143145E-18
  0.1430130000000E+13   0.8061513480810E-18
  0.1884830000000E+13   0.2004276560260E-17
  0.2484100000000E+13   0.4644236206913E-17
  0.3273910000000E+13   0.9715187719404E-17
  0.4314820000000E+13   0.1764542704910E-16
  0.5686700000000E+13   0.2619289475889E-16
  0.7494750000000E+13   0.2983357503099E-16
  0.7682960000000E+13   0.2976643145390E-16
  0.7875890000000E+13   0.2962392081223E-16
  0.8073670000000E+13   0.2940538402157E-16
  0.8276410000000E+13   0.2911659751402E-16
  0.8484250000000E+13   0.2876788911001E-16
  0.8697300000000E+13   0.2840227687082E-16
  0.8915700000000E+13   0.2797513977119E-16
  0.9139590000000E+13   0.2754846860259E-16
  0.9369100000000E+13   0.2707853074610E-16
  0.9604380000000E+13   0.2659161564829E-16
  0.9845560000000E+13   0.2609036070023E-16
  0.1009280000000E+14   0.2555345860930E-16
  0.1034620000000E+14   0.2500537437665E-16
  0.1060610000000E+14   0.2442786453233E-16
  0.1087240000000E+14   0.2387566013678E-16
  0.1114540000000E+14   0.2331024002281E-16
  0.1142530000000E+14   0.2275597057805E-16
  0.1171220000000E+14   0.2221070642648E-16
  0.1200630000000E+14   0.2165988942125E-16
  0.1230780000000E+14   0.2112046023577E-16
  0.1261690000000E+14   0.2057533143229E-16
  0.1293370000000E+14   0.2008465600342E-16
  0.1325850000000E+14   0.1959544689782E-16
  0.1359150000000E+14   0.1912896830236E-16
  0.1393280000000E+14   0.1867696041477E-16
  0.1428260000000E+14   0.1823886555959E-16
  0.1464130000000E+14   0.1785133328344E-16
  0.1500900000000E+14   0.1745418902566E-16
  0.1538590000000E+14   0.1696199576693E-16
  0.1577220000000E+14   0.1646432662174E-16
  0.1616830000000E+14   0.1569413648930E-16
  0.1657430000000E+14   0.1478906679075E-16
  0.1699050000000E+14   0.1382539473445E-16
  0.1741720000000E+14   0.1266014692100E-16
  0.1785460000000E+14   0.1156735126776E-16
  0.1830290000000E+14   0.1042847412209E-16
  0.1876260000000E+14   0.9362422783818E-17
  0.1923370000000E+14   0.8412470825327E-17
  0.1971670000000E+14   0.7551558486150E-17
  0.2021180000000E+14   0.6802786618818E-17
  0.2071940000000E+14   0.6211857961679E-17
  0.2123970000000E+14   0.5670910048551E-17
  0.2177310000000E+14   0.5583989033231E-17
  0.2231980000000E+14   0.5491198356134E-17
  0.2288030000000E+14   0.5532376246510E-17
  0.2345490000000E+14   0.5608546616667E-17
  0.2404390000000E+14   0.5699548523599E-17
  0.2464770000000E+14   0.5828916301360E-17
  0.2526660000000E+14   0.5926973551229E-17
  0.2590110000000E+14   0.6044724527159E-17
  0.2655150000000E+14   0.6129481337846E-17
  0.2721830000000E+14   0.6278484893371E-17
  0.2790180000000E+14   0.6424416580620E-17
  0.2860240000000E+14   0.6504299418364E-17
  0.2932070000000E+14   0.6513551249756E-17
  0.3005700000000E+14   0.6496203209194E-17
  0.3081180000000E+14   0.6346858164419E-17
  0.3158550000000E+14   0.6202754995145E-17
  0.3237870000000E+14   0.5572287001138E-17
  0.3319170000000E+14   0.4835166687917E-17
  0.3402530000000E+14   0.4156270391610E-17
  0.3487970000000E+14   0.3530575025908E-17
  0.3575560000000E+14   0.2945739962204E-17
  0.3665350000000E+14   0.2420339689390E-17
  0.3757390000000E+14   0.1912975444319E-17
  0.3851740000000E+14   0.1605445105403E-17
  0.3948470000000E+14   0.1353858384335E-17
  0.4047620000000E+14   0.1191486205274E-17
  0.4149260000000E+14   0.1135391762719E-17
  0.4253460000000E+14   0.1087671712715E-17
  0.4360270000000E+14   0.1075035322263E-17
  0.4469770000000E+14   0.1064278033721E-17
  0.4582010000000E+14   0.1055613570424E-17
  0.4697070000000E+14   0.1048482453317E-17
  0.4815020000000E+14   0.1041527762617E-17
  0.4935940000000E+14   0.1034600870599E-17
  0.5059890000000E+14   0.1028727130929E-17
  0.5186950000000E+14   0.1024378465388E-17
  0.5317200000000E+14   0.1020563910392E-17
  0.5450730000000E+14   0.1018752464921E-17
  0.6258450000000E+14   0.1021787404501E-17
  0.7185870000000E+14   0.1033788399288E-17
  0.8250720000000E+14   0.1035115148580E-17
  0.9473370000000E+14   0.1021901729980E-17
  0.1087720000000E+15   0.1000192781041E-17
  0.1248910000000E+15   0.9797363596236E-18
  0.1433980000000E+15   0.9692984326708E-18
  0.1646470000000E+15   0.9775689630604E-18
  0.1890460000000E+15   0.1012786231052E-17
  0.2170600000000E+15   0.1076456510674E-17
  0.2492250000000E+15   0.1169602844222E-17
  0.2861570000000E+15   0.1290311363001E-17
  0.3285620000000E+15   0.1432224113121E-17
  0.3772500000000E+15   0.1584046667291E-17
  0.4331540000000E+15   0.1727820258012E-17
  0.4973410000000E+15   0.1839494239400E-17
  0.5710410000000E+15   0.1892344459712E-17
  0.6556610000000E+15   0.1862967712828E-17
  0.7528220000000E+15   0.1737857087222E-17
  0.8643800000000E+15   0.1520963707907E-17
  0.9924690000000E+15   0.1235370967782E-17
  0.1139540000000E+16   0.9178151670318E-18
  0.1308400000000E+16   0.6165517018450E-18
  0.1502290000000E+16   0.3679492874757E-18
  0.1724910000000E+16   0.1914616084926E-18
  0.1980520000000E+16   0.8495922093750E-19
  0.2274010000000E+16   0.3144513762018E-19
  0.2610990000000E+16   0.9446293621821E-20
  0.2997900000000E+16   0.2233058114907E-20
