         130
  
  0.2997900000000E+11   0.3453621105937E-23
  0.3951060000000E+11   0.7862947357186E-23
  0.5207280000000E+11   0.1788961521221E-22
  0.6862910000000E+11   0.4065494101048E-22
  0.9044930000000E+11   0.9223037585599E-22
  0.1192070000000E+12   0.2087245501166E-21
  0.1571080000000E+12   0.4707847265967E-21
  0.2070600000000E+12   0.1057067650305E-20
  0.2728930000000E+12   0.2359022921679E-20
  0.3596580000000E+12   0.5694567040883E-20
  0.4740100000000E+12   0.1642768557735E-19
  0.6247180000000E+12   0.4671749489632E-19
  0.8233440000000E+12   0.1300931657744E-18
  0.1085120000000E+13   0.3525775957989E-18
  0.1430130000000E+13   0.9192245118252E-18
  0.1884830000000E+13   0.2273979336167E-17
  0.2484100000000E+13   0.5228699398877E-17
  0.3273910000000E+13   0.1080766139523E-16
  0.4314820000000E+13   0.1927012534501E-16
  0.5686700000000E+13   0.2784942663670E-16
  0.7494750000000E+13   0.3074018598340E-16
  0.7682960000000E+13   0.3059132259021E-16
  0.7875890000000E+13   0.3036947137864E-16
  0.8073670000000E+13   0.3007508756631E-16
  0.8276410000000E+13   0.2971477124524E-16
  0.8484250000000E+13   0.2929939088058E-16
  0.8697300000000E+13   0.2887151977060E-16
  0.8915700000000E+13   0.2838857085063E-16
  0.9139590000000E+13   0.2791160141311E-16
  0.9369100000000E+13   0.2739854388202E-16
  0.9604380000000E+13   0.2687552837272E-16
  0.9845560000000E+13   0.2634547841150E-16
  0.1009280000000E+14   0.2578716668760E-16
  0.1034620000000E+14   0.2522460900706E-16
  0.1060610000000E+14   0.2463889744857E-16
  0.1087240000000E+14   0.2408481935983E-16
  0.1114540000000E+14   0.2352261190566E-16
  0.1142530000000E+14   0.2297629563606E-16
  0.1171220000000E+14   0.2244277029510E-16
  0.1200630000000E+14   0.2190591915610E-16
  0.1230780000000E+14   0.2138224276232E-16
  0.1261690000000E+14   0.2085295368599E-16
  0.1293370000000E+14   0.2038011708234E-16
  0.1325850000000E+14   0.1990755334472E-16
  0.1359150000000E+14   0.1945689340372E-16
  0.1393280000000E+14   0.1901894922644E-16
  0.1428260000000E+14   0.1859273984287E-16
  0.1464130000000E+14   0.1821639060826E-16
  0.1500900000000E+14   0.1782673651166E-16
  0.1538590000000E+14   0.1733483433219E-16
  0.1577220000000E+14   0.1683454143928E-16
  0.1616830000000E+14   0.1604859495858E-16
  0.1657430000000E+14   0.1512111961842E-16
  0.1699050000000E+14   0.1413181542726E-16
  0.1741720000000E+14   0.1293257126152E-16
  0.1785460000000E+14   0.1180812542525E-16
  0.1830290000000E+14   0.1063537083412E-16
  0.1876260000000E+14   0.9537889757390E-17
  0.1923370000000E+14   0.8560508579954E-17
  0.1971670000000E+14   0.7675266109823E-17
  0.2021180000000E+14   0.6906103564106E-17
  0.2071940000000E+14   0.6300460742350E-17
  0.2123970000000E+14   0.5746325165476E-17
  0.2177310000000E+14   0.5662443109323E-17
  0.2231980000000E+14   0.5571174745290E-17
  0.2288030000000E+14   0.5616841024594E-17
  0.2345490000000E+14   0.5696749655170E-17
  0.2404390000000E+14   0.5790343744101E-17
  0.2464770000000E+14   0.5921859748831E-17
  0.2526660000000E+14   0.6020365326245E-17
  0.2590110000000E+14   0.6138269027403E-17
  0.2655150000000E+14   0.6222046676661E-17
  0.2721830000000E+14   0.6370998626995E-17
  0.2790180000000E+14   0.6516306365352E-17
  0.2860240000000E+14   0.6594030444267E-17
  0.2932070000000E+14   0.6599790672865E-17
  0.3005700000000E+14   0.6578390875864E-17
  0.3081180000000E+14   0.6423036252226E-17
  0.3158550000000E+14   0.6273186883764E-17
  0.3237870000000E+14   0.5630598568337E-17
  0.3319170000000E+14   0.4880761802270E-17
  0.3402530000000E+14   0.4190566681356E-17
  0.3487970000000E+14   0.3555552094440E-17
  0.3575560000000E+14   0.2963048642739E-17
  0.3665350000000E+14   0.2431019716720E-17
  0.3757390000000E+14   0.1917735922049E-17
  0.3851740000000E+14   0.1607574240630E-17
  0.3948470000000E+14   0.1354756739782E-17
  0.4047620000000E+14   0.1192137846368E-17
  0.4149260000000E+14   0.1136229331179E-17
  0.4253460000000E+14   0.1088748616409E-17
  0.4360270000000E+14   0.1076398010202E-17
  0.4469770000000E+14   0.1065930361003E-17
  0.4582010000000E+14   0.1057557100442E-17
  0.4697070000000E+14   0.1050718785999E-17
  0.4815020000000E+14   0.1044057174233E-17
  0.4935940000000E+14   0.1037422226326E-17
  0.5059890000000E+14   0.1031839696134E-17
  0.5186950000000E+14   0.1027781927146E-17
  0.5317200000000E+14   0.1024257684536E-17
  0.5450730000000E+14   0.1022736191885E-17
  0.6258450000000E+14   0.1027344217885E-17
  0.7185870000000E+14   0.1040762879180E-17
  0.8250720000000E+14   0.1043144417632E-17
  0.9473370000000E+14   0.1030426419130E-17
  0.1087720000000E+15   0.1008532509708E-17
  0.1248910000000E+15   0.9872143800389E-18
  0.1433980000000E+15   0.9753668030720E-18
  0.1646470000000E+15   0.9819286362345E-18
  0.1890460000000E+15   0.1015439028806E-17
  0.2170600000000E+15   0.1077628494231E-17
  0.2492250000000E+15   0.1169713069099E-17
  0.2861570000000E+15   0.1289877324823E-17
  0.3285620000000E+15   0.1431666661437E-17
  0.3772500000000E+15   0.1583568328975E-17
  0.4331540000000E+15   0.1727460899805E-17
  0.4973410000000E+15   0.1839224024333E-17
  0.5710410000000E+15   0.1892098437722E-17
  0.6556610000000E+15   0.1862673165702E-17
  0.7528220000000E+15   0.1737439416844E-17
  0.8643800000000E+15   0.1520458320831E-17
  0.9924690000000E+15   0.1234907570362E-17
  0.1139540000000E+16   0.9173397781694E-18
  0.1308400000000E+16   0.6162521633275E-18
  0.1502290000000E+16   0.3678015621812E-18
  0.1724910000000E+16   0.1914039844459E-18
  0.1980520000000E+16   0.8493223510776E-19
  0.2274010000000E+16   0.3143538021497E-19
  0.2610990000000E+16   0.9443416557452E-20
  0.2997900000000E+16   0.2232387658207E-20
