         130
  
  0.2997900000000E+11   0.4722692065504E-23
  0.3951060000000E+11   0.1075645763313E-22
  0.5207280000000E+11   0.2447841194074E-22
  0.6862910000000E+11   0.5563272049884E-22
  0.9044930000000E+11   0.1262014204613E-21
  0.1192070000000E+12   0.2855439915234E-21
  0.1571080000000E+12   0.6438121280664E-21
  0.2070600000000E+12   0.1444744373589E-20
  0.2728930000000E+12   0.3221547819964E-20
  0.3596580000000E+12   0.7767643827339E-20
  0.4740100000000E+12   0.2236920925120E-19
  0.6247180000000E+12   0.6345258881431E-19
  0.8233440000000E+12   0.1760369302078E-18
  0.1085120000000E+13   0.4744524134488E-18
  0.1430130000000E+13   0.1226634810909E-17
  0.1884830000000E+13   0.2995495415296E-17
  0.2484100000000E+13   0.6749822341873E-17
  0.3273910000000E+13   0.1351618024255E-16
  0.4314820000000E+13   0.2295068781897E-16
  0.5686700000000E+13   0.3097505962331E-16
  0.7494750000000E+13   0.3180438599199E-16
  0.7682960000000E+13   0.3148357310698E-16
  0.7875890000000E+13   0.3110329265995E-16
  0.8073670000000E+13   0.3066585873590E-16
  0.8276410000000E+13   0.3017882791844E-16
  0.8484250000000E+13   0.2965334302401E-16
  0.8697300000000E+13   0.2913029908997E-16
  0.8915700000000E+13   0.2857042297161E-16
  0.9139590000000E+13   0.2803235101560E-16
  0.9369100000000E+13   0.2747598145193E-16
  0.9604380000000E+13   0.2692628764253E-16
  0.9845560000000E+13   0.2638562964384E-16
  0.1009280000000E+14   0.2583119180891E-16
  0.1034620000000E+14   0.2528538431138E-16
  0.1060610000000E+14   0.2472647434001E-16
  0.1087240000000E+14   0.2420948137113E-16
  0.1114540000000E+14   0.2369060845038E-16
  0.1142530000000E+14   0.2319299639883E-16
  0.1171220000000E+14   0.2271123836450E-16
  0.1200630000000E+14   0.2222584667097E-16
  0.1230780000000E+14   0.2175280071421E-16
  0.1261690000000E+14   0.2127023135023E-16
  0.1293370000000E+14   0.2084411675326E-16
  0.1325850000000E+14   0.2041272202042E-16
  0.1359150000000E+14   0.1999877962973E-16
  0.1393280000000E+14   0.1959196610327E-16
  0.1428260000000E+14   0.1919115438281E-16
  0.1464130000000E+14   0.1883717618490E-16
  0.1500900000000E+14   0.1846274873607E-16
  0.1538590000000E+14   0.1797418868962E-16
  0.1577220000000E+14   0.1747225194722E-16
  0.1616830000000E+14   0.1666469935227E-16
  0.1657430000000E+14   0.1570531039052E-16
  0.1699050000000E+14   0.1467879491139E-16
  0.1741720000000E+14   0.1342900206982E-16
  0.1785460000000E+14   0.1225646302612E-16
  0.1830290000000E+14   0.1103106802391E-16
  0.1876260000000E+14   0.9883336198708E-17
  0.1923370000000E+14   0.8861141400568E-17
  0.1971670000000E+14   0.7934985432308E-17
  0.2021180000000E+14   0.7130735203538E-17
  0.2071940000000E+14   0.6499280849679E-17
  0.2123970000000E+14   0.5921471545256E-17
  0.2177310000000E+14   0.5843577374288E-17
  0.2231980000000E+14   0.5755282058043E-17
  0.2288030000000E+14   0.5809202212565E-17
  0.2345490000000E+14   0.5896238371138E-17
  0.2404390000000E+14   0.5994979058029E-17
  0.2464770000000E+14   0.6131198076524E-17
  0.2526660000000E+14   0.6231228052526E-17
  0.2590110000000E+14   0.6350101810063E-17
  0.2655150000000E+14   0.6432490488083E-17
  0.2721830000000E+14   0.6581561894326E-17
  0.2790180000000E+14   0.6726209941606E-17
  0.2860240000000E+14   0.6800466307693E-17
  0.2932070000000E+14   0.6800118399688E-17
  0.3005700000000E+14   0.6771661295565E-17
  0.3081180000000E+14   0.6605022743266E-17
  0.3158550000000E+14   0.6444164150826E-17
  0.3237870000000E+14   0.5776410484705E-17
  0.3319170000000E+14   0.4999709455206E-17
  0.3402530000000E+14   0.4285956557458E-17
  0.3487970000000E+14   0.3630157547110E-17
  0.3575560000000E+14   0.3019203476711E-17
  0.3665350000000E+14   0.2471194305641E-17
  0.3757390000000E+14   0.1941823960276E-17
  0.3851740000000E+14   0.1621295800761E-17
  0.3948470000000E+14   0.1360927191571E-17
  0.4047620000000E+14   0.1193962147215E-17
  0.4149260000000E+14   0.1137026109689E-17
  0.4253460000000E+14   0.1088943349173E-17
  0.4360270000000E+14   0.1076913009544E-17
  0.4469770000000E+14   0.1066804373148E-17
  0.4582010000000E+14   0.1058831055728E-17
  0.4697070000000E+14   0.1052422139860E-17
  0.4815020000000E+14   0.1046208131279E-17
  0.4935940000000E+14   0.1040046571229E-17
  0.5059890000000E+14   0.1034967280074E-17
  0.5186950000000E+14   0.1031434461652E-17
  0.5317200000000E+14   0.1028452003347E-17
  0.5450730000000E+14   0.1027472625871E-17
  0.6258450000000E+14   0.1034920495834E-17
  0.7185870000000E+14   0.1050448222768E-17
  0.8250720000000E+14   0.1054084336856E-17
  0.9473370000000E+14   0.1041598910870E-17
  0.1087720000000E+15   0.1018771433242E-17
  0.1248910000000E+15   0.9955358345224E-18
  0.1433980000000E+15   0.9811984833847E-18
  0.1646470000000E+15   0.9851185137777E-18
  0.1890460000000E+15   0.1016172886144E-17
  0.2170600000000E+15   0.1076385083563E-17
  0.2492250000000E+15   0.1167320139214E-17
  0.2861570000000E+15   0.1287256228985E-17
  0.3285620000000E+15   0.1429434581282E-17
  0.3772500000000E+15   0.1581930612923E-17
  0.4331540000000E+15   0.1726369869292E-17
  0.4973410000000E+15   0.1838502479814E-17
  0.5710410000000E+15   0.1891503656017E-17
  0.6556610000000E+15   0.1861985898436E-17
  0.7528220000000E+15   0.1736470073548E-17
  0.8643800000000E+15   0.1519285963719E-17
  0.9924690000000E+15   0.1233832730415E-17
  0.1139540000000E+16   0.9162373919550E-18
  0.1308400000000E+16   0.6155575227044E-18
  0.1502290000000E+16   0.3674589339285E-18
  0.1724910000000E+16   0.1912703111803E-18
  0.1980520000000E+16   0.8486963651644E-19
  0.2274010000000E+16   0.3141274584476E-19
  0.2610990000000E+16   0.9436742533138E-20
  0.2997900000000E+16   0.2230832365759E-20
