mstar = 2 Msun, Rstar = 2.5 Rsun, Tstar = 10000, mdisk = 0.0030412 Msun, Rc = 150 AU, Rin = 0.5 AU, Rout = 250 AU, inclination = 45 degree, powerlaw = -1 
         130
  
  0.2997900000000E+11   0.4183775771674E-23
  0.3951060000000E+11   0.9527645560331E-23
  0.5207280000000E+11   0.2168007736847E-22
  0.6862910000000E+11   0.4927085052219E-22
  0.9044930000000E+11   0.1117701554539E-21
  0.1192070000000E+12   0.2529044603412E-21
  0.1571080000000E+12   0.5702777340980E-21
  0.2070600000000E+12   0.1279934655741E-20
  0.2728930000000E+12   0.2854714222543E-20
  0.3596580000000E+12   0.6885474094668E-20
  0.4740100000000E+12   0.1983919708771E-19
  0.6247180000000E+12   0.5632058363380E-19
  0.8233440000000E+12   0.1564371275140E-18
  0.1085120000000E+13   0.4223967435443E-18
  0.1430130000000E+13   0.1095150728630E-17
  0.1884830000000E+13   0.2686441401727E-17
  0.2484100000000E+13   0.6097282495540E-17
  0.3273910000000E+13   0.1235192345580E-16
  0.4314820000000E+13   0.2135814642139E-16
  0.5686700000000E+13   0.2956872823106E-16
  0.7494750000000E+13   0.3115614915479E-16
  0.7682960000000E+13   0.3089661181548E-16
  0.7875890000000E+13   0.3057242187094E-16
  0.8073670000000E+13   0.3018533214371E-16
  0.8276410000000E+13   0.2974264943605E-16
  0.8484250000000E+13   0.2925548210216E-16
  0.8697300000000E+13   0.2876508122138E-16
  0.8915700000000E+13   0.2823152884107E-16
  0.9139590000000E+13   0.2771387637143E-16
  0.9369100000000E+13   0.2717193615613E-16
  0.9604380000000E+13   0.2663100804878E-16
  0.9845560000000E+13   0.2609379791549E-16
  0.1009280000000E+14   0.2553847318826E-16
  0.1034620000000E+14   0.2498790296829E-16
  0.1060610000000E+14   0.2442164867894E-16
  0.1087240000000E+14   0.2389420686757E-16
  0.1114540000000E+14   0.2336363512696E-16
  0.1142530000000E+14   0.2285320618190E-16
  0.1171220000000E+14   0.2235836020045E-16
  0.1200630000000E+14   0.2186085172310E-16
  0.1230780000000E+14   0.2137664152731E-16
  0.1261690000000E+14   0.2088493211808E-16
  0.1293370000000E+14   0.2044994783496E-16
  0.1325850000000E+14   0.2001205161814E-16
  0.1359150000000E+14   0.1959338992314E-16
  0.1393280000000E+14   0.1918397150620E-16
  0.1428260000000E+14   0.1878259936947E-16
  0.1464130000000E+14   0.1842892106450E-16
  0.1500900000000E+14   0.1805722015319E-16
  0.1538590000000E+14   0.1757578601610E-16
  0.1577220000000E+14   0.1708262214109E-16
  0.1616830000000E+14   0.1629174531941E-16
  0.1657430000000E+14   0.1535308634877E-16
  0.1699050000000E+14   0.1434932725519E-16
  0.1741720000000E+14   0.1312762827307E-16
  0.1785460000000E+14   0.1198184628987E-16
  0.1830290000000E+14   0.1078485512037E-16
  0.1876260000000E+14   0.9664264282983E-17
  0.1923370000000E+14   0.8666719785701E-17
  0.1971670000000E+14   0.7763348498412E-17
  0.2021180000000E+14   0.6979261934009E-17
  0.2071940000000E+14   0.6363934660561E-17
  0.2123970000000E+14   0.5801091020954E-17
  0.2177310000000E+14   0.5725637986406E-17
  0.2231980000000E+14   0.5640669283532E-17
  0.2288030000000E+14   0.5695284678215E-17
  0.2345490000000E+14   0.5783076387043E-17
  0.2404390000000E+14   0.5882922615241E-17
  0.2464770000000E+14   0.6020020930400E-17
  0.2526660000000E+14   0.6121842282412E-17
  0.2590110000000E+14   0.6242373687417E-17
  0.2655150000000E+14   0.6327025515201E-17
  0.2721830000000E+14   0.6477257883156E-17
  0.2790180000000E+14   0.6623186259831E-17
  0.2860240000000E+14   0.6700030957405E-17
  0.2932070000000E+14   0.6703510035273E-17
  0.3005700000000E+14   0.6679338072340E-17
  0.3081180000000E+14   0.6519026944282E-17
  0.3158550000000E+14   0.6364331274559E-17
  0.3237870000000E+14   0.5709553433292E-17
  0.3319170000000E+14   0.4946716673595E-17
  0.3402530000000E+14   0.4245083391812E-17
  0.3487970000000E+14   0.3599270512099E-17
  0.3575560000000E+14   0.2996563112414E-17
  0.3665350000000E+14   0.2455365651644E-17
  0.3757390000000E+14   0.1932682467439E-17
  0.3851740000000E+14   0.1616123826029E-17
  0.3948470000000E+14   0.1358024929339E-17
  0.4047620000000E+14   0.1191720862742E-17
  0.4149260000000E+14   0.1134741032525E-17
  0.4253460000000E+14   0.1086430898659E-17
  0.4360270000000E+14   0.1074180404305E-17
  0.4469770000000E+14   0.1063837654589E-17
  0.4582010000000E+14   0.1055627557011E-17
  0.4697070000000E+14   0.1048981807265E-17
  0.4815020000000E+14   0.1042522624035E-17
  0.4935940000000E+14   0.1036106720402E-17
  0.5059890000000E+14   0.1030778894339E-17
  0.5186950000000E+14   0.1027013181359E-17
  0.5317200000000E+14   0.1023804848857E-17
  0.5450730000000E+14   0.1022631834935E-17
  0.6258450000000E+14   0.1029326395161E-17
  0.7185870000000E+14   0.1044490836847E-17
  0.8250720000000E+14   0.1047880679379E-17
  0.9473370000000E+14   0.1035312648072E-17
  0.1087720000000E+15   0.1012727854377E-17
  0.1248910000000E+15   0.9901241627929E-18
  0.1433980000000E+15   0.9767770957586E-18
  0.1646470000000E+15   0.9819455186898E-18
  0.1890460000000E+15   0.1014308554520E-17
  0.2170600000000E+15   0.1075673291799E-17
  0.2492250000000E+15   0.1167372868956E-17
  0.2861570000000E+15   0.1287650428942E-17
  0.3285620000000E+15   0.1429896859103E-17
  0.3772500000000E+15   0.1582336563347E-17
  0.4331540000000E+15   0.1726677211570E-17
  0.4973410000000E+15   0.1838726991636E-17
  0.5710410000000E+15   0.1891706762750E-17
  0.6556610000000E+15   0.1862234624541E-17
  0.7528220000000E+15   0.1736827979995E-17
  0.8643800000000E+15   0.1519720619461E-17
  0.9924690000000E+15   0.1234231436321E-17
  0.1139540000000E+16   0.9166463024745E-18
  0.1308400000000E+16   0.6158151950386E-18
  0.1502290000000E+16   0.3675860375008E-18
  0.1724910000000E+16   0.1913199031145E-18
  0.1980520000000E+16   0.8489285991455E-19
  0.2274010000000E+16   0.3142114299546E-19
  0.2610990000000E+16   0.9439218547353E-20
  0.2997900000000E+16   0.2231409369708E-20
