         130
  
  0.2997900000000E+11   0.4825058087764E-23
  0.3951060000000E+11   0.1098974181231E-22
  0.5207280000000E+11   0.2500928299648E-22
  0.6862910000000E+11   0.5683848751941E-22
  0.9044930000000E+11   0.1289331550178E-21
  0.1192070000000E+12   0.2917121440870E-21
  0.1571080000000E+12   0.6576777896444E-21
  0.2070600000000E+12   0.1475729433928E-20
  0.2728930000000E+12   0.3290243191151E-20
  0.3596580000000E+12   0.7931965639152E-20
  0.4740100000000E+12   0.2283701548793E-19
  0.6247180000000E+12   0.6475792040692E-19
  0.8233440000000E+12   0.1795732235004E-18
  0.1085120000000E+13   0.4836544259262E-18
  0.1430130000000E+13   0.1249190978150E-17
  0.1884830000000E+13   0.3046145531960E-17
  0.2484100000000E+13   0.6849160736079E-17
  0.3273910000000E+13   0.1367168390074E-16
  0.4314820000000E+13   0.2311043837116E-16
  0.5686700000000E+13   0.3101679617453E-16
  0.7494750000000E+13   0.3170611575770E-16
  0.7682960000000E+13   0.3138013539442E-16
  0.7875890000000E+13   0.3099651674881E-16
  0.8073670000000E+13   0.3055757177527E-16
  0.8276410000000E+13   0.3007076282747E-16
  0.8484250000000E+13   0.2954710371253E-16
  0.8697300000000E+13   0.2902734708434E-16
  0.8915700000000E+13   0.2847220732561E-16
  0.9139590000000E+13   0.2794021251694E-16
  0.9369100000000E+13   0.2739109938802E-16
  0.9604380000000E+13   0.2684972064986E-16
  0.9845560000000E+13   0.2631826174624E-16
  0.1009280000000E+14   0.2577355669764E-16
  0.1034620000000E+14   0.2523789154828E-16
  0.1060610000000E+14   0.2468913782552E-16
  0.1087240000000E+14   0.2418254450646E-16
  0.1114540000000E+14   0.2367374093857E-16
  0.1142530000000E+14   0.2318590650391E-16
  0.1171220000000E+14   0.2271344734408E-16
  0.1200630000000E+14   0.2223658683059E-16
  0.1230780000000E+14   0.2177133459568E-16
  0.1261690000000E+14   0.2129559936452E-16
  0.1293370000000E+14   0.2087591998907E-16
  0.1325850000000E+14   0.2045000685485E-16
  0.1359150000000E+14   0.2004081595475E-16
  0.1393280000000E+14   0.1963798688443E-16
  0.1428260000000E+14   0.1924046029189E-16
  0.1464130000000E+14   0.1888938791189E-16
  0.1500900000000E+14   0.1851706318755E-16
  0.1538590000000E+14   0.1802941127569E-16
  0.1577220000000E+14   0.1752789099386E-16
  0.1616830000000E+14   0.1671876442171E-16
  0.1657430000000E+14   0.1575671349376E-16
  0.1699050000000E+14   0.1472690066339E-16
  0.1741720000000E+14   0.1347212756634E-16
  0.1785460000000E+14   0.1229474897948E-16
  0.1830290000000E+14   0.1106367896501E-16
  0.1876260000000E+14   0.9910363085444E-17
  0.1923370000000E+14   0.8882982832548E-17
  0.1971670000000E+14   0.7952015628647E-17
  0.2021180000000E+14   0.7143665660438E-17
  0.2071940000000E+14   0.6509209154993E-17
  0.2123970000000E+14   0.5928531585399E-17
  0.2177310000000E+14   0.5851691266515E-17
  0.2231980000000E+14   0.5764129435044E-17
  0.2288030000000E+14   0.5819633888873E-17
  0.2345490000000E+14   0.5908515707348E-17
  0.2404390000000E+14   0.6009170621094E-17
  0.2464770000000E+14   0.6147654996280E-17
  0.2526660000000E+14   0.6249591678793E-17
  0.2590110000000E+14   0.6370511594454E-17
  0.2655150000000E+14   0.6454660401645E-17
  0.2721830000000E+14   0.6605897598424E-17
  0.2790180000000E+14   0.6752543241041E-17
  0.2860240000000E+14   0.6828349766416E-17
  0.2932070000000E+14   0.6829032775581E-17
  0.3005700000000E+14   0.6801243211910E-17
  0.3081180000000E+14   0.6634127181298E-17
  0.3158550000000E+14   0.6472791046297E-17
  0.3237870000000E+14   0.5800420317400E-17
  0.3319170000000E+14   0.5017934950276E-17
  0.3402530000000E+14   0.4298573062809E-17
  0.3487970000000E+14   0.3637103085758E-17
  0.3575560000000E+14   0.3020589238350E-17
  0.3665350000000E+14   0.2468072840881E-17
  0.3757390000000E+14   0.1935570061508E-17
  0.3851740000000E+14   0.1613880742870E-17
  0.3948470000000E+14   0.1352674204950E-17
  0.4047620000000E+14   0.1185428922956E-17
  0.4149260000000E+14   0.1128770641120E-17
  0.4253460000000E+14   0.1081024555799E-17
  0.4360270000000E+14   0.1069485267645E-17
  0.4469770000000E+14   0.1059860697466E-17
  0.4582010000000E+14   0.1052363775606E-17
  0.4697070000000E+14   0.1046419601703E-17
  0.4815020000000E+14   0.1040655956801E-17
  0.4935940000000E+14   0.1034929534389E-17
  0.5059890000000E+14   0.1030271595226E-17
  0.5186950000000E+14   0.1027144875454E-17
  0.5317200000000E+14   0.1024550012178E-17
  0.5450730000000E+14   0.1023940332267E-17
  0.6258450000000E+14   0.1033088609000E-17
  0.7185870000000E+14   0.1049757979032E-17
  0.8250720000000E+14   0.1054117823120E-17
  0.9473370000000E+14   0.1042069876071E-17
  0.1087720000000E+15   0.1019485733747E-17
  0.1248910000000E+15   0.9963749675497E-18
  0.1433980000000E+15   0.9821136844336E-18
  0.1646470000000E+15   0.9861095686897E-18
  0.1890460000000E+15   0.1017242987064E-17
  0.2170600000000E+15   0.1077498089342E-17
  0.2492250000000E+15   0.1168390211638E-17
  0.2861570000000E+15   0.1288177380525E-17
  0.3285620000000E+15   0.1430121093960E-17
  0.3772500000000E+15   0.1582357164858E-17
  0.4331540000000E+15   0.1726578045579E-17
  0.4973410000000E+15   0.1838568085445E-17
  0.5710410000000E+15   0.1891491445781E-17
  0.6556610000000E+15   0.1861929132974E-17
  0.7528220000000E+15   0.1736373421503E-17
  0.8643800000000E+15   0.1519165922170E-17
  0.9924690000000E+15   0.1233722371329E-17
  0.1139540000000E+16   0.9161241883876E-18
  0.1308400000000E+16   0.6154861855457E-18
  0.1502290000000E+16   0.3674237433406E-18
  0.1724910000000E+16   0.1912565801256E-18
  0.1980520000000E+16   0.8486320646209E-19
  0.2274010000000E+16   0.3141042084680E-19
  0.2610990000000E+16   0.9436056973674E-20
  0.2997900000000E+16   0.2230672604374E-20
