         130
  
  0.2997900000000E+11   0.7349271177035E-23
  0.3951060000000E+11   0.1674357738219E-22
  0.5207280000000E+11   0.3810701896796E-22
  0.6862910000000E+11   0.8659962188911E-22
  0.9044930000000E+11   0.1963956017054E-21
  0.1192070000000E+12   0.4441506713276E-21
  0.1571080000000E+12   0.1000683538872E-20
  0.2070600000000E+12   0.2243224506848E-20
  0.2728930000000E+12   0.4994774497842E-20
  0.3596580000000E+12   0.1201852844907E-19
  0.4740100000000E+12   0.3450333913567E-19
  0.6247180000000E+12   0.9742700262891E-19
  0.8233440000000E+12   0.2684760935154E-18
  0.1085120000000E+13   0.7162975806001E-18
  0.1430130000000E+13   0.1823469552924E-17
  0.1884830000000E+13   0.4347586764034E-17
  0.2484100000000E+13   0.9437088043218E-17
  0.3273910000000E+13   0.1784135065755E-16
  0.4314820000000E+13   0.2784931070144E-16
  0.5686700000000E+13   0.3387536174363E-16
  0.7494750000000E+13   0.3218590581167E-16
  0.7682960000000E+13   0.3175788358507E-16
  0.7875890000000E+13   0.3129681070108E-16
  0.8073670000000E+13   0.3080395283004E-16
  0.8276410000000E+13   0.3028494087142E-16
  0.8484250000000E+13   0.2974870940904E-16
  0.8697300000000E+13   0.2923490006007E-16
  0.8915700000000E+13   0.2870146204502E-16
  0.9139590000000E+13   0.2820711123114E-16
  0.9369100000000E+13   0.2770723093162E-16
  0.9604380000000E+13   0.2722544044039E-16
  0.9845560000000E+13   0.2676136772559E-16
  0.1009280000000E+14   0.2628663472193E-16
  0.1034620000000E+14   0.2582276322132E-16
  0.1060610000000E+14   0.2534280534883E-16
  0.1087240000000E+14   0.2490568402905E-16
  0.1114540000000E+14   0.2446053110773E-16
  0.1142530000000E+14   0.2403162756173E-16
  0.1171220000000E+14   0.2361170354955E-16
  0.1200630000000E+14   0.2317845669024E-16
  0.1230780000000E+14   0.2274936824819E-16
  0.1261690000000E+14   0.2230050239804E-16
  0.1293370000000E+14   0.2190435785791E-16
  0.1325850000000E+14   0.2149376823601E-16
  0.1359150000000E+14   0.2109421828706E-16
  0.1393280000000E+14   0.2069522887289E-16
  0.1428260000000E+14   0.2029640894935E-16
  0.1464130000000E+14   0.1994220830966E-16
  0.1500900000000E+14   0.1956129350257E-16
  0.1538590000000E+14   0.1905509087298E-16
  0.1577220000000E+14   0.1853189911679E-16
  0.1616830000000E+14   0.1768236062169E-16
  0.1657430000000E+14   0.1667054076224E-16
  0.1699050000000E+14   0.1558653024268E-16
  0.1741720000000E+14   0.1426452785921E-16
  0.1785460000000E+14   0.1302336389974E-16
  0.1830290000000E+14   0.1172474458510E-16
  0.1876260000000E+14   0.1050730683104E-16
  0.1923370000000E+14   0.9422152864734E-17
  0.1971670000000E+14   0.8438186264682E-17
  0.2021180000000E+14   0.7583460497504E-17
  0.2071940000000E+14   0.6913066094731E-17
  0.2123970000000E+14   0.6299392021095E-17
  0.2177310000000E+14   0.6220971216103E-17
  0.2231980000000E+14   0.6129480360016E-17
  0.2288030000000E+14   0.6187781052997E-17
  0.2345490000000E+14   0.6279488559892E-17
  0.2404390000000E+14   0.6382158434443E-17
  0.2464770000000E+14   0.6523322697211E-17
  0.2526660000000E+14   0.6625274331021E-17
  0.2590110000000E+14   0.6746657072293E-17
  0.2655150000000E+14   0.6829036320011E-17
  0.2721830000000E+14   0.6981323534440E-17
  0.2790180000000E+14   0.7128756481100E-17
  0.2860240000000E+14   0.7201837413067E-17
  0.2932070000000E+14   0.7196197986820E-17
  0.3005700000000E+14   0.7160870202451E-17
  0.3081180000000E+14   0.6979926290002E-17
  0.3158550000000E+14   0.6805048607337E-17
  0.3237870000000E+14   0.6096367496657E-17
  0.3319170000000E+14   0.5272748278151E-17
  0.3402530000000E+14   0.4515319162930E-17
  0.3487970000000E+14   0.3818629424711E-17
  0.3575560000000E+14   0.3169264737786E-17
  0.3665350000000E+14   0.2587246475832E-17
  0.3757390000000E+14   0.2026681400632E-17
  0.3851740000000E+14   0.1686159483546E-17
  0.3948470000000E+14   0.1409331489337E-17
  0.4047620000000E+14   0.1232437498605E-17
  0.4149260000000E+14   0.1171247912584E-17
  0.4253460000000E+14   0.1119868031181E-17
  0.4360270000000E+14   0.1105775547613E-17
  0.4469770000000E+14   0.1093882518026E-17
  0.4582010000000E+14   0.1084394035056E-17
  0.4697070000000E+14   0.1076718402453E-17
  0.4815020000000E+14   0.1069475050865E-17
  0.4935940000000E+14   0.1062519470580E-17
  0.5059890000000E+14   0.1056860639392E-17
  0.5186950000000E+14   0.1052928204844E-17
  0.5317200000000E+14   0.1049716836764E-17
  0.5450730000000E+14   0.1048620114443E-17
  0.6258450000000E+14   0.1056878595441E-17
  0.7185870000000E+14   0.1074029034683E-17
  0.8250720000000E+14   0.1078994329311E-17
  0.9473370000000E+14   0.1066701578126E-17
  0.1087720000000E+15   0.1042378203118E-17
  0.1248910000000E+15   0.1015937888924E-17
  0.1433980000000E+15   0.9970334534442E-18
  0.1646470000000E+15   0.9956612600789E-18
  0.1890460000000E+15   0.1021578275016E-17
  0.2170600000000E+15   0.1077639343104E-17
  0.2492250000000E+15   0.1165977806914E-17
  0.2861570000000E+15   0.1284760223255E-17
  0.3285620000000E+15   0.1426788998860E-17
  0.3772500000000E+15   0.1579739580778E-17
  0.4331540000000E+15   0.1724848720210E-17
  0.4973410000000E+15   0.1837482115608E-17
  0.5710410000000E+15   0.1890609896453E-17
  0.6556610000000E+15   0.1860887692284E-17
  0.7528220000000E+15   0.1734884926534E-17
  0.8643800000000E+15   0.1517360738191E-17
  0.9924690000000E+15   0.1232066948328E-17
  0.1139540000000E+16   0.9144270346955E-18
  0.1308400000000E+16   0.6144166535387E-18
  0.1502290000000E+16   0.3668960595719E-18
  0.1724910000000E+16   0.1910506431362E-18
  0.1980520000000E+16   0.8476677221759E-19
  0.2274010000000E+16   0.3137555138095E-19
  0.2610990000000E+16   0.9425775092065E-20
  0.2997900000000E+16   0.2228276515768E-20
