         130
  
  0.2997900000000E+11   0.8830848974651E-23
  0.3951060000000E+11   0.2012025249938E-22
  0.5207280000000E+11   0.4579195144313E-22
  0.6862910000000E+11   0.1040569127340E-21
  0.9044930000000E+11   0.2359536820149E-21
  0.1192070000000E+12   0.5334942158063E-21
  0.1571080000000E+12   0.1201591961556E-20
  0.2070600000000E+12   0.2692395148464E-20
  0.2728930000000E+12   0.5991232493290E-20
  0.3596580000000E+12   0.1440362044147E-19
  0.4740100000000E+12   0.4129347165157E-19
  0.6247180000000E+12   0.1163596732641E-18
  0.8233440000000E+12   0.3196481578721E-18
  0.1085120000000E+13   0.8487434682432E-18
  0.1430130000000E+13   0.2144532038774E-17
  0.1884830000000E+13   0.5053179516633E-17
  0.2484100000000E+13   0.1076759773137E-16
  0.3273910000000E+13   0.1979229513852E-16
  0.4314820000000E+13   0.2970833748197E-16
  0.5686700000000E+13   0.3466401671112E-16
  0.7494750000000E+13   0.3235278422420E-16
  0.7682960000000E+13   0.3193114248799E-16
  0.7875890000000E+13   0.3148442320990E-16
  0.8073670000000E+13   0.3101238578299E-16
  0.8276410000000E+13   0.3051921033670E-16
  0.8484250000000E+13   0.3001259412889E-16
  0.8697300000000E+13   0.2953238700045E-16
  0.8915700000000E+13   0.2903360012230E-16
  0.9139590000000E+13   0.2857632278127E-16
  0.9369100000000E+13   0.2811278025695E-16
  0.9604380000000E+13   0.2766664839673E-16
  0.9845560000000E+13   0.2723664117779E-16
  0.1009280000000E+14   0.2679234153634E-16
  0.1034620000000E+14   0.2635574826113E-16
  0.1060610000000E+14   0.2589844826790E-16
  0.1087240000000E+14   0.2548167771229E-16
  0.1114540000000E+14   0.2505238367224E-16
  0.1142530000000E+14   0.2463594697080E-16
  0.1171220000000E+14   0.2422499130261E-16
  0.1200630000000E+14   0.2379672156633E-16
  0.1230780000000E+14   0.2336957519621E-16
  0.1261690000000E+14   0.2291923451012E-16
  0.1293370000000E+14   0.2252079597623E-16
  0.1325850000000E+14   0.2210535440515E-16
  0.1359150000000E+14   0.2169941485433E-16
  0.1393280000000E+14   0.2129248945420E-16
  0.1428260000000E+14   0.2088442406591E-16
  0.1464130000000E+14   0.2052107182243E-16
  0.1500900000000E+14   0.2012944344866E-16
  0.1538590000000E+14   0.1960855673374E-16
  0.1577220000000E+14   0.1906970229239E-16
  0.1616830000000E+14   0.1819556640677E-16
  0.1657430000000E+14   0.1715452181639E-16
  0.1699050000000E+14   0.1603904612563E-16
  0.1741720000000E+14   0.1467897713639E-16
  0.1785460000000E+14   0.1340149420274E-16
  0.1830290000000E+14   0.1206467223764E-16
  0.1876260000000E+14   0.1081112356083E-16
  0.1923370000000E+14   0.9693433510600E-17
  0.1971670000000E+14   0.8679655897753E-17
  0.2021180000000E+14   0.7798680302425E-17
  0.2071940000000E+14   0.7107219495531E-17
  0.2123970000000E+14   0.6474187078818E-17
  0.2177310000000E+14   0.6390972763807E-17
  0.2231980000000E+14   0.6294169577711E-17
  0.2288030000000E+14   0.6351037318053E-17
  0.2345490000000E+14   0.6441992429165E-17
  0.2404390000000E+14   0.6544076015004E-17
  0.2464770000000E+14   0.6685519402087E-17
  0.2526660000000E+14   0.6786869037308E-17
  0.2590110000000E+14   0.6908020594348E-17
  0.2655150000000E+14   0.6989030152006E-17
  0.2721830000000E+14   0.7141677375208E-17
  0.2790180000000E+14   0.7289219548314E-17
  0.2860240000000E+14   0.7360416865708E-17
  0.2932070000000E+14   0.7350670206463E-17
  0.3005700000000E+14   0.7310337444231E-17
  0.3081180000000E+14   0.7121255186531E-17
  0.3158550000000E+14   0.6938410992712E-17
  0.3237870000000E+14   0.6211292150126E-17
  0.3319170000000E+14   0.5366992966199E-17
  0.3402530000000E+14   0.4591019558241E-17
  0.3487970000000E+14   0.3878053361167E-17
  0.3575560000000E+14   0.3214505643666E-17
  0.3665350000000E+14   0.2620568968606E-17
  0.3757390000000E+14   0.2048956339461E-17
  0.3851740000000E+14   0.1701694972741E-17
  0.3948470000000E+14   0.1420225373186E-17
  0.4047620000000E+14   0.1240606622363E-17
  0.4149260000000E+14   0.1177960160481E-17
  0.4253460000000E+14   0.1125390915848E-17
  0.4360270000000E+14   0.1110257945461E-17
  0.4469770000000E+14   0.1097432513172E-17
  0.4582010000000E+14   0.1087115484961E-17
  0.4697070000000E+14   0.1078712738568E-17
  0.4815020000000E+14   0.1070844997043E-17
  0.4935940000000E+14   0.1063364543074E-17
  0.5059890000000E+14   0.1057274343402E-17
  0.5186950000000E+14   0.1052995688743E-17
  0.5317200000000E+14   0.1049523087234E-17
  0.5450730000000E+14   0.1048233741027E-17
  0.6258450000000E+14   0.1056507993480E-17
  0.7185870000000E+14   0.1074869844832E-17
  0.8250720000000E+14   0.1081422965182E-17
  0.9473370000000E+14   0.1070380499774E-17
  0.1087720000000E+15   0.1046513003171E-17
  0.1248910000000E+15   0.1019573645319E-17
  0.1433980000000E+15   0.9993321053866E-18
  0.1646470000000E+15   0.9961687839157E-18
  0.1890460000000E+15   0.1020379225081E-17
  0.2170600000000E+15   0.1075277112042E-17
  0.2492250000000E+15   0.1163164736230E-17
  0.2861570000000E+15   0.1282077772894E-17
  0.3285620000000E+15   0.1424617671613E-17
  0.3772500000000E+15   0.1578254652481E-17
  0.4331540000000E+15   0.1723982187482E-17
  0.4973410000000E+15   0.1836973890589E-17
  0.5710410000000E+15   0.1890181734054E-17
  0.6556610000000E+15   0.1860355232568E-17
  0.7528220000000E+15   0.1734111263677E-17
  0.8643800000000E+15   0.1516420303099E-17
  0.9924690000000E+15   0.1231204421035E-17
  0.1139540000000E+16   0.9135430854043E-18
  0.1308400000000E+16   0.6138595463718E-18
  0.1502290000000E+16   0.3666211318433E-18
  0.1724910000000E+16   0.1909433188306E-18
  0.1980520000000E+16   0.8471651767804E-19
  0.2274010000000E+16   0.3135737957939E-19
  0.2610990000000E+16   0.9420416729865E-20
  0.2997900000000E+16   0.2227027788880E-20
