         130
  
  0.2997900000000E+11   0.1317522858105E-23
  0.3951060000000E+11   0.2991419104589E-23
  0.5207280000000E+11   0.6793144679549E-23
  0.6862910000000E+11   0.1541958508879E-22
  0.9044930000000E+11   0.3496218441314E-22
  0.1192070000000E+12   0.7912685638108E-22
  0.1571080000000E+12   0.1785928742741E-21
  0.2070600000000E+12   0.4015393280404E-21
  0.2728930000000E+12   0.8980158423984E-21
  0.3596580000000E+12   0.2174436482326E-20
  0.4740100000000E+12   0.6301159630216E-20
  0.6247180000000E+12   0.1803872519969E-19
  0.8233440000000E+12   0.5071496764833E-19
  0.1085120000000E+13   0.1393595228981E-18
  0.1430130000000E+13   0.3707275271190E-18
  0.1884830000000E+13   0.9448830081971E-18
  0.2484100000000E+13   0.2272472965961E-17
  0.3273910000000E+13   0.5030117332335E-17
  0.4314820000000E+13   0.9962854935672E-17
  0.5686700000000E+13   0.1683405939546E-16
  0.7494750000000E+13   0.2279658763778E-16
  0.7682960000000E+13   0.2312799598218E-16
  0.7875890000000E+13   0.2340137808569E-16
  0.8073670000000E+13   0.2361058118139E-16
  0.8276410000000E+13   0.2375608877104E-16
  0.8484250000000E+13   0.2384375009508E-16
  0.8697300000000E+13   0.2391753507908E-16
  0.8915700000000E+13   0.2392154354655E-16
  0.9139590000000E+13   0.2392279273572E-16
  0.9369100000000E+13   0.2386508266196E-16
  0.9604380000000E+13   0.2377415990772E-16
  0.9845560000000E+13   0.2364802945402E-16
  0.1009280000000E+14   0.2345647443098E-16
  0.1034620000000E+14   0.2322427820846E-16
  0.1060610000000E+14   0.2292695792569E-16
  0.1087240000000E+14   0.2262502111167E-16
  0.1114540000000E+14   0.2227185781760E-16
  0.1142530000000E+14   0.2189400062466E-16
  0.1171220000000E+14   0.2148837247806E-16
  0.1200630000000E+14   0.2104049031470E-16
  0.1230780000000E+14   0.2057030042971E-16
  0.1261690000000E+14   0.2006347317720E-16
  0.1293370000000E+14   0.1958154012476E-16
  0.1325850000000E+14   0.1907577393258E-16
  0.1359150000000E+14   0.1857006614405E-16
  0.1393280000000E+14   0.1806068199644E-16
  0.1428260000000E+14   0.1755126470161E-16
  0.1464130000000E+14   0.1707654722628E-16
  0.1500900000000E+14   0.1658918020469E-16
  0.1538590000000E+14   0.1602375793248E-16
  0.1577220000000E+14   0.1545820383593E-16
  0.1616830000000E+14   0.1467855149727E-16
  0.1657430000000E+14   0.1379896148125E-16
  0.1699050000000E+14   0.1288149794097E-16
  0.1741720000000E+14   0.1181024393979E-16
  0.1785460000000E+14   0.1080620405837E-16
  0.1830290000000E+14   0.9772491788994E-17
  0.1876260000000E+14   0.8804699056661E-17
  0.1923370000000E+14   0.7937693141801E-17
  0.1971670000000E+14   0.7149058481691E-17
  0.2021180000000E+14   0.6457956532022E-17
  0.2071940000000E+14   0.5903131311511E-17
  0.2123970000000E+14   0.5394791652351E-17
  0.2177310000000E+14   0.5270990038290E-17
  0.2231980000000E+14   0.5143651786220E-17
  0.2288030000000E+14   0.5128613368528E-17
  0.2345490000000E+14   0.5145925156026E-17
  0.2404390000000E+14   0.5181424847132E-17
  0.2464770000000E+14   0.5256214831168E-17
  0.2526660000000E+14   0.5313558957082E-17
  0.2590110000000E+14   0.5395574990410E-17
  0.2655150000000E+14   0.5457016951953E-17
  0.2721830000000E+14   0.5580079723752E-17
  0.2790180000000E+14   0.5706590522323E-17
  0.2860240000000E+14   0.5780265168723E-17
  0.2932070000000E+14   0.5795204902778E-17
  0.3005700000000E+14   0.5788773951035E-17
  0.3081180000000E+14   0.5667149310472E-17
  0.3158550000000E+14   0.5550738622587E-17
  0.3237870000000E+14   0.5003398748855E-17
  0.3319170000000E+14   0.4360789960074E-17
  0.3402530000000E+14   0.3769217304618E-17
  0.3487970000000E+14   0.3224160957186E-17
  0.3575560000000E+14   0.2714647240301E-17
  0.3665350000000E+14   0.2256507515801E-17
  0.3757390000000E+14   0.1812278650439E-17
  0.3851740000000E+14   0.1541477705419E-17
  0.3948470000000E+14   0.1315954179339E-17
  0.4047620000000E+14   0.1163422149609E-17
  0.4149260000000E+14   0.1108276942351E-17
  0.4253460000000E+14   0.1059574349223E-17
  0.4360270000000E+14   0.1047255170333E-17
  0.4469770000000E+14   0.1036590367491E-17
  0.4582010000000E+14   0.1027849558227E-17
  0.4697070000000E+14   0.1020456740531E-17
  0.4815020000000E+14   0.1012944412315E-17
  0.4935940000000E+14   0.1005159569584E-17
  0.5059890000000E+14   0.9982714374316E-18
  0.5186950000000E+14   0.9928699479098E-18
  0.5317200000000E+14   0.9878727000828E-18
  0.5450730000000E+14   0.9850146869932E-18
  0.6258450000000E+14   0.9829125099296E-18
  0.7185870000000E+14   0.9917384060550E-18
  0.8250720000000E+14   0.9918125034673E-18
  0.9473370000000E+14   0.9803781583258E-18
  0.1087720000000E+15   0.9640847119580E-18
  0.1248910000000E+15   0.9519090372873E-18
  0.1433980000000E+15   0.9508923771770E-18
  0.1646470000000E+15   0.9677238992912E-18
  0.1890460000000E+15   0.1009186127533E-17
  0.2170600000000E+15   0.1076607763120E-17
  0.2492250000000E+15   0.1171707510576E-17
  0.2861570000000E+15   0.1293266175010E-17
  0.3285620000000E+15   0.1435107167343E-17
  0.3772500000000E+15   0.1586235324314E-17
  0.4331540000000E+15   0.1729296534145E-17
  0.4973410000000E+15   0.1840577274165E-17
  0.5710410000000E+15   0.1893377834663E-17
  0.6556610000000E+15   0.1864246377278E-17
  0.7528220000000E+15   0.1739684961970E-17
  0.8643800000000E+15   0.1523177235213E-17
  0.9924690000000E+15   0.1237400744476E-17
  0.1139540000000E+16   0.9198982375590E-18
  0.1308400000000E+16   0.6178641101560E-18
  0.1502290000000E+16   0.3685963891534E-18
  0.1724910000000E+16   0.1917139588958E-18
  0.1980520000000E+16   0.8507740406673E-19
  0.2274010000000E+16   0.3148786885918E-19
  0.2610990000000E+16   0.9458893142761E-20
  0.2997900000000E+16   0.2235994210106E-20
