mstar = 2 Msun, Rstar = 2.5 Rsun, Tstar = 10000, mdisk = 0.0021307 Msun, Rc = 150 AU, Rin = 0.5 AU, Rout = 250 AU, inclination = 45 degree, powerlaw = -1 
         130
  
  0.2997900000000E+11   0.3040446003406E-23
  0.3951060000000E+11   0.6920759311220E-23
  0.5207280000000E+11   0.1574374341726E-22
  0.6862910000000E+11   0.3577563988382E-22
  0.9044930000000E+11   0.8115985358925E-22
  0.1192070000000E+12   0.1836791423554E-21
  0.1571080000000E+12   0.4143385178348E-21
  0.2070600000000E+12   0.9304949103992E-21
  0.2728930000000E+12   0.2077112541233E-20
  0.3596580000000E+12   0.5015975433844E-20
  0.4740100000000E+12   0.1447841483359E-19
  0.6247180000000E+12   0.4120903305445E-19
  0.8233440000000E+12   0.1148965603527E-18
  0.1085120000000E+13   0.3119643948207E-18
  0.1430130000000E+13   0.8155869678667E-18
  0.1884830000000E+13   0.2026147674956E-17
  0.2484100000000E+13   0.4689601926317E-17
  0.3273910000000E+13   0.9794020144299E-17
  0.4314820000000E+13   0.1774686338743E-16
  0.5686700000000E+13   0.2625935482791E-16
  0.7494750000000E+13   0.2980248731853E-16
  0.7682960000000E+13   0.2972687472481E-16
  0.7875890000000E+13   0.2957653071123E-16
  0.8073670000000E+13   0.2935093050435E-16
  0.8276410000000E+13   0.2905592227370E-16
  0.8484250000000E+13   0.2870185398313E-16
  0.8697300000000E+13   0.2833152215336E-16
  0.8915700000000E+13   0.2790072290956E-16
  0.9139590000000E+13   0.2747109928860E-16
  0.9369100000000E+13   0.2699928811367E-16
  0.9604380000000E+13   0.2651145672486E-16
  0.9845560000000E+13   0.2601027364185E-16
  0.1009280000000E+14   0.2547451855231E-16
  0.1034620000000E+14   0.2492852267247E-16
  0.1060610000000E+14   0.2435403862023E-16
  0.1087240000000E+14   0.2380562802172E-16
  0.1114540000000E+14   0.2324473781466E-16
  0.1142530000000E+14   0.2269560607617E-16
  0.1171220000000E+14   0.2215598658820E-16
  0.1200630000000E+14   0.2161116881462E-16
  0.1230780000000E+14   0.2107799379639E-16
  0.1261690000000E+14   0.2053917851856E-16
  0.1293370000000E+14   0.2005498926134E-16
  0.1325850000000E+14   0.1957213324819E-16
  0.1359150000000E+14   0.1911188884690E-16
  0.1393280000000E+14   0.1866587315760E-16
  0.1428260000000E+14   0.1823345357504E-16
  0.1464130000000E+14   0.1785145301585E-16
  0.1500900000000E+14   0.1745932798077E-16
  0.1538590000000E+14   0.1697118538068E-16
  0.1577220000000E+14   0.1647705553855E-16
  0.1616830000000E+14   0.1570858871842E-16
  0.1657430000000E+14   0.1480410576102E-16
  0.1699050000000E+14   0.1384023464854E-16
  0.1741720000000E+14   0.1267323475698E-16
  0.1785460000000E+14   0.1157861350046E-16
  0.1830290000000E+14   0.1043714444240E-16
  0.1876260000000E+14   0.9368536630371E-17
  0.1923370000000E+14   0.8416272302598E-17
  0.1971670000000E+14   0.7553239253784E-17
  0.2021180000000E+14   0.6802663278505E-17
  0.2071940000000E+14   0.6210540837357E-17
  0.2123970000000E+14   0.5668433377005E-17
  0.2177310000000E+14   0.5582949687214E-17
  0.2231980000000E+14   0.5491352514486E-17
  0.2288030000000E+14   0.5534374848538E-17
  0.2345490000000E+14   0.5612387332792E-17
  0.2404390000000E+14   0.5705187847595E-17
  0.2464770000000E+14   0.5836505001206E-17
  0.2526660000000E+14   0.5936280284865E-17
  0.2590110000000E+14   0.6055891277521E-17
  0.2655150000000E+14   0.6142166300513E-17
  0.2721830000000E+14   0.6293018146855E-17
  0.2790180000000E+14   0.6440653778288E-17
  0.2860240000000E+14   0.6521708311865E-17
  0.2932070000000E+14   0.6531597042776E-17
  0.3005700000000E+14   0.6514675348900E-17
  0.3081180000000E+14   0.6364821302497E-17
  0.3158550000000E+14   0.6220171163168E-17
  0.3237870000000E+14   0.5586130982655E-17
  0.3319170000000E+14   0.4844799375707E-17
  0.3402530000000E+14   0.4161949660540E-17
  0.3487970000000E+14   0.3532613309531E-17
  0.3575560000000E+14   0.2944791446759E-17
  0.3665350000000E+14   0.2416920704365E-17
  0.3757390000000E+14   0.1907557352254E-17
  0.3851740000000E+14   0.1599350732917E-17
  0.3948470000000E+14   0.1347948431743E-17
  0.4047620000000E+14   0.1186029673588E-17
  0.4149260000000E+14   0.1130343268815E-17
  0.4253460000000E+14   0.1083000653313E-17
  0.4360270000000E+14   0.1070662151658E-17
  0.4469770000000E+14   0.1060191390948E-17
  0.4582010000000E+14   0.1051800416094E-17
  0.4697070000000E+14   0.1044930629559E-17
  0.4815020000000E+14   0.1038225040928E-17
  0.4935940000000E+14   0.1031534225350E-17
  0.5059890000000E+14   0.1025883697796E-17
  0.5186950000000E+14   0.1021745601287E-17
  0.5317200000000E+14   0.1018129489379E-17
  0.5450730000000E+14   0.1016505472034E-17
  0.6258450000000E+14   0.1020396631136E-17
  0.7185870000000E+14   0.1032989675598E-17
  0.8250720000000E+14   0.1034695605541E-17
  0.9473370000000E+14   0.1021716606687E-17
  0.1087720000000E+15   0.1000170393280E-17
  0.1248910000000E+15   0.9798551913607E-18
  0.1433980000000E+15   0.9695473203637E-18
  0.1646470000000E+15   0.9779163699532E-18
  0.1890460000000E+15   0.1013172835516E-17
  0.2170600000000E+15   0.1076817625853E-17
  0.2492250000000E+15   0.1169896176064E-17
  0.2861570000000E+15   0.1290530622510E-17
  0.3285620000000E+15   0.1432375214844E-17
  0.3772500000000E+15   0.1584137511446E-17
  0.4331540000000E+15   0.1727862356292E-17
  0.4973410000000E+15   0.1839503510092E-17
  0.5710410000000E+15   0.1892333380969E-17
  0.6556610000000E+15   0.1862941703572E-17
  0.7528220000000E+15   0.1737814681910E-17
  0.8643800000000E+15   0.1520911152720E-17
  0.9924690000000E+15   0.1235322641211E-17
  0.1139540000000E+16   0.9177655693130E-18
  0.1308400000000E+16   0.6165204502366E-18
  0.1502290000000E+16   0.3679338754715E-18
  0.1724910000000E+16   0.1914555969134E-18
  0.1980520000000E+16   0.8495640564291E-19
  0.2274010000000E+16   0.3144411968298E-19
  0.2610990000000E+16   0.9445993474061E-20
  0.2997900000000E+16   0.2232988170109E-20
