mstar = 2 Msun, Rstar = 2.5 Rsun, Tstar = 10000, mdisk = 0.0013511 Msun, Rc = 150 AU, Rin = 0.5 AU, Rout = 250 AU, inclination = 45 degree, powerlaw = -1 
         130
  
  0.2997900000000E+11   0.2028079184984E-23
  0.3951060000000E+11   0.4612136203448E-23
  0.5207280000000E+11   0.1048557454896E-22
  0.6862910000000E+11   0.2381901238417E-22
  0.9044930000000E+11   0.5403009131586E-22
  0.1192070000000E+12   0.1222970998377E-21
  0.1571080000000E+12   0.2759835606194E-21
  0.2070600000000E+12   0.6202091823150E-21
  0.2728930000000E+12   0.1385895961954E-20
  0.3596580000000E+12   0.3351654193016E-20
  0.4740100000000E+12   0.9694978905621E-20
  0.6247180000000E+12   0.2767946825342E-19
  0.8233440000000E+12   0.7751669829482E-19
  0.1085120000000E+13   0.2118205694867E-18
  0.1430130000000E+13   0.5589622131425E-18
  0.1884830000000E+13   0.1407934044488E-17
  0.2484100000000E+13   0.3327304047452E-17
  0.3273910000000E+13   0.7173189256423E-17
  0.4314820000000E+13   0.1364659908173E-16
  0.5686700000000E+13   0.2169771993329E-16
  0.7494750000000E+13   0.2699292823265E-16
  0.7682960000000E+13   0.2715195809447E-16
  0.7875890000000E+13   0.2723804752961E-16
  0.8073670000000E+13   0.2724723592991E-16
  0.8276410000000E+13   0.2718251564990E-16
  0.8484250000000E+13   0.2705210667460E-16
  0.8697300000000E+13   0.2690074380573E-16
  0.8915700000000E+13   0.2667635195773E-16
  0.9139590000000E+13   0.2644503960923E-16
  0.9369100000000E+13   0.2615559427950E-16
  0.9604380000000E+13   0.2583470276687E-16
  0.9845560000000E+13   0.2548290685370E-16
  0.1009280000000E+14   0.2507502796568E-16
  0.1034620000000E+14   0.2463657302023E-16
  0.1060610000000E+14   0.2414744420227E-16
  0.1087240000000E+14   0.2366540720288E-16
  0.1114540000000E+14   0.2314977885526E-16
  0.1142530000000E+14   0.2262660963585E-16
  0.1171220000000E+14   0.2209461218016E-16
  0.1200630000000E+14   0.2154109659331E-16
  0.1230780000000E+14   0.2098503577951E-16
  0.1261690000000E+14   0.2041239142066E-16
  0.1293370000000E+14   0.1988256782083E-16
  0.1325850000000E+14   0.1934743243382E-16
  0.1359150000000E+14   0.1882928586015E-16
  0.1393280000000E+14   0.1832270198526E-16
  0.1428260000000E+14   0.1782925357443E-16
  0.1464130000000E+14   0.1738389558547E-16
  0.1500900000000E+14   0.1693367556903E-16
  0.1538590000000E+14   0.1640273436833E-16
  0.1577220000000E+14   0.1587267430359E-16
  0.1616830000000E+14   0.1510180388897E-16
  0.1657430000000E+14   0.1421400541758E-16
  0.1699050000000E+14   0.1327788891565E-16
  0.1741720000000E+14   0.1216359034039E-16
  0.1785460000000E+14   0.1111928980422E-16
  0.1830290000000E+14   0.1003744739998E-16
  0.1876260000000E+14   0.9025587057405E-17
  0.1923370000000E+14   0.8122373573537E-17
  0.1971670000000E+14   0.7302965627100E-17
  0.2021180000000E+14   0.6587950044278E-17
  0.2071940000000E+14   0.6018606780122E-17
  0.2123970000000E+14   0.5497194656148E-17
  0.2177310000000E+14   0.5390560993357E-17
  0.2231980000000E+14   0.5281213493305E-17
  0.2288030000000E+14   0.5296693992668E-17
  0.2345490000000E+14   0.5348082882497E-17
  0.2404390000000E+14   0.5417514564248E-17
  0.2464770000000E+14   0.5526969670830E-17
  0.2526660000000E+14   0.5611809628428E-17
  0.2590110000000E+14   0.5718665344627E-17
  0.2655150000000E+14   0.5797526564520E-17
  0.2721830000000E+14   0.5939157774732E-17
  0.2790180000000E+14   0.6079802326606E-17
  0.2860240000000E+14   0.6159498745520E-17
  0.2932070000000E+14   0.6173260801315E-17
  0.3005700000000E+14   0.6162371201659E-17
  0.3081180000000E+14   0.6026550577309E-17
  0.3158550000000E+14   0.5895831695197E-17
  0.3237870000000E+14   0.5302913660227E-17
  0.3319170000000E+14   0.4608461806692E-17
  0.3402530000000E+14   0.3968936161256E-17
  0.3487970000000E+14   0.3379678586657E-17
  0.3575560000000E+14   0.2829275076124E-17
  0.3665350000000E+14   0.2334433412433E-17
  0.3757390000000E+14   0.1855215839725E-17
  0.3851740000000E+14   0.1564344065211E-17
  0.3948470000000E+14   0.1325290607843E-17
  0.4047620000000E+14   0.1169659584128E-17
  0.4149260000000E+14   0.1115624923122E-17
  0.4253460000000E+14   0.1069182153328E-17
  0.4360270000000E+14   0.1057302960895E-17
  0.4469770000000E+14   0.1047189622981E-17
  0.4582010000000E+14   0.1039059409895E-17
  0.4697070000000E+14   0.1032354787313E-17
  0.4815020000000E+14   0.1025704604079E-17
  0.4935940000000E+14   0.1018952093328E-17
  0.5059890000000E+14   0.1013144270598E-17
  0.5186950000000E+14   0.1008781223150E-17
  0.5317200000000E+14   0.1004860546172E-17
  0.5450730000000E+14   0.1002919448335E-17
  0.6258450000000E+14   0.1004763592167E-17
  0.7185870000000E+14   0.1015718545300E-17
  0.8250720000000E+14   0.1016697583614E-17
  0.9473370000000E+14   0.1004381932378E-17
  0.1087720000000E+15   0.9850951766112E-18
  0.1248910000000E+15   0.9682526004985E-18
  0.1433980000000E+15   0.9618506361845E-18
  0.1646470000000E+15   0.9737379160213E-18
  0.1890460000000E+15   0.1011634567892E-17
  0.2170600000000E+15   0.1077098948497E-17
  0.2492250000000E+15   0.1171387935154E-17
  0.2861570000000E+15   0.1292612492474E-17
  0.3285620000000E+15   0.1434354648312E-17
  0.3772500000000E+15   0.1585614398685E-17
  0.4331540000000E+15   0.1728846877421E-17
  0.4973410000000E+15   0.1840185714657E-17
  0.5710410000000E+15   0.1892929918209E-17
  0.6556610000000E+15   0.1863644572392E-17
  0.7528220000000E+15   0.1738806025722E-17
  0.8643800000000E+15   0.1522109189997E-17
  0.9924690000000E+15   0.1236420976606E-17
  0.1139540000000E+16   0.9188925441787E-18
  0.1308400000000E+16   0.6172305090387E-18
  0.1502290000000E+16   0.3682840128444E-18
  0.1724910000000E+16   0.1915921552879E-18
  0.1980520000000E+16   0.8502035877200E-19
  0.2274010000000E+16   0.3146724327666E-19
  0.2610990000000E+16   0.9452811625363E-20
  0.2997900000000E+16   0.2234577027135E-20
