mstar = 2 Msun, Rstar = 2.5 Rsun, Tstar = 10000, mdisk = 0.0098363 Msun, Rc = 150 AU, Rin = 0.5 AU, Rout = 250 AU, inclination = 45 degree, powerlaw = -1 
         130
  
  0.2997900000000E+11   0.1203662675469E-22
  0.3951060000000E+11   0.2742514639797E-22
  0.5207280000000E+11   0.6241280153410E-22
  0.6862910000000E+11   0.1418004622085E-21
  0.9044930000000E+11   0.3214418955477E-21
  0.1192070000000E+12   0.7264581093411E-21
  0.1571080000000E+12   0.1635170805431E-20
  0.2070600000000E+12   0.3660728092351E-20
  0.2728930000000E+12   0.8136414844197E-20
  0.3596580000000E+12   0.1952778416966E-19
  0.4740100000000E+12   0.5583116576706E-19
  0.6247180000000E+12   0.1566794560213E-18
  0.8233440000000E+12   0.4277164475596E-18
  0.1085120000000E+13   0.1124690483224E-17
  0.1430130000000E+13   0.2798771456729E-17
  0.1884830000000E+13   0.6438576656760E-17
  0.2484100000000E+13   0.1321860837507E-16
  0.3273910000000E+13   0.2300007210886E-16
  0.4314820000000E+13   0.3215006650320E-16
  0.5686700000000E+13   0.3522186003612E-16
  0.7494750000000E+13   0.3248805215413E-16
  0.7682960000000E+13   0.3211210677943E-16
  0.7875890000000E+13   0.3171625832541E-16
  0.8073670000000E+13   0.3129772384340E-16
  0.8276410000000E+13   0.3085873267544E-16
  0.8484250000000E+13   0.3040565216388E-16
  0.8697300000000E+13   0.2997985232014E-16
  0.8915700000000E+13   0.2953139155732E-16
  0.9139590000000E+13   0.2912386396596E-16
  0.9369100000000E+13   0.2870486418004E-16
  0.9604380000000E+13   0.2829915572490E-16
  0.9845560000000E+13   0.2790487351352E-16
  0.1009280000000E+14   0.2748948803089E-16
  0.1034620000000E+14   0.2707658828858E-16
  0.1060610000000E+14   0.2663645519850E-16
  0.1087240000000E+14   0.2623405112575E-16
  0.1114540000000E+14   0.2581388590615E-16
  0.1142530000000E+14   0.2540317036928E-16
  0.1171220000000E+14   0.2499463230158E-16
  0.1200630000000E+14   0.2456498710230E-16
  0.1230780000000E+14   0.2413403114324E-16
  0.1261690000000E+14   0.2367686452869E-16
  0.1293370000000E+14   0.2327207275318E-16
  0.1325850000000E+14   0.2284821961606E-16
  0.1359150000000E+14   0.2243316985610E-16
  0.1393280000000E+14   0.2201625086520E-16
  0.1428260000000E+14   0.2159748199139E-16
  0.1464130000000E+14   0.2122469207543E-16
  0.1500900000000E+14   0.2082208219968E-16
  0.1538590000000E+14   0.2028491303263E-16
  0.1577220000000E+14   0.1972881593606E-16
  0.1616830000000E+14   0.1882449007704E-16
  0.1657430000000E+14   0.1774670768788E-16
  0.1699050000000E+14   0.1659144040656E-16
  0.1741720000000E+14   0.1518188886614E-16
  0.1785460000000E+14   0.1385805030933E-16
  0.1830290000000E+14   0.1247244839579E-16
  0.1876260000000E+14   0.1117312883241E-16
  0.1923370000000E+14   0.1001489134727E-16
  0.1971670000000E+14   0.8964590427145E-17
  0.2021180000000E+14   0.8052280114660E-17
  0.2071940000000E+14   0.7336885816702E-17
  0.2123970000000E+14   0.6682103484019E-17
  0.2177310000000E+14   0.6599377805074E-17
  0.2231980000000E+14   0.6502203359720E-17
  0.2288030000000E+14   0.6564222323877E-17
  0.2345490000000E+14   0.6661195767036E-17
  0.2404390000000E+14   0.6769181608232E-17
  0.2464770000000E+14   0.6917459582590E-17
  0.2526660000000E+14   0.7023535783157E-17
  0.2590110000000E+14   0.7149495392240E-17
  0.2655150000000E+14   0.7233520559328E-17
  0.2721830000000E+14   0.7390884431032E-17
  0.2790180000000E+14   0.7542001295354E-17
  0.2860240000000E+14   0.7613521911879E-17
  0.2932070000000E+14   0.7601139323928E-17
  0.3005700000000E+14   0.7556876065723E-17
  0.3081180000000E+14   0.7359565509855E-17
  0.3158550000000E+14   0.7168632989986E-17
  0.3237870000000E+14   0.6419247011274E-17
  0.3319170000000E+14   0.5548917990125E-17
  0.3402530000000E+14   0.4747565886627E-17
  0.3487970000000E+14   0.4010252964175E-17
  0.3575560000000E+14   0.3322455622304E-17
  0.3665350000000E+14   0.2705089051549E-17
  0.3757390000000E+14   0.2110941487235E-17
  0.3851740000000E+14   0.1749758777617E-17
  0.3948470000000E+14   0.1456426877839E-17
  0.4047620000000E+14   0.1268722635084E-17
  0.4149260000000E+14   0.1202531243962E-17
  0.4253460000000E+14   0.1146900778038E-17
  0.4360270000000E+14   0.1130080772583E-17
  0.4469770000000E+14   0.1115705430016E-17
  0.4582010000000E+14   0.1103990759684E-17
  0.4697070000000E+14   0.1094329065788E-17
  0.4815020000000E+14   0.1085312454747E-17
  0.4935940000000E+14   0.1076800655780E-17
  0.5059890000000E+14   0.1069822773112E-17
  0.5186950000000E+14   0.1064804687312E-17
  0.5317200000000E+14   0.1060715874317E-17
  0.5450730000000E+14   0.1058946745600E-17
  0.6258450000000E+14   0.1066205644918E-17
  0.7185870000000E+14   0.1085054087488E-17
  0.8250720000000E+14   0.1092294135918E-17
  0.9473370000000E+14   0.1081300504970E-17
  0.1087720000000E+15   0.1056312892500E-17
  0.1248910000000E+15   0.1026965635666E-17
  0.1433980000000E+15   0.1003344325246E-17
  0.1646470000000E+15   0.9964989239342E-18
  0.1890460000000E+15   0.1017495067689E-17
  0.2170600000000E+15   0.1070205197377E-17
  0.2492250000000E+15   0.1157142754608E-17
  0.2861570000000E+15   0.1276256215972E-17
  0.3285620000000E+15   0.1419921111366E-17
  0.3772500000000E+15   0.1575137330782E-17
  0.4331540000000E+15   0.1722242257126E-17
  0.4973410000000E+15   0.1835991098219E-17
  0.5710410000000E+15   0.1889370978444E-17
  0.6556610000000E+15   0.1859357825139E-17
  0.7528220000000E+15   0.1732669147496E-17
  0.8643800000000E+15   0.1514669697138E-17
  0.9924690000000E+15   0.1229599255875E-17
  0.1139540000000E+16   0.9118987153478E-18
  0.1308400000000E+16   0.6128230984785E-18
  0.1502290000000E+16   0.3661095382220E-18
  0.1724910000000E+16   0.1907435529433E-18
  0.1980520000000E+16   0.8462298159129E-19
  0.2274010000000E+16   0.3132355671408E-19
  0.2610990000000E+16   0.9410443148691E-20
  0.2997900000000E+16   0.2224703492272E-20
