         130
  
  0.2997900000000E+11   0.8473757338426E-23
  0.3951060000000E+11   0.1930645660782E-22
  0.5207280000000E+11   0.4394000767861E-22
  0.6862910000000E+11   0.9985048531062E-22
  0.9044930000000E+11   0.2264234598238E-21
  0.1192070000000E+12   0.5119744160448E-21
  0.1571080000000E+12   0.1153213900678E-20
  0.2070600000000E+12   0.2584278180729E-20
  0.2728930000000E+12   0.5751507142105E-20
  0.3596580000000E+12   0.1383025991527E-19
  0.4740100000000E+12   0.3966317913145E-19
  0.6247180000000E+12   0.1118225436065E-18
  0.8233440000000E+12   0.3074204646377E-18
  0.1085120000000E+13   0.8172412429466E-18
  0.1430130000000E+13   0.2068759166447E-17
  0.1884830000000E+13   0.4888870642809E-17
  0.2484100000000E+13   0.1046533380486E-16
  0.3273910000000E+13   0.1937093986992E-16
  0.4314820000000E+13   0.2935659178747E-16
  0.5686700000000E+13   0.3459568346506E-16
  0.7494750000000E+13   0.3240867672192E-16
  0.7682960000000E+13   0.3198193547600E-16
  0.7875890000000E+13   0.3152811401199E-16
  0.8073670000000E+13   0.3104731909366E-16
  0.8276410000000E+13   0.3054408298367E-16
  0.8484250000000E+13   0.3002641718727E-16
  0.8697300000000E+13   0.2953419709933E-16
  0.8915700000000E+13   0.2902303048339E-16
  0.9139590000000E+13   0.2855280845977E-16
  0.9369100000000E+13   0.2807637937156E-16
  0.9604380000000E+13   0.2761745026421E-16
  0.9845560000000E+13   0.2717494100656E-16
  0.1009280000000E+14   0.2671883559844E-16
  0.1034620000000E+14   0.2627111373293E-16
  0.1060610000000E+14   0.2580365532812E-16
  0.1087240000000E+14   0.2537730448689E-16
  0.1114540000000E+14   0.2493944861700E-16
  0.1142530000000E+14   0.2451528833051E-16
  0.1171220000000E+14   0.2409751462942E-16
  0.1200630000000E+14   0.2366343221707E-16
  0.1230780000000E+14   0.2323137576281E-16
  0.1261690000000E+14   0.2277710564520E-16
  0.1293370000000E+14   0.2237525950748E-16
  0.1325850000000E+14   0.2195728766211E-16
  0.1359150000000E+14   0.2154951907222E-16
  0.1393280000000E+14   0.2114148456078E-16
  0.1428260000000E+14   0.2073305407082E-16
  0.1464130000000E+14   0.2036985248133E-16
  0.1500900000000E+14   0.1997915757849E-16
  0.1538590000000E+14   0.1946039008900E-16
  0.1577220000000E+14   0.1892426450199E-16
  0.1616830000000E+14   0.1805478561480E-16
  0.1657430000000E+14   0.1701952706860E-16
  0.1699050000000E+14   0.1591052984900E-16
  0.1741720000000E+14   0.1455841365317E-16
  0.1785460000000E+14   0.1328896505894E-16
  0.1830290000000E+14   0.1196065586841E-16
  0.1876260000000E+14   0.1071522679757E-16
  0.1923370000000E+14   0.9605144861596E-17
  0.1971670000000E+14   0.8598709664898E-17
  0.2021180000000E+14   0.7724513941243E-17
  0.2071940000000E+14   0.7038898233413E-17
  0.2123970000000E+14   0.6411373047078E-17
  0.2177310000000E+14   0.6331539206017E-17
  0.2231980000000E+14   0.6238298141306E-17
  0.2288030000000E+14   0.6298167787974E-17
  0.2345490000000E+14   0.6392101911978E-17
  0.2404390000000E+14   0.6497159261466E-17
  0.2464770000000E+14   0.6641585085285E-17
  0.2526660000000E+14   0.6745798078247E-17
  0.2590110000000E+14   0.6869529877229E-17
  0.2655150000000E+14   0.6953278675961E-17
  0.2721830000000E+14   0.7108494079311E-17
  0.2790180000000E+14   0.7258409258862E-17
  0.2860240000000E+14   0.7332289938279E-17
  0.2932070000000E+14   0.7325481170664E-17
  0.3005700000000E+14   0.7288141557698E-17
  0.3081180000000E+14   0.7102158014274E-17
  0.3158550000000E+14   0.6922285527602E-17
  0.3237870000000E+14   0.6198363109763E-17
  0.3319170000000E+14   0.5357446156915E-17
  0.3402530000000E+14   0.4584464946952E-17
  0.3487970000000E+14   0.3874028683173E-17
  0.3575560000000E+14   0.3211908241090E-17
  0.3665350000000E+14   0.2618377799058E-17
  0.3757390000000E+14   0.2047036142119E-17
  0.3851740000000E+14   0.1700989325252E-17
  0.3948470000000E+14   0.1420826155612E-17
  0.4047620000000E+14   0.1242296294962E-17
  0.4149260000000E+14   0.1180279736362E-17
  0.4253460000000E+14   0.1128275659771E-17
  0.4360270000000E+14   0.1113493622691E-17
  0.4469770000000E+14   0.1100962314469E-17
  0.4582010000000E+14   0.1090883783576E-17
  0.4697070000000E+14   0.1082671384459E-17
  0.4815020000000E+14   0.1074956456159E-17
  0.4935940000000E+14   0.1067598909141E-17
  0.5059890000000E+14   0.1061595074221E-17
  0.5186950000000E+14   0.1057362190544E-17
  0.5317200000000E+14   0.1053904861703E-17
  0.5450730000000E+14   0.1052589165741E-17
  0.6258450000000E+14   0.1060224453967E-17
  0.7185870000000E+14   0.1077424473145E-17
  0.8250720000000E+14   0.1082779834091E-17
  0.9473370000000E+14   0.1070787993332E-17
  0.1087720000000E+15   0.1046357681055E-17
  0.1248910000000E+15   0.1019305242386E-17
  0.1433980000000E+15   0.9993442984479E-18
  0.1646470000000E+15   0.9966595347268E-18
  0.1890460000000E+15   0.1021292613488E-17
  0.2170600000000E+15   0.1076371515484E-17
  0.2492250000000E+15   0.1164182184756E-17
  0.2861570000000E+15   0.1282874614421E-17
  0.3285620000000E+15   0.1425162535221E-17
  0.3772500000000E+15   0.1578578650761E-17
  0.4331540000000E+15   0.1724149870099E-17
  0.4973410000000E+15   0.1837064865878E-17
  0.5710410000000E+15   0.1890260293299E-17
  0.6556610000000E+15   0.1860457697236E-17
  0.7528220000000E+15   0.1734262729259E-17
  0.8643800000000E+15   0.1516604986566E-17
  0.9924690000000E+15   0.1231373860405E-17
  0.1139540000000E+16   0.9137167221988E-18
  0.1308400000000E+16   0.6139689836377E-18
  0.1502290000000E+16   0.3666751416527E-18
  0.1724910000000E+16   0.1909644043817E-18
  0.1980520000000E+16   0.8472639085089E-19
  0.2274010000000E+16   0.3136094969120E-19
  0.2610990000000E+16   0.9421469461721E-20
  0.2997900000000E+16   0.2227273121091E-20
