mstar = 2 Msun, Rstar = 2.5 Rsun, Tstar = 10000, mdisk = 0.0037892 Msun, Rc = 150 AU, Rin = 0.5 AU, Rout = 250 AU, inclination = 45 degree, powerlaw = -1 
         130
  
  0.2997900000000E+11   0.5108184637133E-23
  0.3951060000000E+11   0.1163520071012E-22
  0.5207280000000E+11   0.2647882553124E-22
  0.6862910000000E+11   0.6017839436857E-22
  0.9044930000000E+11   0.1365063318414E-21
  0.1192070000000E+12   0.3088314091893E-21
  0.1571080000000E+12   0.6962189140096E-21
  0.2070600000000E+12   0.1562029075286E-20
  0.2728930000000E+12   0.3482089706404E-20
  0.3596580000000E+12   0.8392541489705E-20
  0.4740100000000E+12   0.2415472787002E-19
  0.6247180000000E+12   0.6845994290674E-19
  0.8233440000000E+12   0.1896979880022E-18
  0.1085120000000E+13   0.5103570938911E-18
  0.1430130000000E+13   0.1315941966122E-17
  0.1884830000000E+13   0.3200610299276E-17
  0.2484100000000E+13   0.7167481862283E-17
  0.3273910000000E+13   0.1421774151242E-16
  0.4314820000000E+13   0.2380786000512E-16
  0.5686700000000E+13   0.3155371200617E-16
  0.7494750000000E+13   0.3187976746045E-16
  0.7682960000000E+13   0.3152902002941E-16
  0.7875890000000E+13   0.3112354471791E-16
  0.8073670000000E+13   0.3066576754519E-16
  0.8276410000000E+13   0.3016312609654E-16
  0.8484250000000E+13   0.2962651156964E-16
  0.8697300000000E+13   0.2909641495606E-16
  0.8915700000000E+13   0.2853371991869E-16
  0.9139590000000E+13   0.2799668255482E-16
  0.9369100000000E+13   0.2744496913511E-16
  0.9604380000000E+13   0.2690320468244E-16
  0.9845560000000E+13   0.2637333006751E-16
  0.1009280000000E+14   0.2583167008316E-16
  0.1034620000000E+14   0.2530028119939E-16
  0.1060610000000E+14   0.2475643918704E-16
  0.1087240000000E+14   0.2425563832774E-16
  0.1114540000000E+14   0.2375272137914E-16
  0.1142530000000E+14   0.2327085850232E-16
  0.1171220000000E+14   0.2280412522643E-16
  0.1200630000000E+14   0.2233230887275E-16
  0.1230780000000E+14   0.2187149902829E-16
  0.1261690000000E+14   0.2139926674269E-16
  0.1293370000000E+14   0.2098285922868E-16
  0.1325850000000E+14   0.2055928467548E-16
  0.1359150000000E+14   0.2015176446881E-16
  0.1393280000000E+14   0.1974986838215E-16
  0.1428260000000E+14   0.1935257364776E-16
  0.1464130000000E+14   0.1900145139466E-16
  0.1500900000000E+14   0.1862837889466E-16
  0.1538590000000E+14   0.1813874678076E-16
  0.1577220000000E+14   0.1763484765329E-16
  0.1616830000000E+14   0.1682113005593E-16
  0.1657430000000E+14   0.1585345576520E-16
  0.1699050000000E+14   0.1481761914637E-16
  0.1741720000000E+14   0.1355560135332E-16
  0.1785460000000E+14   0.1237142795352E-16
  0.1830290000000E+14   0.1113324622055E-16
  0.1876260000000E+14   0.9973317354950E-17
  0.1923370000000E+14   0.8940149651385E-17
  0.1971670000000E+14   0.8004143177408E-17
  0.2021180000000E+14   0.7191628489857E-17
  0.2071940000000E+14   0.6554306743997E-17
  0.2123970000000E+14   0.5971233119628E-17
  0.2177310000000E+14   0.5894622591700E-17
  0.2231980000000E+14   0.5806970724466E-17
  0.2288030000000E+14   0.5862844221301E-17
  0.2345490000000E+14   0.5951914911142E-17
  0.2404390000000E+14   0.6052523962178E-17
  0.2464770000000E+14   0.6190695633027E-17
  0.2526660000000E+14   0.6291850066785E-17
  0.2590110000000E+14   0.6411634026458E-17
  0.2655150000000E+14   0.6494117389716E-17
  0.2721830000000E+14   0.6643723114945E-17
  0.2790180000000E+14   0.6788422741277E-17
  0.2860240000000E+14   0.6862037960480E-17
  0.2932070000000E+14   0.6860290901217E-17
  0.3005700000000E+14   0.6830054228225E-17
  0.3081180000000E+14   0.6660515362445E-17
  0.3158550000000E+14   0.6496792669254E-17
  0.3237870000000E+14   0.5822789738371E-17
  0.3319170000000E+14   0.5039270208507E-17
  0.3402530000000E+14   0.4319168192870E-17
  0.3487970000000E+14   0.3657026548032E-17
  0.3575560000000E+14   0.3039491483984E-17
  0.3665350000000E+14   0.2486147821000E-17
  0.3757390000000E+14   0.1952739082265E-17
  0.3851740000000E+14   0.1629536270921E-17
  0.3948470000000E+14   0.1367235151490E-17
  0.4047620000000E+14   0.1199316047403E-17
  0.4149260000000E+14   0.1141903849557E-17
  0.4253460000000E+14   0.1093497573828E-17
  0.4360270000000E+14   0.1081099590199E-17
  0.4469770000000E+14   0.1070668305260E-17
  0.4582010000000E+14   0.1062414654566E-17
  0.4697070000000E+14   0.1055769128308E-17
  0.4815020000000E+14   0.1049373122757E-17
  0.4935940000000E+14   0.1043085816619E-17
  0.5059890000000E+14   0.1037922197702E-17
  0.5186950000000E+14   0.1034333221587E-17
  0.5317200000000E+14   0.1031329691115E-17
  0.5450730000000E+14   0.1030338378529E-17
  0.6258450000000E+14   0.1037953232031E-17
  0.7185870000000E+14   0.1053745088643E-17
  0.8250720000000E+14   0.1057635468088E-17
  0.9473370000000E+14   0.1045262755503E-17
  0.1087720000000E+15   0.1022330367412E-17
  0.1248910000000E+15   0.9988178445315E-18
  0.1433980000000E+15   0.9841032583426E-18
  0.1646470000000E+15   0.9875972169592E-18
  0.1890460000000E+15   0.1018196176736E-17
  0.2170600000000E+15   0.1077921111526E-17
  0.2492250000000E+15   0.1168391760725E-17
  0.2861570000000E+15   0.1287927329610E-17
  0.3285620000000E+15   0.1429778389824E-17
  0.3772500000000E+15   0.1582038241485E-17
  0.4331540000000E+15   0.1726341211679E-17
  0.4973410000000E+15   0.1838407765587E-17
  0.5710410000000E+15   0.1891360318345E-17
  0.6556610000000E+15   0.1861777960606E-17
  0.7528220000000E+15   0.1736159925908E-17
  0.8643800000000E+15   0.1518907625901E-17
  0.9924690000000E+15   0.1233485563440E-17
  0.1139540000000E+16   0.9158813673795E-18
  0.1308400000000E+16   0.6153331699030E-18
  0.1502290000000E+16   0.3673482585468E-18
  0.1724910000000E+16   0.1912271255257E-18
  0.1980520000000E+16   0.8484941338547E-19
  0.2274010000000E+16   0.3140543349187E-19
  0.2610990000000E+16   0.9434586376375E-20
  0.2997900000000E+16   0.2230329898810E-20
