         130
  
  0.2997900000000E+11   0.4286197718137E-23
  0.3951060000000E+11   0.9761182507005E-23
  0.5207280000000E+11   0.2221190100034E-22
  0.6862910000000E+11   0.5047991620969E-22
  0.9044930000000E+11   0.1145127738093E-21
  0.1192070000000E+12   0.2591074232251E-21
  0.1571080000000E+12   0.5842522806896E-21
  0.2070600000000E+12   0.1311254476677E-20
  0.2728930000000E+12   0.2924423723642E-20
  0.3596580000000E+12   0.7053107275326E-20
  0.4740100000000E+12   0.2031996067775E-19
  0.6247180000000E+12   0.5767578406593E-19
  0.8233440000000E+12   0.1601616365283E-18
  0.1085120000000E+13   0.4322911962902E-18
  0.1430130000000E+13   0.1120155314747E-17
  0.1884830000000E+13   0.2745269859749E-17
  0.2484100000000E+13   0.6221680169841E-17
  0.3273910000000E+13   0.1257434772084E-16
  0.4314820000000E+13   0.2166272214686E-16
  0.5686700000000E+13   0.2983422426396E-16
  0.7494750000000E+13   0.3126483784830E-16
  0.7682960000000E+13   0.3099242809153E-16
  0.7875890000000E+13   0.3065645390750E-16
  0.8073670000000E+13   0.3025881688150E-16
  0.8276410000000E+13   0.2980687621336E-16
  0.8484250000000E+13   0.2931174949343E-16
  0.8697300000000E+13   0.2881452077786E-16
  0.8915700000000E+13   0.2827557225246E-16
  0.9139590000000E+13   0.2775371012860E-16
  0.9369100000000E+13   0.2720892035612E-16
  0.9604380000000E+13   0.2666637709458E-16
  0.9845560000000E+13   0.2612874120720E-16
  0.1009280000000E+14   0.2557406198866E-16
  0.1034620000000E+14   0.2502507034065E-16
  0.1060610000000E+14   0.2446113421505E-16
  0.1087240000000E+14   0.2393668972890E-16
  0.1114540000000E+14   0.2340955778959E-16
  0.1142530000000E+14   0.2290292158390E-16
  0.1171220000000E+14   0.2241206116256E-16
  0.1200630000000E+14   0.2191849394687E-16
  0.1230780000000E+14   0.2143812486527E-16
  0.1261690000000E+14   0.2094995673625E-16
  0.1293370000000E+14   0.2051846052931E-16
  0.1325850000000E+14   0.2008365364901E-16
  0.1359150000000E+14   0.1966774644045E-16
  0.1393280000000E+14   0.1926065493474E-16
  0.1428260000000E+14   0.1886121148790E-16
  0.1464130000000E+14   0.1850928847514E-16
  0.1500900000000E+14   0.1813883393495E-16
  0.1538590000000E+14   0.1765772396914E-16
  0.1577220000000E+14   0.1716447473188E-16
  0.1616830000000E+14   0.1637177347935E-16
  0.1657430000000E+14   0.1543022168158E-16
  0.1699050000000E+14   0.1442286781011E-16
  0.1741720000000E+14   0.1319594925631E-16
  0.1785460000000E+14   0.1204488848090E-16
  0.1830290000000E+14   0.1084172969818E-16
  0.1876260000000E+14   0.9714897222279E-17
  0.1923370000000E+14   0.8711313008817E-17
  0.1971670000000E+14   0.7802065856366E-17
  0.2021180000000E+14   0.7012479469106E-17
  0.2071940000000E+14   0.6392676374888E-17
  0.2123970000000E+14   0.5825504421344E-17
  0.2177310000000E+14   0.5750015345719E-17
  0.2231980000000E+14   0.5664824755569E-17
  0.2288030000000E+14   0.5720384879358E-17
  0.2345490000000E+14   0.5809314010245E-17
  0.2404390000000E+14   0.5910201027075E-17
  0.2464770000000E+14   0.6048513901388E-17
  0.2526660000000E+14   0.6151159840658E-17
  0.2590110000000E+14   0.6272581340120E-17
  0.2655150000000E+14   0.6357804759892E-17
  0.2721830000000E+14   0.6508948259891E-17
  0.2790180000000E+14   0.6655566344284E-17
  0.2860240000000E+14   0.6732389953877E-17
  0.2932070000000E+14   0.6735057812846E-17
  0.3005700000000E+14   0.6709629367465E-17
  0.3081180000000E+14   0.6547136040054E-17
  0.3158550000000E+14   0.6390202482435E-17
  0.3237870000000E+14   0.5730462396810E-17
  0.3319170000000E+14   0.4961493488536E-17
  0.3402530000000E+14   0.4254116704141E-17
  0.3487970000000E+14   0.3603301479276E-17
  0.3575560000000E+14   0.2996264212681E-17
  0.3665350000000E+14   0.2451287279524E-17
  0.3757390000000E+14   0.1925284388615E-17
  0.3851740000000E+14   0.1607008905998E-17
  0.3948470000000E+14   0.1348053698877E-17
  0.4047620000000E+14   0.1181709703100E-17
  0.4149260000000E+14   0.1125106402549E-17
  0.4253460000000E+14   0.1077235007575E-17
  0.4360270000000E+14   0.1065457636563E-17
  0.4469770000000E+14   0.1055572079904E-17
  0.4582010000000E+14   0.1047797836785E-17
  0.4697070000000E+14   0.1041564330643E-17
  0.4815020000000E+14   0.1035495683208E-17
  0.4935940000000E+14   0.1029448749268E-17
  0.5059890000000E+14   0.1024463333098E-17
  0.5186950000000E+14   0.1021012513643E-17
  0.5317200000000E+14   0.1018093595816E-17
  0.5450730000000E+14   0.1017179423739E-17
  0.6258450000000E+14   0.1024883333015E-17
  0.7185870000000E+14   0.1040578564854E-17
  0.8250720000000E+14   0.1044371010118E-17
  0.9473370000000E+14   0.1032270610057E-17
  0.1087720000000E+15   0.1010292338110E-17
  0.1248910000000E+15   0.9884227534693E-18
  0.1433980000000E+15   0.9758551248183E-18
  0.1646470000000E+15   0.9817191945609E-18
  0.1890460000000E+15   0.1014573454626E-17
  0.2170600000000E+15   0.1076177403475E-17
  0.2492250000000E+15   0.1167912254859E-17
  0.2861570000000E+15   0.1288111488284E-17
  0.3285620000000E+15   0.1430230733088E-17
  0.3772500000000E+15   0.1582541526659E-17
  0.4331540000000E+15   0.1726780314812E-17
  0.4973410000000E+15   0.1838763151184E-17
  0.5710410000000E+15   0.1891702597104E-17
  0.6556610000000E+15   0.1862204371215E-17
  0.7528220000000E+15   0.1736773740334E-17
  0.8643800000000E+15   0.1519652398926E-17
  0.9924690000000E+15   0.1234168600508E-17
  0.1139540000000E+16   0.9165818219202E-18
  0.1308400000000E+16   0.6157745616495E-18
  0.1502290000000E+16   0.3675659945707E-18
  0.1724910000000E+16   0.1913120832567E-18
  0.1980520000000E+16   0.8488919793245E-19
  0.2274010000000E+16   0.3141981889407E-19
  0.2610990000000E+16   0.9438828118840E-20
  0.2997900000000E+16   0.2231318385400E-20
