mstar = 0.4118 Msun, Rstar = 2.5434 Rsun, Tstar = 5335.9, mdisk = 0.0025602 Msun, Rc = 54.468 AU, Rin = 0.1636 AU, Rout = 105.009 AU, inclination = 45 degree, powerlaw = -1 
         130
  
  0.2997900000000E+11   0.4190412792689E-23
  0.3951060000000E+11   0.9533070669217E-23
  0.5207280000000E+11   0.2165523777311E-22
  0.6862910000000E+11   0.4909044227984E-22
  0.9044930000000E+11   0.1109729289277E-21
  0.1192070000000E+12   0.2499303465585E-21
  0.1571080000000E+12   0.5601295811394E-21
  0.2070600000000E+12   0.1247238806209E-20
  0.2728930000000E+12   0.2753699023619E-20
  0.3596580000000E+12   0.6420136235884E-20
  0.4740100000000E+12   0.1708238826217E-19
  0.6247180000000E+12   0.4466763896951E-19
  0.8233440000000E+12   0.1132341520435E-18
  0.1085120000000E+13   0.2739256256202E-18
  0.1430130000000E+13   0.6172839054013E-18
  0.1884830000000E+13   0.1256866181493E-17
  0.2484100000000E+13   0.2223153110116E-17
  0.3273910000000E+13   0.3273578146855E-17
  0.4314820000000E+13   0.3953691414312E-17
  0.5686700000000E+13   0.4092847755872E-17
  0.7494750000000E+13   0.3881845220305E-17
  0.7682960000000E+13   0.3848797649567E-17
  0.7875890000000E+13   0.3812220830634E-17
  0.8073670000000E+13   0.3771655620215E-17
  0.8276410000000E+13   0.3727306660834E-17
  0.8484250000000E+13   0.3679912581740E-17
  0.8697300000000E+13   0.3634359745185E-17
  0.8915700000000E+13   0.3584694950914E-17
  0.9139590000000E+13   0.3538377863151E-17
  0.9369100000000E+13   0.3489285708445E-17
  0.9604380000000E+13   0.3440326934861E-17
  0.9845560000000E+13   0.3391313916400E-17
  0.1009280000000E+14   0.3338643573246E-17
  0.1034620000000E+14   0.3285074391113E-17
  0.1060610000000E+14   0.3227403543282E-17
  0.1087240000000E+14   0.3172883865846E-17
  0.1114540000000E+14   0.3115488656606E-17
  0.1142530000000E+14   0.3058261493768E-17
  0.1171220000000E+14   0.3000489821679E-17
  0.1200630000000E+14   0.2939795822504E-17
  0.1230780000000E+14   0.2878383833025E-17
  0.1261690000000E+14   0.2813763291633E-17
  0.1293370000000E+14   0.2754141364977E-17
  0.1325850000000E+14   0.2692201069016E-17
  0.1359150000000E+14   0.2630877043900E-17
  0.1393280000000E+14   0.2569168394140E-17
  0.1428260000000E+14   0.2507168897380E-17
  0.1464130000000E+14   0.2449592840017E-17
  0.1500900000000E+14   0.2389104794106E-17
  0.1538590000000E+14   0.2315937555573E-17
  0.1577220000000E+14   0.2241442789214E-17
  0.1616830000000E+14   0.2135009651826E-17
  0.1657430000000E+14   0.2013587778439E-17
  0.1699050000000E+14   0.1886284360433E-17
  0.1741720000000E+14   0.1736669697071E-17
  0.1785460000000E+14   0.1596214461723E-17
  0.1830290000000E+14   0.1450999409654E-17
  0.1876260000000E+14   0.1314664618339E-17
  0.1923370000000E+14   0.1192319064625E-17
  0.1971670000000E+14   0.1080819993773E-17
  0.2021180000000E+14   0.9830444701516E-18
  0.2071940000000E+14   0.9047521266884E-18
  0.2123970000000E+14   0.8328433284552E-18
  0.2177310000000E+14   0.8166281551176E-18
  0.2231980000000E+14   0.7991165825274E-18
  0.2288030000000E+14   0.7966158955372E-18
  0.2345490000000E+14   0.7970324353267E-18
  0.2404390000000E+14   0.7980584892107E-18
  0.2464770000000E+14   0.8022213589051E-18
  0.2526660000000E+14   0.8021791373073E-18
  0.2590110000000E+14   0.8034198176773E-18
  0.2655150000000E+14   0.8006870059128E-18
  0.2721830000000E+14   0.8035901351390E-18
  0.2790180000000E+14   0.8054218562889E-18
  0.2860240000000E+14   0.8005400703146E-18
  0.2932070000000E+14   0.7889932080951E-18
  0.3005700000000E+14   0.7750472584804E-18
  0.3081180000000E+14   0.7498473802919E-18
  0.3158550000000E+14   0.7255393458351E-18
  0.3237870000000E+14   0.6607004726583E-18
  0.3319170000000E+14   0.5871949946693E-18
  0.3402530000000E+14   0.5189270972774E-18
  0.3487970000000E+14   0.4554686044244E-18
  0.3575560000000E+14   0.3957572575746E-18
  0.3665350000000E+14   0.3414836002598E-18
  0.3757390000000E+14   0.2885602938287E-18
  0.3851740000000E+14   0.2550108733940E-18
  0.3948470000000E+14   0.2271196882744E-18
  0.4047620000000E+14   0.2086024162094E-18
  0.4149260000000E+14   0.2017627961895E-18
  0.4253460000000E+14   0.1961419402803E-18
  0.4360270000000E+14   0.1945163357741E-18
  0.4469770000000E+14   0.1933046951039E-18
  0.4582010000000E+14   0.1925211271022E-18
  0.4697070000000E+14   0.1921025111614E-18
  0.4815020000000E+14   0.1919096555778E-18
  0.4935940000000E+14   0.1919257416672E-18
  0.5059890000000E+14   0.1922408741253E-18
  0.5186950000000E+14   0.1928823069733E-18
  0.5317200000000E+14   0.1937489220579E-18
  0.5450730000000E+14   0.1949515030160E-18
  0.6258450000000E+14   0.2050268377164E-18
  0.7185870000000E+14   0.2178548311446E-18
  0.8250720000000E+14   0.2296899498751E-18
  0.9473370000000E+14   0.2386848017439E-18
  0.1087720000000E+15   0.2444915632619E-18
  0.1248910000000E+15   0.2481454345894E-18
  0.1433980000000E+15   0.2514818793168E-18
  0.1646470000000E+15   0.2567312068486E-18
  0.1890460000000E+15   0.2655813755095E-18
  0.2170600000000E+15   0.2774343946624E-18
  0.2492250000000E+15   0.2896419634355E-18
  0.2861570000000E+15   0.2975796020392E-18
  0.3285620000000E+15   0.2961476336747E-18
  0.3772500000000E+15   0.2814250481201E-18
  0.4331540000000E+15   0.2519144292001E-18
  0.4973410000000E+15   0.2096083092068E-18
  0.5710410000000E+15   0.1598408110916E-18
  0.6556610000000E+15   0.1097909417007E-18
  0.7528220000000E+15   0.6609196839852E-19
  0.8643800000000E+15   0.3494259891440E-19
  0.9924690000000E+15   0.1634640314969E-19
  0.1139540000000E+16   0.6129504887583E-20
  0.1308400000000E+16   0.2065152925797E-20
  0.1502290000000E+16   0.5704895893686E-21
  0.1724910000000E+16   0.1227117643457E-21
  0.1980520000000E+16   0.1848481193801E-22
  0.2274010000000E+16   0.2004813673912E-23
  0.2610990000000E+16   0.1469307774495E-24
  0.2997900000000E+16   0.6867510275693E-26
