mstar = 0.4208 Msun, Rstar = 2.6413 Rsun, Tstar = 4080, mdisk = 0.0010045 Msun, Rc = 17.921 AU, Rin = 0.3373 AU, Rout = 62.729 AU, inclination = 45 degree, powerlaw = -1 
         130
  
  0.2997900000000E+11   0.1637331323414E-23
  0.3951060000000E+11   0.3717269405505E-23
  0.5207280000000E+11   0.8425814560880E-23
  0.6862910000000E+11   0.1905357582137E-22
  0.9044930000000E+11   0.4294533709497E-22
  0.1192070000000E+12   0.9636744868239E-22
  0.1571080000000E+12   0.2149739973171E-21
  0.2070600000000E+12   0.4758415660446E-21
  0.2728930000000E+12   0.1042554771226E-20
  0.3596580000000E+12   0.2400261709843E-20
  0.4740100000000E+12   0.6222685007230E-20
  0.6247180000000E+12   0.1564689792313E-19
  0.8233440000000E+12   0.3746672296988E-19
  0.1085120000000E+13   0.8356925304328E-19
  0.1430130000000E+13   0.1685408246593E-18
  0.1884830000000E+13   0.2979208888898E-18
  0.2484100000000E+13   0.4510754367141E-18
  0.3273910000000E+13   0.5893982323348E-18
  0.4314820000000E+13   0.6955936347213E-18
  0.5686700000000E+13   0.7637119244086E-18
  0.7494750000000E+13   0.7724450814196E-18
  0.7682960000000E+13   0.7695913399466E-18
  0.7875890000000E+13   0.7658867556640E-18
  0.8073670000000E+13   0.7612411528071E-18
  0.8276410000000E+13   0.7556937591227E-18
  0.8484250000000E+13   0.7493909697410E-18
  0.8697300000000E+13   0.7433116401042E-18
  0.8915700000000E+13   0.7362709510870E-18
  0.9139590000000E+13   0.7297762125180E-18
  0.9369100000000E+13   0.7225985163986E-18
  0.9604380000000E+13   0.7153328549196E-18
  0.9845560000000E+13   0.7079476023598E-18
  0.1009280000000E+14   0.6997004624017E-18
  0.1034620000000E+14   0.6911594584484E-18
  0.1060610000000E+14   0.6816531988535E-18
  0.1087240000000E+14   0.6726996553470E-18
  0.1114540000000E+14   0.6630338469467E-18
  0.1142530000000E+14   0.6532957152257E-18
  0.1171220000000E+14   0.6433336209501E-18
  0.1200630000000E+14   0.6326338874222E-18
  0.1230780000000E+14   0.6216646253587E-18
  0.1261690000000E+14   0.6098801809122E-18
  0.1293370000000E+14   0.5990643364371E-18
  0.1325850000000E+14   0.5876259266158E-18
  0.1359150000000E+14   0.5762041094337E-18
  0.1393280000000E+14   0.5645771914802E-18
  0.1428260000000E+14   0.5527654664770E-18
  0.1464130000000E+14   0.5418180613199E-18
  0.1500900000000E+14   0.5301072996683E-18
  0.1538590000000E+14   0.5154540977889E-18
  0.1577220000000E+14   0.5003881886748E-18
  0.1616830000000E+14   0.4780985227942E-18
  0.1657430000000E+14   0.4523971167535E-18
  0.1699050000000E+14   0.4253623424512E-18
  0.1741720000000E+14   0.3934255130238E-18
  0.1785460000000E+14   0.3636350667115E-18
  0.1830290000000E+14   0.3329882504639E-18
  0.1876260000000E+14   0.3045424233606E-18
  0.1923370000000E+14   0.2794275747278E-18
  0.1971670000000E+14   0.2569648413035E-18
  0.2021180000000E+14   0.2377465390215E-18
  0.2071940000000E+14   0.2229319062499E-18
  0.2123970000000E+14   0.2097180543312E-18
  0.2177310000000E+14   0.2081643190035E-18
  0.2231980000000E+14   0.2063858788235E-18
  0.2288030000000E+14   0.2076476743358E-18
  0.2345490000000E+14   0.2094535376475E-18
  0.2404390000000E+14   0.2113286693745E-18
  0.2464770000000E+14   0.2137480674638E-18
  0.2526660000000E+14   0.2152992173426E-18
  0.2590110000000E+14   0.2170307818900E-18
  0.2655150000000E+14   0.2179818142561E-18
  0.2721830000000E+14   0.2198958017189E-18
  0.2790180000000E+14   0.2215464966248E-18
  0.2860240000000E+14   0.2219972862748E-18
  0.2932070000000E+14   0.2213365191973E-18
  0.3005700000000E+14   0.2203346223996E-18
  0.3081180000000E+14   0.2176246699959E-18
  0.3158550000000E+14   0.2152092761953E-18
  0.3237870000000E+14   0.2068132561661E-18
  0.3319170000000E+14   0.1974589472506E-18
  0.3402530000000E+14   0.1891088569937E-18
  0.3487970000000E+14   0.1814953534273E-18
  0.3575560000000E+14   0.1741799379526E-18
  0.3665350000000E+14   0.1670757980395E-18
  0.3757390000000E+14   0.1588558648775E-18
  0.3851740000000E+14   0.1531640497040E-18
  0.3948470000000E+14   0.1473912958057E-18
  0.4047620000000E+14   0.1430712748230E-18
  0.4149260000000E+14   0.1419819464309E-18
  0.4253460000000E+14   0.1409070448792E-18
  0.4360270000000E+14   0.1410615518526E-18
  0.4469770000000E+14   0.1411123160243E-18
  0.4582010000000E+14   0.1410718530346E-18
  0.4697070000000E+14   0.1409225176541E-18
  0.4815020000000E+14   0.1406053599572E-18
  0.4935940000000E+14   0.1401180346654E-18
  0.5059890000000E+14   0.1395174418270E-18
  0.5186950000000E+14   0.1388339185735E-18
  0.5317200000000E+14   0.1380326648986E-18
  0.5450730000000E+14   0.1371919080657E-18
  0.6258450000000E+14   0.1311523677622E-18
  0.7185870000000E+14   0.1235162327002E-18
  0.8250720000000E+14   0.1155531027253E-18
  0.9473370000000E+14   0.1094711119631E-18
  0.1087720000000E+15   0.1073025046064E-18
  0.1248910000000E+15   0.1099928651918E-18
  0.1433980000000E+15   0.1169791171635E-18
  0.1646470000000E+15   0.1264249853455E-18
  0.1890460000000E+15   0.1357396641810E-18
  0.2170600000000E+15   0.1421809581654E-18
  0.2492250000000E+15   0.1433971958950E-18
  0.2861570000000E+15   0.1377955189087E-18
  0.3285620000000E+15   0.1249010239903E-18
  0.3772500000000E+15   0.1056428698716E-18
  0.4331540000000E+15   0.8237571596863E-19
  0.4973410000000E+15   0.5841457948803E-19
  0.5710410000000E+15   0.3709708936481E-19
  0.6556610000000E+15   0.2073793562038E-19
  0.7528220000000E+15   0.1000749361908E-19
  0.8643800000000E+15   0.4077792971641E-20
  0.9924690000000E+15   0.1368075672547E-20
  0.1139540000000E+16   0.3671426017738E-21
  0.1308400000000E+16   0.7625270450254E-22
  0.1502290000000E+16   0.1179829098667E-22
  0.1724910000000E+16   0.1302026094151E-23
  0.1980520000000E+16   0.9747302235957E-25
  0.2274010000000E+16   0.4673524557989E-26
  0.2610990000000E+16   0.1343494604381E-27
  0.2997900000000E+16   0.2146654241921E-29
