mstar = 1.5712 Msun, Rstar = 1.7365 Rsun, Tstar = 4695.6, mdisk = 0.0025709 Msun, Rc = 18.247 AU, Rin = 0.0622 AU, Rout = 112.416 AU, inclination = 45 degree, powerlaw = -1 
         130
  
  0.2997900000000E+11   0.2927606354569E-23
  0.3951060000000E+11   0.6595964515508E-23
  0.5207280000000E+11   0.1480538692957E-22
  0.6862910000000E+11   0.3307841094135E-22
  0.9044930000000E+11   0.7347814622870E-22
  0.1192070000000E+12   0.1620354478127E-21
  0.1571080000000E+12   0.3540225910249E-21
  0.2070600000000E+12   0.7642530156048E-21
  0.2728930000000E+12   0.1624240466236E-20
  0.3596580000000E+12   0.3584139398225E-20
  0.4740100000000E+12   0.8692666925568E-20
  0.6247180000000E+12   0.2002568106747E-19
  0.8233440000000E+12   0.4272535058590E-19
  0.1085120000000E+13   0.8196462401442E-19
  0.1430130000000E+13   0.1368739557931E-18
  0.1884830000000E+13   0.1960566141495E-18
  0.2484100000000E+13   0.2461150203716E-18
  0.3273910000000E+13   0.2817033490281E-18
  0.4314820000000E+13   0.2996995267040E-18
  0.5686700000000E+13   0.2969158410180E-18
  0.7494750000000E+13   0.2729831868399E-18
  0.7682960000000E+13   0.2698736927015E-18
  0.7875890000000E+13   0.2665340371942E-18
  0.8073670000000E+13   0.2629362261368E-18
  0.8276410000000E+13   0.2591065792502E-18
  0.8484250000000E+13   0.2551157454193E-18
  0.8697300000000E+13   0.2513640540913E-18
  0.8915700000000E+13   0.2473730521529E-18
  0.9139590000000E+13   0.2437462533921E-18
  0.9369100000000E+13   0.2399938695734E-18
  0.9604380000000E+13   0.2363498029505E-18
  0.9845560000000E+13   0.2327979278946E-18
  0.1009280000000E+14   0.2290525284223E-18
  0.1034620000000E+14   0.2253291950892E-18
  0.1060610000000E+14   0.2213777558518E-18
  0.1087240000000E+14   0.2177661242374E-18
  0.1114540000000E+14   0.2140183289424E-18
  0.1142530000000E+14   0.2103702337268E-18
  0.1171220000000E+14   0.2067618615210E-18
  0.1200630000000E+14   0.2030049822430E-18
  0.1230780000000E+14   0.1992661920218E-18
  0.1261690000000E+14   0.1953508607324E-18
  0.1293370000000E+14   0.1918831956268E-18
  0.1325850000000E+14   0.1882926282614E-18
  0.1359150000000E+14   0.1848043060872E-18
  0.1393280000000E+14   0.1813381349217E-18
  0.1428260000000E+14   0.1778930485688E-18
  0.1464130000000E+14   0.1748196514878E-18
  0.1500900000000E+14   0.1715611799929E-18
  0.1538590000000E+14   0.1673666779124E-18
  0.1577220000000E+14   0.1630988462047E-18
  0.1616830000000E+14   0.1564565529418E-18
  0.1657430000000E+14   0.1487250482348E-18
  0.1699050000000E+14   0.1405875626059E-18
  0.1741720000000E+14   0.1308407441016E-18
  0.1785460000000E+14   0.1218106928175E-18
  0.1830290000000E+14   0.1124830799158E-18
  0.1876260000000E+14   0.1038105765743E-18
  0.1923370000000E+14   0.9619314031606E-19
  0.1971670000000E+14   0.8933332614291E-19
  0.2021180000000E+14   0.8340493724343E-19
  0.2071940000000E+14   0.7880126374193E-19
  0.2123970000000E+14   0.7459100914370E-19
  0.2177310000000E+14   0.7440367463876E-19
  0.2231980000000E+14   0.7411563214836E-19
  0.2288030000000E+14   0.7493127225773E-19
  0.2345490000000E+14   0.7598112375528E-19
  0.2404390000000E+14   0.7707863777363E-19
  0.2464770000000E+14   0.7842749191181E-19
  0.2526660000000E+14   0.7948722804749E-19
  0.2590110000000E+14   0.8066788926916E-19
  0.2655150000000E+14   0.8153270779448E-19
  0.2721830000000E+14   0.8286184764005E-19
  0.2790180000000E+14   0.8416190212211E-19
  0.2860240000000E+14   0.8492878402790E-19
  0.2932070000000E+14   0.8514622743615E-19
  0.3005700000000E+14   0.8515499112883E-19
  0.3081180000000E+14   0.8415759499146E-19
  0.3158550000000E+14   0.8318824950622E-19
  0.3237870000000E+14   0.7829415548219E-19
  0.3319170000000E+14   0.7231530476009E-19
  0.3402530000000E+14   0.6665043235907E-19
  0.3487970000000E+14   0.6124582782214E-19
  0.3575560000000E+14   0.5593216748097E-19
  0.3665350000000E+14   0.5106886238841E-19
  0.3757390000000E+14   0.4628580377259E-19
  0.3851740000000E+14   0.4309626880041E-19
  0.3948470000000E+14   0.3980672393645E-19
  0.4047620000000E+14   0.3710283254393E-19
  0.4149260000000E+14   0.3611506916419E-19
  0.4253460000000E+14   0.3528055880287E-19
  0.4360270000000E+14   0.3512308880443E-19
  0.4469770000000E+14   0.3500185292231E-19
  0.4582010000000E+14   0.3492584450641E-19
  0.4697070000000E+14   0.3488248327160E-19
  0.4815020000000E+14   0.3485089301180E-19
  0.4935940000000E+14   0.3483877210068E-19
  0.5059890000000E+14   0.3486391753907E-19
  0.5186950000000E+14   0.3494727254185E-19
  0.5317200000000E+14   0.3507814105149E-19
  0.5450730000000E+14   0.3528034717879E-19
  0.6258450000000E+14   0.3736328395738E-19
  0.7185870000000E+14   0.4096824962430E-19
  0.8250720000000E+14   0.4579187270366E-19
  0.9473370000000E+14   0.5158240991529E-19
  0.1087720000000E+15   0.5806015579464E-19
  0.1248910000000E+15   0.6497980659976E-19
  0.1433980000000E+15   0.7209252739336E-19
  0.1646470000000E+15   0.7914638566169E-19
  0.1890460000000E+15   0.8578314528969E-19
  0.2170600000000E+15   0.9132115589242E-19
  0.2492250000000E+15   0.9480019988473E-19
  0.2861570000000E+15   0.9506291330266E-19
  0.3285620000000E+15   0.9111530009402E-19
  0.3772500000000E+15   0.8255016571522E-19
  0.4331540000000E+15   0.6986882613114E-19
  0.4973410000000E+15   0.5455104789329E-19
  0.5710410000000E+15   0.3874807253217E-19
  0.6556610000000E+15   0.2465690850404E-19
  0.7528220000000E+15   0.1381561067740E-19
  0.8643800000000E+15   0.6684910583902E-20
  0.9924690000000E+15   0.2732340001833E-20
  0.1139540000000E+16   0.9199209914717E-21
  0.1308400000000E+16   0.2478889974508E-21
  0.1502290000000E+16   0.5172149946475E-22
  0.1724910000000E+16   0.8045629916687E-23
  0.1980520000000E+16   0.8933369907491E-24
  0.2274010000000E+16   0.6734919930257E-25
  0.2610990000000E+16   0.3255429966289E-26
  0.2997900000000E+16   0.9446199902181E-28
