mstar = 1.3331 Msun, Rstar = 1.6236 Rsun, Tstar = 3897.1, mdisk = 0.00151 Msun, Rc = 50.229 AU, Rin = 0.0299 AU, Rout = 147.685 AU, inclination = 45 degree, powerlaw = -1 
         130
  
  0.2997900000000E+11   0.1299595097598E-23
  0.3951060000000E+11   0.2944854256984E-23
  0.5207280000000E+11   0.6655108571474E-23
  0.6862910000000E+11   0.1498601342456E-22
  0.9044930000000E+11   0.3358520003239E-22
  0.1192070000000E+12   0.7479571162481E-22
  0.1571080000000E+12   0.1651919656493E-21
  0.2070600000000E+12   0.3608215142936E-21
  0.2728930000000E+12   0.7765806530221E-21
  0.3596580000000E+12   0.1751451446821E-20
  0.4740100000000E+12   0.4469289374670E-20
  0.6247180000000E+12   0.1104594627238E-19
  0.8233440000000E+12   0.2590737303847E-19
  0.1085120000000E+13   0.5622544067555E-19
  0.1430130000000E+13   0.1089123165370E-18
  0.1884830000000E+13   0.1800902745408E-18
  0.2484100000000E+13   0.2418129857474E-18
  0.3273910000000E+13   0.2551937597742E-18
  0.4314820000000E+13   0.2207089114536E-18
  0.5686700000000E+13   0.1762538197273E-18
  0.7494750000000E+13   0.1374085064250E-18
  0.7682960000000E+13   0.1340402333830E-18
  0.7875890000000E+13   0.1306330265695E-18
  0.8073670000000E+13   0.1271733826716E-18
  0.8276410000000E+13   0.1236788623113E-18
  0.8484250000000E+13   0.1201891738056E-18
  0.8697300000000E+13   0.1169177959958E-18
  0.8915700000000E+13   0.1136074317927E-18
  0.9139590000000E+13   0.1105683761397E-18
  0.9369100000000E+13   0.1075458097161E-18
  0.9604380000000E+13   0.1046576997070E-18
  0.9845560000000E+13   0.1018939354749E-18
  0.1009280000000E+14   0.9911877649712E-19
  0.1034620000000E+14   0.9643791343217E-19
  0.1060610000000E+14   0.9373715555861E-19
  0.1087240000000E+14   0.9127522361897E-19
  0.1114540000000E+14   0.8883712177268E-19
  0.1142530000000E+14   0.8652662040856E-19
  0.1171220000000E+14   0.8431819055249E-19
  0.1200630000000E+14   0.8213348202808E-19
  0.1230780000000E+14   0.8004320602233E-19
  0.1261690000000E+14   0.7796837630288E-19
  0.1293370000000E+14   0.7615809086669E-19
  0.1325850000000E+14   0.7438239168490E-19
  0.1359150000000E+14   0.7272835763115E-19
  0.1393280000000E+14   0.7116072044659E-19
  0.1428260000000E+14   0.6967969425900E-19
  0.1464130000000E+14   0.6841602542970E-19
  0.1500900000000E+14   0.6715178942711E-19
  0.1538590000000E+14   0.6561594246041E-19
  0.1577220000000E+14   0.6412640820388E-19
  0.1616830000000E+14   0.6184661683984E-19
  0.1657430000000E+14   0.5925063643462E-19
  0.1699050000000E+14   0.5658914481503E-19
  0.1741720000000E+14   0.5343463784285E-19
  0.1785460000000E+14   0.5060848264243E-19
  0.1830290000000E+14   0.4772848051534E-19
  0.1876260000000E+14   0.4511719280878E-19
  0.1923370000000E+14   0.4287606488579E-19
  0.1971670000000E+14   0.4090850660241E-19
  0.2021180000000E+14   0.3927700892483E-19
  0.2071940000000E+14   0.3811673188288E-19
  0.2123970000000E+14   0.3708110677405E-19
  0.2177310000000E+14   0.3756691642447E-19
  0.2231980000000E+14   0.3802193589876E-19
  0.2288030000000E+14   0.3890289963673E-19
  0.2345490000000E+14   0.3987983947196E-19
  0.2404390000000E+14   0.4088813740804E-19
  0.2464770000000E+14   0.4200360890075E-19
  0.2526660000000E+14   0.4301268030063E-19
  0.2590110000000E+14   0.4406971823413E-19
  0.2655150000000E+14   0.4502608361908E-19
  0.2721830000000E+14   0.4616045507487E-19
  0.2790180000000E+14   0.4728704738378E-19
  0.2860240000000E+14   0.4822637223213E-19
  0.2932070000000E+14   0.4896049182701E-19
  0.3005700000000E+14   0.4961565939967E-19
  0.3081180000000E+14   0.4987583190283E-19
  0.3158550000000E+14   0.5013532145223E-19
  0.3237870000000E+14   0.4890674309750E-19
  0.3319170000000E+14   0.4727827845153E-19
  0.3402530000000E+14   0.4569927442310E-19
  0.3487970000000E+14   0.4410591270957E-19
  0.3575560000000E+14   0.4239117227666E-19
  0.3665350000000E+14   0.4032447724068E-19
  0.3757390000000E+14   0.3614757086070E-19
  0.3851740000000E+14   0.3117302767456E-19
  0.3948470000000E+14   0.2610396668929E-19
  0.4047620000000E+14   0.2286125813095E-19
  0.4149260000000E+14   0.2192242769855E-19
  0.4253460000000E+14   0.2113936631726E-19
  0.4360270000000E+14   0.2101378474830E-19
  0.4469770000000E+14   0.2090284466621E-19
  0.4582010000000E+14   0.2081638704961E-19
  0.4697070000000E+14   0.2074879276794E-19
  0.4815020000000E+14   0.2068268392703E-19
  0.4935940000000E+14   0.2062173196324E-19
  0.5059890000000E+14   0.2058851540811E-19
  0.5186950000000E+14   0.2059292236926E-19
  0.5317200000000E+14   0.2062008182350E-19
  0.5450730000000E+14   0.2069431584525E-19
  0.6258450000000E+14   0.2167403085352E-19
  0.7185870000000E+14   0.2353591976520E-19
  0.8250720000000E+14   0.2613070945902E-19
  0.9473370000000E+14   0.2938386764935E-19
  0.1087720000000E+15   0.3315643373521E-19
  0.1248910000000E+15   0.3720400194642E-19
  0.1433980000000E+15   0.4118197545671E-19
  0.1646470000000E+15   0.4467466310890E-19
  0.1890460000000E+15   0.4722478081691E-19
  0.2170600000000E+15   0.4833268496149E-19
  0.2492250000000E+15   0.4755049889972E-19
  0.2861570000000E+15   0.4456683767547E-19
  0.3285620000000E+15   0.3937201201977E-19
  0.3772500000000E+15   0.3239312270996E-19
  0.4331540000000E+15   0.2449000430676E-19
  0.4973410000000E+15   0.1676530079378E-19
  0.5710410000000E+15   0.1022471855655E-19
  0.6556610000000E+15   0.5455674903417E-20
  0.7528220000000E+15   0.2495445893516E-20
  0.8643800000000E+15   0.9561321511863E-21
  0.9924690000000E+15   0.2988820630834E-21
  0.1139540000000E+16   0.7395540190319E-22
  0.1308400000000E+16   0.1399279991505E-22
  0.1502290000000E+16   0.1945279981242E-23
  0.1724910000000E+16   0.1898459980342E-24
  0.1980520000000E+16   0.1234199987076E-25
  0.2274010000000E+16   0.5032469947294E-27
  0.2610990000000E+16   0.1201109987423E-28
  0.2997900000000E+16   0.1550039983772E-30
