mstar = 0.5685 Msun, Rstar = 3.893 Rsun, Tstar = 4484.3, mdisk = 0.0067928 Msun, Rc = 51.552 AU, Rin = 2.3964 AU, Rout = 136.652 AU, inclination = 45 degree, powerlaw = -1 
         130
  
  0.2997900000000E+11   0.9677647557570E-23
  0.3951060000000E+11   0.2200729969502E-22
  0.5207280000000E+11   0.4995946927264E-22
  0.6862910000000E+11   0.1131464331797E-21
  0.9044930000000E+11   0.2554287739492E-21
  0.1192070000000E+12   0.5741556321376E-21
  0.1571080000000E+12   0.1283219077060E-20
  0.2070600000000E+12   0.2846133882982E-20
  0.2728930000000E+12   0.6248730157315E-20
  0.3596580000000E+12   0.1444058488510E-19
  0.4740100000000E+12   0.3776158368807E-19
  0.6247180000000E+12   0.9579756883061E-19
  0.8233440000000E+12   0.2310814018440E-18
  0.1085120000000E+13   0.5181127646203E-18
  0.1430130000000E+13   0.1048127575582E-17
  0.1884830000000E+13   0.1851096799482E-17
  0.2484100000000E+13   0.2774665221766E-17
  0.3273910000000E+13   0.3535636927248E-17
  0.4314820000000E+13   0.4024133842314E-17
  0.5686700000000E+13   0.4267387349280E-17
  0.7494750000000E+13   0.4193585215502E-17
  0.7682960000000E+13   0.4168744796381E-17
  0.7875890000000E+13   0.4139713326433E-17
  0.8073670000000E+13   0.4106074363713E-17
  0.8276410000000E+13   0.4068128887096E-17
  0.8484250000000E+13   0.4026744205126E-17
  0.8697300000000E+13   0.3987173839404E-17
  0.8915700000000E+13   0.3943149637545E-17
  0.9139590000000E+13   0.3902618590407E-17
  0.9369100000000E+13   0.3859152127535E-17
  0.9604380000000E+13   0.3815864456217E-17
  0.9845560000000E+13   0.3772587007902E-17
  0.1009280000000E+14   0.3725589471237E-17
  0.1034620000000E+14   0.3677791832411E-17
  0.1060610000000E+14   0.3625917721859E-17
  0.1087240000000E+14   0.3577496487839E-17
  0.1114540000000E+14   0.3526316848390E-17
  0.1142530000000E+14   0.3475533702936E-17
  0.1171220000000E+14   0.3424418450351E-17
  0.1200630000000E+14   0.3370579463338E-17
  0.1230780000000E+14   0.3316278969454E-17
  0.1261690000000E+14   0.3259043180659E-17
  0.1293370000000E+14   0.3207054445767E-17
  0.1325850000000E+14   0.3153007667075E-17
  0.1359150000000E+14   0.3099808334188E-17
  0.1393280000000E+14   0.3046463429893E-17
  0.1428260000000E+14   0.2993057696429E-17
  0.1464130000000E+14   0.2944059642125E-17
  0.1500900000000E+14   0.2892447283329E-17
  0.1538590000000E+14   0.2829240305026E-17
  0.1577220000000E+14   0.2765246458257E-17
  0.1616830000000E+14   0.2672824324699E-17
  0.1657430000000E+14   0.2568242010300E-17
  0.1699050000000E+14   0.2460093035484E-17
  0.1741720000000E+14   0.2334297934930E-17
  0.1785460000000E+14   0.2218646149203E-17
  0.1830290000000E+14   0.2100922325436E-17
  0.1876260000000E+14   0.1992581297541E-17
  0.1923370000000E+14   0.1897416503362E-17
  0.1971670000000E+14   0.1812214982898E-17
  0.2021180000000E+14   0.1738822651111E-17
  0.2071940000000E+14   0.1681480644619E-17
  0.2123970000000E+14   0.1628949145831E-17
  0.2177310000000E+14   0.1621558185814E-17
  0.2231980000000E+14   0.1611964989529E-17
  0.2288030000000E+14   0.1613212478455E-17
  0.2345490000000E+14   0.1615191238826E-17
  0.2404390000000E+14   0.1615903520459E-17
  0.2464770000000E+14   0.1617148347599E-17
  0.2526660000000E+14   0.1613248516197E-17
  0.2590110000000E+14   0.1608299326187E-17
  0.2655150000000E+14   0.1598483345122E-17
  0.2721830000000E+14   0.1590555792933E-17
  0.2790180000000E+14   0.1579686759226E-17
  0.2860240000000E+14   0.1562257980834E-17
  0.2932070000000E+14   0.1538629074854E-17
  0.3005700000000E+14   0.1511731988852E-17
  0.3081180000000E+14   0.1476244794931E-17
  0.3158550000000E+14   0.1439825359524E-17
  0.3237870000000E+14   0.1376990388477E-17
  0.3319170000000E+14   0.1305926820691E-17
  0.3402530000000E+14   0.1234437660496E-17
  0.3487970000000E+14   0.1161627433141E-17
  0.3575560000000E+14   0.1085764468514E-17
  0.3665350000000E+14   0.1007270579195E-17
  0.3757390000000E+14   0.9202170416666E-18
  0.3851740000000E+14   0.8479186244977E-18
  0.3948470000000E+14   0.7769238485070E-18
  0.4047620000000E+14   0.7161137346518E-18
  0.4149260000000E+14   0.6743567145924E-18
  0.4253460000000E+14   0.6340388036311E-18
  0.4360270000000E+14   0.6011885907558E-18
  0.4469770000000E+14   0.5689551504820E-18
  0.4582010000000E+14   0.5375516849764E-18
  0.4697070000000E+14   0.5070300272351E-18
  0.4815020000000E+14   0.4772912197719E-18
  0.4935940000000E+14   0.4484768135718E-18
  0.5059890000000E+14   0.4209154849159E-18
  0.5186950000000E+14   0.3947808749971E-18
  0.5317200000000E+14   0.3700159385011E-18
  0.5450730000000E+14   0.3468852361572E-18
  0.6258450000000E+14   0.2462214681803E-18
  0.7185870000000E+14   0.1914708490358E-18
  0.8250720000000E+14   0.1746693002969E-18
  0.9473370000000E+14   0.1850964431960E-18
  0.1087720000000E+15   0.2123932857425E-18
  0.1248910000000E+15   0.2488867400864E-18
  0.1433980000000E+15   0.2895074226837E-18
  0.1646470000000E+15   0.3303905197026E-18
  0.1890460000000E+15   0.3676075983141E-18
  0.2170600000000E+15   0.3965986327610E-18
  0.2492250000000E+15   0.4123754969244E-18
  0.2861570000000E+15   0.4103076105936E-18
  0.3285620000000E+15   0.3874073575683E-18
  0.3772500000000E+15   0.3437537539350E-18
  0.4331540000000E+15   0.2834479526755E-18
  0.4973410000000E+15   0.2144511021599E-18
  0.5710410000000E+15   0.1467486615219E-18
  0.6556610000000E+15   0.8934803757885E-19
  0.7528220000000E+15   0.4745874662596E-19
  0.8643800000000E+15   0.2161280370898E-19
  0.9924690000000E+15   0.8279043990938E-20
  0.1139540000000E+16   0.2569366991107E-20
  0.1308400000000E+16   0.6398152013944E-21
  0.1502290000000E+16   0.1223607901838E-21
  0.1724910000000E+16   0.1722721906051E-22
  0.1980520000000E+16   0.1689155927424E-23
  0.2274010000000E+16   0.1106220575920E-24
  0.2610990000000E+16   0.4548022289229E-26
  0.2997900000000E+16   0.1095690026709E-27
