mstar = 0.7893 Msun, Rstar = 1.4296 Rsun, Tstar = 4211.9, mdisk = 0.0024056 Msun, Rc = 21.998 AU, Rin = 0.1177 AU, Rout = 162.657 AU, inclination = 45 degree, powerlaw = -1 
         130
  
  0.2997900000000E+11   0.2437564733963E-23
  0.3951060000000E+11   0.5512088281425E-23
  0.5207280000000E+11   0.1242206423388E-22
  0.6862910000000E+11   0.2787140820116E-22
  0.9044930000000E+11   0.6218244851694E-22
  0.1192070000000E+12   0.1377276265911E-21
  0.1571080000000E+12   0.3022229353270E-21
  0.2070600000000E+12   0.6552169985041E-21
  0.2728930000000E+12   0.1398224913788E-20
  0.3596580000000E+12   0.3105221444069E-20
  0.4740100000000E+12   0.7636161326366E-20
  0.6247180000000E+12   0.1788579155603E-19
  0.8233440000000E+12   0.3887123678464E-19
  0.1085120000000E+13   0.7597132688931E-19
  0.1430130000000E+13   0.1286892435274E-18
  0.1884830000000E+13   0.1837400620680E-18
  0.2484100000000E+13   0.2226144516371E-18
  0.3273910000000E+13   0.2412286679311E-18
  0.4314820000000E+13   0.2454141931579E-18
  0.5686700000000E+13   0.2351757330102E-18
  0.7494750000000E+13   0.2078176560443E-18
  0.7682960000000E+13   0.2044905674553E-18
  0.7875890000000E+13   0.2009573578913E-18
  0.8073670000000E+13   0.1971961457683E-18
  0.8276410000000E+13   0.1932324834351E-18
  0.8484250000000E+13   0.1891222913848E-18
  0.8697300000000E+13   0.1851854318459E-18
  0.8915700000000E+13   0.1810409433968E-18
  0.9139590000000E+13   0.1771650728164E-18
  0.9369100000000E+13   0.1731715823392E-18
  0.9604380000000E+13   0.1692438000161E-18
  0.9845560000000E+13   0.1653710577053E-18
  0.1009280000000E+14   0.1613373662605E-18
  0.1034620000000E+14   0.1573130415426E-18
  0.1060610000000E+14   0.1531125823490E-18
  0.1087240000000E+14   0.1491626356512E-18
  0.1114540000000E+14   0.1451133561517E-18
  0.1142530000000E+14   0.1411404914658E-18
  0.1171220000000E+14   0.1372030467752E-18
  0.1200630000000E+14   0.1331717484390E-18
  0.1230780000000E+14   0.1291695904961E-18
  0.1261690000000E+14   0.1250630464889E-18
  0.1293370000000E+14   0.1212920312854E-18
  0.1325850000000E+14   0.1174638215326E-18
  0.1359150000000E+14   0.1137330465656E-18
  0.1393280000000E+14   0.1100474192169E-18
  0.1428260000000E+14   0.1064106870220E-18
  0.1464130000000E+14   0.1030582447035E-18
  0.1500900000000E+14   0.9961956360779E-19
  0.1538590000000E+14   0.9562631277267E-19
  0.1577220000000E+14   0.9164648042252E-19
  0.1616830000000E+14   0.8624351510442E-19
  0.1657430000000E+14   0.8027970949125E-19
  0.1699050000000E+14   0.7420795601741E-19
  0.1741720000000E+14   0.6732805136716E-19
  0.1785460000000E+14   0.6106543707475E-19
  0.1830290000000E+14   0.5481060143962E-19
  0.1876260000000E+14   0.4914359810765E-19
  0.1923370000000E+14   0.4421743557465E-19
  0.1971670000000E+14   0.3986107955492E-19
  0.2021180000000E+14   0.3617366426067E-19
  0.2071940000000E+14   0.3333223161599E-19
  0.2123970000000E+14   0.3081883173521E-19
  0.2177310000000E+14   0.3035198614546E-19
  0.2231980000000E+14   0.2985504937859E-19
  0.2288030000000E+14   0.2988949482083E-19
  0.2345490000000E+14   0.3002668813756E-19
  0.2404390000000E+14   0.3018566934024E-19
  0.2464770000000E+14   0.3044300936501E-19
  0.2526660000000E+14   0.3056006087007E-19
  0.2590110000000E+14   0.3072235912481E-19
  0.2655150000000E+14   0.3076549023433E-19
  0.2721830000000E+14   0.3099392552290E-19
  0.2790180000000E+14   0.3119844803238E-19
  0.2860240000000E+14   0.3120731046470E-19
  0.2932070000000E+14   0.3103136631036E-19
  0.3005700000000E+14   0.3080447465979E-19
  0.3081180000000E+14   0.3027250595364E-19
  0.3158550000000E+14   0.2980128355991E-19
  0.3237870000000E+14   0.2824116865866E-19
  0.3319170000000E+14   0.2654525638824E-19
  0.3402530000000E+14   0.2507919029116E-19
  0.3487970000000E+14   0.2380169863714E-19
  0.3575560000000E+14   0.2264974259662E-19
  0.3665350000000E+14   0.2162714571957E-19
  0.3757390000000E+14   0.2056301692566E-19
  0.3851740000000E+14   0.1996141945914E-19
  0.3948470000000E+14   0.1943821152527E-19
  0.4047620000000E+14   0.1915634866201E-19
  0.4149260000000E+14   0.1927555850396E-19
  0.4253460000000E+14   0.1941758908321E-19
  0.4360270000000E+14   0.1970875447979E-19
  0.4469770000000E+14   0.2000349776771E-19
  0.4582010000000E+14   0.2030248333438E-19
  0.4697070000000E+14   0.2060329748163E-19
  0.4815020000000E+14   0.2089911783698E-19
  0.4935940000000E+14   0.2118905759846E-19
  0.5059890000000E+14   0.2147837803980E-19
  0.5186950000000E+14   0.2176946742787E-19
  0.5317200000000E+14   0.2205805311047E-19
  0.5450730000000E+14   0.2235150526006E-19
  0.6258450000000E+14   0.2397605321525E-19
  0.7185870000000E+14   0.2556206335289E-19
  0.8250720000000E+14   0.2711851475733E-19
  0.9473370000000E+14   0.2880323498495E-19
  0.1087720000000E+15   0.3083922307464E-19
  0.1248910000000E+15   0.3340673841037E-19
  0.1433980000000E+15   0.3651293713612E-19
  0.1646470000000E+15   0.3992136782356E-19
  0.1890460000000E+15   0.4314287838021E-19
  0.2170600000000E+15   0.4550737646450E-19
  0.2492250000000E+15   0.4632373264094E-19
  0.2861570000000E+15   0.4504105119612E-19
  0.3285620000000E+15   0.4141306722984E-19
  0.3772500000000E+15   0.3562588843284E-19
  0.4331540000000E+15   0.2833693142807E-19
  0.4973410000000E+15   0.2056520229871E-19
  0.5710410000000E+15   0.1341569999521E-19
  0.6556610000000E+15   0.7735839921494E-20
  0.7528220000000E+15   0.3868849957275E-20
  0.8643800000000E+15   0.1642549981357E-20
  0.9924690000000E+15   0.5776859933688E-21
  0.1139540000000E+16   0.1636619980517E-21
  0.1308400000000E+16   0.3617259957285E-22
  0.1502290000000E+16   0.6011179930526E-23
  0.1724910000000E+16   0.7200589918934E-24
  0.1980520000000E+16   0.5922789933026E-25
  0.2274010000000E+16   0.3164009964291E-26
  0.2610990000000E+16   0.1029769988396E-27
  0.2997900000000E+16   0.1897399978643E-29
