mstar = 0.6955 Msun, Rstar = 2.0772 Rsun, Tstar = 3483.5, mdisk = 0.0024003 Msun, Rc = 70.967 AU, Rin = 0.0432 AU, Rout = 103.903 AU, inclination = 45 degree, powerlaw = -1 
         130
  
  0.2997900000000E+11   0.2082737347644E-23
  0.3951060000000E+11   0.4722641081305E-23
  0.5207280000000E+11   0.1068129600536E-22
  0.6862910000000E+11   0.2407490927998E-22
  0.9044930000000E+11   0.5401390432771E-22
  0.1192070000000E+12   0.1204471617301E-21
  0.1571080000000E+12   0.2664295602641E-21
  0.2070600000000E+12   0.5830525150104E-21
  0.2728930000000E+12   0.1257777594317E-20
  0.3596580000000E+12   0.2845813909011E-20
  0.4740100000000E+12   0.7298793962396E-20
  0.6247180000000E+12   0.1816601804123E-19
  0.8233440000000E+12   0.4303386422616E-19
  0.1085120000000E+13   0.9475561782397E-19
  0.1430130000000E+13   0.1873663008499E-18
  0.1884830000000E+13   0.3189336127700E-18
  0.2484100000000E+13   0.4450529782193E-18
  0.3273910000000E+13   0.4897047099946E-18
  0.4314820000000E+13   0.4341815746206E-18
  0.5686700000000E+13   0.3427042880472E-18
  0.7494750000000E+13   0.2569004934136E-18
  0.7682960000000E+13   0.2494688310789E-18
  0.7875890000000E+13   0.2419826427670E-18
  0.8073670000000E+13   0.2344172009653E-18
  0.8276410000000E+13   0.2268080392584E-18
  0.8484250000000E+13   0.2192312357900E-18
  0.8697300000000E+13   0.2120796115684E-18
  0.8915700000000E+13   0.2048819061948E-18
  0.9139590000000E+13   0.1982047435198E-18
  0.9369100000000E+13   0.1915835679350E-18
  0.9604380000000E+13   0.1852305757718E-18
  0.9845560000000E+13   0.1791261925947E-18
  0.1009280000000E+14   0.1730284021556E-18
  0.1034620000000E+14   0.1671273466929E-18
  0.1060610000000E+14   0.1612215431503E-18
  0.1087240000000E+14   0.1557663659913E-18
  0.1114540000000E+14   0.1503833645448E-18
  0.1142530000000E+14   0.1452537029016E-18
  0.1171220000000E+14   0.1403298372474E-18
  0.1200630000000E+14   0.1354782358212E-18
  0.1230780000000E+14   0.1308216649351E-18
  0.1261690000000E+14   0.1262266798537E-18
  0.1293370000000E+14   0.1221099160621E-18
  0.1325850000000E+14   0.1180866769582E-18
  0.1359150000000E+14   0.1142973332328E-18
  0.1393280000000E+14   0.1106831359582E-18
  0.1428260000000E+14   0.1072431099593E-18
  0.1464130000000E+14   0.1041834636402E-18
  0.1500900000000E+14   0.1011611537490E-18
  0.1538590000000E+14   0.9774940023231E-19
  0.1577220000000E+14   0.9445484128228E-19
  0.1616830000000E+14   0.8997633598700E-19
  0.1657430000000E+14   0.8507523450268E-19
  0.1699050000000E+14   0.8013780738773E-19
  0.1741720000000E+14   0.7450361700180E-19
  0.1785460000000E+14   0.6942126292309E-19
  0.1830290000000E+14   0.6430411382740E-19
  0.1876260000000E+14   0.5965680337665E-19
  0.1923370000000E+14   0.5564080773568E-19
  0.1971670000000E+14   0.5210177001113E-19
  0.2021180000000E+14   0.4911554590141E-19
  0.2071940000000E+14   0.4686724641603E-19
  0.2123970000000E+14   0.4485815182806E-19
  0.2177310000000E+14   0.4491248638525E-19
  0.2231980000000E+14   0.4493965422178E-19
  0.2288030000000E+14   0.4556918458682E-19
  0.2345490000000E+14   0.4635251893852E-19
  0.2404390000000E+14   0.4721421695614E-19
  0.2464770000000E+14   0.4827434728356E-19
  0.2526660000000E+14   0.4921677853734E-19
  0.2590110000000E+14   0.5027300606435E-19
  0.2655150000000E+14   0.5120756338874E-19
  0.2721830000000E+14   0.5246650958107E-19
  0.2790180000000E+14   0.5373543835520E-19
  0.2860240000000E+14   0.5472088508040E-19
  0.2932070000000E+14   0.5539961412319E-19
  0.3005700000000E+14   0.5596254305659E-19
  0.3081180000000E+14   0.5593297677244E-19
  0.3158550000000E+14   0.5591499251169E-19
  0.3237870000000E+14   0.5353971208185E-19
  0.3319170000000E+14   0.5032386442621E-19
  0.3402530000000E+14   0.4702006816793E-19
  0.3487970000000E+14   0.4368888290919E-19
  0.3575560000000E+14   0.4038409409302E-19
  0.3665350000000E+14   0.3724569674773E-19
  0.3757390000000E+14   0.3401703809576E-19
  0.3851740000000E+14   0.3190316742536E-19
  0.3948470000000E+14   0.2989218648077E-19
  0.4047620000000E+14   0.2837697040537E-19
  0.4149260000000E+14   0.2787243289956E-19
  0.4253460000000E+14   0.2742299094026E-19
  0.4360270000000E+14   0.2738635433096E-19
  0.4469770000000E+14   0.2736932439041E-19
  0.4582010000000E+14   0.2737841526790E-19
  0.4697070000000E+14   0.2741270113975E-19
  0.4815020000000E+14   0.2745696259383E-19
  0.4935940000000E+14   0.2751485826402E-19
  0.5059890000000E+14   0.2760185356113E-19
  0.5186950000000E+14   0.2772760991979E-19
  0.5317200000000E+14   0.2788289153273E-19
  0.5450730000000E+14   0.2808791625540E-19
  0.6258450000000E+14   0.2992141868050E-19
  0.7185870000000E+14   0.3280594023231E-19
  0.8250720000000E+14   0.3650345026284E-19
  0.9473370000000E+14   0.4078240051397E-19
  0.1087720000000E+15   0.4532452562880E-19
  0.1248910000000E+15   0.4972958294753E-19
  0.1433980000000E+15   0.5353626711975E-19
  0.1646470000000E+15   0.5625965919427E-19
  0.1890460000000E+15   0.5741977044185E-19
  0.2170600000000E+15   0.5653138178209E-19
  0.2492250000000E+15   0.5324363228228E-19
  0.2861570000000E+15   0.4746536249868E-19
  0.3285620000000E+15   0.3955746494157E-19
  0.3772500000000E+15   0.3039969193576E-19
  0.4331540000000E+15   0.2122346495384E-19
  0.4973410000000E+15   0.1324468014009E-19
  0.5710410000000E+15   0.7257498714681E-20
  0.6556610000000E+15   0.3422900228482E-20
  0.7528220000000E+15   0.1358459736809E-20
  0.8643800000000E+15   0.4421683630232E-21
  0.9924690000000E+15   0.1146127930121E-21
  0.1139540000000E+16   0.2287174108656E-22
  0.1308400000000E+16   0.3380734163914E-23
  0.1502290000000E+16   0.3539796524729E-24
  0.1724910000000E+16   0.2494876405470E-25
  0.1980520000000E+16   0.1116139195641E-26
  0.2274010000000E+16   0.2963118520500E-28
  0.2610990000000E+16   0.4320835743760E-30
  0.2997900000000E+16   0.3166969557205E-32
