mstar = 0.5697 Msun, Rstar = 1.437 Rsun, Tstar = 4873.2, mdisk = 0.00018881 Msun, Rc = 20.055 AU, Rin = 0.0689 AU, Rout = 99.963 AU, inclination = 45 degree, powerlaw = -1 
         130
  
  0.2997900000000E+11   0.3016006930339E-24
  0.3951060000000E+11   0.6847413764149E-24
  0.5207280000000E+11   0.1553542226470E-23
  0.6862910000000E+11   0.3519848201728E-23
  0.9044930000000E+11   0.7957572995136E-23
  0.1192070000000E+12   0.1793372691846E-22
  0.1571080000000E+12   0.4024125800587E-22
  0.2070600000000E+12   0.8976367409867E-22
  0.2728930000000E+12   0.1986391454894E-21
  0.3596580000000E+12   0.4648465293599E-21
  0.4740100000000E+12   0.1246454349166E-20
  0.6247180000000E+12   0.3295711180595E-20
  0.8233440000000E+12   0.8487177474060E-20
  0.1085120000000E+13   0.2099738656470E-19
  0.1430130000000E+13   0.4884175376347E-19
  0.1884830000000E+13   0.1038954000661E-18
  0.2484100000000E+13   0.1945616579565E-18
  0.3273910000000E+13   0.3053751040080E-18
  0.4314820000000E+13   0.3855983470904E-18
  0.5686700000000E+13   0.3918035870018E-18
  0.7494750000000E+13   0.3468328022881E-18
  0.7682960000000E+13   0.3418235543105E-18
  0.7875890000000E+13   0.3366276952364E-18
  0.8073670000000E+13   0.3312092766677E-18
  0.8276410000000E+13   0.3255917734517E-18
  0.8484250000000E+13   0.3198457713633E-18
  0.8697300000000E+13   0.3144303348193E-18
  0.8915700000000E+13   0.3087831150595E-18
  0.9139590000000E+13   0.3036022858633E-18
  0.9369100000000E+13   0.2983063763101E-18
  0.9604380000000E+13   0.2931634724676E-18
  0.9845560000000E+13   0.2881495123062E-18
  0.1009280000000E+14   0.2829169895786E-18
  0.1034620000000E+14   0.2777184857776E-18
  0.1060610000000E+14   0.2722443896443E-18
  0.1087240000000E+14   0.2671723513587E-18
  0.1114540000000E+14   0.2619263021855E-18
  0.1142530000000E+14   0.2567864266084E-18
  0.1171220000000E+14   0.2516797528400E-18
  0.1200630000000E+14   0.2463741101880E-18
  0.1230780000000E+14   0.2410732345712E-18
  0.1261690000000E+14   0.2355357041014E-18
  0.1293370000000E+14   0.2305326819350E-18
  0.1325850000000E+14   0.2253662871763E-18
  0.1359150000000E+14   0.2203090890594E-18
  0.1393280000000E+14   0.2152615070285E-18
  0.1428260000000E+14   0.2102275213683E-18
  0.1464130000000E+14   0.2056517137672E-18
  0.1500900000000E+14   0.2008340757342E-18
  0.1538590000000E+14   0.1948382309369E-18
  0.1577220000000E+14   0.1887401238282E-18
  0.1616830000000E+14   0.1796268778758E-18
  0.1657430000000E+14   0.1691244866310E-18
  0.1699050000000E+14   0.1581100759373E-18
  0.1741720000000E+14   0.1450693994954E-18
  0.1785460000000E+14   0.1329615488926E-18
  0.1830290000000E+14   0.1205087882031E-18
  0.1876260000000E+14   0.1089640351551E-18
  0.1923370000000E+14   0.9876495102235E-19
  0.1971670000000E+14   0.8959953127651E-19
  0.2021180000000E+14   0.8169202159592E-19
  0.2071940000000E+14   0.7550151722946E-19
  0.2123970000000E+14   0.6987804058264E-19
  0.2177310000000E+14   0.6899304633913E-19
  0.2231980000000E+14   0.6799984373465E-19
  0.2288030000000E+14   0.6830504003806E-19
  0.2345490000000E+14   0.6888725562186E-19
  0.2404390000000E+14   0.6955460997522E-19
  0.2464770000000E+14   0.7053910399986E-19
  0.2526660000000E+14   0.7118664570982E-19
  0.2590110000000E+14   0.7198454070964E-19
  0.2655150000000E+14   0.7244935647068E-19
  0.2721830000000E+14   0.7347699286370E-19
  0.2790180000000E+14   0.7444778142110E-19
  0.2860240000000E+14   0.7480979548963E-19
  0.2932070000000E+14   0.7454106377377E-19
  0.3005700000000E+14   0.7403700197574E-19
  0.3081180000000E+14   0.7238975158251E-19
  0.3158550000000E+14   0.7080725125775E-19
  0.3237870000000E+14   0.6506305230519E-19
  0.3319170000000E+14   0.5844967286800E-19
  0.3402530000000E+14   0.5238158140457E-19
  0.3487970000000E+14   0.4680274282667E-19
  0.3575560000000E+14   0.4162385434657E-19
  0.3665350000000E+14   0.3698272961275E-19
  0.3757390000000E+14   0.3242262937252E-19
  0.3851740000000E+14   0.2955169549683E-19
  0.3948470000000E+14   0.2717589602026E-19
  0.4047620000000E+14   0.2566090887650E-19
  0.4149260000000E+14   0.2527027325450E-19
  0.4253460000000E+14   0.2498737143560E-19
  0.4360270000000E+14   0.2511431657615E-19
  0.4469770000000E+14   0.2528327163875E-19
  0.4582010000000E+14   0.2549722214361E-19
  0.4697070000000E+14   0.2575106366985E-19
  0.4815020000000E+14   0.2603080444116E-19
  0.4935940000000E+14   0.2633547099654E-19
  0.5059890000000E+14   0.2667603010243E-19
  0.5186950000000E+14   0.2705663894147E-19
  0.5317200000000E+14   0.2746721404700E-19
  0.5450730000000E+14   0.2792111890728E-19
  0.6258450000000E+14   0.3097551866252E-19
  0.7185870000000E+14   0.3467325919914E-19
  0.8250720000000E+14   0.3866798187511E-19
  0.9473370000000E+14   0.4278018249737E-19
  0.1087720000000E+15   0.4694734559704E-19
  0.1248910000000E+15   0.5120083711408E-19
  0.1433980000000E+15   0.5559416784251E-19
  0.1646470000000E+15   0.6015130132565E-19
  0.1890460000000E+15   0.6475702166644E-19
  0.2170600000000E+15   0.6895637766900E-19
  0.2492250000000E+15   0.7200621900175E-19
  0.2861570000000E+15   0.7294106765525E-19
  0.3285620000000E+15   0.7086210438025E-19
  0.3772500000000E+15   0.6527152099228E-19
  0.4331540000000E+15   0.5634138941073E-19
  0.4973410000000E+15   0.4501589480610E-19
  0.5710410000000E+15   0.3284649113461E-19
  0.6556610000000E+15   0.2156326278702E-19
  0.7528220000000E+15   0.1252500469591E-19
  0.8643800000000E+15   0.6316999465337E-20
  0.9924690000000E+15   0.2708029602679E-20
  0.1139540000000E+16   0.9630648032452E-21
  0.1308400000000E+16   0.2763609467636E-21
  0.1502290000000E+16   0.6198049001184E-22
  0.1724910000000E+16   0.1047499870511E-22
  0.1980520000000E+16   0.1279259833903E-23
  0.2274010000000E+16   0.1075859863259E-24
  0.2610990000000E+16   0.5895789263350E-26
  0.2997900000000E+16   0.1975959756308E-27
