mstar = 0.243 Msun, Rstar = 3.4441 Rsun, Tstar = 4495, mdisk = 0.0047554 Msun, Rc = 38.278 AU, Rin = 0.0967 AU, Rout = 160.9 AU, inclination = 45 degree, powerlaw = -1 
         130
  
  0.2997900000000E+11   0.9083868136115E-23
  0.3951060000000E+11   0.2058915341304E-22
  0.5207280000000E+11   0.4655534695359E-22
  0.6862910000000E+11   0.1049512632148E-21
  0.9044930000000E+11   0.2356994903581E-21
  0.1192070000000E+12   0.5268307075980E-21
  0.1571080000000E+12   0.1170593965647E-20
  0.2070600000000E+12   0.2581534265283E-20
  0.2728930000000E+12   0.5638632226937E-20
  0.3596580000000E+12   0.1293253641527E-19
  0.4740100000000E+12   0.3331616269848E-19
  0.6247180000000E+12   0.8336146101693E-19
  0.8233440000000E+12   0.1990328711726E-18
  0.1085120000000E+13   0.4442195180626E-18
  0.1430130000000E+13   0.9016371734335E-18
  0.1884830000000E+13   0.1616996051201E-17
  0.2484100000000E+13   0.2508297560795E-17
  0.3273910000000E+13   0.3383030099678E-17
  0.4314820000000E+13   0.4118558350807E-17
  0.5686700000000E+13   0.4644460435473E-17
  0.7494750000000E+13   0.4812219433853E-17
  0.7682960000000E+13   0.4804242889066E-17
  0.7875890000000E+13   0.4791047786354E-17
  0.8073670000000E+13   0.4772156372195E-17
  0.8276410000000E+13   0.4747750403717E-17
  0.8484250000000E+13   0.4718553708355E-17
  0.8697300000000E+13   0.4689487902792E-17
  0.8915700000000E+13   0.4654573249747E-17
  0.9139590000000E+13   0.4621387685200E-17
  0.9369100000000E+13   0.4583746676021E-17
  0.9604380000000E+13   0.4544638190256E-17
  0.9845560000000E+13   0.4503906062460E-17
  0.1009280000000E+14   0.4457852117430E-17
  0.1034620000000E+14   0.4409329279606E-17
  0.1060610000000E+14   0.4355021255646E-17
  0.1087240000000E+14   0.4302510108106E-17
  0.1114540000000E+14   0.4245528594845E-17
  0.1142530000000E+14   0.4187289287866E-17
  0.1171220000000E+14   0.4127071437218E-17
  0.1200630000000E+14   0.4062378812558E-17
  0.1230780000000E+14   0.3995565045593E-17
  0.1261690000000E+14   0.3923996937523E-17
  0.1293370000000E+14   0.3856479527406E-17
  0.1325850000000E+14   0.3785226636730E-17
  0.1359150000000E+14   0.3713416338791E-17
  0.1393280000000E+14   0.3640016610514E-17
  0.1428260000000E+14   0.3565168403364E-17
  0.1464130000000E+14   0.3493994077831E-17
  0.1500900000000E+14   0.3418637336891E-17
  0.1538590000000E+14   0.3328607339318E-17
  0.1577220000000E+14   0.3236189788259E-17
  0.1616830000000E+14   0.3108205535681E-17
  0.1657430000000E+14   0.2962636305586E-17
  0.1699050000000E+14   0.2809100650870E-17
  0.1741720000000E+14   0.2628648129255E-17
  0.1785460000000E+14   0.2456071577350E-17
  0.1830290000000E+14   0.2275170618189E-17
  0.1876260000000E+14   0.2101624962819E-17
  0.1923370000000E+14   0.1942039991348E-17
  0.1971670000000E+14   0.1793134388846E-17
  0.2021180000000E+14   0.1659194348459E-17
  0.2071940000000E+14   0.1548731100786E-17
  0.2123970000000E+14   0.1445219401523E-17
  0.2177310000000E+14   0.1416568929642E-17
  0.2231980000000E+14   0.1385962002125E-17
  0.2288030000000E+14   0.1375367750276E-17
  0.2345490000000E+14   0.1368216094476E-17
  0.2404390000000E+14   0.1361303936385E-17
  0.2464770000000E+14   0.1357808495144E-17
  0.2526660000000E+14   0.1348224620737E-17
  0.2590110000000E+14   0.1339565229470E-17
  0.2655150000000E+14   0.1325352325633E-17
  0.2721830000000E+14   0.1317218148399E-17
  0.2790180000000E+14   0.1306867316032E-17
  0.2860240000000E+14   0.1288043662187E-17
  0.2932070000000E+14   0.1261363252489E-17
  0.3005700000000E+14   0.1231876332014E-17
  0.3081180000000E+14   0.1190436552767E-17
  0.3158550000000E+14   0.1150249702129E-17
  0.3237870000000E+14   0.1066914441222E-17
  0.3319170000000E+14   0.9714412344009E-18
  0.3402530000000E+14   0.8781200708983E-18
  0.3487970000000E+14   0.7863996727028E-18
  0.3575560000000E+14   0.6945080319916E-18
  0.3665350000000E+14   0.6047813036489E-18
  0.3757390000000E+14   0.5106628728140E-18
  0.3851740000000E+14   0.4456744613347E-18
  0.3948470000000E+14   0.3890011404232E-18
  0.4047620000000E+14   0.3492730531122E-18
  0.4149260000000E+14   0.3313174618239E-18
  0.4253460000000E+14   0.3156480209644E-18
  0.4360270000000E+14   0.3072855649100E-18
  0.4469770000000E+14   0.2996570901860E-18
  0.4582010000000E+14   0.2928030455831E-18
  0.4697070000000E+14   0.2866209044437E-18
  0.4815020000000E+14   0.2808844041172E-18
  0.4935940000000E+14   0.2755858135467E-18
  0.5059890000000E+14   0.2708990538221E-18
  0.5186950000000E+14   0.2668838817050E-18
  0.5317200000000E+14   0.2633838947609E-18
  0.5450730000000E+14   0.2605885676236E-18
  0.6258450000000E+14   0.2538703091563E-18
  0.7185870000000E+14   0.2587452224690E-18
  0.8250720000000E+14   0.2709301016665E-18
  0.9473370000000E+14   0.2874679452063E-18
  0.1087720000000E+15   0.3053926860498E-18
  0.1248910000000E+15   0.3219678587074E-18
  0.1433980000000E+15   0.3349304409715E-18
  0.1646470000000E+15   0.3430255463675E-18
  0.1890460000000E+15   0.3461273712823E-18
  0.2170600000000E+15   0.3434457969162E-18
  0.2492250000000E+15   0.3337861530944E-18
  0.2861570000000E+15   0.3141667406949E-18
  0.3285620000000E+15   0.2812630092600E-18
  0.3772500000000E+15   0.2342298425018E-18
  0.4331540000000E+15   0.1761825836153E-18
  0.4973410000000E+15   0.1162636897340E-18
  0.5710410000000E+15   0.6519634538317E-19
  0.6556610000000E+15   0.2934598726367E-19
  0.7528220000000E+15   0.9040667149203E-20
  0.8643800000000E+15   0.2355563391030E-20
  0.9924690000000E+15   0.6999263232957E-21
  0.1139540000000E+16   0.9299484201123E-22
  0.1308400000000E+16   0.2816929938171E-22
  0.1502290000000E+16   0.8953111078396E-23
  0.1724910000000E+16   0.2308512800933E-23
  0.1980520000000E+16   0.2062860318651E-24
  0.2274010000000E+16   0.1421960549617E-25
  0.2610990000000E+16   0.6102915013549E-27
  0.2997900000000E+16   0.1523682704733E-28
