mstar = 0.1693 Msun, Rstar = 2.3386 Rsun, Tstar = 4624.1, mdisk = 0.00016913 Msun, Rc = 22.246 AU, Rin = 0.198 AU, Rout = 69.777 AU, inclination = 45 degree, powerlaw = -1 
         130
  
  0.2997900000000E+11   0.3883810305296E-24
  0.3951060000000E+11   0.8801446666638E-24
  0.5207280000000E+11   0.1995768542380E-23
  0.6862910000000E+11   0.4524996787799E-23
  0.9044930000000E+11   0.1025082098254E-22
  0.1192070000000E+12   0.2318348883394E-22
  0.1571080000000E+12   0.5229704862708E-22
  0.2070600000000E+12   0.1175298771701E-21
  0.2728930000000E+12   0.2627566657442E-21
  0.3596580000000E+12   0.6236295055522E-21
  0.4740100000000E+12   0.1706624080964E-20
  0.6247180000000E+12   0.4639812369261E-20
  0.8233440000000E+12   0.1240133542859E-19
  0.1085120000000E+13   0.3224334172574E-19
  0.1430130000000E+13   0.8025715920085E-19
  0.1884830000000E+13   0.1876098076930E-18
  0.2484100000000E+13   0.4006248109864E-18
  0.3273910000000E+13   0.7506656864502E-18
  0.4314820000000E+13   0.1181189974816E-17
  0.5686700000000E+13   0.1503408149041E-17
  0.7494750000000E+13   0.1571154729806E-17
  0.7682960000000E+13   0.1566005394581E-17
  0.7875890000000E+13   0.1559087784637E-17
  0.8073670000000E+13   0.1550355900026E-17
  0.8276410000000E+13   0.1539959563618E-17
  0.8484250000000E+13   0.1528208172086E-17
  0.8697300000000E+13   0.1516764803042E-17
  0.8915700000000E+13   0.1503757994959E-17
  0.9139590000000E+13   0.1491715935222E-17
  0.9369100000000E+13   0.1478660404156E-17
  0.9604380000000E+13   0.1465608367577E-17
  0.9845560000000E+13   0.1452535366607E-17
  0.1009280000000E+14   0.1438191113813E-17
  0.1034620000000E+14   0.1423527473629E-17
  0.1060610000000E+14   0.1407374268900E-17
  0.1087240000000E+14   0.1392339253124E-17
  0.1114540000000E+14   0.1376207169189E-17
  0.1142530000000E+14   0.1360073121545E-17
  0.1171220000000E+14   0.1343642318049E-17
  0.1200630000000E+14   0.1325959950375E-17
  0.1230780000000E+14   0.1307824251003E-17
  0.1261690000000E+14   0.1288207957428E-17
  0.1293370000000E+14   0.1270334960254E-17
  0.1325850000000E+14   0.1251271419267E-17
  0.1359150000000E+14   0.1232163797618E-17
  0.1393280000000E+14   0.1212576726902E-17
  0.1428260000000E+14   0.1192518515886E-17
  0.1464130000000E+14   0.1173958401892E-17
  0.1500900000000E+14   0.1153796073233E-17
  0.1538590000000E+14   0.1127771016454E-17
  0.1577220000000E+14   0.1100650682161E-17
  0.1616830000000E+14   0.1058975841475E-17
  0.1657430000000E+14   0.1009830584317E-17
  0.1699050000000E+14   0.9570788841514E-18
  0.1741720000000E+14   0.8931466798785E-18
  0.1785460000000E+14   0.8321375897877E-18
  0.1830290000000E+14   0.7676809599241E-18
  0.1876260000000E+14   0.7061243518667E-18
  0.1923370000000E+14   0.6500642787194E-18
  0.1971670000000E+14   0.5982077260966E-18
  0.2021180000000E+14   0.5521604607913E-18
  0.2071940000000E+14   0.5150486988695E-18
  0.2123970000000E+14   0.4805799257455E-18
  0.2177310000000E+14   0.4740076002053E-18
  0.2231980000000E+14   0.4667095836982E-18
  0.2288030000000E+14   0.4670106450120E-18
  0.2345490000000E+14   0.4687557179320E-18
  0.2404390000000E+14   0.4707509495692E-18
  0.2464770000000E+14   0.4742716588509E-18
  0.2526660000000E+14   0.4755714480213E-18
  0.2590110000000E+14   0.4774258863924E-18
  0.2655150000000E+14   0.4771871889894E-18
  0.2721830000000E+14   0.4796772048897E-18
  0.2790180000000E+14   0.4815107198781E-18
  0.2860240000000E+14   0.4799195020731E-18
  0.2932070000000E+14   0.4749956692987E-18
  0.3005700000000E+14   0.4688803165831E-18
  0.3081180000000E+14   0.4573053998097E-18
  0.3158550000000E+14   0.4462325211457E-18
  0.3237870000000E+14   0.4154981753849E-18
  0.3319170000000E+14   0.3803083498994E-18
  0.3402530000000E+14   0.3473366423465E-18
  0.3487970000000E+14   0.3162920425484E-18
  0.3575560000000E+14   0.2864405258182E-18
  0.3665350000000E+14   0.2584671202070E-18
  0.3757390000000E+14   0.2297339632270E-18
  0.3851740000000E+14   0.2112436930122E-18
  0.3948470000000E+14   0.1953182620832E-18
  0.4047620000000E+14   0.1847488953440E-18
  0.4149260000000E+14   0.1816046465873E-18
  0.4253460000000E+14   0.1790199632679E-18
  0.4360270000000E+14   0.1790425528255E-18
  0.4469770000000E+14   0.1791846744416E-18
  0.4582010000000E+14   0.1794544043134E-18
  0.4697070000000E+14   0.1798047074600E-18
  0.4815020000000E+14   0.1801227763827E-18
  0.4935940000000E+14   0.1803894780094E-18
  0.5059890000000E+14   0.1806794074257E-18
  0.5186950000000E+14   0.1810223444264E-18
  0.5317200000000E+14   0.1813399757181E-18
  0.5450730000000E+14   0.1817410067570E-18
  0.6258450000000E+14   0.1835549956912E-18
  0.7185870000000E+14   0.1833391387060E-18
  0.8250720000000E+14   0.1795240772113E-18
  0.9473370000000E+14   0.1725053350736E-18
  0.1087720000000E+15   0.1640754427313E-18
  0.1248910000000E+15   0.1566444668396E-18
  0.1433980000000E+15   0.1522397500383E-18
  0.1646470000000E+15   0.1519446858353E-18
  0.1890460000000E+15   0.1553713447392E-18
  0.2170600000000E+15   0.1603659602070E-18
  0.2492250000000E+15   0.1638772388252E-18
  0.2861570000000E+15   0.1626603165811E-18
  0.3285620000000E+15   0.1542601603141E-18
  0.3772500000000E+15   0.1377895213897E-18
  0.4331540000000E+15   0.1142688639638E-18
  0.4973410000000E+15   0.8669761169322E-19
  0.5710410000000E+15   0.5921378663011E-19
  0.6556610000000E+15   0.3564647716087E-19
  0.7528220000000E+15   0.1822988182514E-19
  0.8643800000000E+15   0.8016675771285E-20
  0.9924690000000E+15   0.3098256017374E-20
  0.1139540000000E+16   0.9053267594890E-21
  0.1308400000000E+16   0.2439443504299E-21
  0.1502290000000E+16   0.5293735072646E-22
  0.1724910000000E+16   0.8640748833271E-23
  0.1980520000000E+16   0.9088028082556E-24
  0.2274010000000E+16   0.6580863672086E-25
  0.2610990000000E+16   0.3030449845287E-26
  0.2997900000000E+16   0.8301547235226E-28
