mstar = 0.9939 Msun, Rstar = 2.5208 Rsun, Tstar = 6004.7, mdisk = 0.00032683 Msun, Rc = 43.532 AU, Rin = 0.3659 AU, Rout = 159.84 AU, inclination = 45 degree, powerlaw = -1 
         130
  
  0.2997900000000E+11   0.6429571919073E-24
  0.3951060000000E+11   0.1457591631167E-23
  0.5207280000000E+11   0.3305613074840E-23
  0.6862910000000E+11   0.7494188644090E-23
  0.9044930000000E+11   0.1697184899469E-22
  0.1192070000000E+12   0.3836206651946E-22
  0.1571080000000E+12   0.8645960428847E-22
  0.2070600000000E+12   0.1940558029558E-21
  0.2728930000000E+12   0.4330607718617E-21
  0.3596580000000E+12   0.1025513573290E-20
  0.4740100000000E+12   0.2802254972056E-20
  0.6247180000000E+12   0.7616976501120E-20
  0.8233440000000E+12   0.2039451543491E-19
  0.1085120000000E+13   0.5325025008387E-19
  0.1430130000000E+13   0.1334667172295E-18
  0.1884830000000E+13   0.3151545426417E-18
  0.2484100000000E+13   0.6825985768360E-18
  0.3273910000000E+13   0.1302482809909E-17
  0.4314820000000E+13   0.2087848608031E-17
  0.5686700000000E+13   0.2661711190639E-17
  0.7494750000000E+13   0.2646595923754E-17
  0.7682960000000E+13   0.2617561595896E-17
  0.7875890000000E+13   0.2584528264411E-17
  0.8073670000000E+13   0.2547613111261E-17
  0.8276410000000E+13   0.2507336307708E-17
  0.8484250000000E+13   0.2464511405862E-17
  0.8697300000000E+13   0.2422445237132E-17
  0.8915700000000E+13   0.2377788093123E-17
  0.9139590000000E+13   0.2335352965609E-17
  0.9369100000000E+13   0.2291663806074E-17
  0.9604380000000E+13   0.2248715740791E-17
  0.9845560000000E+13   0.2206594756413E-17
  0.1009280000000E+14   0.2163240868016E-17
  0.1034620000000E+14   0.2120455234410E-17
  0.1060610000000E+14   0.2076305111160E-17
  0.1087240000000E+14   0.2035394674987E-17
  0.1114540000000E+14   0.1993944475819E-17
  0.1142530000000E+14   0.1953870717962E-17
  0.1171220000000E+14   0.1914687215720E-17
  0.1200630000000E+14   0.1874761776321E-17
  0.1230780000000E+14   0.1835443263161E-17
  0.1261690000000E+14   0.1794946377982E-17
  0.1293370000000E+14   0.1758728913546E-17
  0.1325850000000E+14   0.1721731127546E-17
  0.1359150000000E+14   0.1685853178994E-17
  0.1393280000000E+14   0.1650291043669E-17
  0.1428260000000E+14   0.1614994792814E-17
  0.1464130000000E+14   0.1583261898283E-17
  0.1500900000000E+14   0.1549738787127E-17
  0.1538590000000E+14   0.1507101491164E-17
  0.1577220000000E+14   0.1463442937774E-17
  0.1616830000000E+14   0.1395961452182E-17
  0.1657430000000E+14   0.1316963918702E-17
  0.1699050000000E+14   0.1233180604440E-17
  0.1741720000000E+14   0.1132546843390E-17
  0.1785460000000E+14   0.1038498811124E-17
  0.1830290000000E+14   0.9409375271183E-18
  0.1876260000000E+14   0.8500316255324E-18
  0.1923370000000E+14   0.7694788605245E-18
  0.1971670000000E+14   0.6969709688120E-18
  0.2021180000000E+14   0.6344814818734E-18
  0.2071940000000E+14   0.5858856224315E-18
  0.2123970000000E+14   0.5419089731047E-18
  0.2177310000000E+14   0.5367334702803E-18
  0.2231980000000E+14   0.5308566355753E-18
  0.2288030000000E+14   0.5357684593428E-18
  0.2345490000000E+14   0.5430968536326E-18
  0.2404390000000E+14   0.5512038421790E-18
  0.2464770000000E+14   0.5619223734497E-18
  0.2526660000000E+14   0.5698807820315E-18
  0.2590110000000E+14   0.5790364391229E-18
  0.2655150000000E+14   0.5854621394175E-18
  0.2721830000000E+14   0.5962840822988E-18
  0.2790180000000E+14   0.6064899696623E-18
  0.2860240000000E+14   0.6118061125220E-18
  0.2932070000000E+14   0.6122161917188E-18
  0.3005700000000E+14   0.6109140945575E-18
  0.3081180000000E+14   0.6011965209393E-18
  0.3158550000000E+14   0.5922880207882E-18
  0.3237870000000E+14   0.5530377010738E-18
  0.3319170000000E+14   0.5076896065028E-18
  0.3402530000000E+14   0.4663084123252E-18
  0.3487970000000E+14   0.4280523982641E-18
  0.3575560000000E+14   0.3913982857520E-18
  0.3665350000000E+14   0.3567849090498E-18
  0.3757390000000E+14   0.3197436808020E-18
  0.3851740000000E+14   0.2963447751367E-18
  0.3948470000000E+14   0.2754947473283E-18
  0.4047620000000E+14   0.2617675541269E-18
  0.4149260000000E+14   0.2588829544785E-18
  0.4253460000000E+14   0.2564323701853E-18
  0.4360270000000E+14   0.2578821677804E-18
  0.4469770000000E+14   0.2593096031751E-18
  0.4582010000000E+14   0.2607491622065E-18
  0.4697070000000E+14   0.2621398994031E-18
  0.4815020000000E+14   0.2632992975749E-18
  0.4935940000000E+14   0.2642056569566E-18
  0.5059890000000E+14   0.2650133091423E-18
  0.5186950000000E+14   0.2658051491522E-18
  0.5317200000000E+14   0.2664529781985E-18
  0.5450730000000E+14   0.2671940782564E-18
  0.6258450000000E+14   0.2701864630493E-18
  0.7185870000000E+14   0.2706389678119E-18
  0.8250720000000E+14   0.2671566305669E-18
  0.9473370000000E+14   0.2612414864731E-18
  0.1087720000000E+15   0.2563272804658E-18
  0.1248910000000E+15   0.2562539083982E-18
  0.1433980000000E+15   0.2639353410902E-18
  0.1646470000000E+15   0.2808696035148E-18
  0.1890460000000E+15   0.3065554995293E-18
  0.2170600000000E+15   0.3380053232457E-18
  0.2492250000000E+15   0.3705550419354E-18
  0.2861570000000E+15   0.3982820829673E-18
  0.3285620000000E+15   0.4148899940755E-18
  0.3772500000000E+15   0.4147632205734E-18
  0.4331540000000E+15   0.3941826820780E-18
  0.4973410000000E+15   0.3526209793083E-18
  0.5710410000000E+15   0.2936585641261E-18
  0.6556610000000E+15   0.2248630492621E-18
  0.7528220000000E+15   0.1561198970702E-18
  0.8643800000000E+15   0.9674944760124E-19
  0.9924690000000E+15   0.5257821566830E-19
  0.1139540000000E+16   0.2456102379435E-19
  0.1308400000000E+16   0.9641091439552E-20
  0.1502290000000E+16   0.3098553157326E-20
  0.1724910000000E+16   0.7915459288758E-21
  0.1980520000000E+16   0.1553405361634E-21
  0.2274010000000E+16   0.2252219262491E-22
  0.2610990000000E+16   0.2306659152665E-23
  0.2997900000000E+16   0.1585045876387E-24
