mstar = 0.2162 Msun, Rstar = 2.2619 Rsun, Tstar = 3273.7, mdisk = 0.009336 Msun, Rc = 82.474 AU, Rin = 0.0663 AU, Rout = 107.047 AU, inclination = 45 degree, powerlaw = -1 
         130
  
  0.2997900000000E+11   0.8172808062482E-23
  0.3951060000000E+11   0.1851267986340E-22
  0.5207280000000E+11   0.4180873510472E-22
  0.6862910000000E+11   0.9405392219399E-22
  0.9044930000000E+11   0.2105186102110E-21
  0.1192070000000E+12   0.4680962193474E-21
  0.1571080000000E+12   0.1031845621964E-20
  0.2070600000000E+12   0.2248605608808E-20
  0.2728930000000E+12   0.4825935362835E-20
  0.3596580000000E+12   0.1083030647202E-19
  0.4740100000000E+12   0.2731470659805E-19
  0.6247180000000E+12   0.6628405414846E-19
  0.8233440000000E+12   0.1512570537686E-18
  0.1085120000000E+13   0.3154831425764E-18
  0.1430130000000E+13   0.5782434812082E-18
  0.1884830000000E+13   0.8908570903363E-18
  0.2484100000000E+13   0.1112054405818E-17
  0.3273910000000E+13   0.1134923103853E-17
  0.4314820000000E+13   0.1030282619985E-17
  0.5686700000000E+13   0.8849861404229E-18
  0.7494750000000E+13   0.6958709972149E-18
  0.7682960000000E+13   0.6769775506565E-18
  0.7875890000000E+13   0.6576819830336E-18
  0.8073670000000E+13   0.6379596709344E-18
  0.8276410000000E+13   0.6179266390794E-18
  0.8484250000000E+13   0.5977902958276E-18
  0.8697300000000E+13   0.5785010065723E-18
  0.8915700000000E+13   0.5589661023019E-18
  0.9139590000000E+13   0.5405375519829E-18
  0.9369100000000E+13   0.5221357288119E-18
  0.9604380000000E+13   0.5042725396049E-18
  0.9845560000000E+13   0.4869133352990E-18
  0.1009280000000E+14   0.4695059832355E-18
  0.1034620000000E+14   0.4525040271241E-18
  0.1060610000000E+14   0.4354494019199E-18
  0.1087240000000E+14   0.4193992146467E-18
  0.1114540000000E+14   0.4034887280577E-18
  0.1142530000000E+14   0.3881376101133E-18
  0.1171220000000E+14   0.3732443548904E-18
  0.1200630000000E+14   0.3585112055120E-18
  0.1230780000000E+14   0.3442163865027E-18
  0.1261690000000E+14   0.3300670298484E-18
  0.1293370000000E+14   0.3169932686790E-18
  0.1325850000000E+14   0.3041365003166E-18
  0.1359150000000E+14   0.2918109643618E-18
  0.1393280000000E+14   0.2798934621311E-18
  0.1428260000000E+14   0.2683800934323E-18
  0.1464130000000E+14   0.2577019271070E-18
  0.1500900000000E+14   0.2471302103383E-18
  0.1538590000000E+14   0.2358037689749E-18
  0.1577220000000E+14   0.2247915607251E-18
  0.1616830000000E+14   0.2115012133255E-18
  0.1657430000000E+14   0.1975076056697E-18
  0.1699050000000E+14   0.1835918032346E-18
  0.1741720000000E+14   0.1684166967419E-18
  0.1785460000000E+14   0.1545058443702E-18
  0.1830290000000E+14   0.1406822204950E-18
  0.1876260000000E+14   0.1279775588171E-18
  0.1923370000000E+14   0.1167418107554E-18
  0.1971670000000E+14   0.1066686034346E-18
  0.2021180000000E+14   0.9793340207128E-19
  0.2071940000000E+14   0.9094010454756E-19
  0.2123970000000E+14   0.8462358633111E-19
  0.2177310000000E+14   0.8273377265493E-19
  0.2231980000000E+14   0.8078025215758E-19
  0.2288030000000E+14   0.7993997384286E-19
  0.2345490000000E+14   0.7926811210464E-19
  0.2404390000000E+14   0.7858678415379E-19
  0.2464770000000E+14   0.7804789497740E-19
  0.2526660000000E+14   0.7717425095595E-19
  0.2590110000000E+14   0.7630767835008E-19
  0.2655150000000E+14   0.7515188474353E-19
  0.2721830000000E+14   0.7421854227595E-19
  0.2790180000000E+14   0.7313359851548E-19
  0.2860240000000E+14   0.7166978806397E-19
  0.2932070000000E+14   0.6990003343434E-19
  0.3005700000000E+14   0.6804280567841E-19
  0.3081180000000E+14   0.6583693318317E-19
  0.3158550000000E+14   0.6373984094036E-19
  0.3237870000000E+14   0.6050793552111E-19
  0.3319170000000E+14   0.5705558627632E-19
  0.3402530000000E+14   0.5376258052047E-19
  0.3487970000000E+14   0.5057081011097E-19
  0.3575560000000E+14   0.4740471723081E-19
  0.3665350000000E+14   0.4430524703148E-19
  0.3757390000000E+14   0.4092490461043E-19
  0.3851740000000E+14   0.3853752374225E-19
  0.3948470000000E+14   0.3640673763659E-19
  0.4047620000000E+14   0.3496410958037E-19
  0.4149260000000E+14   0.3452777614343E-19
  0.4253460000000E+14   0.3420557074195E-19
  0.4360270000000E+14   0.3425107794786E-19
  0.4469770000000E+14   0.3434596016919E-19
  0.4582010000000E+14   0.3449252296285E-19
  0.4697070000000E+14   0.3468621779807E-19
  0.4815020000000E+14   0.3491569837461E-19
  0.4935940000000E+14   0.3518029152929E-19
  0.5059890000000E+14   0.3548889277768E-19
  0.5186950000000E+14   0.3584338078384E-19
  0.5317200000000E+14   0.3623597889705E-19
  0.5450730000000E+14   0.3667449733143E-19
  0.6258450000000E+14   0.3970585482346E-19
  0.7185870000000E+14   0.4335064206890E-19
  0.8250720000000E+14   0.4708430228305E-19
  0.9473370000000E+14   0.5050882230625E-19
  0.1087720000000E+15   0.5332847103416E-19
  0.1248910000000E+15   0.5536722451516E-19
  0.1433980000000E+15   0.5648391413874E-19
  0.1646470000000E+15   0.5650138977076E-19
  0.1890460000000E+15   0.5513483258711E-19
  0.2170600000000E+15   0.5193738358254E-19
  0.2492250000000E+15   0.4655300661012E-19
  0.2861570000000E+15   0.3893981002436E-19
  0.3285620000000E+15   0.2968144356570E-19
  0.3772500000000E+15   0.2005860315130E-19
  0.4331540000000E+15   0.1156922412513E-19
  0.4973410000000E+15   0.5478983100817E-20
  0.5710410000000E+15   0.2037919559744E-20
  0.6556610000000E+15   0.5466799275905E-21
  0.7528220000000E+15   0.8248780467003E-22
  0.8643800000000E+15   0.9853058167152E-23
  0.9924690000000E+15   0.1507065822713E-23
  0.1139540000000E+16   0.6694240377532E-25
  0.1308400000000E+16   0.1160699011224E-25
  0.1502290000000E+16   0.2302749908429E-26
  0.1724910000000E+16   0.3501699773985E-27
  0.1980520000000E+16   0.1065215455310E-28
  0.2274010000000E+16   0.2341721912825E-30
  0.2610990000000E+16   0.2680448106163E-32
  0.2997900000000E+16   0.1455406070599E-34
