mstar = 2.3757 Msun, Rstar = 2.2984 Rsun, Tstar = 5787.5, mdisk = 0.0096666 Msun, Rc = 49.512 AU, Rin = 0.098 AU, Rout = 229.027 AU, inclination = 45 degree, powerlaw = -1 
         130
  
  0.2997900000000E+11   0.1103717563970E-22
  0.3951060000000E+11   0.2496137646120E-22
  0.5207280000000E+11   0.5627682635100E-22
  0.6862910000000E+11   0.1263861064728E-21
  0.9044930000000E+11   0.2824445287390E-21
  0.1192070000000E+12   0.6272648089364E-21
  0.1571080000000E+12   0.1381920672265E-20
  0.2070600000000E+12   0.3012960925573E-20
  0.2728930000000E+12   0.6480015996698E-20
  0.3596580000000E+12   0.1456032253498E-19
  0.4740100000000E+12   0.3650601971749E-19
  0.6247180000000E+12   0.8785497905197E-19
  0.8233440000000E+12   0.1982221892132E-18
  0.1085120000000E+13   0.4075696378964E-18
  0.1430130000000E+13   0.7363905402419E-18
  0.1884830000000E+13   0.1129341798316E-17
  0.2484100000000E+13   0.1452902542337E-17
  0.3273910000000E+13   0.1626877689924E-17
  0.4314820000000E+13   0.1684527575503E-17
  0.5686700000000E+13   0.1639557759762E-17
  0.7494750000000E+13   0.1475531222560E-17
  0.7682960000000E+13   0.1454939553016E-17
  0.7875890000000E+13   0.1432957457210E-17
  0.8073670000000E+13   0.1409419490835E-17
  0.8276410000000E+13   0.1384474859441E-17
  0.8484250000000E+13   0.1358526954913E-17
  0.8697300000000E+13   0.1333836432346E-17
  0.8915700000000E+13   0.1307706661817E-17
  0.9139590000000E+13   0.1283545696261E-17
  0.9369100000000E+13   0.1258597969880E-17
  0.9604380000000E+13   0.1234180737327E-17
  0.9845560000000E+13   0.1210210853807E-17
  0.1009280000000E+14   0.1185115004102E-17
  0.1034620000000E+14   0.1160119234204E-17
  0.1060610000000E+14   0.1133851904847E-17
  0.1087240000000E+14   0.1109449866848E-17
  0.1114540000000E+14   0.1084313908398E-17
  0.1142530000000E+14   0.1059756898600E-17
  0.1171220000000E+14   0.1035482050361E-17
  0.1200630000000E+14   0.1010489818984E-17
  0.1230780000000E+14   0.9856964319352E-18
  0.1261690000000E+14   0.9600702972445E-18
  0.1293370000000E+14   0.9369886577759E-18
  0.1325850000000E+14   0.9134307086918E-18
  0.1359150000000E+14   0.8905999327788E-18
  0.1393280000000E+14   0.8680896438882E-18
  0.1428260000000E+14   0.8459127180442E-18
  0.1464130000000E+14   0.8259449510394E-18
  0.1500900000000E+14   0.8052404162497E-18
  0.1538590000000E+14   0.7799173203288E-18
  0.1577220000000E+14   0.7545129828687E-18
  0.1616830000000E+14   0.7170682760612E-18
  0.1657430000000E+14   0.6744423394146E-18
  0.1699050000000E+14   0.6302700932905E-18
  0.1741720000000E+14   0.5783817629400E-18
  0.1785460000000E+14   0.5308141583694E-18
  0.1830290000000E+14   0.4823072370184E-18
  0.1876260000000E+14   0.4379674410102E-18
  0.1923370000000E+14   0.3992294586027E-18
  0.1971670000000E+14   0.3644330933626E-18
  0.2021180000000E+14   0.3348579077855E-18
  0.2071940000000E+14   0.3123236849363E-18
  0.2123970000000E+14   0.2920829041523E-18
  0.2177310000000E+14   0.2911043909336E-18
  0.2231980000000E+14   0.2897880275002E-18
  0.2288030000000E+14   0.2940108980168E-18
  0.2345490000000E+14   0.2996340951072E-18
  0.2404390000000E+14   0.3059197713504E-18
  0.2464770000000E+14   0.3139753741599E-18
  0.2526660000000E+14   0.3207053576086E-18
  0.2590110000000E+14   0.3279976203647E-18
  0.2655150000000E+14   0.3341218395059E-18
  0.2721830000000E+14   0.3428752231762E-18
  0.2790180000000E+14   0.3514895476381E-18
  0.2860240000000E+14   0.3574459095682E-18
  0.2932070000000E+14   0.3605599658480E-18
  0.3005700000000E+14   0.3625523005792E-18
  0.3081180000000E+14   0.3595677938246E-18
  0.3158550000000E+14   0.3567303512619E-18
  0.3237870000000E+14   0.3346840237192E-18
  0.3319170000000E+14   0.3054076112384E-18
  0.3402530000000E+14   0.2749329139680E-18
  0.3487970000000E+14   0.2448406805341E-18
  0.3575560000000E+14   0.2155727245970E-18
  0.3665350000000E+14   0.1879119379134E-18
  0.3757390000000E+14   0.1599488787692E-18
  0.3851740000000E+14   0.1420768323411E-18
  0.3948470000000E+14   0.1265865903583E-18
  0.4047620000000E+14   0.1159509193491E-18
  0.4149260000000E+14   0.1116773210840E-18
  0.4253460000000E+14   0.1079131983288E-18
  0.4360270000000E+14   0.1063470014948E-18
  0.4469770000000E+14   0.1049068727909E-18
  0.4582010000000E+14   0.1036444465867E-18
  0.4697070000000E+14   0.1025447572671E-18
  0.4815020000000E+14   0.1015453500680E-18
  0.4935940000000E+14   0.1006556629647E-18
  0.5059890000000E+14   0.9995277169214E-19
  0.5186950000000E+14   0.9947152883839E-19
  0.5317200000000E+14   0.9916625140645E-19
  0.5450730000000E+14   0.9911020963643E-19
  0.6258450000000E+14   0.1022862390286E-18
  0.7185870000000E+14   0.1108092772136E-18
  0.8250720000000E+14   0.1234559688834E-18
  0.9473370000000E+14   0.1392535874610E-18
  0.1087720000000E+15   0.1573125855111E-18
  0.1248910000000E+15   0.1769945921180E-18
  0.1433980000000E+15   0.1978738566805E-18
  0.1646470000000E+15   0.2197655671821E-18
  0.1890460000000E+15   0.2425832826728E-18
  0.2170600000000E+15   0.2655176730971E-18
  0.2492250000000E+15   0.2868820511671E-18
  0.2861570000000E+15   0.3035523302501E-18
  0.3285620000000E+15   0.3114694419736E-18
  0.3772500000000E+15   0.3067125132292E-18
  0.4331540000000E+15   0.2868040803015E-18
  0.4973410000000E+15   0.2518985438187E-18
  0.5710410000000E+15   0.2053691211882E-18
  0.6556610000000E+15   0.1534181899045E-18
  0.7528220000000E+15   0.1035043380649E-18
  0.8643800000000E+15   0.6204833287093E-19
  0.9924690000000E+15   0.3245350228442E-19
  0.1139540000000E+16   0.1450680001023E-19
  0.1308400000000E+16   0.5413329948920E-20
  0.1502290000000E+16   0.1641509983058E-20
  0.1724910000000E+16   0.3922469959087E-21
  0.1980520000000E+16   0.7129689925498E-22
  0.2274010000000E+16   0.9465999901102E-23
  0.2610990000000E+16   0.8762759908464E-24
  0.2997900000000E+16   0.5361669943999E-25
