mstar = 0.4913 Msun, Rstar = 1.603 Rsun, Tstar = 3509.2, mdisk = 0.0018755 Msun, Rc = 30.507 AU, Rin = 0.1492 AU, Rout = 149.494 AU, inclination = 45 degree, powerlaw = -1 
         130
  
  0.2997900000000E+11   0.1752915397791E-23
  0.3951060000000E+11   0.3974102190603E-23
  0.5207280000000E+11   0.8985007104384E-23
  0.6862910000000E+11   0.2023921265376E-22
  0.9044930000000E+11   0.4536682957212E-22
  0.1192070000000E+12   0.1010348014851E-21
  0.1571080000000E+12   0.2231016972089E-21
  0.2070600000000E+12   0.4871336384495E-21
  0.2728930000000E+12   0.1047892886894E-20
  0.3596580000000E+12   0.2356930055308E-20
  0.4740100000000E+12   0.5948185559469E-20
  0.6247180000000E+12   0.1443436543120E-19
  0.8233440000000E+12   0.3291911699853E-19
  0.1085120000000E+13   0.6857299577224E-19
  0.1430130000000E+13   0.1254428834822E-18
  0.1884830000000E+13   0.1929247038146E-18
  0.2484100000000E+13   0.2413673630232E-18
  0.3273910000000E+13   0.2500572070008E-18
  0.4314820000000E+13   0.2347807937495E-18
  0.5686700000000E+13   0.2114009452065E-18
  0.7494750000000E+13   0.1762054867873E-18
  0.7682960000000E+13   0.1723802800612E-18
  0.7875890000000E+13   0.1683957772642E-18
  0.8073670000000E+13   0.1642372371642E-18
  0.8276410000000E+13   0.1599301206614E-18
  0.8484250000000E+13   0.1555283049794E-18
  0.8697300000000E+13   0.1513096162730E-18
  0.8915700000000E+13   0.1469489403656E-18
  0.9139590000000E+13   0.1428516543641E-18
  0.9369100000000E+13   0.1386913273226E-18
  0.9604380000000E+13   0.1346238296318E-18
  0.9845560000000E+13   0.1306401193271E-18
  0.1009280000000E+14   0.1265651842605E-18
  0.1034620000000E+14   0.1225416142413E-18
  0.1060610000000E+14   0.1184201468612E-18
  0.1087240000000E+14   0.1145459745229E-18
  0.1114540000000E+14   0.1106397292588E-18
  0.1142530000000E+14   0.1068423533729E-18
  0.1171220000000E+14   0.1031221217260E-18
  0.1200630000000E+14   0.9937914115384E-19
  0.1230780000000E+14   0.9571138250734E-19
  0.1261690000000E+14   0.9202031088793E-19
  0.1293370000000E+14   0.8863580143095E-19
  0.1325850000000E+14   0.8526192524914E-19
  0.1359150000000E+14   0.8201375979371E-19
  0.1393280000000E+14   0.7885241591429E-19
  0.1428260000000E+14   0.7578066884110E-19
  0.1464130000000E+14   0.7296373198932E-19
  0.1500900000000E+14   0.7013649790069E-19
  0.1538590000000E+14   0.6697447018476E-19
  0.1577220000000E+14   0.6387996479246E-19
  0.1616830000000E+14   0.5987391279630E-19
  0.1657430000000E+14   0.5556838294780E-19
  0.1699050000000E+14   0.5127898975482E-19
  0.1741720000000E+14   0.4655085598245E-19
  0.1785460000000E+14   0.4232697854094E-19
  0.1830290000000E+14   0.3820583495210E-19
  0.1876260000000E+14   0.3455141701073E-19
  0.1923370000000E+14   0.3146168108236E-19
  0.1971670000000E+14   0.2882072926708E-19
  0.2021180000000E+14   0.2665675123595E-19
  0.2071940000000E+14   0.2505442551058E-19
  0.2123970000000E+14   0.2369053260695E-19
  0.2177310000000E+14   0.2354590099826E-19
  0.2231980000000E+14   0.2339455050258E-19
  0.2288030000000E+14   0.2355172876760E-19
  0.2345490000000E+14   0.2376621047492E-19
  0.2404390000000E+14   0.2399163679672E-19
  0.2464770000000E+14   0.2427181342582E-19
  0.2526660000000E+14   0.2447520515270E-19
  0.2590110000000E+14   0.2469867664811E-19
  0.2655150000000E+14   0.2485456194777E-19
  0.2721830000000E+14   0.2509906571230E-19
  0.2790180000000E+14   0.2532172947044E-19
  0.2860240000000E+14   0.2544309887257E-19
  0.2932070000000E+14   0.2547466626594E-19
  0.3005700000000E+14   0.2548398215240E-19
  0.3081180000000E+14   0.2536211066067E-19
  0.3158550000000E+14   0.2527574726087E-19
  0.3237870000000E+14   0.2474317144783E-19
  0.3319170000000E+14   0.2417670843640E-19
  0.3402530000000E+14   0.2371783144334E-19
  0.3487970000000E+14   0.2333323482843E-19
  0.3575560000000E+14   0.2297661760321E-19
  0.3665350000000E+14   0.2262296495873E-19
  0.3757390000000E+14   0.2214319883913E-19
  0.3851740000000E+14   0.2182602339079E-19
  0.3948470000000E+14   0.2145810506641E-19
  0.4047620000000E+14   0.2118624734295E-19
  0.4149260000000E+14   0.2122935382493E-19
  0.4253460000000E+14   0.2126965230722E-19
  0.4360270000000E+14   0.2144602042147E-19
  0.4469770000000E+14   0.2161215204916E-19
  0.4582010000000E+14   0.2176957880590E-19
  0.4697070000000E+14   0.2191653290289E-19
  0.4815020000000E+14   0.2204655302874E-19
  0.4935940000000E+14   0.2215961043282E-19
  0.5059890000000E+14   0.2226221175722E-19
  0.5186950000000E+14   0.2235779301928E-19
  0.5317200000000E+14   0.2244278803981E-19
  0.5450730000000E+14   0.2252582148300E-19
  0.6258450000000E+14   0.2289081314665E-19
  0.7185870000000E+14   0.2319062439894E-19
  0.8250720000000E+14   0.2360859871645E-19
  0.9473370000000E+14   0.2441226729149E-19
  0.1087720000000E+15   0.2579096441413E-19
  0.1248910000000E+15   0.2773462392773E-19
  0.1433980000000E+15   0.2998171071896E-19
  0.1646470000000E+15   0.3206939755945E-19
  0.1890460000000E+15   0.3343924704526E-19
  0.2170600000000E+15   0.3356713705855E-19
  0.2492250000000E+15   0.3209135489676E-19
  0.2861570000000E+15   0.2891811087750E-19
  0.3285620000000E+15   0.2429205845614E-19
  0.3772500000000E+15   0.1879059744367E-19
  0.4331540000000E+15   0.1320089222623E-19
  0.4973410000000E+15   0.8293332212295E-20
  0.5710410000000E+15   0.4578553458188E-20
  0.6556610000000E+15   0.2177975272008E-20
  0.7528220000000E+15   0.8729189392997E-21
  0.8643800000000E+15   0.2873515988618E-21
  0.9924690000000E+15   0.7545308470865E-22
  0.1139540000000E+16   0.1528278409846E-22
  0.1308400000000E+16   0.2297793648718E-23
  0.1502290000000E+16   0.2453375553892E-24
  0.1724910000000E+16   0.1768382174518E-25
  0.1980520000000E+16   0.8118012107489E-27
  0.2274010000000E+16   0.2219929875060E-28
  0.2610990000000E+16   0.3349065006350E-30
  0.2997900000000E+16   0.2552428733694E-32
