mstar = 1.0052 Msun, Rstar = 1.7324 Rsun, Tstar = 3344.6, mdisk = 0.0052933 Msun, Rc = 36.731 AU, Rin = 0.0175 AU, Rout = 165.945 AU, inclination = 45 degree, powerlaw = -1 
         130
  
  0.2997900000000E+11   0.3747681406256E-23
  0.3951060000000E+11   0.8433710539823E-23
  0.5207280000000E+11   0.1890437948356E-22
  0.6862910000000E+11   0.4215933330364E-22
  0.9044930000000E+11   0.9339875864261E-22
  0.1192070000000E+12   0.2051137036503E-21
  0.1571080000000E+12   0.4452831319536E-21
  0.2070600000000E+12   0.9518969500821E-21
  0.2728930000000E+12   0.1993364272715E-20
  0.3596580000000E+12   0.4320170762491E-20
  0.4740100000000E+12   0.1031203998039E-19
  0.6247180000000E+12   0.2316984189241E-19
  0.8233440000000E+12   0.4747816414191E-19
  0.1085120000000E+13   0.8536220631416E-19
  0.1430130000000E+13   0.1286648150688E-18
  0.1884830000000E+13   0.1575187498097E-18
  0.2484100000000E+13   0.1600298650602E-18
  0.3273910000000E+13   0.1476215111549E-18
  0.4314820000000E+13   0.1328015497668E-18
  0.5686700000000E+13   0.1156734520870E-18
  0.7494750000000E+13   0.9422085974464E-19
  0.7682960000000E+13   0.9211813140599E-19
  0.7875890000000E+13   0.8996737632369E-19
  0.8073670000000E+13   0.8776438232989E-19
  0.8276410000000E+13   0.8552455783718E-19
  0.8484250000000E+13   0.8327835615326E-19
  0.8697300000000E+13   0.8116892614013E-19
  0.8915700000000E+13   0.7902841051845E-19
  0.9139590000000E+13   0.7706380935811E-19
  0.9369100000000E+13   0.7510920877322E-19
  0.9604380000000E+13   0.7324186067919E-19
  0.9845560000000E+13   0.7145564519588E-19
  0.1009280000000E+14   0.6966447540565E-19
  0.1034620000000E+14   0.6793787420157E-19
  0.1060610000000E+14   0.6620415814743E-19
  0.1087240000000E+14   0.6462948619315E-19
  0.1114540000000E+14   0.6307784964181E-19
  0.1142530000000E+14   0.6161673488497E-19
  0.1171220000000E+14   0.6022813696280E-19
  0.1200630000000E+14   0.5886203299950E-19
  0.1230780000000E+14   0.5756551425994E-19
  0.1261690000000E+14   0.5628671277521E-19
  0.1293370000000E+14   0.5518614160263E-19
  0.1325850000000E+14   0.5411296438514E-19
  0.1359150000000E+14   0.5312464184102E-19
  0.1393280000000E+14   0.5220095559585E-19
  0.1428260000000E+14   0.5134172932742E-19
  0.1464130000000E+14   0.5063349907593E-19
  0.1500900000000E+14   0.4993324597161E-19
  0.1538590000000E+14   0.4905329715133E-19
  0.1577220000000E+14   0.4820417250726E-19
  0.1616830000000E+14   0.4679549169237E-19
  0.1657430000000E+14   0.4514201314944E-19
  0.1699050000000E+14   0.4340912202702E-19
  0.1741720000000E+14   0.4127634355672E-19
  0.1785460000000E+14   0.3932295696041E-19
  0.1830290000000E+14   0.3725785316482E-19
  0.1876260000000E+14   0.3534398466953E-19
  0.1923370000000E+14   0.3366177690225E-19
  0.1971670000000E+14   0.3214627219198E-19
  0.2021180000000E+14   0.3084931865314E-19
  0.2071940000000E+14   0.2988182631577E-19
  0.2123970000000E+14   0.2899430692261E-19
  0.2177310000000E+14   0.2926503242509E-19
  0.2231980000000E+14   0.2951954136667E-19
  0.2288030000000E+14   0.3013558557377E-19
  0.2345490000000E+14   0.3085407810246E-19
  0.2404390000000E+14   0.3164038185948E-19
  0.2464770000000E+14   0.3257920569895E-19
  0.2526660000000E+14   0.3347000977487E-19
  0.2590110000000E+14   0.3446646159064E-19
  0.2655150000000E+14   0.3542339305954E-19
  0.2721830000000E+14   0.3663502733273E-19
  0.2790180000000E+14   0.3792301606929E-19
  0.2860240000000E+14   0.3905401311287E-19
  0.2932070000000E+14   0.3999241416487E-19
  0.3005700000000E+14   0.4086638014430E-19
  0.3081180000000E+14   0.4124366410350E-19
  0.3158550000000E+14   0.4162670129799E-19
  0.3237870000000E+14   0.3988976864668E-19
  0.3319170000000E+14   0.3750987841043E-19
  0.3402530000000E+14   0.3512114065426E-19
  0.3487970000000E+14   0.3277212136751E-19
  0.3575560000000E+14   0.3050372090708E-19
  0.3665350000000E+14   0.2847346103139E-19
  0.3757390000000E+14   0.2664299272099E-19
  0.3851740000000E+14   0.2571405270748E-19
  0.3948470000000E+14   0.2502111914255E-19
  0.4047620000000E+14   0.2461985314172E-19
  0.4149260000000E+14   0.2460848670215E-19
  0.4253460000000E+14   0.2461629881406E-19
  0.4360270000000E+14   0.2478267143650E-19
  0.4469770000000E+14   0.2495372731466E-19
  0.4582010000000E+14   0.2513028194353E-19
  0.4697070000000E+14   0.2531010994484E-19
  0.4815020000000E+14   0.2548892891040E-19
  0.4935940000000E+14   0.2566619098046E-19
  0.5059890000000E+14   0.2584784997212E-19
  0.5186950000000E+14   0.2603643835625E-19
  0.5317200000000E+14   0.2622841866831E-19
  0.5450730000000E+14   0.2642732285963E-19
  0.6258450000000E+14   0.2764234504243E-19
  0.7185870000000E+14   0.2900622029060E-19
  0.8250720000000E+14   0.3040716070919E-19
  0.9473370000000E+14   0.3183867958459E-19
  0.1087720000000E+15   0.3326115150463E-19
  0.1248910000000E+15   0.3466948240558E-19
  0.1433980000000E+15   0.3588227838701E-19
  0.1646470000000E+15   0.3661045161395E-19
  0.1890460000000E+15   0.3652216877588E-19
  0.2170600000000E+15   0.3523337243718E-19
  0.2492250000000E+15   0.3248842793280E-19
  0.2861570000000E+15   0.2828332893437E-19
  0.3285620000000E+15   0.2294628956658E-19
  0.3772500000000E+15   0.1711113545068E-19
  0.4331540000000E+15   0.1155047088842E-19
  0.4973410000000E+15   0.6940853262689E-20
  0.5710410000000E+15   0.3643992303020E-20
  0.6556610000000E+15   0.1636868746837E-20
  0.7528220000000E+15   0.6143861920471E-21
  0.8643800000000E+15   0.1875952295662E-21
  0.9924690000000E+15   0.4518821952607E-22
  0.1139540000000E+16   0.8290005493985E-23
  0.1308400000000E+16   0.1112505674149E-23
  0.1502290000000E+16   0.1042513613863E-24
  0.1724910000000E+16   0.6468742687074E-26
  0.1980520000000E+16   0.2500210926273E-27
  0.2274010000000E+16   0.5611510292815E-29
  0.2610990000000E+16   0.6747859980203E-31
  0.2997900000000E+16   0.3963709960439E-33
