mstar = 1.1462 Msun, Rstar = 1.0135 Rsun, Tstar = 6398.9, mdisk = 0.0017014 Msun, Rc = 7.63 AU, Rin = 0.4316 AU, Rout = 65.14 AU, inclination = 45 degree, powerlaw = -1 
         130
  
  0.2997900000000E+11   0.2397541282667E-23
  0.3951060000000E+11   0.5384862680146E-23
  0.5207280000000E+11   0.1202867587353E-22
  0.6862910000000E+11   0.2668404830472E-22
  0.9044930000000E+11   0.5868118909041E-22
  0.1192070000000E+12   0.1276514877501E-21
  0.1571080000000E+12   0.2739835720654E-21
  0.2070600000000E+12   0.5784189507691E-21
  0.2728930000000E+12   0.1196516961007E-20
  0.3596580000000E+12   0.2526326793035E-20
  0.4740100000000E+12   0.5591221762845E-20
  0.6247180000000E+12   0.1140245107238E-19
  0.8233440000000E+12   0.2107385318150E-19
  0.1085120000000E+13   0.3535902483730E-19
  0.1430130000000E+13   0.5500806615832E-19
  0.1884830000000E+13   0.8087501814615E-19
  0.2484100000000E+13   0.1124910205563E-18
  0.3273910000000E+13   0.1471968886901E-18
  0.4314820000000E+13   0.1806021680440E-18
  0.5686700000000E+13   0.2062017027839E-18
  0.7494750000000E+13   0.2159544144596E-18
  0.7682960000000E+13   0.2158221436353E-18
  0.7875890000000E+13   0.2154539415608E-18
  0.8073670000000E+13   0.2148234022762E-18
  0.8276410000000E+13   0.2139410523649E-18
  0.8484250000000E+13   0.2128463717865E-18
  0.8697300000000E+13   0.2118167621446E-18
  0.8915700000000E+13   0.2105239116836E-18
  0.9139590000000E+13   0.2093947285393E-18
  0.9369100000000E+13   0.2080851655974E-18
  0.9604380000000E+13   0.2067665891179E-18
  0.9845560000000E+13   0.2054353548020E-18
  0.1009280000000E+14   0.2038779956087E-18
  0.1034620000000E+14   0.2022633118208E-18
  0.1060610000000E+14   0.2003961267320E-18
  0.1087240000000E+14   0.1987265513097E-18
  0.1114540000000E+14   0.1968839533378E-18
  0.1142530000000E+14   0.1950606423556E-18
  0.1171220000000E+14   0.1932111187126E-18
  0.1200630000000E+14   0.1911807086861E-18
  0.1230780000000E+14   0.1891118183454E-18
  0.1261690000000E+14   0.1868347812424E-18
  0.1293370000000E+14   0.1849082931312E-18
  0.1325850000000E+14   0.1828334971036E-18
  0.1359150000000E+14   0.1808095268861E-18
  0.1393280000000E+14   0.1787659031788E-18
  0.1428260000000E+14   0.1767032675224E-18
  0.1464130000000E+14   0.1749662837490E-18
  0.1500900000000E+14   0.1730210718471E-18
  0.1538590000000E+14   0.1701270348949E-18
  0.1577220000000E+14   0.1671073682340E-18
  0.1616830000000E+14   0.1616319552243E-18
  0.1657430000000E+14   0.1549430264826E-18
  0.1699050000000E+14   0.1477269883026E-18
  0.1741720000000E+14   0.1387251175854E-18
  0.1785460000000E+14   0.1303689204773E-18
  0.1830290000000E+14   0.1216114559974E-18
  0.1876260000000E+14   0.1135179799746E-18
  0.1923370000000E+14   0.1064832186411E-18
  0.1971670000000E+14   0.1002632420166E-18
  0.2021180000000E+14   0.9506619313558E-19
  0.2071940000000E+14   0.9131580022570E-19
  0.2123970000000E+14   0.8801671749774E-19
  0.2177310000000E+14   0.8891107851355E-19
  0.2231980000000E+14   0.8971929351299E-19
  0.2288030000000E+14   0.9170487204926E-19
  0.2345490000000E+14   0.9394758094650E-19
  0.2404390000000E+14   0.9626292343194E-19
  0.2464770000000E+14   0.9884639519613E-19
  0.2526660000000E+14   0.1010999681183E-18
  0.2590110000000E+14   0.1034506268958E-18
  0.2655150000000E+14   0.1054628886510E-18
  0.2721830000000E+14   0.1079019848405E-18
  0.2790180000000E+14   0.1102120582639E-18
  0.2860240000000E+14   0.1119306095216E-18
  0.2932070000000E+14   0.1130584898579E-18
  0.3005700000000E+14   0.1139348316104E-18
  0.3081180000000E+14   0.1138548365221E-18
  0.3158550000000E+14   0.1137815322500E-18
  0.3237870000000E+14   0.1103631652820E-18
  0.3319170000000E+14   0.1059601164606E-18
  0.3402530000000E+14   0.1015576709149E-18
  0.3487970000000E+14   0.9698437374035E-19
  0.3575560000000E+14   0.9195951427744E-19
  0.3665350000000E+14   0.8648010815602E-19
  0.3757390000000E+14   0.7974093990058E-19
  0.3851740000000E+14   0.7475718951750E-19
  0.3948470000000E+14   0.6980160359679E-19
  0.4047620000000E+14   0.6601564049557E-19
  0.4149260000000E+14   0.6439808458117E-19
  0.4253460000000E+14   0.6279339428600E-19
  0.4360270000000E+14   0.6195221226580E-19
  0.4469770000000E+14   0.6104110261156E-19
  0.4582010000000E+14   0.6007405227397E-19
  0.4697070000000E+14   0.5904528252131E-19
  0.4815020000000E+14   0.5792544600041E-19
  0.4935940000000E+14   0.5671960658724E-19
  0.5059890000000E+14   0.5546734755521E-19
  0.5186950000000E+14   0.5419173892062E-19
  0.5317200000000E+14   0.5287653045530E-19
  0.5450730000000E+14   0.5157127421501E-19
  0.6258450000000E+14   0.4427340785622E-19
  0.7185870000000E+14   0.3765188548869E-19
  0.8250720000000E+14   0.3257078393731E-19
  0.9473370000000E+14   0.2990726521703E-19
  0.1087720000000E+15   0.3008229896909E-19
  0.1248910000000E+15   0.3295836147551E-19
  0.1433980000000E+15   0.3803831977625E-19
  0.1646470000000E+15   0.4472051919380E-19
  0.1890460000000E+15   0.5241253303892E-19
  0.2170600000000E+15   0.6051597702310E-19
  0.2492250000000E+15   0.6835503174964E-19
  0.2861570000000E+15   0.7511378164607E-19
  0.3285620000000E+15   0.7984348259839E-19
  0.3772500000000E+15   0.8156551664040E-19
  0.4331540000000E+15   0.7947310031329E-19
  0.4973410000000E+15   0.7320389928928E-19
  0.5710410000000E+15   0.6309689934779E-19
  0.6556610000000E+15   0.5030059947913E-19
  0.7528220000000E+15   0.3660039962099E-19
  0.8643800000000E+15   0.2394889975200E-19
  0.9924690000000E+15   0.1385799985649E-19
  0.1139540000000E+16   0.6958699927940E-20
  0.1308400000000E+16   0.2968179969263E-20
  0.1502290000000E+16   0.1049479989132E-20
  0.1724910000000E+16   0.2991499969022E-21
  0.1980520000000E+16   0.6658159931052E-22
  0.2274010000000E+16   0.1115419988449E-22
  0.2610990000000E+16   0.1348549986035E-23
  0.2997900000000E+16   0.1121139988390E-24
