mstar = 0.2363 Msun, Rstar = 1.4726 Rsun, Tstar = 3369.2, mdisk = 0.0030816 Msun, Rc = 30.992 AU, Rin = 0.0601 AU, Rout = 149.117 AU, inclination = 45 degree, powerlaw = -1 
         130
  
  0.2997900000000E+11   0.2856429717934E-23
  0.3951060000000E+11   0.6459161416185E-23
  0.5207280000000E+11   0.1455710535766E-22
  0.6862910000000E+11   0.3266718593986E-22
  0.9044930000000E+11   0.7290504527117E-22
  0.1192070000000E+12   0.1615562742692E-21
  0.1571080000000E+12   0.3547266468466E-21
  0.2070600000000E+12   0.7695292707459E-21
  0.2728930000000E+12   0.1642985802048E-20
  0.3596580000000E+12   0.3655576726390E-20
  0.4740100000000E+12   0.9050934815711E-20
  0.6247180000000E+12   0.2139542606298E-19
  0.8233440000000E+12   0.4706799599948E-19
  0.1085120000000E+13   0.9339791646714E-19
  0.1430130000000E+13   0.1606165420058E-18
  0.1884830000000E+13   0.2306410762708E-18
  0.2484100000000E+13   0.2739008727681E-18
  0.3273910000000E+13   0.2828476957822E-18
  0.4314820000000E+13   0.2737924524815E-18
  0.5686700000000E+13   0.2508554495385E-18
  0.7494750000000E+13   0.2096581151590E-18
  0.7682960000000E+13   0.2051013297766E-18
  0.7875890000000E+13   0.2003587025890E-18
  0.8073670000000E+13   0.1954165715489E-18
  0.8276410000000E+13   0.1903063837108E-18
  0.8484250000000E+13   0.1850908912005E-18
  0.8697300000000E+13   0.1800815258737E-18
  0.8915700000000E+13   0.1749167634274E-18
  0.9139590000000E+13   0.1700487556032E-18
  0.9369100000000E+13   0.1651167441649E-18
  0.9604380000000E+13   0.1602947396731E-18
  0.9845560000000E+13   0.1555729967188E-18
  0.1009280000000E+14   0.1507603714256E-18
  0.1034620000000E+14   0.1460145500427E-18
  0.1060610000000E+14   0.1411744134011E-18
  0.1087240000000E+14   0.1366170058982E-18
  0.1114540000000E+14   0.1320370524153E-18
  0.1142530000000E+14   0.1275885495975E-18
  0.1171220000000E+14   0.1232375516401E-18
  0.1200630000000E+14   0.1188764225538E-18
  0.1230780000000E+14   0.1146108809248E-18
  0.1261690000000E+14   0.1103340289639E-18
  0.1293370000000E+14   0.1064012440636E-18
  0.1325850000000E+14   0.1024923729568E-18
  0.1359150000000E+14   0.9873014041028E-19
  0.1393280000000E+14   0.9507097674451E-19
  0.1428260000000E+14   0.9151722149411E-19
  0.1464130000000E+14   0.8824418180782E-19
  0.1500900000000E+14   0.8496721156490E-19
  0.1538590000000E+14   0.8133735331424E-19
  0.1577220000000E+14   0.7778333033287E-19
  0.1616830000000E+14   0.7324845694010E-19
  0.1657430000000E+14   0.6837549290914E-19
  0.1699050000000E+14   0.6349249207603E-19
  0.1741720000000E+14   0.5807852733079E-19
  0.1785460000000E+14   0.5316346680943E-19
  0.1830290000000E+14   0.4829069940357E-19
  0.1876260000000E+14   0.4387049350690E-19
  0.1923370000000E+14   0.4002373277255E-19
  0.1971670000000E+14   0.3662681940644E-19
  0.2021180000000E+14   0.3373439314721E-19
  0.2071940000000E+14   0.3147242111967E-19
  0.2123970000000E+14   0.2945084144305E-19
  0.2177310000000E+14   0.2897438419914E-19
  0.2231980000000E+14   0.2847292558206E-19
  0.2288030000000E+14   0.2836958820690E-19
  0.2345490000000E+14   0.2833934865284E-19
  0.2404390000000E+14   0.2832242936087E-19
  0.2464770000000E+14   0.2837861318339E-19
  0.2526660000000E+14   0.2832439661973E-19
  0.2590110000000E+14   0.2829414986133E-19
  0.2655150000000E+14   0.2816493455999E-19
  0.2721830000000E+14   0.2816279076323E-19
  0.2790180000000E+14   0.2812816681393E-19
  0.2860240000000E+14   0.2794135626491E-19
  0.2932070000000E+14   0.2761356642392E-19
  0.3005700000000E+14   0.2724281822773E-19
  0.3081180000000E+14   0.2664938843719E-19
  0.3158550000000E+14   0.2609119592396E-19
  0.3237870000000E+14   0.2473605196520E-19
  0.3319170000000E+14   0.2322950278505E-19
  0.3402530000000E+14   0.2183373960929E-19
  0.3487970000000E+14   0.2052414865952E-19
  0.3575560000000E+14   0.1926588155380E-19
  0.3665350000000E+14   0.1810428351299E-19
  0.3757390000000E+14   0.1691724021997E-19
  0.3851740000000E+14   0.1614760191938E-19
  0.3948470000000E+14   0.1545292227376E-19
  0.4047620000000E+14   0.1497923619747E-19
  0.4149260000000E+14   0.1488436817552E-19
  0.4253460000000E+14   0.1482623381215E-19
  0.4360270000000E+14   0.1492041461883E-19
  0.4469770000000E+14   0.1503207777916E-19
  0.4582010000000E+14   0.1516202331966E-19
  0.4697070000000E+14   0.1530798221168E-19
  0.4815020000000E+14   0.1546447363067E-19
  0.4935940000000E+14   0.1563090504484E-19
  0.5059890000000E+14   0.1581103780567E-19
  0.5186950000000E+14   0.1600594612621E-19
  0.5317200000000E+14   0.1621154647373E-19
  0.5450730000000E+14   0.1643223022144E-19
  0.6258450000000E+14   0.1781618239184E-19
  0.7185870000000E+14   0.1931076218804E-19
  0.8250720000000E+14   0.2073283580812E-19
  0.9473370000000E+14   0.2200599682806E-19
  0.1087720000000E+15   0.2312666234487E-19
  0.1248910000000E+15   0.2412523196953E-19
  0.1433980000000E+15   0.2498980177111E-19
  0.1646470000000E+15   0.2561445284633E-19
  0.1890460000000E+15   0.2577363155948E-19
  0.2170600000000E+15   0.2515278441716E-19
  0.2492250000000E+15   0.2348643720614E-19
  0.2861570000000E+15   0.2069191400557E-19
  0.3285620000000E+15   0.1696516107362E-19
  0.3772500000000E+15   0.1276495812648E-19
  0.4331540000000E+15   0.8683820995117E-20
  0.4973410000000E+15   0.5254590692642E-20
  0.5710410000000E+15   0.2776904101474E-20
  0.6556610000000E+15   0.1255250718664E-20
  0.7528220000000E+15   0.4735225626918E-21
  0.8643800000000E+15   0.1454952893064E-21
  0.9924690000000E+15   0.3543224367070E-22
  0.1139540000000E+16   0.6546021737842E-23
  0.1308400000000E+16   0.8958438973595E-24
  0.1502290000000E+16   0.8609703353164E-25
  0.1724910000000E+16   0.5500810418600E-26
  0.1980520000000E+16   0.2181672163146E-27
  0.2274010000000E+16   0.5051645880841E-29
  0.2610990000000E+16   0.6295050064895E-31
  0.2997900000000E+16   0.3851680787967E-33
