mstar = 0.3019 Msun, Rstar = 2.0589 Rsun, Tstar = 4247.1, mdisk = 0.0043908 Msun, Rc = 15.221 AU, Rin = 0.0863 AU, Rout = 113.684 AU, inclination = 45 degree, powerlaw = -1 
         130
  
  0.2997900000000E+11   0.6661728541251E-23
  0.3951060000000E+11   0.1489708737260E-22
  0.5207280000000E+11   0.3314902208999E-22
  0.6862910000000E+11   0.7332816235744E-22
  0.9044930000000E+11   0.1610496808164E-21
  0.1192070000000E+12   0.3506219490873E-21
  0.1571080000000E+12   0.7551054426870E-21
  0.2070600000000E+12   0.1604345580021E-20
  0.2728930000000E+12   0.3351272789702E-20
  0.3596580000000E+12   0.7198247625147E-20
  0.4740100000000E+12   0.1651485355200E-19
  0.6247180000000E+12   0.3542870476232E-19
  0.8233440000000E+12   0.6946063426925E-19
  0.1085120000000E+13   0.1226685003954E-18
  0.1430130000000E+13   0.1957295193579E-18
  0.1884830000000E+13   0.2879860317589E-18
  0.2484100000000E+13   0.3967494244797E-18
  0.3273910000000E+13   0.5124256670644E-18
  0.4314820000000E+13   0.6203677175421E-18
  0.5686700000000E+13   0.7005807870767E-18
  0.7494750000000E+13   0.7274075778542E-18
  0.7682960000000E+13   0.7264027530097E-18
  0.7875890000000E+13   0.7246038150486E-18
  0.8073670000000E+13   0.7219294913779E-18
  0.8276410000000E+13   0.7184100486548E-18
  0.8484250000000E+13   0.7141677834307E-18
  0.8697300000000E+13   0.7100484720827E-18
  0.8915700000000E+13   0.7050254680500E-18
  0.9139590000000E+13   0.7004051613408E-18
  0.9369100000000E+13   0.6951220030323E-18
  0.9604380000000E+13   0.6896922638700E-18
  0.9845560000000E+13   0.6840885897212E-18
  0.1009280000000E+14   0.6776636404322E-18
  0.1034620000000E+14   0.6709103243084E-18
  0.1060610000000E+14   0.6632438070382E-18
  0.1087240000000E+14   0.6559902041829E-18
  0.1114540000000E+14   0.6480413686045E-18
  0.1142530000000E+14   0.6399605663590E-18
  0.1171220000000E+14   0.6316128343215E-18
  0.1200630000000E+14   0.6225432756289E-18
  0.1230780000000E+14   0.6131626588333E-18
  0.1261690000000E+14   0.6029876952725E-18
  0.1293370000000E+14   0.5935983131841E-18
  0.1325850000000E+14   0.5835823663193E-18
  0.1359150000000E+14   0.5735068548698E-18
  0.1393280000000E+14   0.5631733313001E-18
  0.1428260000000E+14   0.5525971678761E-18
  0.1464130000000E+14   0.5427157169417E-18
  0.1500900000000E+14   0.5320721382587E-18
  0.1538590000000E+14   0.5186962458789E-18
  0.1577220000000E+14   0.5048475275747E-18
  0.1616830000000E+14   0.4843226620889E-18
  0.1657430000000E+14   0.4604838796722E-18
  0.1699050000000E+14   0.4351559325570E-18
  0.1741720000000E+14   0.4049252298263E-18
  0.1785460000000E+14   0.3762565149324E-18
  0.1830290000000E+14   0.3462595068306E-18
  0.1876260000000E+14   0.3177971440669E-18
  0.1923370000000E+14   0.2920059212024E-18
  0.1971670000000E+14   0.2682604109421E-18
  0.2021180000000E+14   0.2472332228620E-18
  0.2071940000000E+14   0.2302534134879E-18
  0.2123970000000E+14   0.2145023186165E-18
  0.2177310000000E+14   0.2110076818287E-18
  0.2231980000000E+14   0.2071573197992E-18
  0.2288030000000E+14   0.2065708702509E-18
  0.2345490000000E+14   0.2065518442429E-18
  0.2404390000000E+14   0.2065857690483E-18
  0.2464770000000E+14   0.2072269804296E-18
  0.2526660000000E+14   0.2068740182670E-18
  0.2590110000000E+14   0.2067135602076E-18
  0.2655150000000E+14   0.2056315176799E-18
  0.2721830000000E+14   0.2056910489002E-18
  0.2790180000000E+14   0.2054634090276E-18
  0.2860240000000E+14   0.2037795409587E-18
  0.2932070000000E+14   0.2006748901508E-18
  0.3005700000000E+14   0.1970631253169E-18
  0.3081180000000E+14   0.1911130574805E-18
  0.3158550000000E+14   0.1853586178954E-18
  0.3237870000000E+14   0.1711341544046E-18
  0.3319170000000E+14   0.1549371225758E-18
  0.3402530000000E+14   0.1396467193244E-18
  0.3487970000000E+14   0.1251325690430E-18
  0.3575560000000E+14   0.1111269862930E-18
  0.3665350000000E+14   0.9803173993457E-19
  0.3757390000000E+14   0.8493701315914E-19
  0.3851740000000E+14   0.7644092747361E-19
  0.3948470000000E+14   0.6934213171448E-19
  0.4047620000000E+14   0.6459837783117E-19
  0.4149260000000E+14   0.6279821864039E-19
  0.4253460000000E+14   0.6134477936229E-19
  0.4360270000000E+14   0.6089067612157E-19
  0.4469770000000E+14   0.6056291244157E-19
  0.4582010000000E+14   0.6036508705362E-19
  0.4697070000000E+14   0.6028257769359E-19
  0.4815020000000E+14   0.6028467653149E-19
  0.4935940000000E+14   0.6036956432924E-19
  0.5059890000000E+14   0.6055644467499E-19
  0.5186950000000E+14   0.6084914662895E-19
  0.5317200000000E+14   0.6122680676418E-19
  0.5450730000000E+14   0.6170780510330E-19
  0.6258450000000E+14   0.6564491098849E-19
  0.7185870000000E+14   0.7088525268206E-19
  0.8250720000000E+14   0.7641471883803E-19
  0.9473370000000E+14   0.8158130099637E-19
  0.1087720000000E+15   0.8603368453577E-19
  0.1248910000000E+15   0.8978284941468E-19
  0.1433980000000E+15   0.9303817740591E-19
  0.1646470000000E+15   0.9604034596390E-19
  0.1890460000000E+15   0.9878755382927E-19
  0.2170600000000E+15   0.1006235858107E-18
  0.2492250000000E+15   0.1004201512448E-18
  0.2861570000000E+15   0.9682602165678E-19
  0.3285620000000E+15   0.8890650936069E-19
  0.3772500000000E+15   0.7666942652011E-19
  0.4331540000000E+15   0.6125542459480E-19
  0.4973410000000E+15   0.4471045545620E-19
  0.5710410000000E+15   0.2936508873104E-19
  0.6556610000000E+15   0.1706600308706E-19
  0.7528220000000E+15   0.8611963428025E-20
  0.8643800000000E+15   0.3694280851385E-20
  0.9924690000000E+15   0.1314985751085E-20
  0.1139540000000E+16   0.3776471889587E-21
  0.1308400000000E+16   0.8481474825374E-22
  0.1502290000000E+16   0.1435733535166E-22
  0.1724910000000E+16   0.1756694869516E-23
  0.1980520000000E+16   0.1480219861532E-24
  0.2274010000000E+16   0.8129792234815E-26
  0.2610990000000E+16   0.2731531577910E-27
  0.2997900000000E+16   0.5220341771254E-29
