mstar = 0.2978 Msun, Rstar = 1.3671 Rsun, Tstar = 3450.8, mdisk = 0.0075941 Msun, Rc = 31.589 AU, Rin = 0.0169 AU, Rout = 55.944 AU, inclination = 45 degree, powerlaw = -1 
         130
  
  0.2997900000000E+11   0.6000515133220E-23
  0.3951060000000E+11   0.1348469586859E-22
  0.5207280000000E+11   0.3017550238258E-22
  0.6862910000000E+11   0.6715868605505E-22
  0.9044930000000E+11   0.1484195214531E-21
  0.1192070000000E+12   0.3250164989341E-21
  0.1571080000000E+12   0.7032894260104E-21
  0.2070600000000E+12   0.1498138598633E-20
  0.2728930000000E+12   0.3125865566322E-20
  0.3596580000000E+12   0.6723780839047E-20
  0.4740100000000E+12   0.1571533084582E-19
  0.6247180000000E+12   0.3429930221443E-19
  0.8233440000000E+12   0.6773026439076E-19
  0.1085120000000E+13   0.1168340428901E-18
  0.1430130000000E+13   0.1704751354025E-18
  0.1884830000000E+13   0.2098637725707E-18
  0.2484100000000E+13   0.2280471548507E-18
  0.3273910000000E+13   0.2305307087602E-18
  0.4314820000000E+13   0.2205618197300E-18
  0.5686700000000E+13   0.1978281347737E-18
  0.7494750000000E+13   0.1614520218094E-18
  0.7682960000000E+13   0.1576157548026E-18
  0.7875890000000E+13   0.1536551597400E-18
  0.8073670000000E+13   0.1495607103573E-18
  0.8276410000000E+13   0.1453592960685E-18
  0.8484250000000E+13   0.1411024472474E-18
  0.8697300000000E+13   0.1370360949026E-18
  0.8915700000000E+13   0.1328752103574E-18
  0.9139590000000E+13   0.1289747137134E-18
  0.9369100000000E+13   0.1250520140396E-18
  0.9604380000000E+13   0.1212420304871E-18
  0.9845560000000E+13   0.1175372505204E-18
  0.1009280000000E+14   0.1137906869529E-18
  0.1034620000000E+14   0.1101242743181E-18
  0.1060610000000E+14   0.1064142962343E-18
  0.1087240000000E+14   0.1029491397254E-18
  0.1114540000000E+14   0.9949570456655E-19
  0.1142530000000E+14   0.9617052404110E-19
  0.1171220000000E+14   0.9294712226421E-19
  0.1200630000000E+14   0.8974434792340E-19
  0.1230780000000E+14   0.8664193894455E-19
  0.1261690000000E+14   0.8355978432701E-19
  0.1293370000000E+14   0.8076251054293E-19
  0.1325850000000E+14   0.7801075748096E-19
  0.1359150000000E+14   0.7539507786004E-19
  0.1393280000000E+14   0.7288305502304E-19
  0.1428260000000E+14   0.7047549574726E-19
  0.1464130000000E+14   0.6830111134747E-19
  0.1500900000000E+14   0.6614962536936E-19
  0.1538590000000E+14   0.6376214343330E-19
  0.1577220000000E+14   0.6145290454582E-19
  0.1616830000000E+14   0.5844175929052E-19
  0.1657430000000E+14   0.5519732779709E-19
  0.1699050000000E+14   0.5195497629153E-19
  0.1741720000000E+14   0.4831570181994E-19
  0.1785460000000E+14   0.4503542785736E-19
  0.1830290000000E+14   0.4176449711153E-19
  0.1876260000000E+14   0.3880111202313E-19
  0.1923370000000E+14   0.3622824355548E-19
  0.1971670000000E+14   0.3395259716565E-19
  0.2021180000000E+14   0.3201890432119E-19
  0.2071940000000E+14   0.3054309204480E-19
  0.2123970000000E+14   0.2921784207149E-19
  0.2177310000000E+14   0.2920757035045E-19
  0.2231980000000E+14   0.2918435083564E-19
  0.2288030000000E+14   0.2953624508373E-19
  0.2345490000000E+14   0.2998133040006E-19
  0.2404390000000E+14   0.3046812606860E-19
  0.2464770000000E+14   0.3105423691151E-19
  0.2526660000000E+14   0.3156419078256E-19
  0.2590110000000E+14   0.3213539741444E-19
  0.2655150000000E+14   0.3262566811093E-19
  0.2721830000000E+14   0.3327873290195E-19
  0.2790180000000E+14   0.3391990386228E-19
  0.2860240000000E+14   0.3440369795079E-19
  0.2932070000000E+14   0.3472389013710E-19
  0.3005700000000E+14   0.3499052258609E-19
  0.3081180000000E+14   0.3496362870751E-19
  0.3158550000000E+14   0.3495082408357E-19
  0.3237870000000E+14   0.3375952667064E-19
  0.3319170000000E+14   0.3212514466914E-19
  0.3402530000000E+14   0.3039511711318E-19
  0.3487970000000E+14   0.2853588105843E-19
  0.3575560000000E+14   0.2650256315303E-19
  0.3665350000000E+14   0.2431792801179E-19
  0.3757390000000E+14   0.2166738641467E-19
  0.3851740000000E+14   0.1987664441735E-19
  0.3948470000000E+14   0.1830466229843E-19
  0.4047620000000E+14   0.1725391601586E-19
  0.4149260000000E+14   0.1688816826354E-19
  0.4253460000000E+14   0.1656199655613E-19
  0.4360270000000E+14   0.1647510074203E-19
  0.4469770000000E+14   0.1639656615215E-19
  0.4582010000000E+14   0.1632941785790E-19
  0.4697070000000E+14   0.1627148428189E-19
  0.4815020000000E+14   0.1621513707310E-19
  0.4935940000000E+14   0.1616106683247E-19
  0.5059890000000E+14   0.1611832088502E-19
  0.5186950000000E+14   0.1609142867135E-19
  0.5317200000000E+14   0.1607527965758E-19
  0.5450730000000E+14   0.1608022472872E-19
  0.6258450000000E+14   0.1636670118397E-19
  0.7185870000000E+14   0.1706788444098E-19
  0.8250720000000E+14   0.1811111114903E-19
  0.9473370000000E+14   0.1945891131658E-19
  0.1087720000000E+15   0.2102980153216E-19
  0.1248910000000E+15   0.2266594748034E-19
  0.1433980000000E+15   0.2412724014511E-19
  0.1646470000000E+15   0.2513152003127E-19
  0.1890460000000E+15   0.2541012102817E-19
  0.2170600000000E+15   0.2472974645291E-19
  0.2492250000000E+15   0.2298610627479E-19
  0.2861570000000E+15   0.2021363904984E-19
  0.3285620000000E+15   0.1662767017546E-19
  0.3772500000000E+15   0.1262756738642E-19
  0.4331540000000E+15   0.8719750213996E-20
  0.4973410000000E+15   0.5384273578602E-20
  0.5710410000000E+15   0.2918159626150E-20
  0.6556610000000E+15   0.1359869179910E-20
  0.7528220000000E+15   0.5323221140785E-21
  0.8643800000000E+15   0.1705982921906E-21
  0.9924690000000E+15   0.4346842912900E-22
  0.1139540000000E+16   0.8498575604226E-23
  0.1308400000000E+16   0.1229154041806E-23
  0.1502290000000E+16   0.1255741602557E-24
  0.1724910000000E+16   0.8604667350866E-26
  0.1980520000000E+16   0.3722611388782E-27
  0.2274010000000E+16   0.9511865421089E-29
  0.2610990000000E+16   0.1327400106218E-30
  0.2997900000000E+16   0.9250321870666E-33
