mstar = 0.1852 Msun, Rstar = 1.6705 Rsun, Tstar = 4490.4, mdisk = 0.0019802 Msun, Rc = 13.839 AU, Rin = 0.0542 AU, Rout = 87.605 AU, inclination = 45 degree, powerlaw = -1 
         130
  
  0.2997900000000E+11   0.3490966998586E-23
  0.3951060000000E+11   0.7854357570694E-23
  0.5207280000000E+11   0.1760457656771E-22
  0.6862910000000E+11   0.3927815984991E-22
  0.9044930000000E+11   0.8714872400281E-22
  0.1192070000000E+12   0.1920476442037E-21
  0.1571080000000E+12   0.4196555511382E-21
  0.2070600000000E+12   0.9073839320713E-21
  0.2728930000000E+12   0.1935957007086E-20
  0.3596580000000E+12   0.4288943434271E-20
  0.4740100000000E+12   0.1038215169880E-19
  0.6247180000000E+12   0.2389209552869E-19
  0.8233440000000E+12   0.5110787240570E-19
  0.1085120000000E+13   0.9936044927552E-19
  0.1430130000000E+13   0.1723875260447E-18
  0.1884830000000E+13   0.2670436152909E-18
  0.2484100000000E+13   0.3772421181681E-18
  0.3273910000000E+13   0.4959155656800E-18
  0.4314820000000E+13   0.6105741910317E-18
  0.5686700000000E+13   0.7007220110853E-18
  0.7494750000000E+13   0.7390633626474E-18
  0.7682960000000E+13   0.7390653089972E-18
  0.7875890000000E+13   0.7382648766765E-18
  0.8073670000000E+13   0.7365806654939E-18
  0.8276410000000E+13   0.7340371087523E-18
  0.8484250000000E+13   0.7307476722744E-18
  0.8697300000000E+13   0.7275162363003E-18
  0.8915700000000E+13   0.7233617122448E-18
  0.9139590000000E+13   0.7195317686011E-18
  0.9369100000000E+13   0.7150061548617E-18
  0.9604380000000E+13   0.7102786524593E-18
  0.9845560000000E+13   0.7053243273779E-18
  0.1009280000000E+14   0.6995205133577E-18
  0.1034620000000E+14   0.6933407411193E-18
  0.1060610000000E+14   0.6862198289845E-18
  0.1087240000000E+14   0.6794407059253E-18
  0.1114540000000E+14   0.6719341049670E-18
  0.1142530000000E+14   0.6642463045855E-18
  0.1171220000000E+14   0.6562490020364E-18
  0.1200630000000E+14   0.6475008094368E-18
  0.1230780000000E+14   0.6384043387547E-18
  0.1261690000000E+14   0.6284882980619E-18
  0.1293370000000E+14   0.6193007493013E-18
  0.1325850000000E+14   0.6094630370289E-18
  0.1359150000000E+14   0.5995341163963E-18
  0.1393280000000E+14   0.5893232404773E-18
  0.1428260000000E+14   0.5788476797128E-18
  0.1464130000000E+14   0.5690413629400E-18
  0.1500900000000E+14   0.5584630814254E-18
  0.1538590000000E+14   0.5451421245613E-18
  0.1577220000000E+14   0.5313211086427E-18
  0.1616830000000E+14   0.5107578109260E-18
  0.1657430000000E+14   0.4867730455644E-18
  0.1699050000000E+14   0.4611754569005E-18
  0.1741720000000E+14   0.4304607289032E-18
  0.1785460000000E+14   0.4011791130191E-18
  0.1830290000000E+14   0.3703759370636E-18
  0.1876260000000E+14   0.3409923073821E-18
  0.1923370000000E+14   0.3142299954521E-18
  0.1971670000000E+14   0.2894876396114E-18
  0.2021180000000E+14   0.2675001909831E-18
  0.2071940000000E+14   0.2497088245446E-18
  0.2123970000000E+14   0.2331801166465E-18
  0.2177310000000E+14   0.2296506381815E-18
  0.2231980000000E+14   0.2257809725382E-18
  0.2288030000000E+14   0.2254215411774E-18
  0.2345490000000E+14   0.2257128608674E-18
  0.2404390000000E+14   0.2261144676616E-18
  0.2464770000000E+14   0.2272174104989E-18
  0.2526660000000E+14   0.2273030792631E-18
  0.2590110000000E+14   0.2276567507407E-18
  0.2655150000000E+14   0.2270665397834E-18
  0.2721830000000E+14   0.2277618993132E-18
  0.2790180000000E+14   0.2281854634846E-18
  0.2860240000000E+14   0.2270564996045E-18
  0.2932070000000E+14   0.2243953693586E-18
  0.3005700000000E+14   0.2211867865745E-18
  0.3081180000000E+14   0.2154014298937E-18
  0.3158550000000E+14   0.2098129866562E-18
  0.3237870000000E+14   0.1947309094226E-18
  0.3319170000000E+14   0.1772260723266E-18
  0.3402530000000E+14   0.1604774340931E-18
  0.3487970000000E+14   0.1443482255452E-18
  0.3575560000000E+14   0.1285058236467E-18
  0.3665350000000E+14   0.1133159943102E-18
  0.3757390000000E+14   0.9748541055481E-19
  0.3851740000000E+14   0.8672518046607E-19
  0.3948470000000E+14   0.7727467762810E-19
  0.4047620000000E+14   0.7055993336388E-19
  0.4149260000000E+14   0.6755956075525E-19
  0.4253460000000E+14   0.6488267584319E-19
  0.4360270000000E+14   0.6349082290726E-19
  0.4469770000000E+14   0.6219447669211E-19
  0.4582010000000E+14   0.6100819585696E-19
  0.4697070000000E+14   0.5991934094976E-19
  0.4815020000000E+14   0.5888982925432E-19
  0.4935940000000E+14   0.5792364678022E-19
  0.5059890000000E+14   0.5706010292171E-19
  0.5186950000000E+14   0.5631719960364E-19
  0.5317200000000E+14   0.5566936343398E-19
  0.5450730000000E+14   0.5515935435659E-19
  0.6258450000000E+14   0.5417838798374E-19
  0.7185870000000E+14   0.5581519760708E-19
  0.8250720000000E+14   0.5913109390901E-19
  0.9473370000000E+14   0.6333071717158E-19
  0.1087720000000E+15   0.6767966859838E-19
  0.1248910000000E+15   0.7163528982250E-19
  0.1433980000000E+15   0.7487510181594E-19
  0.1646470000000E+15   0.7733418921293E-19
  0.1890460000000E+15   0.7912120420985E-19
  0.2170600000000E+15   0.8008860087939E-19
  0.2492250000000E+15   0.7982516573632E-19
  0.2861570000000E+15   0.7750696114443E-19
  0.3285620000000E+15   0.7228865882279E-19
  0.3772500000000E+15   0.6380675317267E-19
  0.4331540000000E+15   0.5251213045959E-19
  0.4973410000000E+15   0.3970571832896E-19
  0.5710410000000E+15   0.2716323823227E-19
  0.6556610000000E+15   0.1653020647745E-19
  0.7528220000000E+15   0.8766472998438E-20
  0.8643800000000E+15   0.3986572484127E-20
  0.9924690000000E+15   0.1527821528298E-20
  0.1139540000000E+16   0.4729777670578E-21
  0.1308400000000E+16   0.1181918002025E-21
  0.1502290000000E+16   0.2272900958430E-22
  0.1724910000000E+16   0.3220854272962E-23
  0.1980520000000E+16   0.3168155958976E-24
  0.2274010000000E+16   0.2084168073966E-25
  0.2610990000000E+16   0.8612388940081E-27
  0.2997900000000E+16   0.2086850301352E-28
