mstar = 0.4487 Msun, Rstar = 0.9146 Rsun, Tstar = 2861.7, mdisk = 0.0030877 Msun, Rc = 69.359 AU, Rin = 0.2796 AU, Rout = 104.467 AU, inclination = 45 degree, powerlaw = -1 
         130
  
  0.2997900000000E+11   0.1573776282158E-23
  0.3951060000000E+11   0.3555854642857E-23
  0.5207280000000E+11   0.8001027089869E-23
  0.6862910000000E+11   0.1790386912342E-22
  0.9044930000000E+11   0.3976882528047E-22
  0.1192070000000E+12   0.8746868369668E-22
  0.1571080000000E+12   0.1898535476871E-21
  0.2070600000000E+12   0.4048070909415E-21
  0.2728930000000E+12   0.8425827399068E-21
  0.3596580000000E+12   0.1816722789799E-20
  0.4740100000000E+12   0.4364321685065E-20
  0.6247180000000E+12   0.9897907392542E-20
  0.8233440000000E+12   0.2057369524872E-19
  0.1085120000000E+13   0.3779958600055E-19
  0.1430130000000E+13   0.5858384760877E-19
  0.1884830000000E+13   0.7318867664348E-19
  0.2484100000000E+13   0.7212673144254E-19
  0.3273910000000E+13   0.5861042304054E-19
  0.4314820000000E+13   0.4364136173354E-19
  0.5686700000000E+13   0.3104952982601E-19
  0.7494750000000E+13   0.2055683055009E-19
  0.7682960000000E+13   0.1973849084100E-19
  0.7875890000000E+13   0.1893664790499E-19
  0.8073670000000E+13   0.1815022372464E-19
  0.8276410000000E+13   0.1738295557304E-19
  0.8484250000000E+13   0.1664134153833E-19
  0.8697300000000E+13   0.1595542624893E-19
  0.8915700000000E+13   0.1528757748989E-19
  0.9139590000000E+13   0.1467957247310E-19
  0.9369100000000E+13   0.1409523321035E-19
  0.9604380000000E+13   0.1354889977253E-19
  0.9845560000000E+13   0.1303766996475E-19
  0.1009280000000E+14   0.1254375878365E-19
  0.1034620000000E+14   0.1207928966304E-19
  0.1060610000000E+14   0.1162994928124E-19
  0.1087240000000E+14   0.1122397205918E-19
  0.1114540000000E+14   0.1083580765963E-19
  0.1142530000000E+14   0.1047563054282E-19
  0.1171220000000E+14   0.1013929859692E-19
  0.1200630000000E+14   0.9818008518276E-20
  0.1230780000000E+14   0.9517920874040E-20
  0.1261690000000E+14   0.9230758442767E-20
  0.1293370000000E+14   0.8978103427108E-20
  0.1325850000000E+14   0.8737915588465E-20
  0.1359150000000E+14   0.8516722112498E-20
  0.1393280000000E+14   0.8310706831398E-20
  0.1428260000000E+14   0.8118893974895E-20
  0.1464130000000E+14   0.7949782217968E-20
  0.1500900000000E+14   0.7786572380342E-20
  0.1538590000000E+14   0.7610994795122E-20
  0.1577220000000E+14   0.7445569051762E-20
  0.1616830000000E+14   0.7239030252050E-20
  0.1657430000000E+14   0.7025954455952E-20
  0.1699050000000E+14   0.6822407779031E-20
  0.1741720000000E+14   0.6606599039396E-20
  0.1785460000000E+14   0.6422067295215E-20
  0.1830290000000E+14   0.6248522749494E-20
  0.1876260000000E+14   0.6099770398673E-20
  0.1923370000000E+14   0.5976794941686E-20
  0.1971670000000E+14   0.5872132888970E-20
  0.2021180000000E+14   0.5784645413396E-20
  0.2071940000000E+14   0.5715253536775E-20
  0.2123970000000E+14   0.5650638301169E-20
  0.2177310000000E+14   0.5623493347827E-20
  0.2231980000000E+14   0.5590329070868E-20
  0.2288030000000E+14   0.5561884259647E-20
  0.2345490000000E+14   0.5529468839295E-20
  0.2404390000000E+14   0.5491390184403E-20
  0.2464770000000E+14   0.5449112500064E-20
  0.2526660000000E+14   0.5397991401336E-20
  0.2590110000000E+14   0.5341390740468E-20
  0.2655150000000E+14   0.5276320787982E-20
  0.2721830000000E+14   0.5208206753602E-20
  0.2790180000000E+14   0.5133377544799E-20
  0.2860240000000E+14   0.5049562157254E-20
  0.2932070000000E+14   0.4957635313230E-20
  0.3005700000000E+14   0.4860314904653E-20
  0.3081180000000E+14   0.4754889518752E-20
  0.3158550000000E+14   0.4647102198716E-20
  0.3237870000000E+14   0.4523173687491E-20
  0.3319170000000E+14   0.4395914009603E-20
  0.3402530000000E+14   0.4270639902104E-20
  0.3487970000000E+14   0.4147813257520E-20
  0.3575560000000E+14   0.4027927353337E-20
  0.3665350000000E+14   0.3912689308066E-20
  0.3757390000000E+14   0.3802920311770E-20
  0.3851740000000E+14   0.3702837915599E-20
  0.3948470000000E+14   0.3608096563260E-20
  0.4047620000000E+14   0.3517549255316E-20
  0.4149260000000E+14   0.3432893172074E-20
  0.4253460000000E+14   0.3352909625043E-20
  0.4360270000000E+14   0.3279431071643E-20
  0.4469770000000E+14   0.3211575234755E-20
  0.4582010000000E+14   0.3149795610319E-20
  0.4697070000000E+14   0.3094521000309E-20
  0.4815020000000E+14   0.3046080869680E-20
  0.4935940000000E+14   0.3004795102767E-20
  0.5059890000000E+14   0.2970994459972E-20
  0.5186950000000E+14   0.2944829505641E-20
  0.5317200000000E+14   0.2926498839241E-20
  0.5450730000000E+14   0.2916024151757E-20
  0.6258450000000E+14   0.3000553450890E-20
  0.7185870000000E+14   0.3303591697192E-20
  0.8250720000000E+14   0.3767433005610E-20
  0.9473370000000E+14   0.4319502634171E-20
  0.1087720000000E+15   0.4885886983888E-20
  0.1248910000000E+15   0.5393792003035E-20
  0.1433980000000E+15   0.5769053669540E-20
  0.1646470000000E+15   0.5937926055997E-20
  0.1890460000000E+15   0.5837663203543E-20
  0.2170600000000E+15   0.5434570617758E-20
  0.2492250000000E+15   0.4743308739808E-20
  0.2861570000000E+15   0.3837326957637E-20
  0.3285620000000E+15   0.2840455576299E-20
  0.3772500000000E+15   0.1895975237519E-20
  0.4331540000000E+15   0.1122626291446E-20
  0.4973410000000E+15   0.5788629866397E-21
  0.5710410000000E+15   0.2545426114930E-21
  0.6556610000000E+15   0.9320917967410E-22
  0.7528220000000E+15   0.2765872172445E-22
  0.8643800000000E+15   0.6446888237170E-23
  0.9924690000000E+15   0.1138871999758E-23
  0.1139540000000E+16   0.1463323269840E-24
  0.1308400000000E+16   0.1304750324444E-25
  0.1502290000000E+16   0.7645890551686E-27
  0.1724910000000E+16   0.2767460033413E-28
  0.1980520000000E+16   0.5760301134616E-30
  0.2274010000000E+16   0.6352188613206E-32
  0.2610990000000E+16   0.3377941316838E-34
  0.2997900000000E+16   0.7775439487377E-37
