         130
  
  0.2997900000000E+11   0.1791938539180E-23
  0.3951060000000E+11   0.4073529304128E-23
  0.5207280000000E+11   0.9258511171590E-23
  0.6862910000000E+11   0.2102781018322E-22
  0.9044930000000E+11   0.4769391522615E-22
  0.1192070000000E+12   0.1079525940373E-21
  0.1571080000000E+12   0.2436251030936E-21
  0.2070600000000E+12   0.5475620808621E-21
  0.2728930000000E+12   0.1223831557077E-20
  0.3596580000000E+12   0.2960676532954E-20
  0.4740100000000E+12   0.8568160303080E-20
  0.6247180000000E+12   0.2448000437501E-19
  0.8233440000000E+12   0.6862837676585E-19
  0.1085120000000E+13   0.1878175315352E-18
  0.1430130000000E+13   0.4967268268931E-18
  0.1884830000000E+13   0.1255330410450E-17
  0.2484100000000E+13   0.2981639305225E-17
  0.3273910000000E+13   0.6478102085549E-17
  0.4314820000000E+13   0.1247472967855E-16
  0.5686700000000E+13   0.2020693095232E-16
  0.7494750000000E+13   0.2579448927625E-16
  0.7682960000000E+13   0.2601281659177E-16
  0.7875890000000E+13   0.2616191216776E-16
  0.8073670000000E+13   0.2623701067634E-16
  0.8276410000000E+13   0.2624026189551E-16
  0.8484250000000E+13   0.2617912548025E-16
  0.8697300000000E+13   0.2609820420210E-16
  0.8915700000000E+13   0.2594394531854E-16
  0.9139590000000E+13   0.2578285750633E-16
  0.9369100000000E+13   0.2556199665979E-16
  0.9604380000000E+13   0.2530778197163E-16
  0.9845560000000E+13   0.2501994318181E-16
  0.1009280000000E+14   0.2467187236754E-16
  0.1034620000000E+14   0.2428891556821E-16
  0.1060610000000E+14   0.2384990192200E-16
  0.1087240000000E+14   0.2341326147677E-16
  0.1114540000000E+14   0.2293697592844E-16
  0.1142530000000E+14   0.2244727069505E-16
  0.1171220000000E+14   0.2194258007536E-16
  0.1200630000000E+14   0.2141014120831E-16
  0.1230780000000E+14   0.2086929202262E-16
  0.1261690000000E+14   0.2030640738681E-16
  0.1293370000000E+14   0.1978098709796E-16
  0.1325850000000E+14   0.1924563581076E-16
  0.1359150000000E+14   0.1872305810055E-16
  0.1393280000000E+14   0.1820861607104E-16
  0.1428260000000E+14   0.1770460578573E-16
  0.1464130000000E+14   0.1724561038548E-16
  0.1500900000000E+14   0.1678101276547E-16
  0.1538590000000E+14   0.1623852912853E-16
  0.1577220000000E+14   0.1569768786961E-16
  0.1616830000000E+14   0.1492625358772E-16
  0.1657430000000E+14   0.1404387900977E-16
  0.1699050000000E+14   0.1311662836833E-16
  0.1741720000000E+14   0.1201939724283E-16
  0.1785460000000E+14   0.1099095913688E-16
  0.1830290000000E+14   0.9927691537201E-17
  0.1876260000000E+14   0.8932938755508E-17
  0.1923370000000E+14   0.8044072231076E-17
  0.1971670000000E+14   0.7237130357717E-17
  0.2021180000000E+14   0.6532041480533E-17
  0.2071940000000E+14   0.5968858885314E-17
  0.2123970000000E+14   0.5452989868614E-17
  0.2177310000000E+14   0.5339377409845E-17
  0.2231980000000E+14   0.5223505503258E-17
  0.2288030000000E+14   0.5228731555660E-17
  0.2345490000000E+14   0.5269553388379E-17
  0.2404390000000E+14   0.5329188966797E-17
  0.2464770000000E+14   0.5429152612556E-17
  0.2526660000000E+14   0.5506790063240E-17
  0.2590110000000E+14   0.5607247860588E-17
  0.2655150000000E+14   0.5681706766028E-17
  0.2721830000000E+14   0.5818238715154E-17
  0.2790180000000E+14   0.5954687449212E-17
  0.2860240000000E+14   0.6032376574397E-17
  0.2932070000000E+14   0.6046176253011E-17
  0.3005700000000E+14   0.6036215813322E-17
  0.3081180000000E+14   0.5904398740659E-17
  0.3158550000000E+14   0.5777700505254E-17
  0.3237870000000E+14   0.5199178977985E-17
  0.3319170000000E+14   0.4521565118524E-17
  0.3402530000000E+14   0.3897631051440E-17
  0.3487970000000E+14   0.3322568881421E-17
  0.3575560000000E+14   0.2785391369656E-17
  0.3665350000000E+14   0.2302854059762E-17
  0.3757390000000E+14   0.1835540702224E-17
  0.3851740000000E+14   0.1551590783216E-17
  0.3948470000000E+14   0.1317611319903E-17
  0.4047620000000E+14   0.1163985250576E-17
  0.4149260000000E+14   0.1110047730926E-17
  0.4253460000000E+14   0.1063369210099E-17
  0.4360270000000E+14   0.1051379600223E-17
  0.4469770000000E+14   0.1041126952260E-17
  0.4582010000000E+14   0.1032835424216E-17
  0.4697070000000E+14   0.1025946115515E-17
  0.4815020000000E+14   0.1019073738307E-17
  0.4935940000000E+14   0.1012061576941E-17
  0.5059890000000E+14   0.1005976167059E-17
  0.5186950000000E+14   0.1001334009349E-17
  0.5317200000000E+14   0.9971213084124E-18
  0.5450730000000E+14   0.9949093829677E-18
  0.6258450000000E+14   0.9954011120552E-18
  0.7185870000000E+14   0.1005390856897E-17
  0.8250720000000E+14   0.1005895660664E-17
  0.9473370000000E+14   0.9938568749235E-18
  0.1087720000000E+15   0.9756864081414E-18
  0.1248910000000E+15   0.9606068924271E-18
  0.1433980000000E+15   0.9562377145192E-18
  0.1646470000000E+15   0.9699875837980E-18
  0.1890460000000E+15   0.1009243041917E-17
  0.2170600000000E+15   0.1075529655302E-17
  0.2492250000000E+15   0.1170298057843E-17
  0.2861570000000E+15   0.1291873593082E-17
  0.3285620000000E+15   0.1433892615238E-17
  0.3772500000000E+15   0.1585353489401E-17
  0.4331540000000E+15   0.1728741467306E-17
  0.4973410000000E+15   0.1840199077489E-17
  0.5710410000000E+15   0.1893029225483E-17
  0.6556610000000E+15   0.1863818566677E-17
  0.7528220000000E+15   0.1739074407486E-17
  0.8643800000000E+15   0.1522438069182E-17
  0.9924690000000E+15   0.1236722944071E-17
  0.1139540000000E+16   0.9192025046403E-18
  0.1308400000000E+16   0.6174257949667E-18
  0.1502290000000E+16   0.3683802981867E-18
  0.1724910000000E+16   0.1916297021953E-18
  0.1980520000000E+16   0.8503794321289E-19
  0.2274010000000E+16   0.3147360122926E-19
  0.2610990000000E+16   0.9454686295381E-20
  0.2997900000000E+16   0.2235013885020E-20
