         130
  
  0.2997900000000E+11   0.3301838239831E-23
  0.3951060000000E+11   0.7516833769339E-23
  0.5207280000000E+11   0.1710134550202E-22
  0.6862910000000E+11   0.3886262139262E-22
  0.9044930000000E+11   0.8816399209284E-22
  0.1192070000000E+12   0.1995254590370E-21
  0.1571080000000E+12   0.4500537283844E-21
  0.2070600000000E+12   0.1010585780385E-20
  0.2728930000000E+12   0.2255509192664E-20
  0.3596580000000E+12   0.5445443113153E-20
  0.4740100000000E+12   0.1571226835406E-19
  0.6247180000000E+12   0.4469658912976E-19
  0.8233440000000E+12   0.1245215450195E-18
  0.1085120000000E+13   0.3377025646033E-18
  0.1430130000000E+13   0.8813235434656E-18
  0.1884830000000E+13   0.2183573409870E-17
  0.2484100000000E+13   0.5032887171953E-17
  0.3273910000000E+13   0.1044223696797E-16
  0.4314820000000E+13   0.1872847524405E-16
  0.5686700000000E+13   0.2729870692919E-16
  0.7494750000000E+13   0.3043316266193E-16
  0.7682960000000E+13   0.3031046409160E-16
  0.7875890000000E+13   0.3011396857009E-16
  0.8073670000000E+13   0.2984379986415E-16
  0.8276410000000E+13   0.2950630123804E-16
  0.8484250000000E+13   0.2911217643904E-16
  0.8697300000000E+13   0.2870409549589E-16
  0.8915700000000E+13   0.2823891195072E-16
  0.9139590000000E+13   0.2777789562355E-16
  0.9369100000000E+13   0.2727855881353E-16
  0.9604380000000E+13   0.2676705962680E-16
  0.9845560000000E+13   0.2624625693369E-16
  0.1009280000000E+14   0.2569496838067E-16
  0.1034620000000E+14   0.2513734783021E-16
  0.1060610000000E+14   0.2455475541414E-16
  0.1087240000000E+14   0.2400189156762E-16
  0.1114540000000E+14   0.2343945799530E-16
  0.1142530000000E+14   0.2289155125506E-16
  0.1171220000000E+14   0.2235539658550E-16
  0.1200630000000E+14   0.2181536637112E-16
  0.1230780000000E+14   0.2128807981960E-16
  0.1261690000000E+14   0.2075524272111E-16
  0.1293370000000E+14   0.2027833711664E-16
  0.1325850000000E+14   0.1980214933594E-16
  0.1359150000000E+14   0.1934816433304E-16
  0.1393280000000E+14   0.1890742991092E-16
  0.1428260000000E+14   0.1847909060190E-16
  0.1464130000000E+14   0.1810081558124E-16
  0.1500900000000E+14   0.1771029273780E-16
  0.1538590000000E+14   0.1721951928755E-16
  0.1577220000000E+14   0.1672112105151E-16
  0.1616830000000E+14   0.1594057594919E-16
  0.1657430000000E+14   0.1502018564482E-16
  0.1699050000000E+14   0.1403871031006E-16
  0.1741720000000E+14   0.1284940475577E-16
  0.1785460000000E+14   0.1173408016020E-16
  0.1830290000000E+14   0.1057090192942E-16
  0.1876260000000E+14   0.9482290325843E-17
  0.1923370000000E+14   0.8512613546561E-17
  0.1971670000000E+14   0.7634131699508E-17
  0.2021180000000E+14   0.6870566583675E-17
  0.2071940000000E+14   0.6268899905930E-17
  0.2123970000000E+14   0.5718250654273E-17
  0.2177310000000E+14   0.5633801886908E-17
  0.2231980000000E+14   0.5542370140127E-17
  0.2288030000000E+14   0.5587158700483E-17
  0.2345490000000E+14   0.5666324908443E-17
  0.2404390000000E+14   0.5759377781149E-17
  0.2464770000000E+14   0.5890455707545E-17
  0.2526660000000E+14   0.5988910506931E-17
  0.2590110000000E+14   0.6106900396898E-17
  0.2655150000000E+14   0.6190916323755E-17
  0.2721830000000E+14   0.6339882439648E-17
  0.2790180000000E+14   0.6485215182047E-17
  0.2860240000000E+14   0.6563311595709E-17
  0.2932070000000E+14   0.6569811523147E-17
  0.3005700000000E+14   0.6549299363048E-17
  0.3081180000000E+14   0.6395381481920E-17
  0.3158550000000E+14   0.6246917324755E-17
  0.3237870000000E+14   0.5607566297579E-17
  0.3319170000000E+14   0.4861201300316E-17
  0.3402530000000E+14   0.4174085318769E-17
  0.3487970000000E+14   0.3541656212516E-17
  0.3575560000000E+14   0.2951677058804E-17
  0.3665350000000E+14   0.2421660370234E-17
  0.3757390000000E+14   0.1910385625880E-17
  0.3851740000000E+14   0.1601363263208E-17
  0.3948470000000E+14   0.1349541596109E-17
  0.4047620000000E+14   0.1187549689554E-17
  0.4149260000000E+14   0.1131815715755E-17
  0.4253460000000E+14   0.1084453552734E-17
  0.4360270000000E+14   0.1072074560959E-17
  0.4469770000000E+14   0.1061553532690E-17
  0.4582010000000E+14   0.1053101811140E-17
  0.4697070000000E+14   0.1046161098744E-17
  0.4815020000000E+14   0.1039375544317E-17
  0.4935940000000E+14   0.1032594893888E-17
  0.5059890000000E+14   0.1026843393818E-17
  0.5186950000000E+14   0.1022594928726E-17
  0.5317200000000E+14   0.1018860506359E-17
  0.5450730000000E+14   0.1017113306633E-17
  0.6258450000000E+14   0.1020370171647E-17
  0.7185870000000E+14   0.1032739552873E-17
  0.8250720000000E+14   0.1034819322911E-17
  0.9473370000000E+14   0.1022710592843E-17
  0.1087720000000E+15   0.1002222893698E-17
  0.1248910000000E+15   0.9827520575151E-18
  0.1433980000000E+15   0.9727704713052E-18
  0.1646470000000E+15   0.9808900255798E-18
  0.1890460000000E+15   0.1015496477190E-17
  0.2170600000000E+15   0.1078330689049E-17
  0.2492250000000E+15   0.1170687534724E-17
  0.2861570000000E+15   0.1290843988059E-17
  0.3285620000000E+15   0.1432449841882E-17
  0.3772500000000E+15   0.1584109808621E-17
  0.4331540000000E+15   0.1727789347092E-17
  0.4973410000000E+15   0.1839409197686E-17
  0.5710410000000E+15   0.1892217064118E-17
  0.6556610000000E+15   0.1862784782784E-17
  0.7528220000000E+15   0.1737585350479E-17
  0.8643800000000E+15   0.1520632295140E-17
  0.9924690000000E+15   0.1235066812818E-17
  0.1139540000000E+16   0.9175030994042E-18
  0.1308400000000E+16   0.6163550699113E-18
  0.1502290000000E+16   0.3678523146081E-18
  0.1724910000000E+16   0.1914237823841E-18
  0.1980520000000E+16   0.8494150659930E-19
  0.2274010000000E+16   0.3143873256391E-19
  0.2610990000000E+16   0.9444405031500E-20
  0.2997900000000E+16   0.2232618007586E-20
