mstar = 2 Msun, Rstar = 2.5 Rsun, Tstar = 10000, mdisk = 0.0038917 Msun, Rc = 150 AU, Rin = 0.5 AU, Rout = 250 AU, inclination = 45 degree, powerlaw = -1 
         130
  
  0.2997900000000E+11   0.5235123881119E-23
  0.3951060000000E+11   0.1192460880164E-22
  0.5207280000000E+11   0.2713778583657E-22
  0.6862910000000E+11   0.6167620665724E-22
  0.9044930000000E+11   0.1399030642055E-21
  0.1192070000000E+12   0.3165111488374E-21
  0.1571080000000E+12   0.7135125449730E-21
  0.2070600000000E+12   0.1600763875592E-20
  0.2728930000000E+12   0.3568231624864E-20
  0.3596580000000E+12   0.8599444045336E-20
  0.4740100000000E+12   0.2474699056142E-19
  0.6247180000000E+12   0.7012477898980E-19
  0.8233440000000E+12   0.1942536531856E-18
  0.1085120000000E+13   0.5223785342588E-18
  0.1430130000000E+13   0.1345993269061E-17
  0.1884830000000E+13   0.3270026093574E-17
  0.2484100000000E+13   0.7309690617145E-17
  0.3273910000000E+13   0.1445801803688E-16
  0.4314820000000E+13   0.2410271010662E-16
  0.5686700000000E+13   0.3175328290509E-16
  0.7494750000000E+13   0.3190176797030E-16
  0.7682960000000E+13   0.3153978597112E-16
  0.7875890000000E+13   0.3112458456873E-16
  0.8073670000000E+13   0.3065864830132E-16
  0.8276410000000E+13   0.3014938673854E-16
  0.8484250000000E+13   0.2960763077748E-16
  0.8697300000000E+13   0.2907370747209E-16
  0.8915700000000E+13   0.2850859564549E-16
  0.9139590000000E+13   0.2797036878345E-16
  0.9369100000000E+13   0.2741867528318E-16
  0.9604380000000E+13   0.2687802138544E-16
  0.9845560000000E+13   0.2635022706102E-16
  0.1009280000000E+14   0.2581139965265E-16
  0.1034620000000E+14   0.2528346568737E-16
  0.1060610000000E+14   0.2474344924321E-16
  0.1087240000000E+14   0.2424688138032E-16
  0.1114540000000E+14   0.2374828747041E-16
  0.1142530000000E+14   0.2327081626875E-16
  0.1171220000000E+14   0.2280841037761E-16
  0.1200630000000E+14   0.2234066756227E-16
  0.1230780000000E+14   0.2188369733873E-16
  0.1261690000000E+14   0.2141489938342E-16
  0.1293370000000E+14   0.2100181473637E-16
  0.1325850000000E+14   0.2058114452735E-16
  0.1359150000000E+14   0.2017622044678E-16
  0.1393280000000E+14   0.1977658330958E-16
  0.1428260000000E+14   0.1938120479266E-16
  0.1464130000000E+14   0.1903187987224E-16
  0.1500900000000E+14   0.1866018362367E-16
  0.1538590000000E+14   0.1817112421730E-16
  0.1577220000000E+14   0.1766750936926E-16
  0.1616830000000E+14   0.1685248741555E-16
  0.1657430000000E+14   0.1588263927613E-16
  0.1699050000000E+14   0.1484414200316E-16
  0.1741720000000E+14   0.1357823129907E-16
  0.1785460000000E+14   0.1239036395006E-16
  0.1830290000000E+14   0.1114821857762E-16
  0.1876260000000E+14   0.9984725223846E-17
  0.1923370000000E+14   0.8948629578595E-17
  0.1971670000000E+14   0.8010096463241E-17
  0.2021180000000E+14   0.7195496085429E-17
  0.2071940000000E+14   0.6556572504809E-17
  0.2123970000000E+14   0.5972101938824E-17
  0.2177310000000E+14   0.5895140395102E-17
  0.2231980000000E+14   0.5807105994547E-17
  0.2288030000000E+14   0.5862994254575E-17
  0.2345490000000E+14   0.5952235111964E-17
  0.2404390000000E+14   0.6053215548637E-17
  0.2464770000000E+14   0.6192180190390E-17
  0.2526660000000E+14   0.6294251296321E-17
  0.2590110000000E+14   0.6415356133848E-17
  0.2655150000000E+14   0.6499068534470E-17
  0.2721830000000E+14   0.6650225139182E-17
  0.2790180000000E+14   0.6796586808372E-17
  0.2860240000000E+14   0.6871531053096E-17
  0.2932070000000E+14   0.6870791143591E-17
  0.3005700000000E+14   0.6841368726636E-17
  0.3081180000000E+14   0.6671661514912E-17
  0.3158550000000E+14   0.6507772991193E-17
  0.3237870000000E+14   0.5829987588851E-17
  0.3319170000000E+14   0.5041984018936E-17
  0.3402530000000E+14   0.4317969781235E-17
  0.3487970000000E+14   0.3652377976780E-17
  0.3575560000000E+14   0.3032661757965E-17
  0.3665350000000E+14   0.2478426221007E-17
  0.3757390000000E+14   0.1944961636230E-17
  0.3851740000000E+14   0.1623037324258E-17
  0.3948470000000E+14   0.1362815441052E-17
  0.4047620000000E+14   0.1196954202836E-17
  0.4149260000000E+14   0.1140411367793E-17
  0.4253460000000E+14   0.1092835447911E-17
  0.4360270000000E+14   0.1080738892876E-17
  0.4469770000000E+14   0.1070612538563E-17
  0.4582010000000E+14   0.1062656088239E-17
  0.4697070000000E+14   0.1056304601741E-17
  0.4815020000000E+14   0.1050216649831E-17
  0.4935940000000E+14   0.1044248410433E-17
  0.5059890000000E+14   0.1039394502800E-17
  0.5186950000000E+14   0.1036092726988E-17
  0.5317200000000E+14   0.1033368162658E-17
  0.5450730000000E+14   0.1032615826950E-17
  0.6258450000000E+14   0.1041134327908E-17
  0.7185870000000E+14   0.1057169480311E-17
  0.8250720000000E+14   0.1060907322139E-17
  0.9473370000000E+14   0.1048129483261E-17
  0.1087720000000E+15   0.1024630035150E-17
  0.1248910000000E+15   0.1000497395470E-17
  0.1433980000000E+15   0.9852077832381E-18
  0.1646470000000E+15   0.9882224748032E-18
  0.1890460000000E+15   0.1018455073245E-17
  0.2170600000000E+15   0.1077921035353E-17
  0.2492250000000E+15   0.1168231780679E-17
  0.2861570000000E+15   0.1287689042890E-17
  0.3285620000000E+15   0.1429528822029E-17
  0.3772500000000E+15   0.1581831372407E-17
  0.4331540000000E+15   0.1726204448674E-17
  0.4973410000000E+15   0.1838330781288E-17
  0.5710410000000E+15   0.1891310736640E-17
  0.6556610000000E+15   0.1861727972437E-17
  0.7528220000000E+15   0.1736091250973E-17
  0.8643800000000E+15   0.1518824659363E-17
  0.9924690000000E+15   0.1233409489393E-17
  0.1139540000000E+16   0.9158033624902E-18
  0.1308400000000E+16   0.6152840136198E-18
  0.1502290000000E+16   0.3673240083476E-18
  0.1724910000000E+16   0.1912176626365E-18
  0.1980520000000E+16   0.8484498210403E-19
  0.2274010000000E+16   0.3140383120772E-19
  0.2610990000000E+16   0.9434113917657E-20
  0.2997900000000E+16   0.2230219797650E-20
