         130
  
  0.2997900000000E+11   0.2517760219772E-23
  0.3951060000000E+11   0.5728898436926E-23
  0.5207280000000E+11   0.1302938560318E-22
  0.6862910000000E+11   0.2960417309985E-22
  0.9044930000000E+11   0.6715896054947E-22
  0.1192070000000E+12   0.1520083889609E-21
  0.1571080000000E+12   0.3429729513691E-21
  0.2070600000000E+12   0.7705051858864E-21
  0.2728930000000E+12   0.1720886145038E-20
  0.3596580000000E+12   0.4158838978491E-20
  0.4740100000000E+12   0.1201735277623E-19
  0.6247180000000E+12   0.3425782257364E-19
  0.8233440000000E+12   0.9572999732758E-19
  0.1085120000000E+13   0.2607668226486E-18
  0.1430130000000E+13   0.6849705191770E-18
  0.1884830000000E+13   0.1713641837816E-17
  0.2484100000000E+13   0.4008542739804E-17
  0.3273910000000E+13   0.8507983848483E-17
  0.4314820000000E+13   0.1580157045854E-16
  0.5686700000000E+13   0.2423754636668E-16
  0.7494750000000E+13   0.2875844251798E-16
  0.7682960000000E+13   0.2879852282340E-16
  0.7875890000000E+13   0.2876239449923E-16
  0.8073670000000E+13   0.2864783667828E-16
  0.8276410000000E+13   0.2845940328985E-16
  0.8484250000000E+13   0.2820656130666E-16
  0.8697300000000E+13   0.2793332946784E-16
  0.8915700000000E+13   0.2759153900118E-16
  0.9139590000000E+13   0.2724526851634E-16
  0.9369100000000E+13   0.2684739683362E-16
  0.9604380000000E+13   0.2642456087672E-16
  0.9845560000000E+13   0.2597861763048E-16
  0.1009280000000E+14   0.2548690064669E-16
  0.1034620000000E+14   0.2497455379179E-16
  0.1060610000000E+14   0.2442299195626E-16
  0.1087240000000E+14   0.2388820399484E-16
  0.1114540000000E+14   0.2333136397103E-16
  0.1142530000000E+14   0.2277768752348E-16
  0.1171220000000E+14   0.2222577355561E-16
  0.1200630000000E+14   0.2166233416255E-16
  0.1230780000000E+14   0.2110525103517E-16
  0.1261690000000E+14   0.2053911944773E-16
  0.1293370000000E+14   0.2002336251895E-16
  0.1325850000000E+14   0.1950765285445E-16
  0.1359150000000E+14   0.1901358492085E-16
  0.1393280000000E+14   0.1853416271709E-16
  0.1428260000000E+14   0.1806964692708E-16
  0.1464130000000E+14   0.1765572200051E-16
  0.1500900000000E+14   0.1723538102921E-16
  0.1538590000000E+14   0.1672710876722E-16
  0.1577220000000E+14   0.1621660675143E-16
  0.1616830000000E+14   0.1544732995296E-16
  0.1657430000000E+14   0.1455072029336E-16
  0.1699050000000E+14   0.1359971740756E-16
  0.1741720000000E+14   0.1245685216412E-16
  0.1785460000000E+14   0.1138525234901E-16
  0.1830290000000E+14   0.1027113454779E-16
  0.1876260000000E+14   0.9228621383349E-17
  0.1923370000000E+14   0.8299015640734E-17
  0.1971670000000E+14   0.7456231350754E-17
  0.2021180000000E+14   0.6722245042936E-17
  0.2071940000000E+14   0.6140549144887E-17
  0.2123970000000E+14   0.5607846552876E-17
  0.2177310000000E+14   0.5511020326286E-17
  0.2231980000000E+14   0.5410054800230E-17
  0.2288030000000E+14   0.5439360450830E-17
  0.2345490000000E+14   0.5504508244860E-17
  0.2404390000000E+14   0.5586214169744E-17
  0.2464770000000E+14   0.5707240145431E-17
  0.2526660000000E+14   0.5799719439934E-17
  0.2590110000000E+14   0.5912881252453E-17
  0.2655150000000E+14   0.5994907281898E-17
  0.2721830000000E+14   0.6140595622217E-17
  0.2790180000000E+14   0.6283843166139E-17
  0.2860240000000E+14   0.6363047699798E-17
  0.2932070000000E+14   0.6373566192911E-17
  0.3005700000000E+14   0.6358211310628E-17
  0.3081180000000E+14   0.6213769567307E-17
  0.3158550000000E+14   0.6074546984628E-17
  0.3237870000000E+14   0.5459114328247E-17
  0.3319170000000E+14   0.4739180635709E-17
  0.3402530000000E+14   0.4076105956468E-17
  0.3487970000000E+14   0.3465083804603E-17
  0.3575560000000E+14   0.2894331176512E-17
  0.3665350000000E+14   0.2381894175698E-17
  0.3757390000000E+14   0.1886675628556E-17
  0.3851740000000E+14   0.1586641528448E-17
  0.3948470000000E+14   0.1341049635685E-17
  0.4047620000000E+14   0.1181950618294E-17
  0.4149260000000E+14   0.1126775542817E-17
  0.4253460000000E+14   0.1079605968443E-17
  0.4360270000000E+14   0.1067176889302E-17
  0.4469770000000E+14   0.1056600003698E-17
  0.4582010000000E+14   0.1048085576486E-17
  0.4697070000000E+14   0.1041073074059E-17
  0.4815020000000E+14   0.1034195653046E-17
  0.4935940000000E+14   0.1027295160581E-17
  0.5059890000000E+14   0.1021403300419E-17
  0.5186950000000E+14   0.1017005134419E-17
  0.5317200000000E+14   0.1013101764185E-17
  0.5450730000000E+14   0.1011197235549E-17
  0.6258450000000E+14   0.1013575365108E-17
  0.7185870000000E+14   0.1025148430669E-17
  0.8250720000000E+14   0.1026493818774E-17
  0.9473370000000E+14   0.1014006843959E-17
  0.1087720000000E+15   0.9938647769071E-18
  0.1248910000000E+15   0.9755536660983E-18
  0.1433980000000E+15   0.9673177884286E-18
  0.1646470000000E+15   0.9773611697654E-18
  0.1890460000000E+15   0.1013706265452E-17
  0.2170600000000E+15   0.1077966385191E-17
  0.2492250000000E+15   0.1171334360008E-17
  0.2861570000000E+15   0.1291954674923E-17
  0.3285620000000E+15   0.1433517628328E-17
  0.3772500000000E+15   0.1584917133399E-17
  0.4331540000000E+15   0.1728356572496E-17
  0.4973410000000E+15   0.1839830467802E-17
  0.5710410000000E+15   0.1892606771647E-17
  0.6556610000000E+15   0.1863257153403E-17
  0.7528220000000E+15   0.1738257760955E-17
  0.8643800000000E+15   0.1521446480047E-17
  0.9924690000000E+15   0.1235813414677E-17
  0.1139540000000E+16   0.9182690954510E-18
  0.1308400000000E+16   0.6168377074671E-18
  0.1502290000000E+16   0.3680903269662E-18
  0.1724910000000E+16   0.1915166191608E-18
  0.1980520000000E+16   0.8498498331942E-19
  0.2274010000000E+16   0.3145445259030E-19
  0.2610990000000E+16   0.9449040214588E-20
  0.2997900000000E+16   0.2233698164448E-20
