         130
  
  0.2997900000000E+11   0.2042284398839E-23
  0.3951060000000E+11   0.4644533118024E-23
  0.5207280000000E+11   0.1055937160144E-22
  0.6862910000000E+11   0.2398684813501E-22
  0.9044930000000E+11   0.5441099605694E-22
  0.1192070000000E+12   0.1231591610285E-21
  0.1571080000000E+12   0.2779274020908E-21
  0.2070600000000E+12   0.6245708918558E-21
  0.2728930000000E+12   0.1395619375039E-20
  0.3596580000000E+12   0.3375089873431E-20
  0.4740100000000E+12   0.9762437027608E-20
  0.6247180000000E+12   0.2787068466363E-19
  0.8233440000000E+12   0.7804672421306E-19
  0.1085120000000E+13   0.2132476199109E-18
  0.1430130000000E+13   0.5626480132655E-18
  0.1884830000000E+13   0.1416929398471E-17
  0.2484100000000E+13   0.3347560247306E-17
  0.3273910000000E+13   0.7213673431424E-17
  0.4314820000000E+13   0.1371443102516E-16
  0.5686700000000E+13   0.2178348401474E-16
  0.7494750000000E+13   0.2706120351014E-16
  0.7682960000000E+13   0.2721674725281E-16
  0.7875890000000E+13   0.2729913866955E-16
  0.8073670000000E+13   0.2730445922760E-16
  0.8276410000000E+13   0.2723575210193E-16
  0.8484250000000E+13   0.2710127835520E-16
  0.8697300000000E+13   0.2694574666087E-16
  0.8915700000000E+13   0.2671719948132E-16
  0.9139590000000E+13   0.2648167806520E-16
  0.9369100000000E+13   0.2618809859087E-16
  0.9604380000000E+13   0.2586315875368E-16
  0.9845560000000E+13   0.2550744062490E-16
  0.1009280000000E+14   0.2509586527299E-16
  0.1034620000000E+14   0.2465393968159E-16
  0.1060610000000E+14   0.2416164024753E-16
  0.1087240000000E+14   0.2367664775973E-16
  0.1114540000000E+14   0.2315839286506E-16
  0.1142530000000E+14   0.2263291147012E-16
  0.1171220000000E+14   0.2209892103653E-16
  0.1200630000000E+14   0.2154374265991E-16
  0.1230780000000E+14   0.2098632029021E-16
  0.1261690000000E+14   0.2041262341126E-16
  0.1293370000000E+14   0.1988198346501E-16
  0.1325850000000E+14   0.1934628681262E-16
  0.1359150000000E+14   0.1882779365279E-16
  0.1393280000000E+14   0.1832105821704E-16
  0.1428260000000E+14   0.1782761876195E-16
  0.1464130000000E+14   0.1738237035963E-16
  0.1500900000000E+14   0.1693234531140E-16
  0.1538590000000E+14   0.1640166340675E-16
  0.1577220000000E+14   0.1587190200429E-16
  0.1616830000000E+14   0.1510133575708E-16
  0.1657430000000E+14   0.1421385291916E-16
  0.1699050000000E+14   0.1327808382386E-16
  0.1741720000000E+14   0.1216414287967E-16
  0.1785460000000E+14   0.1112018165364E-16
  0.1830290000000E+14   0.1003866338566E-16
  0.1876260000000E+14   0.9027046830840E-17
  0.1923370000000E+14   0.8124043308368E-17
  0.1971670000000E+14   0.7304854858441E-17
  0.2021180000000E+14   0.6590094373701E-17
  0.2071940000000E+14   0.6021035739857E-17
  0.2123970000000E+14   0.5499883836245E-17
  0.2177310000000E+14   0.5393565842190E-17
  0.2231980000000E+14   0.5284553409453E-17
  0.2288030000000E+14   0.5300427548017E-17
  0.2345490000000E+14   0.5352246014775E-17
  0.2404390000000E+14   0.5422135209180E-17
  0.2464770000000E+14   0.5532019769988E-17
  0.2526660000000E+14   0.5617166340260E-17
  0.2590110000000E+14   0.5724228751841E-17
  0.2655150000000E+14   0.5803194691723E-17
  0.2721830000000E+14   0.5944908185514E-17
  0.2790180000000E+14   0.6085569235601E-17
  0.2860240000000E+14   0.6165180499288E-17
  0.2932070000000E+14   0.6178908455580E-17
  0.3005700000000E+14   0.6167947269744E-17
  0.3081180000000E+14   0.6032087422893E-17
  0.3158550000000E+14   0.5901307705653E-17
  0.3237870000000E+14   0.5308477084336E-17
  0.3319170000000E+14   0.4614189891083E-17
  0.3402530000000E+14   0.3974626718068E-17
  0.3487970000000E+14   0.3385204943653E-17
  0.3575560000000E+14   0.2834373163225E-17
  0.3665350000000E+14   0.2339124422278E-17
  0.3757390000000E+14   0.1859267282889E-17
  0.3851740000000E+14   0.1567841627752E-17
  0.3948470000000E+14   0.1328343627136E-17
  0.4047620000000E+14   0.1172385426966E-17
  0.4149260000000E+14   0.1118136707560E-17
  0.4253460000000E+14   0.1071466490860E-17
  0.4360270000000E+14   0.1059425517905E-17
  0.4469770000000E+14   0.1049155721598E-17
  0.4582010000000E+14   0.1040875472920E-17
  0.4697070000000E+14   0.1034026556756E-17
  0.4815020000000E+14   0.1027233586257E-17
  0.4935940000000E+14   0.1020339473388E-17
  0.5059890000000E+14   0.1014395824701E-17
  0.5186950000000E+14   0.1009907123725E-17
  0.5317200000000E+14   0.1005867030876E-17
  0.5450730000000E+14   0.1003819695053E-17
  0.6258450000000E+14   0.1005241462313E-17
  0.7185870000000E+14   0.1016041837821E-17
  0.8250720000000E+14   0.1017038133920E-17
  0.9473370000000E+14   0.1004855206724E-17
  0.1087720000000E+15   0.9857534687505E-18
  0.1248910000000E+15   0.9690573020698E-18
  0.1433980000000E+15   0.9626929695761E-18
  0.1646470000000E+15   0.9745021749879E-18
  0.1890460000000E+15   0.1012255138885E-17
  0.2170600000000E+15   0.1077560333293E-17
  0.2492250000000E+15   0.1171706345754E-17
  0.2861570000000E+15   0.1292816522490E-17
  0.3285620000000E+15   0.1434476139400E-17
  0.3772500000000E+15   0.1585682416773E-17
  0.4331540000000E+15   0.1728880322765E-17
  0.4973410000000E+15   0.1840196392058E-17
  0.5710410000000E+15   0.1892925916305E-17
  0.6556610000000E+15   0.1863630406029E-17
  0.7528220000000E+15   0.1738781860616E-17
  0.8643800000000E+15   0.1522079058948E-17
  0.9924690000000E+15   0.1236393249680E-17
  0.1139540000000E+16   0.9188640760818E-18
  0.1308400000000E+16   0.6172125723973E-18
  0.1502290000000E+16   0.3682751689324E-18
  0.1724910000000E+16   0.1915887064398E-18
  0.1980520000000E+16   0.8501874357351E-19
  0.2274010000000E+16   0.3146665927275E-19
  0.2610990000000E+16   0.9452639428917E-20
  0.2997900000000E+16   0.2234536899811E-20
