         130
  
  0.2997900000000E+11   0.7939694323439E-23
  0.3951060000000E+11   0.1808939881535E-22
  0.5207280000000E+11   0.4117050911646E-22
  0.6862910000000E+11   0.9356038607881E-22
  0.9044930000000E+11   0.2121736331734E-21
  0.1192070000000E+12   0.4798010253797E-21
  0.1571080000000E+12   0.1080896131496E-20
  0.2070600000000E+12   0.2422689915859E-20
  0.2728930000000E+12   0.5393305566622E-20
  0.3596580000000E+12   0.1297375382738E-19
  0.4740100000000E+12   0.3722830928664E-19
  0.6247180000000E+12   0.1050471658875E-18
  0.8233440000000E+12   0.2891597040648E-18
  0.1085120000000E+13   0.7701760248745E-18
  0.1430130000000E+13   0.1955371295726E-17
  0.1884830000000E+13   0.4642092162662E-17
  0.2484100000000E+13   0.1000752366981E-16
  0.3273910000000E+13   0.1872002109763E-16
  0.4314820000000E+13   0.2878110459869E-16
  0.5686700000000E+13   0.3441976723876E-16
  0.7494750000000E+13   0.3241116133899E-16
  0.7682960000000E+13   0.3197699409973E-16
  0.7875890000000E+13   0.3151307729225E-16
  0.8073670000000E+13   0.3102015018149E-16
  0.8276410000000E+13   0.3050332248813E-16
  0.8484250000000E+13   0.2997107161442E-16
  0.8697300000000E+13   0.2946315064429E-16
  0.8915700000000E+13   0.2893635456356E-16
  0.9139590000000E+13   0.2844996142595E-16
  0.9369100000000E+13   0.2795806324598E-16
  0.9604380000000E+13   0.2748428940951E-16
  0.9845560000000E+13   0.2702789982259E-16
  0.1009280000000E+14   0.2655963048457E-16
  0.1034620000000E+14   0.2610117527401E-16
  0.1060610000000E+14   0.2562494923144E-16
  0.1087240000000E+14   0.2519081415882E-16
  0.1114540000000E+14   0.2474696889814E-16
  0.1142530000000E+14   0.2431813694688E-16
  0.1171220000000E+14   0.2389698847271E-16
  0.1200630000000E+14   0.2346103333447E-16
  0.1230780000000E+14   0.2302813601542E-16
  0.1261690000000E+14   0.2257418182936E-16
  0.1293370000000E+14   0.2217279222396E-16
  0.1325850000000E+14   0.2175611040000E-16
  0.1359150000000E+14   0.2135001134528E-16
  0.1393280000000E+14   0.2094405812085E-16
  0.1428260000000E+14   0.2053799144498E-16
  0.1464130000000E+14   0.2017688285808E-16
  0.1500900000000E+14   0.1978873349739E-16
  0.1538590000000E+14   0.1927396686751E-16
  0.1577220000000E+14   0.1874210174102E-16
  0.1616830000000E+14   0.1788052468301E-16
  0.1657430000000E+14   0.1685506201729E-16
  0.1699050000000E+14   0.1575679200908E-16
  0.1741720000000E+14   0.1441822003929E-16
  0.1785460000000E+14   0.1316160025402E-16
  0.1830290000000E+14   0.1184702670566E-16
  0.1876260000000E+14   0.1061462480002E-16
  0.1923370000000E+14   0.9516263262507E-17
  0.1971670000000E+14   0.8520472701978E-17
  0.2021180000000E+14   0.7655485848366E-17
  0.2071940000000E+14   0.6976953098989E-17
  0.2123970000000E+14   0.6356047302461E-17
  0.2177310000000E+14   0.6275863499984E-17
  0.2231980000000E+14   0.6182588549545E-17
  0.2288030000000E+14   0.6240777652319E-17
  0.2345490000000E+14   0.6332683295951E-17
  0.2404390000000E+14   0.6435743367248E-17
  0.2464770000000E+14   0.6577956370701E-17
  0.2526660000000E+14   0.6680704880616E-17
  0.2590110000000E+14   0.6802972851852E-17
  0.2655150000000E+14   0.6885927356511E-17
  0.2721830000000E+14   0.7039642186180E-17
  0.2790180000000E+14   0.7188471935963E-17
  0.2860240000000E+14   0.7262333606580E-17
  0.2932070000000E+14   0.7256498084204E-17
  0.3005700000000E+14   0.7220536830929E-17
  0.3081180000000E+14   0.7037433245166E-17
  0.3158550000000E+14   0.6860442785676E-17
  0.3237870000000E+14   0.6144301621971E-17
  0.3319170000000E+14   0.5312006365148E-17
  0.3402530000000E+14   0.4546993854305E-17
  0.3487970000000E+14   0.3843548840792E-17
  0.3575560000000E+14   0.3188157947157E-17
  0.3665350000000E+14   0.2600779523330E-17
  0.3757390000000E+14   0.2035085920909E-17
  0.3851740000000E+14   0.1691493020313E-17
  0.3948470000000E+14   0.1412883374704E-17
  0.4047620000000E+14   0.1235213225995E-17
  0.4149260000000E+14   0.1173522611367E-17
  0.4253460000000E+14   0.1121702131113E-17
  0.4360270000000E+14   0.1107151722792E-17
  0.4469770000000E+14   0.1094841562682E-17
  0.4582010000000E+14   0.1084976441307E-17
  0.4697070000000E+14   0.1076968226365E-17
  0.4815020000000E+14   0.1069437602268E-17
  0.4935940000000E+14   0.1062242300210E-17
  0.5059890000000E+14   0.1056388868137E-17
  0.5186950000000E+14   0.1052302816376E-17
  0.5317200000000E+14   0.1048980263367E-17
  0.5450730000000E+14   0.1047804784684E-17
  0.6258450000000E+14   0.1056133825488E-17
  0.7185870000000E+14   0.1073829800620E-17
  0.8250720000000E+14   0.1079431367662E-17
  0.9473370000000E+14   0.1067604556981E-17
  0.1087720000000E+15   0.1043427583614E-17
  0.1248910000000E+15   0.1016779415117E-17
  0.1433980000000E+15   0.9973759880324E-18
  0.1646470000000E+15   0.9953647947949E-18
  0.1890460000000E+15   0.1020702261320E-17
  0.2170600000000E+15   0.1076412534377E-17
  0.2492250000000E+15   0.1164680251458E-17
  0.2861570000000E+15   0.1283604433721E-17
  0.3285620000000E+15   0.1425897329854E-17
  0.3772500000000E+15   0.1579150761902E-17
  0.4331540000000E+15   0.1724513623442E-17
  0.4973410000000E+15   0.1837285449691E-17
  0.5710410000000E+15   0.1890436745756E-17
  0.6556610000000E+15   0.1860664614482E-17
  0.7528220000000E+15   0.1734556939543E-17
  0.8643800000000E+15   0.1516961086349E-17
  0.9924690000000E+15   0.1231700290159E-17
  0.1139540000000E+16   0.9140512279774E-18
  0.1308400000000E+16   0.6141798055252E-18
  0.1502290000000E+16   0.3667791823244E-18
  0.1724910000000E+16   0.1910050198988E-18
  0.1980520000000E+16   0.8474540897388E-19
  0.2274010000000E+16   0.3136782656444E-19
  0.2610990000000E+16   0.9423497264114E-20
  0.2997900000000E+16   0.2227745685955E-20
