         130
  
  0.2997900000000E+11   0.5034225543657E-23
  0.3951060000000E+11   0.1146656440685E-22
  0.5207280000000E+11   0.2609480086765E-22
  0.6862910000000E+11   0.5930535038980E-22
  0.9044930000000E+11   0.1345259680010E-21
  0.1192070000000E+12   0.3043525061960E-21
  0.1571080000000E+12   0.6861286329871E-21
  0.2070600000000E+12   0.1539415101610E-20
  0.2728930000000E+12   0.3431758493303E-20
  0.3596580000000E+12   0.8271516046936E-20
  0.4740100000000E+12   0.2380772702606E-19
  0.6247180000000E+12   0.6748222754066E-19
  0.8233440000000E+12   0.1870131531868E-18
  0.1085120000000E+13   0.5032396861082E-18
  0.1430130000000E+13   0.1298018981426E-17
  0.1884830000000E+13   0.3158703990878E-17
  0.2484100000000E+13   0.7079833192311E-17
  0.3273910000000E+13   0.1406389974119E-16
  0.4314820000000E+13   0.2360279916151E-16
  0.5686700000000E+13   0.3137728994706E-16
  0.7494750000000E+13   0.3179044517950E-16
  0.7682960000000E+13   0.3144587918725E-16
  0.7875890000000E+13   0.3104593499380E-16
  0.8073670000000E+13   0.3059301419916E-16
  0.8276410000000E+13   0.3009454501915E-16
  0.8484250000000E+13   0.2956144448277E-16
  0.8697300000000E+13   0.2903413176620E-16
  0.8915700000000E+13   0.2847360106443E-16
  0.9139590000000E+13   0.2793798865868E-16
  0.9369100000000E+13   0.2738714887545E-16
  0.9604380000000E+13   0.2684568933539E-16
  0.9845560000000E+13   0.2631563291388E-16
  0.1009280000000E+14   0.2577354123921E-16
  0.1034620000000E+14   0.2524145776481E-16
  0.1060610000000E+14   0.2469689032997E-16
  0.1087240000000E+14   0.2419511136266E-16
  0.1114540000000E+14   0.2369132178742E-16
  0.1142530000000E+14   0.2320863237689E-16
  0.1171220000000E+14   0.2274121035165E-16
  0.1200630000000E+14   0.2226901418288E-16
  0.1230780000000E+14   0.2180808421941E-16
  0.1261690000000E+14   0.2133610352250E-16
  0.1293370000000E+14   0.2092003186844E-16
  0.1325850000000E+14   0.2049718458432E-16
  0.1359150000000E+14   0.2009064624353E-16
  0.1393280000000E+14   0.1968999763830E-16
  0.1428260000000E+14   0.1929419823301E-16
  0.1464130000000E+14   0.1894469241887E-16
  0.1500900000000E+14   0.1857345581173E-16
  0.1538590000000E+14   0.1808600964055E-16
  0.1577220000000E+14   0.1758439935748E-16
  0.1616830000000E+14   0.1677351364636E-16
  0.1657430000000E+14   0.1580886207046E-16
  0.1699050000000E+14   0.1477604327617E-16
  0.1741720000000E+14   0.1351719133655E-16
  0.1785460000000E+14   0.1233595337376E-16
  0.1830290000000E+14   0.1110077804641E-16
  0.1876260000000E+14   0.9943766089698E-17
  0.1923370000000E+14   0.8913257251039E-17
  0.1971670000000E+14   0.7979551036130E-17
  0.2021180000000E+14   0.7168960111302E-17
  0.2071940000000E+14   0.6533109275987E-17
  0.2123970000000E+14   0.5951321156618E-17
  0.2177310000000E+14   0.5875614656637E-17
  0.2231980000000E+14   0.5788909023420E-17
  0.2288030000000E+14   0.5845653400531E-17
  0.2345490000000E+14   0.5935501378331E-17
  0.2404390000000E+14   0.6036819500017E-17
  0.2464770000000E+14   0.6175654853720E-17
  0.2526660000000E+14   0.6277634447784E-17
  0.2590110000000E+14   0.6398426988485E-17
  0.2655150000000E+14   0.6481982555885E-17
  0.2721830000000E+14   0.6632499565015E-17
  0.2790180000000E+14   0.6778279864615E-17
  0.2860240000000E+14   0.6852888992334E-17
  0.2932070000000E+14   0.6852091957439E-17
  0.3005700000000E+14   0.6822713045922E-17
  0.3081180000000E+14   0.6653951528551E-17
  0.3158550000000E+14   0.6490974078442E-17
  0.3237870000000E+14   0.5817242975411E-17
  0.3319170000000E+14   0.5033520275014E-17
  0.3402530000000E+14   0.4313225467379E-17
  0.3487970000000E+14   0.3650864806422E-17
  0.3575560000000E+14   0.3033645694129E-17
  0.3665350000000E+14   0.2480152240313E-17
  0.3757390000000E+14   0.1946455435018E-17
  0.3851740000000E+14   0.1623538021112E-17
  0.3948470000000E+14   0.1361729772212E-17
  0.4047620000000E+14   0.1194532575377E-17
  0.4149260000000E+14   0.1137560545408E-17
  0.4253460000000E+14   0.1089595964373E-17
  0.4360270000000E+14   0.1077440689591E-17
  0.4469770000000E+14   0.1067240890198E-17
  0.4582010000000E+14   0.1059204459056E-17
  0.4697070000000E+14   0.1052764409082E-17
  0.4815020000000E+14   0.1046571321959E-17
  0.4935940000000E+14   0.1040483923176E-17
  0.5059890000000E+14   0.1035510071278E-17
  0.5186950000000E+14   0.1032096512915E-17
  0.5317200000000E+14   0.1029261520801E-17
  0.5450730000000E+14   0.1028417793867E-17
  0.6258450000000E+14   0.1036661637326E-17
  0.7185870000000E+14   0.1052857004258E-17
  0.8250720000000E+14   0.1057047142182E-17
  0.9473370000000E+14   0.1044869912569E-17
  0.1087720000000E+15   0.1021991888199E-17
  0.1248910000000E+15   0.9983962554516E-18
  0.1433980000000E+15   0.9835233934939E-18
  0.1646470000000E+15   0.9868619204650E-18
  0.1890460000000E+15   0.1017378931422E-17
  0.2170600000000E+15   0.1077127727076E-17
  0.2492250000000E+15   0.1167710357154E-17
  0.2861570000000E+15   0.1287406278977E-17
  0.3285620000000E+15   0.1429433536896E-17
  0.3772500000000E+15   0.1581848884520E-17
  0.4331540000000E+15   0.1726261695544E-17
  0.4973410000000E+15   0.1838391447181E-17
  0.5710410000000E+15   0.1891378166012E-17
  0.6556610000000E+15   0.1861818976389E-17
  0.7528220000000E+15   0.1736226135439E-17
  0.8643800000000E+15   0.1518989445609E-17
  0.9924690000000E+15   0.1233560755938E-17
  0.1139540000000E+16   0.9159584892658E-18
  0.1308400000000E+16   0.6153817703492E-18
  0.1502290000000E+16   0.3673722342332E-18
  0.1724910000000E+16   0.1912364811423E-18
  0.1980520000000E+16   0.8485379444526E-19
  0.2274010000000E+16   0.3140701761475E-19
  0.2610990000000E+16   0.9435053479514E-20
  0.2997900000000E+16   0.2230438751836E-20
