         130
  
  0.2997900000000E+11   0.5364223172869E-23
  0.3951060000000E+11   0.1221886564689E-22
  0.5207280000000E+11   0.2780755835074E-22
  0.6862910000000E+11   0.6319791098722E-22
  0.9044930000000E+11   0.1433519285889E-21
  0.1192070000000E+12   0.3243026261329E-21
  0.1571080000000E+12   0.7310395399408E-21
  0.2070600000000E+12   0.1639967065771E-20
  0.2728930000000E+12   0.3655254447781E-20
  0.3596580000000E+12   0.8807946887681E-20
  0.4740100000000E+12   0.2534181849244E-19
  0.6247180000000E+12   0.7178917968375E-19
  0.8233440000000E+12   0.1987792718566E-18
  0.1085120000000E+13   0.5342126787405E-18
  0.1430130000000E+13   0.1375189723279E-17
  0.1884830000000E+13   0.3336182667193E-17
  0.2484100000000E+13   0.7441227991530E-17
  0.3273910000000E+13   0.1466929072137E-16
  0.4314820000000E+13   0.2433681541012E-16
  0.5686700000000E+13   0.3186920705437E-16
  0.7494750000000E+13   0.3187295057123E-16
  0.7682960000000E+13   0.3150570307191E-16
  0.7875890000000E+13   0.3108704582438E-16
  0.8073670000000E+13   0.3061941349724E-16
  0.8276410000000E+13   0.3011011755920E-16
  0.8484250000000E+13   0.2956987157258E-16
  0.8697300000000E+13   0.2903899484515E-16
  0.8915700000000E+13   0.2847822663279E-16
  0.9139590000000E+13   0.2794577517800E-16
  0.9369100000000E+13   0.2740090126611E-16
  0.9604380000000E+13   0.2686805283405E-16
  0.9845560000000E+13   0.2634887265070E-16
  0.1009280000000E+14   0.2581899565643E-16
  0.1034620000000E+14   0.2530031566580E-16
  0.1060610000000E+14   0.2476939655548E-16
  0.1087240000000E+14   0.2428217928794E-16
  0.1114540000000E+14   0.2379251887783E-16
  0.1142530000000E+14   0.2332368031609E-16
  0.1171220000000E+14   0.2286941580148E-16
  0.1200630000000E+14   0.2240901979913E-16
  0.1230780000000E+14   0.2195871066027E-16
  0.1261690000000E+14   0.2149565646579E-16
  0.1293370000000E+14   0.2108803804527E-16
  0.1325850000000E+14   0.2067197528012E-16
  0.1359150000000E+14   0.2027101285917E-16
  0.1393280000000E+14   0.1987468740402E-16
  0.1428260000000E+14   0.1948202030187E-16
  0.1464130000000E+14   0.1913510646626E-16
  0.1500900000000E+14   0.1876509573664E-16
  0.1538590000000E+14   0.1827651659946E-16
  0.1577220000000E+14   0.1777290856702E-16
  0.1616830000000E+14   0.1695586988283E-16
  0.1657430000000E+14   0.1598301405190E-16
  0.1699050000000E+14   0.1494103926489E-16
  0.1741720000000E+14   0.1367036142187E-16
  0.1785460000000E+14   0.1247808392032E-16
  0.1830290000000E+14   0.1123119860533E-16
  0.1876260000000E+14   0.1006303729059E-16
  0.1923370000000E+14   0.9022556121761E-17
  0.1971670000000E+14   0.8079768277644E-17
  0.2021180000000E+14   0.7261254207250E-17
  0.2071940000000E+14   0.6619395759400E-17
  0.2123970000000E+14   0.6032089357184E-17
  0.2177310000000E+14   0.5956531384765E-17
  0.2231980000000E+14   0.5869451562149E-17
  0.2288030000000E+14   0.5927065241834E-17
  0.2345490000000E+14   0.6017673678024E-17
  0.2404390000000E+14   0.6119416067370E-17
  0.2464770000000E+14   0.6258722284090E-17
  0.2526660000000E+14   0.6360411854766E-17
  0.2590110000000E+14   0.6480837859547E-17
  0.2655150000000E+14   0.6563674121547E-17
  0.2721830000000E+14   0.6713989489825E-17
  0.2790180000000E+14   0.6859467756313E-17
  0.2860240000000E+14   0.6933297143696E-17
  0.2932070000000E+14   0.6931046643344E-17
  0.3005700000000E+14   0.6900006657329E-17
  0.3081180000000E+14   0.6728327201909E-17
  0.3158550000000E+14   0.6562446053851E-17
  0.3237870000000E+14   0.5881218908913E-17
  0.3319170000000E+14   0.5089133823989E-17
  0.3402530000000E+14   0.4361266072868E-17
  0.3487970000000E+14   0.3692097435140E-17
  0.3575560000000E+14   0.3067925720269E-17
  0.3665350000000E+14   0.2507811206551E-17
  0.3757390000000E+14   0.1968000287714E-17
  0.3851740000000E+14   0.1641487058932E-17
  0.3948470000000E+14   0.1376828195403E-17
  0.4047620000000E+14   0.1207273731751E-17
  0.4149260000000E+14   0.1148902026098E-17
  0.4253460000000E+14   0.1099638015345E-17
  0.4360270000000E+14   0.1086711839072E-17
  0.4469770000000E+14   0.1075826314549E-17
  0.4582010000000E+14   0.1067193407008E-17
  0.4697070000000E+14   0.1060237211981E-17
  0.4815020000000E+14   0.1053586571446E-17
  0.4935940000000E+14   0.1047097221399E-17
  0.5059890000000E+14   0.1041790595813E-17
  0.5186950000000E+14   0.1038117429394E-17
  0.5317200000000E+14   0.1035077678618E-17
  0.5450730000000E+14   0.1034103401139E-17
  0.6258450000000E+14   0.1042413739184E-17
  0.7185870000000E+14   0.1059316279683E-17
  0.8250720000000E+14   0.1064106300656E-17
  0.9473370000000E+14   0.1052118606930E-17
  0.1087720000000E+15   0.1028946159046E-17
  0.1248910000000E+15   0.1004628809277E-17
  0.1433980000000E+15   0.9887334560956E-18
  0.1646470000000E+15   0.9909205639469E-18
  0.1890460000000E+15   0.1020333927282E-17
  0.2170600000000E+15   0.1079142614684E-17
  0.2492250000000E+15   0.1169010393424E-17
  0.2861570000000E+15   0.1288181631549E-17
  0.3285620000000E+15   0.1429814602394E-17
  0.3772500000000E+15   0.1581960183829E-17
  0.4331540000000E+15   0.1726228917048E-17
  0.4973410000000E+15   0.1838297556063E-17
  0.5710410000000E+15   0.1891241490038E-17
  0.6556610000000E+15   0.1861622415872E-17
  0.7528220000000E+15   0.1735933041829E-17
  0.8643800000000E+15   0.1518631727039E-17
  0.9924690000000E+15   0.1233232475650E-17
  0.1139540000000E+16   0.9156218544490E-18
  0.1308400000000E+16   0.6151696318215E-18
  0.1502290000000E+16   0.3672675792403E-18
  0.1724910000000E+16   0.1911956423198E-18
  0.1980520000000E+16   0.8483467047790E-19
  0.2274010000000E+16   0.3140010267264E-19
  0.2610990000000E+16   0.9433014498642E-20
  0.2997900000000E+16   0.2229963590182E-20
