mstar = 2 Msun, Rstar = 2.5 Rsun, Tstar = 10000, mdisk = 0.0068248 Msun, Rc = 150 AU, Rin = 0.5 AU, Rout = 250 AU, inclination = 45 degree, powerlaw = -1 
         130
  
  0.2997900000000E+11   0.8684323259163E-23
  0.3951060000000E+11   0.1978647430131E-22
  0.5207280000000E+11   0.4503282116381E-22
  0.6862910000000E+11   0.1023339937237E-21
  0.9044930000000E+11   0.2320541941132E-21
  0.1192070000000E+12   0.5247009990014E-21
  0.1571080000000E+12   0.1181860332396E-20
  0.2070600000000E+12   0.2648405982801E-20
  0.2728930000000E+12   0.5894017971438E-20
  0.3596580000000E+12   0.1417215493653E-19
  0.4740100000000E+12   0.4063948084020E-19
  0.6247180000000E+12   0.1145563167366E-18
  0.8233440000000E+12   0.3148528588409E-18
  0.1085120000000E+13   0.8366370749787E-18
  0.1430130000000E+13   0.2116334118491E-17
  0.1884830000000E+13   0.4995366056700E-17
  0.2484100000000E+13   0.1067247247877E-16
  0.3273910000000E+13   0.1969358341434E-16
  0.4314820000000E+13   0.2971277765777E-16
  0.5686700000000E+13   0.3483933954452E-16
  0.7494750000000E+13   0.3253950346767E-16
  0.7682960000000E+13   0.3210817407167E-16
  0.7875890000000E+13   0.3165063003199E-16
  0.8073670000000E+13   0.3116688675849E-16
  0.8276410000000E+13   0.3066136438189E-16
  0.8484250000000E+13   0.3014197149231E-16
  0.8697300000000E+13   0.2964863989844E-16
  0.8915700000000E+13   0.2913670912787E-16
  0.9139590000000E+13   0.2866622729887E-16
  0.9369100000000E+13   0.2818976769627E-16
  0.9604380000000E+13   0.2773106747756E-16
  0.9845560000000E+13   0.2728897096237E-16
  0.1009280000000E+14   0.2683323734696E-16
  0.1034620000000E+14   0.2638587545440E-16
  0.1060610000000E+14   0.2591859667896E-16
  0.1087240000000E+14   0.2549250557843E-16
  0.1114540000000E+14   0.2505472526462E-16
  0.1142530000000E+14   0.2463054583114E-16
  0.1171220000000E+14   0.2421259648880E-16
  0.1200630000000E+14   0.2377810014406E-16
  0.1230780000000E+14   0.2334543839653E-16
  0.1261690000000E+14   0.2289025082458E-16
  0.1293370000000E+14   0.2248752345075E-16
  0.1325850000000E+14   0.2206836396206E-16
  0.1359150000000E+14   0.2165927912779E-16
  0.1393280000000E+14   0.2124975527413E-16
  0.1428260000000E+14   0.2083959711291E-16
  0.1464130000000E+14   0.2047460622713E-16
  0.1500900000000E+14   0.2008176800492E-16
  0.1538590000000E+14   0.1956010866138E-16
  0.1577220000000E+14   0.1902082646462E-16
  0.1616830000000E+14   0.1814664277272E-16
  0.1657430000000E+14   0.1710587058453E-16
  0.1699050000000E+14   0.1599094077436E-16
  0.1741720000000E+14   0.1463174394774E-16
  0.1785460000000E+14   0.1335536783800E-16
  0.1830290000000E+14   0.1201997193770E-16
  0.1876260000000E+14   0.1076772694059E-16
  0.1923370000000E+14   0.9651497209386E-17
  0.1971670000000E+14   0.8639453441278E-17
  0.2021180000000E+14   0.7760260684579E-17
  0.2071940000000E+14   0.7070487252296E-17
  0.2123970000000E+14   0.6439249108954E-17
  0.2177310000000E+14   0.6357256255088E-17
  0.2231980000000E+14   0.6261832227489E-17
  0.2288030000000E+14   0.6320015772280E-17
  0.2345490000000E+14   0.6412241750530E-17
  0.2404390000000E+14   0.6515574192333E-17
  0.2464770000000E+14   0.6658348489166E-17
  0.2526660000000E+14   0.6760574321713E-17
  0.2590110000000E+14   0.6882182677371E-17
  0.2655150000000E+14   0.6963496761501E-17
  0.2721830000000E+14   0.7115814894466E-17
  0.2790180000000E+14   0.7262587634241E-17
  0.2860240000000E+14   0.7333072066549E-17
  0.2932070000000E+14   0.7322967688052E-17
  0.3005700000000E+14   0.7282255139103E-17
  0.3081180000000E+14   0.7093318825574E-17
  0.3158550000000E+14   0.6910621800195E-17
  0.3237870000000E+14   0.6186370981700E-17
  0.3319170000000E+14   0.5346501282120E-17
  0.3402530000000E+14   0.4574959896105E-17
  0.3487970000000E+14   0.3865798641391E-17
  0.3575560000000E+14   0.3205066204810E-17
  0.3665350000000E+14   0.2613451742670E-17
  0.3757390000000E+14   0.2044456270177E-17
  0.3851740000000E+14   0.1699255660635E-17
  0.3948470000000E+14   0.1419424336813E-17
  0.4047620000000E+14   0.1240884847584E-17
  0.4149260000000E+14   0.1178832972572E-17
  0.4253460000000E+14   0.1126726154531E-17
  0.4360270000000E+14   0.1111990331039E-17
  0.4469770000000E+14   0.1099522508514E-17
  0.4582010000000E+14   0.1089528597360E-17
  0.4697070000000E+14   0.1081414908156E-17
  0.4815020000000E+14   0.1073798297149E-17
  0.4935940000000E+14   0.1066529655898E-17
  0.5059890000000E+14   0.1060619246031E-17
  0.5186950000000E+14   0.1056494904376E-17
  0.5317200000000E+14   0.1053146633952E-17
  0.5450730000000E+14   0.1051965534584E-17
  0.6258450000000E+14   0.1060511058651E-17
  0.7185870000000E+14   0.1078750942932E-17
  0.8250720000000E+14   0.1084915322608E-17
  0.9473370000000E+14   0.1073424710172E-17
  0.1087720000000E+15   0.1049221776409E-17
  0.1248910000000E+15   0.1022102526999E-17
  0.1433980000000E+15   0.1001757906909E-17
  0.1646470000000E+15   0.9984530569897E-18
  0.1890460000000E+15   0.1022412048693E-17
  0.2170600000000E+15   0.1076936792055E-17
  0.2492250000000E+15   0.1164399022502E-17
  0.2861570000000E+15   0.1282917476505E-17
  0.3285620000000E+15   0.1425137532574E-17
  0.3772500000000E+15   0.1578540960754E-17
  0.4331540000000E+15   0.1724120509346E-17
  0.4973410000000E+15   0.1837040350234E-17
  0.5710410000000E+15   0.1890228956248E-17
  0.6556610000000E+15   0.1860410808620E-17
  0.7528220000000E+15   0.1734191484755E-17
  0.8643800000000E+15   0.1516517789214E-17
  0.9924690000000E+15   0.1231293831113E-17
  0.1139540000000E+16   0.9136347062186E-18
  0.1308400000000E+16   0.6139172918262E-18
  0.1502290000000E+16   0.3666496307583E-18
  0.1724910000000E+16   0.1909544449679E-18
  0.1980520000000E+16   0.8472172741231E-19
  0.2274010000000E+16   0.3135926340599E-19
  0.2610990000000E+16   0.9420972220943E-20
  0.2997900000000E+16   0.2227157242458E-20
