         130
  
  0.2997900000000E+11   0.4291498226498E-23
  0.3951060000000E+11   0.9773269085107E-23
  0.5207280000000E+11   0.2223942713334E-22
  0.6862910000000E+11   0.5054250102351E-22
  0.9044930000000E+11   0.1146547600520E-21
  0.1192070000000E+12   0.2594286214257E-21
  0.1571080000000E+12   0.5849761456155E-21
  0.2070600000000E+12   0.1312877633132E-20
  0.2728930000000E+12   0.2928038979924E-20
  0.3596580000000E+12   0.7061809936295E-20
  0.4740100000000E+12   0.2034494167720E-19
  0.6247180000000E+12   0.5774629845284E-19
  0.8233440000000E+12   0.1603559008897E-18
  0.1085120000000E+13   0.4328093194960E-18
  0.1430130000000E+13   0.1121472658445E-17
  0.1884830000000E+13   0.2748403482639E-17
  0.2484100000000E+13   0.6228475893735E-17
  0.3273910000000E+13   0.1258717226143E-16
  0.4314820000000E+13   0.2168280622568E-16
  0.5686700000000E+13   0.2985984831094E-16
  0.7494750000000E+13   0.3129641969738E-16
  0.7682960000000E+13   0.3102485365401E-16
  0.7875890000000E+13   0.3068980114949E-16
  0.8073670000000E+13   0.3029316294372E-16
  0.8276410000000E+13   0.2984228854504E-16
  0.8484250000000E+13   0.2934828536369E-16
  0.8697300000000E+13   0.2885216193611E-16
  0.8915700000000E+13   0.2831435666255E-16
  0.9139590000000E+13   0.2779357660695E-16
  0.9369100000000E+13   0.2724986911939E-16
  0.9604380000000E+13   0.2670835413996E-16
  0.9845560000000E+13   0.2617168025779E-16
  0.1009280000000E+14   0.2561793004013E-16
  0.1034620000000E+14   0.2506978229063E-16
  0.1060610000000E+14   0.2450661488190E-16
  0.1087240000000E+14   0.2398280444151E-16
  0.1114540000000E+14   0.2345619203003E-16
  0.1142530000000E+14   0.2294992477885E-16
  0.1171220000000E+14   0.2245927168330E-16
  0.1200630000000E+14   0.2196575479850E-16
  0.1230780000000E+14   0.2148527961495E-16
  0.1261690000000E+14   0.2099686417189E-16
  0.1293370000000E+14   0.2056493458333E-16
  0.1325850000000E+14   0.2012953801645E-16
  0.1359150000000E+14   0.1971288994633E-16
  0.1393280000000E+14   0.1930492229914E-16
  0.1428260000000E+14   0.1890444638034E-16
  0.1464130000000E+14   0.1855131672177E-16
  0.1500900000000E+14   0.1817956120262E-16
  0.1538590000000E+14   0.1769714859450E-16
  0.1577220000000E+14   0.1720253232214E-16
  0.1616830000000E+14   0.1640862991411E-16
  0.1657430000000E+14   0.1546596429151E-16
  0.1699050000000E+14   0.1445755265208E-16
  0.1741720000000E+14   0.1322981548925E-16
  0.1785460000000E+14   0.1207790154410E-16
  0.1830290000000E+14   0.1087409367773E-16
  0.1876260000000E+14   0.9746764240613E-17
  0.1923370000000E+14   0.8742754304799E-17
  0.1971670000000E+14   0.7833127441720E-17
  0.2021180000000E+14   0.7043148347659E-17
  0.2071940000000E+14   0.6422661109035E-17
  0.2123970000000E+14   0.5854755274660E-17
  0.2177310000000E+14   0.5777258619107E-17
  0.2231980000000E+14   0.5690119779302E-17
  0.2288030000000E+14   0.5743419715544E-17
  0.2345490000000E+14   0.5830116725352E-17
  0.2404390000000E+14   0.5929019011016E-17
  0.2464770000000E+14   0.6065440635372E-17
  0.2526660000000E+14   0.6166660185921E-17
  0.2590110000000E+14   0.6286867935009E-17
  0.2655150000000E+14   0.6371087449106E-17
  0.2721830000000E+14   0.6521375877614E-17
  0.2790180000000E+14   0.6667254406786E-17
  0.2860240000000E+14   0.6743505217223E-17
  0.2932070000000E+14   0.6745891683317E-17
  0.3005700000000E+14   0.6720394269641E-17
  0.3081180000000E+14   0.6557844598072E-17
  0.3158550000000E+14   0.6400921027323E-17
  0.3237870000000E+14   0.5740682077840E-17
  0.3319170000000E+14   0.4971520020066E-17
  0.3402530000000E+14   0.4263695863381E-17
  0.3487970000000E+14   0.3612313424193E-17
  0.3575560000000E+14   0.3005158666835E-17
  0.3665350000000E+14   0.2460257056205E-17
  0.3757390000000E+14   0.1934526475260E-17
  0.3851740000000E+14   0.1616688917157E-17
  0.3948470000000E+14   0.1358126396463E-17
  0.4047620000000E+14   0.1191820308599E-17
  0.4149260000000E+14   0.1134717506882E-17
  0.4253460000000E+14   0.1086309266603E-17
  0.4360270000000E+14   0.1073920102169E-17
  0.4469770000000E+14   0.1063461234434E-17
  0.4582010000000E+14   0.1055150920358E-17
  0.4697070000000E+14   0.1048417943594E-17
  0.4815020000000E+14   0.1041885865345E-17
  0.4935940000000E+14   0.1035409562170E-17
  0.5059890000000E+14   0.1030027617454E-17
  0.5186950000000E+14   0.1026210912263E-17
  0.5317200000000E+14   0.1022955065002E-17
  0.5450730000000E+14   0.1021732915505E-17
  0.6258450000000E+14   0.1028167043742E-17
  0.7185870000000E+14   0.1043135078818E-17
  0.8250720000000E+14   0.1046483958325E-17
  0.9473370000000E+14   0.1034068251499E-17
  0.1087720000000E+15   0.1011799348811E-17
  0.1248910000000E+15   0.9896028435731E-18
  0.1433980000000E+15   0.9766664143952E-18
  0.1646470000000E+15   0.9821722924609E-18
  0.1890460000000E+15   0.1014755216088E-17
  0.2170600000000E+15   0.1076211746936E-17
  0.2492250000000E+15   0.1167897073190E-17
  0.2861570000000E+15   0.1288087264449E-17
  0.3285620000000E+15   0.1430204170061E-17
  0.3772500000000E+15   0.1582514411396E-17
  0.4331540000000E+15   0.1726759114269E-17
  0.4973410000000E+15   0.1838753175549E-17
  0.5710410000000E+15   0.1891703599130E-17
  0.6556610000000E+15   0.1862213735125E-17
  0.7528220000000E+15   0.1736790850159E-17
  0.8643800000000E+15   0.1519673987038E-17
  0.9924690000000E+15   0.1234188494084E-17
  0.1139540000000E+16   0.9166022374851E-18
  0.1308400000000E+16   0.6157874269467E-18
  0.1502290000000E+16   0.3675723405690E-18
  0.1724910000000E+16   0.1913145591940E-18
  0.1980520000000E+16   0.8489035739489E-19
  0.2274010000000E+16   0.3142023813324E-19
  0.2610990000000E+16   0.9438951736996E-20
  0.2997900000000E+16   0.2231347193015E-20
