         130
  
  0.2997900000000E+11   0.7238008703809E-23
  0.3951060000000E+11   0.1649008995120E-22
  0.5207280000000E+11   0.3753038565777E-22
  0.6862910000000E+11   0.8529055366189E-22
  0.9044930000000E+11   0.1934317410757E-21
  0.1192070000000E+12   0.4374640637125E-21
  0.1571080000000E+12   0.9856693372121E-21
  0.2070600000000E+12   0.2209722992460E-20
  0.2728930000000E+12   0.4920646705391E-20
  0.3596580000000E+12   0.1184171033191E-19
  0.4740100000000E+12   0.3400226063729E-19
  0.6247180000000E+12   0.9603841600897E-19
  0.8233440000000E+12   0.2647547809879E-18
  0.1085120000000E+13   0.7067806561435E-18
  0.1430130000000E+13   0.1800784171293E-17
  0.1884830000000E+13   0.4298989035611E-17
  0.2484100000000E+13   0.9349460139677E-17
  0.3273910000000E+13   0.1772520336902E-16
  0.4314820000000E+13   0.2777369627574E-16
  0.5686700000000E+13   0.3392199634876E-16
  0.7494750000000E+13   0.3229117225308E-16
  0.7682960000000E+13   0.3186106686524E-16
  0.7875890000000E+13   0.3139686768680E-16
  0.8073670000000E+13   0.3089997666601E-16
  0.8276410000000E+13   0.3037620010105E-16
  0.8484250000000E+13   0.2983463929470E-16
  0.8697300000000E+13   0.2931508172040E-16
  0.8915700000000E+13   0.2877560840111E-16
  0.9139590000000E+13   0.2827502692688E-16
  0.9369100000000E+13   0.2776887377075E-16
  0.9604380000000E+13   0.2728084943679E-16
  0.9845560000000E+13   0.2681070843559E-16
  0.1009280000000E+14   0.2633021372513E-16
  0.1034620000000E+14   0.2586093273601E-16
  0.1060610000000E+14   0.2537601902088E-16
  0.1087240000000E+14   0.2493432653047E-16
  0.1114540000000E+14   0.2448507989260E-16
  0.1142530000000E+14   0.2405254388459E-16
  0.1171220000000E+14   0.2362945212683E-16
  0.1200630000000E+14   0.2319348538607E-16
  0.1230780000000E+14   0.2276208092653E-16
  0.1261690000000E+14   0.2231123929223E-16
  0.1293370000000E+14   0.2191349828309E-16
  0.1325850000000E+14   0.2150159586789E-16
  0.1359150000000E+14   0.2110097516012E-16
  0.1393280000000E+14   0.2070109757772E-16
  0.1428260000000E+14   0.2030150903484E-16
  0.1464130000000E+14   0.1994670713163E-16
  0.1500900000000E+14   0.1956529209401E-16
  0.1538590000000E+14   0.1905846988272E-16
  0.1577220000000E+14   0.1853463449302E-16
  0.1616830000000E+14   0.1768387600948E-16
  0.1657430000000E+14   0.1667047160757E-16
  0.1699050000000E+14   0.1558468984671E-16
  0.1741720000000E+14   0.1426053699399E-16
  0.1785460000000E+14   0.1301725790787E-16
  0.1830290000000E+14   0.1171639393219E-16
  0.1876260000000E+14   0.1049695397788E-16
  0.1923370000000E+14   0.9410359631959E-17
  0.1971670000000E+14   0.8425359094689E-17
  0.2021180000000E+14   0.7569936419093E-17
  0.2071940000000E+14   0.6899175711810E-17
  0.2123970000000E+14   0.6285380965713E-17
  0.2177310000000E+14   0.6206756985230E-17
  0.2231980000000E+14   0.6115057607363E-17
  0.2288030000000E+14   0.6173120550254E-17
  0.2345490000000E+14   0.6264503506274E-17
  0.2404390000000E+14   0.6366746880935E-17
  0.2464770000000E+14   0.6507524277467E-17
  0.2526660000000E+14   0.6609159416368E-17
  0.2590110000000E+14   0.6729968586126E-17
  0.2655150000000E+14   0.6811504601496E-17
  0.2721830000000E+14   0.6962676168868E-17
  0.2790180000000E+14   0.7108348283562E-17
  0.2860240000000E+14   0.7179768214698E-17
  0.2932070000000E+14   0.7172498504420E-17
  0.3005700000000E+14   0.7135493820238E-17
  0.3081180000000E+14   0.6953671646327E-17
  0.3158550000000E+14   0.6777988763277E-17
  0.3237870000000E+14   0.6072295375564E-17
  0.3319170000000E+14   0.5252548339528E-17
  0.3402530000000E+14   0.4498654185943E-17
  0.3487970000000E+14   0.3805129969347E-17
  0.3575560000000E+14   0.3159275326412E-17
  0.3665350000000E+14   0.2580625969702E-17
  0.3757390000000E+14   0.2023092173884E-17
  0.3851740000000E+14   0.1684708023689E-17
  0.3948470000000E+14   0.1409975409079E-17
  0.4047620000000E+14   0.1233800046947E-17
  0.4149260000000E+14   0.1172437848125E-17
  0.4253460000000E+14   0.1120769508297E-17
  0.4360270000000E+14   0.1106260724623E-17
  0.4469770000000E+14   0.1093928611082E-17
  0.4582010000000E+14   0.1083985204972E-17
  0.4697070000000E+14   0.1075845604694E-17
  0.4815020000000E+14   0.1068138285529E-17
  0.4935940000000E+14   0.1060724167364E-17
  0.5059890000000E+14   0.1054615579109E-17
  0.5186950000000E+14   0.1050247584053E-17
  0.5317200000000E+14   0.1046619045369E-17
  0.5450730000000E+14   0.1045123412327E-17
  0.6258450000000E+14   0.1051576141254E-17
  0.7185870000000E+14   0.1067591537112E-17
  0.8250720000000E+14   0.1072006541197E-17
  0.9473370000000E+14   0.1059660212024E-17
  0.1087720000000E+15   0.1035694163091E-17
  0.1248910000000E+15   0.1009928246240E-17
  0.1433980000000E+15   0.9919138355839E-18
  0.1646470000000E+15   0.9915289257934E-18
  0.1890460000000E+15   0.1018404435061E-17
  0.2170600000000E+15   0.1075329288111E-17
  0.2492250000000E+15   0.1164386962573E-17
  0.2861570000000E+15   0.1283737192186E-17
  0.3285620000000E+15   0.1426193545528E-17
  0.3772500000000E+15   0.1579436278360E-17
  0.4331540000000E+15   0.1724718159948E-17
  0.4973410000000E+15   0.1837438432243E-17
  0.5710410000000E+15   0.1890606408245E-17
  0.6556610000000E+15   0.1860904321969E-17
  0.7528220000000E+15   0.1734916802485E-17
  0.8643800000000E+15   0.1517401014938E-17
  0.9924690000000E+15   0.1232104044323E-17
  0.1139540000000E+16   0.9144650751201E-18
  0.1308400000000E+16   0.6144406285801E-18
  0.1502290000000E+16   0.3669078901112E-18
  0.1724910000000E+16   0.1910552610060E-18
  0.1980520000000E+16   0.8476893456737E-19
  0.2274010000000E+16   0.3137633327074E-19
  0.2610990000000E+16   0.9426005648474E-20
  0.2997900000000E+16   0.2228330245016E-20
