         130
  
  0.2997900000000E+11   0.8138045463351E-23
  0.3951060000000E+11   0.1854146312271E-22
  0.5207280000000E+11   0.4219935896431E-22
  0.6862910000000E+11   0.9589755282050E-22
  0.9044930000000E+11   0.2174696322899E-21
  0.1192070000000E+12   0.4917621852219E-21
  0.1571080000000E+12   0.1107792992126E-20
  0.2070600000000E+12   0.2482821115327E-20
  0.2728930000000E+12   0.5526694495811E-20
  0.3596580000000E+12   0.1329299824023E-19
  0.4740100000000E+12   0.3813701977763E-19
  0.6247180000000E+12   0.1075802686588E-18
  0.8233440000000E+12   0.2960036139735E-18
  0.1085120000000E+13   0.7878723873226E-18
  0.1430130000000E+13   0.1998196006453E-17
  0.1884830000000E+13   0.4735876993087E-17
  0.2484100000000E+13   0.1018288733855E-16
  0.3273910000000E+13   0.1897120207454E-16
  0.4314820000000E+13   0.2900070691811E-16
  0.5686700000000E+13   0.3446125058874E-16
  0.7494750000000E+13   0.3233440076994E-16
  0.7682960000000E+13   0.3189897417353E-16
  0.7875890000000E+13   0.3143512235048E-16
  0.8073670000000E+13   0.3094338919784E-16
  0.8276410000000E+13   0.3042870761893E-16
  0.8484250000000E+13   0.2989941659610E-16
  0.8697300000000E+13   0.2939535002414E-16
  0.8915700000000E+13   0.2887286240836E-16
  0.9139590000000E+13   0.2839148223477E-16
  0.9369100000000E+13   0.2790483054635E-16
  0.9604380000000E+13   0.2743655707971E-16
  0.9845560000000E+13   0.2698581478219E-16
  0.1009280000000E+14   0.2652302951852E-16
  0.1034620000000E+14   0.2606996877028E-16
  0.1060610000000E+14   0.2559881645035E-16
  0.1087240000000E+14   0.2516980199237E-16
  0.1114540000000E+14   0.2473077133629E-16
  0.1142530000000E+14   0.2430659449034E-16
  0.1171220000000E+14   0.2388992880847E-16
  0.1200630000000E+14   0.2345816932017E-16
  0.1230780000000E+14   0.2302931530373E-16
  0.1261690000000E+14   0.2257917938627E-16
  0.1293370000000E+14   0.2218176779989E-16
  0.1325850000000E+14   0.2176886354896E-16
  0.1359150000000E+14   0.2136654411827E-16
  0.1393280000000E+14   0.2096431843391E-16
  0.1428260000000E+14   0.2056194215641E-16
  0.1464130000000E+14   0.2020465664283E-16
  0.1500900000000E+14   0.1982012896414E-16
  0.1538590000000E+14   0.1930833333274E-16
  0.1577220000000E+14   0.1877927534011E-16
  0.1616830000000E+14   0.1791884534633E-16
  0.1657430000000E+14   0.1689359234525E-16
  0.1699050000000E+14   0.1579499155432E-16
  0.1741720000000E+14   0.1445466207047E-16
  0.1785460000000E+14   0.1319636110889E-16
  0.1830290000000E+14   0.1187954111681E-16
  0.1876260000000E+14   0.1064501169954E-16
  0.1923370000000E+14   0.9544843519920E-17
  0.1971670000000E+14   0.8547322045731E-17
  0.2021180000000E+14   0.7680905070130E-17
  0.2071940000000E+14   0.7001547819563E-17
  0.2123970000000E+14   0.6379701010478E-17
  0.2177310000000E+14   0.6301574416006E-17
  0.2231980000000E+14   0.6210065973966E-17
  0.2288030000000E+14   0.6270641455571E-17
  0.2345490000000E+14   0.6364997252612E-17
  0.2404390000000E+14   0.6470321398647E-17
  0.2464770000000E+14   0.6614758129481E-17
  0.2526660000000E+14   0.6719352239353E-17
  0.2590110000000E+14   0.6843443361628E-17
  0.2655150000000E+14   0.6927740652922E-17
  0.2721830000000E+14   0.7083021698487E-17
  0.2790180000000E+14   0.7233169654077E-17
  0.2860240000000E+14   0.7307763580325E-17
  0.2932070000000E+14   0.7302099881170E-17
  0.3005700000000E+14   0.7265860951901E-17
  0.3081180000000E+14   0.7081505965441E-17
  0.3158550000000E+14   0.6903187709742E-17
  0.3237870000000E+14   0.6182751117973E-17
  0.3319170000000E+14   0.5345149251066E-17
  0.3402530000000E+14   0.4575243742547E-17
  0.3487970000000E+14   0.3867136932340E-17
  0.3575560000000E+14   0.3207389332605E-17
  0.3665350000000E+14   0.2615555467001E-17
  0.3757390000000E+14   0.2045481980954E-17
  0.3851740000000E+14   0.1699173235515E-17
  0.3948470000000E+14   0.1418532221903E-17
  0.4047620000000E+14   0.1240220329321E-17
  0.4149260000000E+14   0.1178354863301E-17
  0.4253460000000E+14   0.1126469956797E-17
  0.4360270000000E+14   0.1111735523338E-17
  0.4469770000000E+14   0.1099257667504E-17
  0.4582010000000E+14   0.1089235454428E-17
  0.4697070000000E+14   0.1081080735705E-17
  0.4815020000000E+14   0.1073426510207E-17
  0.4935940000000E+14   0.1066128570740E-17
  0.5059890000000E+14   0.1060178843103E-17
  0.5186950000000E+14   0.1055995177130E-17
  0.5317200000000E+14   0.1052583347582E-17
  0.5450730000000E+14   0.1051306889175E-17
  0.6258450000000E+14   0.1059089577369E-17
  0.7185870000000E+14   0.1076402782118E-17
  0.8250720000000E+14   0.1081923276107E-17
  0.9473370000000E+14   0.1070198893323E-17
  0.1087720000000E+15   0.1046115579110E-17
  0.1248910000000E+15   0.1019398183295E-17
  0.1433980000000E+15   0.9996724106623E-18
  0.1646470000000E+15   0.9970990815556E-18
  0.1890460000000E+15   0.1021754640338E-17
  0.2170600000000E+15   0.1076815419218E-17
  0.2492250000000E+15   0.1164602692402E-17
  0.2861570000000E+15   0.1283270287081E-17
  0.3285620000000E+15   0.1425510146366E-17
  0.3772500000000E+15   0.1578842977010E-17
  0.4331540000000E+15   0.1724322190274E-17
  0.4973410000000E+15   0.1837176709572E-17
  0.5710410000000E+15   0.1890358287760E-17
  0.6556610000000E+15   0.1860578257020E-17
  0.7528220000000E+15   0.1734436149633E-17
  0.8643800000000E+15   0.1516815152635E-17
  0.9924690000000E+15   0.1231566528324E-17
  0.1139540000000E+16   0.9139141540637E-18
  0.1308400000000E+16   0.6140934153851E-18
  0.1502290000000E+16   0.3667365495110E-18
  0.1724910000000E+16   0.1909883772011E-18
  0.1980520000000E+16   0.8473761604162E-19
  0.2274010000000E+16   0.3136500867724E-19
  0.2610990000000E+16   0.9422666347012E-20
  0.2997900000000E+16   0.2227552046835E-20
