         130
  
  0.2997900000000E+11   0.3813532437216E-23
  0.3951060000000E+11   0.8683565743041E-23
  0.5207280000000E+11   0.1975827853031E-22
  0.6862910000000E+11   0.4490293466097E-22
  0.9044930000000E+11   0.1018655685535E-21
  0.1192070000000E+12   0.2305138096132E-21
  0.1571080000000E+12   0.5198655959273E-21
  0.2070600000000E+12   0.1167044467375E-20
  0.2728930000000E+12   0.2603730602829E-20
  0.3596580000000E+12   0.6282817685138E-20
  0.4740100000000E+12   0.1811419987803E-19
  0.6247180000000E+12   0.5147034597761E-19
  0.8233440000000E+12   0.1431529127061E-18
  0.1085120000000E+13   0.3872733937795E-18
  0.1430130000000E+13   0.1006965614125E-17
  0.1884830000000E+13   0.2480832395514E-17
  0.2484100000000E+13   0.5668175144790E-17
  0.3273910000000E+13   0.1160054636205E-16
  0.4314820000000E+13   0.2037079069586E-16
  0.5686700000000E+13   0.2880774480998E-16
  0.7494750000000E+13   0.3103327332741E-16
  0.7682960000000E+13   0.3082382814196E-16
  0.7875890000000E+13   0.3054509036821E-16
  0.8073670000000E+13   0.3019827568853E-16
  0.8276410000000E+13   0.2979044465921E-16
  0.8484250000000E+13   0.2933268450774E-16
  0.8697300000000E+13   0.2886686354745E-16
  0.8915700000000E+13   0.2835200973786E-16
  0.9139590000000E+13   0.2784801982149E-16
  0.9369100000000E+13   0.2731406657809E-16
  0.9604380000000E+13   0.2677586918526E-16
  0.9845560000000E+13   0.2623634251396E-16
  0.1009280000000E+14   0.2567418339393E-16
  0.1034620000000E+14   0.2511280236919E-16
  0.1060610000000E+14   0.2453267717751E-16
  0.1087240000000E+14   0.2398824055011E-16
  0.1114540000000E+14   0.2343886465123E-16
  0.1142530000000E+14   0.2290807952960E-16
  0.1171220000000E+14   0.2239207897754E-16
  0.1200630000000E+14   0.2187367854355E-16
  0.1230780000000E+14   0.2136901449195E-16
  0.1261690000000E+14   0.2085826582359E-16
  0.1293370000000E+14   0.2040436876364E-16
  0.1325850000000E+14   0.1994946898191E-16
  0.1359150000000E+14   0.1951534835970E-16
  0.1393280000000E+14   0.1909234571496E-16
  0.1428260000000E+14   0.1867932148856E-16
  0.1464130000000E+14   0.1831509943884E-16
  0.1500900000000E+14   0.1793521221146E-16
  0.1538590000000E+14   0.1744934559917E-16
  0.1577220000000E+14   0.1695335014358E-16
  0.1616830000000E+14   0.1616568262024E-16
  0.1657430000000E+14   0.1523328729997E-16
  0.1699050000000E+14   0.1423732393528E-16
  0.1741720000000E+14   0.1302733812724E-16
  0.1785460000000E+14   0.1189255323031E-16
  0.1830290000000E+14   0.1070786405898E-16
  0.1876260000000E+14   0.9598850053560E-17
  0.1923370000000E+14   0.8611357484157E-17
  0.1971670000000E+14   0.7716925255525E-17
  0.2021180000000E+14   0.6940237066980E-17
  0.2071940000000E+14   0.6329625989162E-17
  0.2123970000000E+14   0.5771037021432E-17
  0.2177310000000E+14   0.5690711055001E-17
  0.2231980000000E+14   0.5601998653715E-17
  0.2288030000000E+14   0.5651485072716E-17
  0.2345490000000E+14   0.5734837962090E-17
  0.2404390000000E+14   0.5831141271206E-17
  0.2464770000000E+14   0.5965130414229E-17
  0.2526660000000E+14   0.6064983920583E-17
  0.2590110000000E+14   0.6183885825520E-17
  0.2655150000000E+14   0.6267782760523E-17
  0.2721830000000E+14   0.6416980293217E-17
  0.2790180000000E+14   0.6562238492195E-17
  0.2860240000000E+14   0.6639245907943E-17
  0.2932070000000E+14   0.6643555610693E-17
  0.3005700000000E+14   0.6620426124308E-17
  0.3081180000000E+14   0.6462163716909E-17
  0.3158550000000E+14   0.6309432555664E-17
  0.3237870000000E+14   0.5660217482516E-17
  0.3319170000000E+14   0.4903652036364E-17
  0.3402530000000E+14   0.4208110891629E-17
  0.3487970000000E+14   0.3568080958082E-17
  0.3575560000000E+14   0.2971154703432E-17
  0.3665350000000E+14   0.2436132152679E-17
  0.3757390000000E+14   0.1920132782381E-17
  0.3851740000000E+14   0.1607870502532E-17
  0.3948470000000E+14   0.1353638398768E-17
  0.4047620000000E+14   0.1189930736851E-17
  0.4149260000000E+14   0.1133759950560E-17
  0.4253460000000E+14   0.1086115592356E-17
  0.4360270000000E+14   0.1073941079827E-17
  0.4469770000000E+14   0.1063658928260E-17
  0.4582010000000E+14   0.1055486047695E-17
  0.4697070000000E+14   0.1048860509859E-17
  0.4815020000000E+14   0.1042419840006E-17
  0.4935940000000E+14   0.1036017287123E-17
  0.5059890000000E+14   0.1030681343559E-17
  0.5186950000000E+14   0.1026883983493E-17
  0.5317200000000E+14   0.1023630259462E-17
  0.5450730000000E+14   0.1022389034498E-17
  0.6258450000000E+14   0.1028621339453E-17
  0.7185870000000E+14   0.1043538077964E-17
  0.8250720000000E+14   0.1047073529028E-17
  0.9473370000000E+14   0.1034993166627E-17
  0.1087720000000E+15   0.1013121501934E-17
  0.1248910000000E+15   0.9912757284449E-18
  0.1433980000000E+15   0.9785441471158E-18
  0.1646470000000E+15   0.9840902229782E-18
  0.1890460000000E+15   0.1016624539712E-17
  0.2170600000000E+15   0.1077993848282E-17
  0.2492250000000E+15   0.1169537837447E-17
  0.2861570000000E+15   0.1289485913206E-17
  0.3285620000000E+15   0.1431288573788E-17
  0.3772500000000E+15   0.1583276638336E-17
  0.4331540000000E+15   0.1727245712321E-17
  0.4973410000000E+15   0.1839056209980E-17
  0.5710410000000E+15   0.1891938294061E-17
  0.6556610000000E+15   0.1862477146741E-17
  0.7528220000000E+15   0.1737160291978E-17
  0.8643800000000E+15   0.1520120648091E-17
  0.9924690000000E+15   0.1234598004261E-17
  0.1139540000000E+16   0.9170222466889E-18
  0.1308400000000E+16   0.6160520848169E-18
  0.1502290000000E+16   0.3677028812878E-18
  0.1724910000000E+16   0.1913654882008E-18
  0.1980520000000E+16   0.8491420724042E-19
  0.2274010000000E+16   0.3142886174639E-19
  0.2610990000000E+16   0.9441494515381E-20
  0.2997900000000E+16   0.2231939753513E-20
