mstar = 2 Msun, Rstar = 2.5 Rsun, Tstar = 10000, mdisk = 0.0053366 Msun, Rc = 150 AU, Rin = 0.5 AU, Rout = 250 AU, inclination = 45 degree, powerlaw = -1 
         130
  
  0.2997900000000E+11   0.6946141248902E-23
  0.3951060000000E+11   0.1582476218328E-22
  0.5207280000000E+11   0.3601578237501E-22
  0.6862910000000E+11   0.8184876198420E-22
  0.9044930000000E+11   0.1856291243331E-21
  0.1192070000000E+12   0.4198309253575E-21
  0.1571080000000E+12   0.9459857519116E-21
  0.2070600000000E+12   0.2120908698808E-20
  0.2728930000000E+12   0.4723340721585E-20
  0.3596580000000E+12   0.1136851727956E-19
  0.4740100000000E+12   0.3265109113433E-19
  0.6247180000000E+12   0.9225443589754E-19
  0.8233440000000E+12   0.2544599746322E-18
  0.1085120000000E+13   0.6798702755587E-18
  0.1430130000000E+13   0.1734540178386E-17
  0.1884830000000E+13   0.4149693691605E-17
  0.2484100000000E+13   0.9055737880212E-17
  0.3273910000000E+13   0.1726085134545E-16
  0.4314820000000E+13   0.2726026599759E-16
  0.5686700000000E+13   0.3361053847458E-16
  0.7494750000000E+13   0.3219457104163E-16
  0.7682960000000E+13   0.3177215909629E-16
  0.7875890000000E+13   0.3131356825873E-16
  0.8073670000000E+13   0.3082039778603E-16
  0.8276410000000E+13   0.3029869069575E-16
  0.8484250000000E+13   0.2975775381647E-16
  0.8697300000000E+13   0.2923735267533E-16
  0.8915700000000E+13   0.2869607990093E-16
  0.9139590000000E+13   0.2819252193049E-16
  0.9369100000000E+13   0.2768281521784E-16
  0.9604380000000E+13   0.2719072560770E-16
  0.9845560000000E+13   0.2671623324754E-16
  0.1009280000000E+14   0.2623159907496E-16
  0.1034620000000E+14   0.2575835328236E-16
  0.1060610000000E+14   0.2527006538118E-16
  0.1087240000000E+14   0.2482515385033E-16
  0.1114540000000E+14   0.2437340566544E-16
  0.1142530000000E+14   0.2393891462163E-16
  0.1171220000000E+14   0.2351450867233E-16
  0.1200630000000E+14   0.2307802954334E-16
  0.1230780000000E+14   0.2264675140667E-16
  0.1261690000000E+14   0.2219679728697E-16
  0.1293370000000E+14   0.2180021411225E-16
  0.1325850000000E+14   0.2139013098882E-16
  0.1359150000000E+14   0.2099174699489E-16
  0.1393280000000E+14   0.2059456796668E-16
  0.1428260000000E+14   0.2019811046277E-16
  0.1464130000000E+14   0.1984666183473E-16
  0.1500900000000E+14   0.1946904021069E-16
  0.1538590000000E+14   0.1896670785773E-16
  0.1577220000000E+14   0.1844759994105E-16
  0.1616830000000E+14   0.1760273524398E-16
  0.1657430000000E+14   0.1659575796108E-16
  0.1699050000000E+14   0.1551658620164E-16
  0.1741720000000E+14   0.1419967484825E-16
  0.1785460000000E+14   0.1296344723162E-16
  0.1830290000000E+14   0.1166968283640E-16
  0.1876260000000E+14   0.1045692993787E-16
  0.1923370000000E+14   0.9376363571623E-17
  0.1971670000000E+14   0.8396946061368E-17
  0.2021180000000E+14   0.7546384265438E-17
  0.2071940000000E+14   0.6879621712249E-17
  0.2123970000000E+14   0.6269406150469E-17
  0.2177310000000E+14   0.6192337025076E-17
  0.2231980000000E+14   0.6102430377770E-17
  0.2288030000000E+14   0.6162241442698E-17
  0.2345490000000E+14   0.6255630842344E-17
  0.2404390000000E+14   0.6360130359719E-17
  0.2464770000000E+14   0.6503350490848E-17
  0.2526660000000E+14   0.6607458617396E-17
  0.2590110000000E+14   0.6730643497713E-17
  0.2655150000000E+14   0.6814634376936E-17
  0.2721830000000E+14   0.6968233967978E-17
  0.2790180000000E+14   0.7116448316045E-17
  0.2860240000000E+14   0.7190089664487E-17
  0.2932070000000E+14   0.7184900791011E-17
  0.3005700000000E+14   0.7149818952165E-17
  0.3081180000000E+14   0.6969502538034E-17
  0.3158550000000E+14   0.6795176280038E-17
  0.3237870000000E+14   0.6089131959635E-17
  0.3319170000000E+14   0.5268291731316E-17
  0.3402530000000E+14   0.4513032185741E-17
  0.3487970000000E+14   0.3817999302878E-17
  0.3575560000000E+14   0.3169985417152E-17
  0.3665350000000E+14   0.2588913298713E-17
  0.3757390000000E+14   0.2028705310321E-17
  0.3851740000000E+14   0.1688109005262E-17
  0.3948470000000E+14   0.1410935252404E-17
  0.4047620000000E+14   0.1233780308960E-17
  0.4149260000000E+14   0.1172434989227E-17
  0.4253460000000E+14   0.1120832584268E-17
  0.4360270000000E+14   0.1106630831640E-17
  0.4469770000000E+14   0.1094600517651E-17
  0.4582010000000E+14   0.1084953572565E-17
  0.4697070000000E+14   0.1077098726095E-17
  0.4815020000000E+14   0.1069649136172E-17
  0.4935940000000E+14   0.1062462153923E-17
  0.5059890000000E+14   0.1056558651863E-17
  0.5186950000000E+14   0.1052377399845E-17
  0.5317200000000E+14   0.1048908294964E-17
  0.5450730000000E+14   0.1047559486782E-17
  0.6258450000000E+14   0.1054391689971E-17
  0.7185870000000E+14   0.1070086781308E-17
  0.8250720000000E+14   0.1073618333554E-17
  0.9473370000000E+14   0.1060149858460E-17
  0.1087720000000E+15   0.1035142560568E-17
  0.1248910000000E+15   0.1008653846817E-17
  0.1433980000000E+15   0.9903672099108E-18
  0.1646470000000E+15   0.9901542125380E-18
  0.1890460000000E+15   0.1017496541904E-17
  0.2170600000000E+15   0.1074973108012E-17
  0.2492250000000E+15   0.1164477650373E-17
  0.2861570000000E+15   0.1284085248847E-17
  0.3285620000000E+15   0.1426609927991E-17
  0.3772500000000E+15   0.1579784810759E-17
  0.4331540000000E+15   0.1724951219256E-17
  0.4973410000000E+15   0.1837586866147E-17
  0.5710410000000E+15   0.1890729981770E-17
  0.6556610000000E+15   0.1861051351737E-17
  0.7528220000000E+15   0.1735126310431E-17
  0.8643800000000E+15   0.1517654625471E-17
  0.9924690000000E+15   0.1232336534761E-17
  0.1139540000000E+16   0.9147033674718E-18
  0.1308400000000E+16   0.6145908049437E-18
  0.1502290000000E+16   0.3669819929533E-18
  0.1724910000000E+16   0.1910841850590E-18
  0.1980520000000E+16   0.8478247852277E-19
  0.2274010000000E+16   0.3138123065490E-19
  0.2610990000000E+16   0.9427449741283E-20
  0.2997900000000E+16   0.2228666778377E-20
