mstar = 2 Msun, Rstar = 2.5 Rsun, Tstar = 10000, mdisk = 7.50E-05 Msun, Rc = 150 AU, Rin = 0.5 AU, Rout = 250 AU, inclination = 45 degree, powerlaw = -1 
         130
  
  0.2997900000000E+11   0.1790232312228E-24
  0.3951060000000E+11   0.3937415252283E-24
  0.5207280000000E+11   0.8723483107854E-24
  0.6862910000000E+11   0.1943351883742E-23
  0.9044930000000E+11   0.4345800798135E-23
  0.1192070000000E+12   0.9740309733249E-23
  0.1571080000000E+12   0.2184852629782E-22
  0.2070600000000E+12   0.4897415215620E-22
  0.2728930000000E+12   0.1095225779604E-21
  0.3596580000000E+12   0.2656964463483E-21
  0.4740100000000E+12   0.7733214252704E-21
  0.6247180000000E+12   0.2236127772397E-20
  0.8233440000000E+12   0.6388647404197E-20
  0.1085120000000E+13   0.1797253541209E-19
  0.1430130000000E+13   0.4943026948042E-19
  0.1884830000000E+13   0.1320282730694E-18
  0.2484100000000E+13   0.3391542886456E-18
  0.3273910000000E+13   0.8234855417364E-18
  0.4314820000000E+13   0.1856905713063E-17
  0.5686700000000E+13   0.3757844368099E-17
  0.7494750000000E+13   0.6501253399036E-17
  0.7682960000000E+13   0.6766010521986E-17
  0.7875890000000E+13   0.7025817757382E-17
  0.8073670000000E+13   0.7277530097457E-17
  0.8276410000000E+13   0.7520265484394E-17
  0.8484250000000E+13   0.7755385582871E-17
  0.8697300000000E+13   0.8001933385225E-17
  0.8915700000000E+13   0.8234508033035E-17
  0.9139590000000E+13   0.8484524401526E-17
  0.9369100000000E+13   0.8724658462985E-17
  0.9604380000000E+13   0.8967192227456E-17
  0.9845560000000E+13   0.9210750977357E-17
  0.1009280000000E+14   0.9436462122040E-17
  0.1034620000000E+14   0.9656377182290E-17
  0.1060610000000E+14   0.9852490622095E-17
  0.1087240000000E+14   0.1006187978124E-16
  0.1114540000000E+14   0.1025108514472E-16
  0.1142530000000E+14   0.1043578409306E-16
  0.1171220000000E+14   0.1061068910032E-16
  0.1200630000000E+14   0.1075995210170E-16
  0.1230780000000E+14   0.1089515583296E-16
  0.1261690000000E+14   0.1099884040830E-16
  0.1293370000000E+14   0.1112254053470E-16
  0.1325850000000E+14   0.1121806699003E-16
  0.1359150000000E+14   0.1130347515391E-16
  0.1393280000000E+14   0.1137067701503E-16
  0.1428260000000E+14   0.1141901707174E-16
  0.1464130000000E+14   0.1148168064371E-16
  0.1500900000000E+14   0.1150489957028E-16
  0.1538590000000E+14   0.1141389902538E-16
  0.1577220000000E+14   0.1129001574093E-16
  0.1616830000000E+14   0.1090057280034E-16
  0.1657430000000E+14   0.1036974637816E-16
  0.1699050000000E+14   0.9766240389403E-17
  0.1741720000000E+14   0.8964481095284E-17
  0.1785460000000E+14   0.8205954929536E-17
  0.1830290000000E+14   0.7384867905606E-17
  0.1876260000000E+14   0.6607444547788E-17
  0.1923370000000E+14   0.5914556038963E-17
  0.1971670000000E+14   0.5283580227772E-17
  0.2021180000000E+14   0.4738590550573E-17
  0.2071940000000E+14   0.4327226832785E-17
  0.2123970000000E+14   0.3948700803295E-17
  0.2177310000000E+14   0.4002062979222E-17
  0.2231980000000E+14   0.4037375686230E-17
  0.2288030000000E+14   0.4187928555685E-17
  0.2345490000000E+14   0.4355082777006E-17
  0.2404390000000E+14   0.4518207314582E-17
  0.2464770000000E+14   0.4696190855490E-17
  0.2526660000000E+14   0.4827775304904E-17
  0.2590110000000E+14   0.4956725034910E-17
  0.2655150000000E+14   0.5041671974388E-17
  0.2721830000000E+14   0.5157781079819E-17
  0.2790180000000E+14   0.5253747530654E-17
  0.2860240000000E+14   0.5290686670795E-17
  0.2932070000000E+14   0.5273253771777E-17
  0.3005700000000E+14   0.5235417846020E-17
  0.3081180000000E+14   0.5114699485062E-17
  0.3158550000000E+14   0.5000066532521E-17
  0.3237870000000E+14   0.4586155638336E-17
  0.3319170000000E+14   0.4098550994467E-17
  0.3402530000000E+14   0.3634309370435E-17
  0.3487970000000E+14   0.3183859305335E-17
  0.3575560000000E+14   0.2727816209653E-17
  0.3665350000000E+14   0.2267536577587E-17
  0.3757390000000E+14   0.1741956007747E-17
  0.3851740000000E+14   0.1377019815535E-17
  0.3948470000000E+14   0.1041626420538E-17
  0.4047620000000E+14   0.8119509575510E-18
  0.4149260000000E+14   0.7404425487102E-18
  0.4253460000000E+14   0.6781091742681E-18
  0.4360270000000E+14   0.6700563668095E-18
  0.4469770000000E+14   0.6628873480013E-18
  0.4582010000000E+14   0.6572732406279E-18
  0.4697070000000E+14   0.6525392703038E-18
  0.4815020000000E+14   0.6466809155715E-18
  0.4935940000000E+14   0.6396864185330E-18
  0.5059890000000E+14   0.6335139881255E-18
  0.5186950000000E+14   0.6292355629623E-18
  0.5317200000000E+14   0.6253296917931E-18
  0.5450730000000E+14   0.6245203292943E-18
  0.6258450000000E+14   0.6424850650931E-18
  0.7185870000000E+14   0.6870907802352E-18
  0.8250720000000E+14   0.7336112566590E-18
  0.9473370000000E+14   0.7757849676481E-18
  0.1087720000000E+15   0.8163827894279E-18
  0.1248910000000E+15   0.8580583870855E-18
  0.1433980000000E+15   0.9016005721769E-18
  0.1646470000000E+15   0.9495834502525E-18
  0.1890460000000E+15   0.1007796848510E-17
  0.2170600000000E+15   0.1080152829458E-17
  0.2492250000000E+15   0.1173515883957E-17
  0.2861570000000E+15   0.1292073000696E-17
  0.3285620000000E+15   0.1432668949305E-17
  0.3772500000000E+15   0.1584284762929E-17
  0.4331540000000E+15   0.1728371884269E-17
  0.4973410000000E+15   0.1840585987940E-17
  0.5710410000000E+15   0.1894096452316E-17
  0.6556610000000E+15   0.1865568617521E-17
  0.7528220000000E+15   0.1741743637324E-17
  0.8643800000000E+15   0.1525704605117E-17
  0.9924690000000E+15   0.1239722084541E-17
  0.1139540000000E+16   0.9222825168951E-18
  0.1308400000000E+16   0.6193660847514E-18
  0.1502290000000E+16   0.3693366670997E-18
  0.1724910000000E+16   0.1920025093086E-18
  0.1980520000000E+16   0.8521255128453E-19
  0.2274010000000E+16   0.3153673209017E-19
  0.2610990000000E+16   0.9473300325519E-20
  0.2997900000000E+16   0.2239351480743E-20
