         130
  
  0.2997900000000E+11   0.3442539215245E-23
  0.3951060000000E+11   0.7837681719249E-23
  0.5207280000000E+11   0.1783208693259E-22
  0.6862910000000E+11   0.4052417906505E-22
  0.9044930000000E+11   0.9193383351276E-22
  0.1192070000000E+12   0.2080540924637E-21
  0.1571080000000E+12   0.4692749715169E-21
  0.2070600000000E+12   0.1053686143456E-20
  0.2728930000000E+12   0.2351503318594E-20
  0.3596580000000E+12   0.5676506353068E-20
  0.4740100000000E+12   0.1637596359633E-19
  0.6247180000000E+12   0.4657195194368E-19
  0.8233440000000E+12   0.1296941501244E-18
  0.1085120000000E+13   0.3515205628970E-18
  0.1430130000000E+13   0.9165647287676E-18
  0.1884830000000E+13   0.2267763922732E-17
  0.2484100000000E+13   0.5215724031640E-17
  0.3273910000000E+13   0.1078506663256E-16
  0.4314820000000E+13   0.1924130391405E-16
  0.5686700000000E+13   0.2783059892726E-16
  0.7494750000000E+13   0.3074503510054E-16
  0.7682960000000E+13   0.3059787445898E-16
  0.7875890000000E+13   0.3037751663569E-16
  0.8073670000000E+13   0.3008440347159E-16
  0.8276410000000E+13   0.2972511821114E-16
  0.8484250000000E+13   0.2931052186489E-16
  0.8697300000000E+13   0.2888316728419E-16
  0.8915700000000E+13   0.2840046942232E-16
  0.9139590000000E+13   0.2792345048530E-16
  0.9369100000000E+13   0.2741006378784E-16
  0.9604380000000E+13   0.2688643186865E-16
  0.9845560000000E+13   0.2635548508024E-16
  0.1009280000000E+14   0.2579605958311E-16
  0.1034620000000E+14   0.2523219150785E-16
  0.1060610000000E+14   0.2464504407402E-16
  0.1087240000000E+14   0.2408931689711E-16
  0.1114540000000E+14   0.2352537231044E-16
  0.1142530000000E+14   0.2297720797327E-16
  0.1171220000000E+14   0.2244181537826E-16
  0.1200630000000E+14   0.2190314443119E-16
  0.1230780000000E+14   0.2137769196447E-16
  0.1261690000000E+14   0.2084676590805E-16
  0.1293370000000E+14   0.2037229641918E-16
  0.1325850000000E+14   0.1989828653033E-16
  0.1359150000000E+14   0.1944629677110E-16
  0.1393280000000E+14   0.1900719239105E-16
  0.1428260000000E+14   0.1858002893123E-16
  0.1464130000000E+14   0.1820284106012E-16
  0.1500900000000E+14   0.1781264037241E-16
  0.1538590000000E+14   0.1732063109074E-16
  0.1577220000000E+14   0.1682044082237E-16
  0.1616830000000E+14   0.1603518560669E-16
  0.1657430000000E+14   0.1510865440416E-16
  0.1699050000000E+14   0.1412040133244E-16
  0.1741720000000E+14   0.1292254896614E-16
  0.1785460000000E+14   0.1179936743744E-16
  0.1830290000000E+14   0.1062786654149E-16
  0.1876260000000E+14   0.9531521597663E-17
  0.1923370000000E+14   0.8555055802370E-17
  0.1971670000000E+14   0.7670583661026E-17
  0.2021180000000E+14   0.6902136548316E-17
  0.2071940000000E+14   0.6297014356083E-17
  0.2123970000000E+14   0.5743368036468E-17
  0.2177310000000E+14   0.5659079557026E-17
  0.2231980000000E+14   0.5567567604291E-17
  0.2288030000000E+14   0.5612959840887E-17
  0.2345490000000E+14   0.5692912873864E-17
  0.2404390000000E+14   0.5786713710827E-17
  0.2464770000000E+14   0.5918620185681E-17
  0.2526660000000E+14   0.6017562804672E-17
  0.2590110000000E+14   0.6135968950071E-17
  0.2655150000000E+14   0.6220251950644E-17
  0.2721830000000E+14   0.6369948234970E-17
  0.2790180000000E+14   0.6516084610927E-17
  0.2860240000000E+14   0.6594551517427E-17
  0.2932070000000E+14   0.6600912149475E-17
  0.3005700000000E+14   0.6580098284290E-17
  0.3081180000000E+14   0.6424971613420E-17
  0.3158550000000E+14   0.6275277849761E-17
  0.3237870000000E+14   0.5631853550430E-17
  0.3319170000000E+14   0.4881075699045E-17
  0.3402530000000E+14   0.4190193911571E-17
  0.3487970000000E+14   0.3554654202984E-17
  0.3575560000000E+14   0.2961497826504E-17
  0.3665350000000E+14   0.2429350741199E-17
  0.3757390000000E+14   0.1916365397878E-17
  0.3851740000000E+14   0.1606529924663E-17
  0.3948470000000E+14   0.1354076697917E-17
  0.4047620000000E+14   0.1191609010552E-17
  0.4149260000000E+14   0.1135651455699E-17
  0.4253460000000E+14   0.1088088396945E-17
  0.4360270000000E+14   0.1075682993011E-17
  0.4469770000000E+14   0.1065166770833E-17
  0.4582010000000E+14   0.1056752345464E-17
  0.4697070000000E+14   0.1049877667914E-17
  0.4815020000000E+14   0.1043180943286E-17
  0.4935940000000E+14   0.1036510544024E-17
  0.5059890000000E+14   0.1030891885090E-17
  0.5186950000000E+14   0.1026799318009E-17
  0.5317200000000E+14   0.1023237547348E-17
  0.5450730000000E+14   0.1021680503684E-17
  0.6258450000000E+14   0.1026071506080E-17
  0.7185870000000E+14   0.1039211194472E-17
  0.8250720000000E+14   0.1041299532800E-17
  0.9473370000000E+14   0.1028411573077E-17
  0.1087720000000E+15   0.1006585251642E-17
  0.1248910000000E+15   0.9856043472247E-18
  0.1433980000000E+15   0.9742982797533E-18
  0.1646470000000E+15   0.9814633065653E-18
  0.1890460000000E+15   0.1015487987566E-17
  0.2170600000000E+15   0.1078012162617E-17
  0.2492250000000E+15   0.1170240282184E-17
  0.2861570000000E+15   0.1290399047463E-17
  0.3285620000000E+15   0.1432089079000E-17
  0.3772500000000E+15   0.1583854533795E-17
  0.4331540000000E+15   0.1727622626848E-17
  0.4973410000000E+15   0.1839300605795E-17
  0.5710410000000E+15   0.1892131263465E-17
  0.6556610000000E+15   0.1862690157459E-17
  0.7528220000000E+15   0.1737454636839E-17
  0.8643800000000E+15   0.1520474952116E-17
  0.9924690000000E+15   0.1234922638732E-17
  0.1139540000000E+16   0.9173552128666E-18
  0.1308400000000E+16   0.6162618875908E-18
  0.1502290000000E+16   0.3678063581101E-18
  0.1724910000000E+16   0.1914058553100E-18
  0.1980520000000E+16   0.8493311124212E-19
  0.2274010000000E+16   0.3143569700450E-19
  0.2610990000000E+16   0.9443509966138E-20
  0.2997900000000E+16   0.2232409425746E-20
