mstar = 2 Msun, Rstar = 2.5 Rsun, Tstar = 10000, mdisk = 0.0032569 Msun, Rc = 150 AU, Rin = 0.5 AU, Rout = 250 AU, inclination = 45 degree, powerlaw = -1 
         130
  
  0.2997900000000E+11   0.4461526553021E-23
  0.3951060000000E+11   0.1016099448655E-22
  0.5207280000000E+11   0.2312248620864E-22
  0.6862910000000E+11   0.5255040424281E-22
  0.9044930000000E+11   0.1192104282508E-21
  0.1192070000000E+12   0.2697350980237E-21
  0.1571080000000E+12   0.6082042504821E-21
  0.2070600000000E+12   0.1364962780564E-20
  0.2728930000000E+12   0.3044044058160E-20
  0.3596580000000E+12   0.7341021960835E-20
  0.4740100000000E+12   0.2114668186416E-19
  0.6247180000000E+12   0.6001014085864E-19
  0.8233440000000E+12   0.1665915075144E-18
  0.1085120000000E+13   0.4494255139652E-18
  0.1430130000000E+13   0.1163643063937E-17
  0.1884830000000E+13   0.2848233115880E-17
  0.2484100000000E+13   0.6441612871109E-17
  0.3273910000000E+13   0.1297458078161E-16
  0.4314820000000E+13   0.2223124885528E-16
  0.5686700000000E+13   0.3038108156387E-16
  0.7494750000000E+13   0.3157964576873E-16
  0.7682960000000E+13   0.3128613550367E-16
  0.7875890000000E+13   0.3093029648662E-16
  0.8073670000000E+13   0.3051422756863E-16
  0.8276410000000E+13   0.3004540098954E-16
  0.8484250000000E+13   0.2953499536080E-16
  0.8697300000000E+13   0.2902408256017E-16
  0.8915700000000E+13   0.2847318301527E-16
  0.9139590000000E+13   0.2794107949843E-16
  0.9369100000000E+13   0.2738776168010E-16
  0.9604380000000E+13   0.2683837038519E-16
  0.9845560000000E+13   0.2629548089949E-16
  0.1009280000000E+14   0.2573684108565E-16
  0.1034620000000E+14   0.2518508154218E-16
  0.1060610000000E+14   0.2461918420527E-16
  0.1087240000000E+14   0.2409381891660E-16
  0.1114540000000E+14   0.2356621752044E-16
  0.1142530000000E+14   0.2305954673548E-16
  0.1171220000000E+14   0.2256880956808E-16
  0.1200630000000E+14   0.2207517442949E-16
  0.1230780000000E+14   0.2159458531906E-16
  0.1261690000000E+14   0.2110570610222E-16
  0.1293370000000E+14   0.2067356299091E-16
  0.1325850000000E+14   0.2023752407417E-16
  0.1359150000000E+14   0.1982000478020E-16
  0.1393280000000E+14   0.1941083340553E-16
  0.1428260000000E+14   0.1900885617979E-16
  0.1464130000000E+14   0.1865432034105E-16
  0.1500900000000E+14   0.1828072270237E-16
  0.1538590000000E+14   0.1779536360304E-16
  0.1577220000000E+14   0.1729757792577E-16
  0.1616830000000E+14   0.1649823732101E-16
  0.1657430000000E+14   0.1554905421785E-16
  0.1699050000000E+14   0.1453364065302E-16
  0.1741720000000E+14   0.1329730056732E-16
  0.1785460000000E+14   0.1213742834243E-16
  0.1830290000000E+14   0.1092524154675E-16
  0.1876260000000E+14   0.9789970599566E-17
  0.1923370000000E+14   0.8778900183436E-17
  0.1971670000000E+14   0.7862874201065E-17
  0.2021180000000E+14   0.7067460062956E-17
  0.2071940000000E+14   0.6443048182675E-17
  0.2123970000000E+14   0.5871707864495E-17
  0.2177310000000E+14   0.5794764496079E-17
  0.2231980000000E+14   0.5707923201257E-17
  0.2288030000000E+14   0.5762419709687E-17
  0.2345490000000E+14   0.5850392572817E-17
  0.2404390000000E+14   0.5950484648092E-17
  0.2464770000000E+14   0.6088309092313E-17
  0.2526660000000E+14   0.6190505179286E-17
  0.2590110000000E+14   0.6311780471361E-17
  0.2655150000000E+14   0.6396928138554E-17
  0.2721830000000E+14   0.6548599215211E-17
  0.2790180000000E+14   0.6695963908387E-17
  0.2860240000000E+14   0.6773302156919E-17
  0.2932070000000E+14   0.6776157615425E-17
  0.3005700000000E+14   0.6750881296886E-17
  0.3081180000000E+14   0.6587525768490E-17
  0.3158550000000E+14   0.6429785533047E-17
  0.3237870000000E+14   0.5765256267402E-17
  0.3319170000000E+14   0.4991106119188E-17
  0.3402530000000E+14   0.4279273115715E-17
  0.3487970000000E+14   0.3624511691131E-17
  0.3575560000000E+14   0.3014054750127E-17
  0.3665350000000E+14   0.2466553223139E-17
  0.3757390000000E+14   0.1938387826133E-17
  0.3851740000000E+14   0.1619416878365E-17
  0.3948470000000E+14   0.1360277317159E-17
  0.4047620000000E+14   0.1194026891229E-17
  0.4149260000000E+14   0.1137260276901E-17
  0.4253460000000E+14   0.1089269616740E-17
  0.4360270000000E+14   0.1077204796595E-17
  0.4469770000000E+14   0.1067064604451E-17
  0.4582010000000E+14   0.1059063560274E-17
  0.4697070000000E+14   0.1052631692919E-17
  0.4815020000000E+14   0.1046399461163E-17
  0.4935940000000E+14   0.1040222549819E-17
  0.5059890000000E+14   0.1035132652875E-17
  0.5186950000000E+14   0.1031595246817E-17
  0.5317200000000E+14   0.1028611418888E-17
  0.5450730000000E+14   0.1027638936029E-17
  0.6258450000000E+14   0.1035182275626E-17
  0.7185870000000E+14   0.1050799724003E-17
  0.8250720000000E+14   0.1054412670194E-17
  0.9473370000000E+14   0.1041848085386E-17
  0.1087720000000E+15   0.1019007335427E-17
  0.1248910000000E+15   0.9958988882510E-18
  0.1433980000000E+15   0.9818149830293E-18
  0.1646470000000E+15   0.9860372128958E-18
  0.1890460000000E+15   0.1017329860016E-17
  0.2170600000000E+15   0.1077626827394E-17
  0.2492250000000E+15   0.1168459850053E-17
  0.2861570000000E+15   0.1288168991156E-17
  0.3285620000000E+15   0.1430095073498E-17
  0.3772500000000E+15   0.1582371093095E-17
  0.4331540000000E+15   0.1726636972605E-17
  0.4973410000000E+15   0.1838653588510E-17
  0.5710410000000E+15   0.1891603693349E-17
  0.6556610000000E+15   0.1862086619268E-17
  0.7528220000000E+15   0.1736607273189E-17
  0.8643800000000E+15   0.1519451300432E-17
  0.9924690000000E+15   0.1233984288139E-17
  0.1139540000000E+16   0.9163928126769E-18
  0.1308400000000E+16   0.6156554605966E-18
  0.1502290000000E+16   0.3675072454177E-18
  0.1724910000000E+16   0.1912891613543E-18
  0.1980520000000E+16   0.8487846382181E-19
  0.2274010000000E+16   0.3141593764117E-19
  0.2610990000000E+16   0.9437683679206E-20
  0.2997900000000E+16   0.2231051688258E-20
