         130
  
  0.2997900000000E+11   0.3206499452071E-23
  0.3951060000000E+11   0.7299432515114E-23
  0.5207280000000E+11   0.1660622181230E-22
  0.6862910000000E+11   0.3773685468753E-22
  0.9044930000000E+11   0.8560991692680E-22
  0.1192070000000E+12   0.1937476882599E-21
  0.1571080000000E+12   0.4370333715863E-21
  0.2070600000000E+12   0.9813934110765E-21
  0.2728930000000E+12   0.2190502053220E-20
  0.3596580000000E+12   0.5289001576992E-20
  0.4740100000000E+12   0.1526303686372E-19
  0.6247180000000E+12   0.4342770068593E-19
  0.8233440000000E+12   0.1210230118292E-18
  0.1085120000000E+13   0.3283602430451E-18
  0.1430130000000E+13   0.8575103471160E-18
  0.1884830000000E+13   0.2126713954844E-17
  0.2484100000000E+13   0.4909468889648E-17
  0.3273910000000E+13   0.1021094906179E-16
  0.4314820000000E+13   0.1838280581248E-16
  0.5686700000000E+13   0.2694205374011E-16
  0.7494750000000E+13   0.3023021055351E-16
  0.7682960000000E+13   0.3012454635544E-16
  0.7875890000000E+13   0.2994467072380E-16
  0.8073670000000E+13   0.2969048391991E-16
  0.8276410000000E+13   0.2936815890761E-16
  0.8484250000000E+13   0.2898827426016E-16
  0.8697300000000E+13   0.2859348932771E-16
  0.8915700000000E+13   0.2814036600250E-16
  0.9139590000000E+13   0.2769021194492E-16
  0.9369100000000E+13   0.2720032779422E-16
  0.9604380000000E+13   0.2669684087838E-16
  0.9845560000000E+13   0.2618254629694E-16
  0.1009280000000E+14   0.2563634223540E-16
  0.1034620000000E+14   0.2508241694936E-16
  0.1060610000000E+14   0.2450234231474E-16
  0.1087240000000E+14   0.2395062996784E-16
  0.1114540000000E+14   0.2338838470397E-16
  0.1142530000000E+14   0.2283971336338E-16
  0.1171220000000E+14   0.2230205348899E-16
  0.1200630000000E+14   0.2176016415535E-16
  0.1230780000000E+14   0.2123069713797E-16
  0.1261690000000E+14   0.2069578544788E-16
  0.1293370000000E+14   0.2021631882041E-16
  0.1325850000000E+14   0.1973789899335E-16
  0.1359150000000E+14   0.1928188752098E-16
  0.1393280000000E+14   0.1883955964773E-16
  0.1428260000000E+14   0.1841009990598E-16
  0.1464130000000E+14   0.1803080210507E-16
  0.1500900000000E+14   0.1764012277548E-16
  0.1538590000000E+14   0.1715092845093E-16
  0.1577220000000E+14   0.1665472604198E-16
  0.1616830000000E+14   0.1587950942453E-16
  0.1657430000000E+14   0.1496592158048E-16
  0.1699050000000E+14   0.1399188146062E-16
  0.1741720000000E+14   0.1281191991370E-16
  0.1785460000000E+14   0.1170516062372E-16
  0.1830290000000E+14   0.1055093346333E-16
  0.1876260000000E+14   0.9470474362472E-17
  0.1923370000000E+14   0.8507757643299E-17
  0.1971670000000E+14   0.7635265431876E-17
  0.2021180000000E+14   0.6876604637337E-17
  0.2071940000000E+14   0.6278380443313E-17
  0.2123970000000E+14   0.5730676572377E-17
  0.2177310000000E+14   0.5645232120541E-17
  0.2231980000000E+14   0.5553208990434E-17
  0.2288030000000E+14   0.5596902030801E-17
  0.2345490000000E+14   0.5675422958265E-17
  0.2404390000000E+14   0.5768288533641E-17
  0.2464770000000E+14   0.5899463824661E-17
  0.2526660000000E+14   0.5998482585042E-17
  0.2590110000000E+14   0.6117265212554E-17
  0.2655150000000E+14   0.6202378629994E-17
  0.2721830000000E+14   0.6352560077351E-17
  0.2790180000000E+14   0.6499411011059E-17
  0.2860240000000E+14   0.6579303985105E-17
  0.2932070000000E+14   0.6587672869717E-17
  0.3005700000000E+14   0.6568991906323E-17
  0.3081180000000E+14   0.6416872738116E-17
  0.3158550000000E+14   0.6270110906091E-17
  0.3237870000000E+14   0.5631793498334E-17
  0.3319170000000E+14   0.4885444099002E-17
  0.3402530000000E+14   0.4197975457436E-17
  0.3487970000000E+14   0.3564604698945E-17
  0.3575560000000E+14   0.2972658917777E-17
  0.3665350000000E+14   0.2440278759269E-17
  0.3757390000000E+14   0.1925871303806E-17
  0.3851740000000E+14   0.1614282620958E-17
  0.3948470000000E+14   0.1359857984812E-17
  0.4047620000000E+14   0.1195724358124E-17
  0.4149260000000E+14   0.1138988849743E-17
  0.4253460000000E+14   0.1090685987011E-17
  0.4360270000000E+14   0.1077879800835E-17
  0.4469770000000E+14   0.1066983618474E-17
  0.4582010000000E+14   0.1058214607989E-17
  0.4697070000000E+14   0.1051006384747E-17
  0.4815020000000E+14   0.1043982471526E-17
  0.4935940000000E+14   0.1036989137896E-17
  0.5059890000000E+14   0.1031067813856E-17
  0.5186950000000E+14   0.1026700068863E-17
  0.5317200000000E+14   0.1022880448319E-17
  0.5450730000000E+14   0.1021105183009E-17
  0.6258450000000E+14   0.1024751337121E-17
  0.7185870000000E+14   0.1037921579622E-17
  0.8250720000000E+14   0.1040561688592E-17
  0.9473370000000E+14   0.1028515309825E-17
  0.1087720000000E+15   0.1007598902456E-17
  0.1248910000000E+15   0.9873528682116E-18
  0.1433980000000E+15   0.9764468950948E-18
  0.1646470000000E+15   0.9836824879027E-18
  0.1890460000000E+15   0.1017568900623E-17
  0.2170600000000E+15   0.1079861029369E-17
  0.2492250000000E+15   0.1171808961102E-17
  0.2861570000000E+15   0.1291634613440E-17
  0.3285620000000E+15   0.1432968051969E-17
  0.3772500000000E+15   0.1584423448232E-17
  0.4331540000000E+15   0.1727966914892E-17
  0.4973410000000E+15   0.1839508957298E-17
  0.5710410000000E+15   0.1892284982640E-17
  0.6556610000000E+15   0.1862853391158E-17
  0.7528220000000E+15   0.1737677883061E-17
  0.8643800000000E+15   0.1520743375815E-17
  0.9924690000000E+15   0.1235168578659E-17
  0.1139540000000E+16   0.9176074872598E-18
  0.1308400000000E+16   0.6164208433743E-18
  0.1502290000000E+16   0.3678847526276E-18
  0.1724910000000E+16   0.1914364357254E-18
  0.1980520000000E+16   0.8494743226166E-19
  0.2274010000000E+16   0.3144087513685E-19
  0.2610990000000E+16   0.9445036789819E-20
  0.2997900000000E+16   0.2232765229416E-20
