         130
  
  0.2997900000000E+11   0.1414907441825E-23
  0.3951060000000E+11   0.3213555132844E-23
  0.5207280000000E+11   0.7299261396322E-23
  0.6862910000000E+11   0.1657097708691E-22
  0.9044930000000E+11   0.3757628980390E-22
  0.1192070000000E+12   0.8504609938117E-22
  0.1571080000000E+12   0.1919490069638E-21
  0.2070600000000E+12   0.4315351502122E-21
  0.2728930000000E+12   0.9649625856362E-21
  0.3596580000000E+12   0.2336048401367E-20
  0.4740100000000E+12   0.6767393885003E-20
  0.6247180000000E+12   0.1936446462989E-19
  0.8233440000000E+12   0.5440599428544E-19
  0.1085120000000E+13   0.1493605155491E-18
  0.1430130000000E+13   0.3967956496518E-18
  0.1884830000000E+13   0.1009356472183E-17
  0.2484100000000E+13   0.2420643155342E-17
  0.3273910000000E+13   0.5335666260238E-17
  0.4314820000000E+13   0.1050197556089E-16
  0.5686700000000E+13   0.1758005725198E-16
  0.7494750000000E+13   0.2349601235668E-16
  0.7682960000000E+13   0.2380537564750E-16
  0.7875890000000E+13   0.2405392336327E-16
  0.8073670000000E+13   0.2423574034956E-16
  0.8276410000000E+13   0.2435164469837E-16
  0.8484250000000E+13   0.2440783386244E-16
  0.8697300000000E+13   0.2444854745232E-16
  0.8915700000000E+13   0.2441815811168E-16
  0.9139590000000E+13   0.2438377979817E-16
  0.9369100000000E+13   0.2428969829433E-16
  0.9604380000000E+13   0.2416187082423E-16
  0.9845560000000E+13   0.2399865974124E-16
  0.1009280000000E+14   0.2377058189605E-16
  0.1034620000000E+14   0.2350261923676E-16
  0.1060610000000E+14   0.2317101928600E-16
  0.1087240000000E+14   0.2283593053175E-16
  0.1114540000000E+14   0.2245177436478E-16
  0.1142530000000E+14   0.2204510505718E-16
  0.1171220000000E+14   0.2161325805913E-16
  0.1200630000000E+14   0.2114225866966E-16
  0.1230780000000E+14   0.2065200445846E-16
  0.1261690000000E+14   0.2012845830300E-16
  0.1293370000000E+14   0.1963267061231E-16
  0.1325850000000E+14   0.1911643919710E-16
  0.1359150000000E+14   0.1860343093004E-16
  0.1393280000000E+14   0.1808981222739E-16
  0.1428260000000E+14   0.1757900283073E-16
  0.1464130000000E+14   0.1710569647268E-16
  0.1500900000000E+14   0.1662197317372E-16
  0.1538590000000E+14   0.1606092542076E-16
  0.1577220000000E+14   0.1550064574559E-16
  0.1616830000000E+14   0.1472300685881E-16
  0.1657430000000E+14   0.1384313060183E-16
  0.1699050000000E+14   0.1292386746791E-16
  0.1741720000000E+14   0.1184713747780E-16
  0.1785460000000E+14   0.1083797613168E-16
  0.1830290000000E+14   0.9797902950710E-17
  0.1876260000000E+14   0.8824293910006E-17
  0.1923370000000E+14   0.7952647144680E-17
  0.1971670000000E+14   0.7160187103393E-17
  0.2021180000000E+14   0.6466194634853E-17
  0.2071940000000E+14   0.5909764333497E-17
  0.2123970000000E+14   0.5399977630422E-17
  0.2177310000000E+14   0.5279041491289E-17
  0.2231980000000E+14   0.5155090695236E-17
  0.2288030000000E+14   0.5145932202211E-17
  0.2345490000000E+14   0.5170288535634E-17
  0.2404390000000E+14   0.5213283793234E-17
  0.2464770000000E+14   0.5296175965468E-17
  0.2526660000000E+14   0.5360483798618E-17
  0.2590110000000E+14   0.5449026950081E-17
  0.2655150000000E+14   0.5515483719658E-17
  0.2721830000000E+14   0.5643670780555E-17
  0.2790180000000E+14   0.5774130985839E-17
  0.2860240000000E+14   0.5849929854200E-17
  0.2932070000000E+14   0.5865445919462E-17
  0.3005700000000E+14   0.5858836963978E-17
  0.3081180000000E+14   0.5735103012683E-17
  0.3158550000000E+14   0.5616475350864E-17
  0.3237870000000E+14   0.5061074977337E-17
  0.3319170000000E+14   0.4409195866117E-17
  0.3402530000000E+14   0.3808554847461E-17
  0.3487970000000E+14   0.3254833163514E-17
  0.3575560000000E+14   0.2737248808050E-17
  0.3665350000000E+14   0.2272009775851E-17
  0.3757390000000E+14   0.1820958834119E-17
  0.3851740000000E+14   0.1546517165619E-17
  0.3948470000000E+14   0.1318968321630E-17
  0.4047620000000E+14   0.1166838728869E-17
  0.4149260000000E+14   0.1112560097884E-17
  0.4253460000000E+14   0.1064910317061E-17
  0.4360270000000E+14   0.1053006242078E-17
  0.4469770000000E+14   0.1042745304177E-17
  0.4582010000000E+14   0.1034383223471E-17
  0.4697070000000E+14   0.1027351157184E-17
  0.4815020000000E+14   0.1020211129130E-17
  0.4935940000000E+14   0.1012810368854E-17
  0.5059890000000E+14   0.1006285543240E-17
  0.5186950000000E+14   0.1001204190901E-17
  0.5317200000000E+14   0.9965089766712E-18
  0.5450730000000E+14   0.9938821914425E-18
  0.6258450000000E+14   0.9923701012211E-18
  0.7185870000000E+14   0.1000879287768E-17
  0.8250720000000E+14   0.1000205423197E-17
  0.9473370000000E+14   0.9876857345544E-18
  0.1087720000000E+15   0.9700206487216E-18
  0.1248910000000E+15   0.9563544664569E-18
  0.1433980000000E+15   0.9539307404424E-18
  0.1646470000000E+15   0.9696154836622E-18
  0.1890460000000E+15   0.1010302462307E-17
  0.2170600000000E+15   0.1077301604585E-17
  0.2492250000000E+15   0.1172210441098E-17
  0.2861570000000E+15   0.1293644996688E-17
  0.3285620000000E+15   0.1435351730048E-17
  0.3772500000000E+15   0.1586364779019E-17
  0.4331540000000E+15   0.1729348727830E-17
  0.4973410000000E+15   0.1840575306171E-17
  0.5710410000000E+15   0.1893334987912E-17
  0.6556610000000E+15   0.1864167409261E-17
  0.7528220000000E+15   0.1739561328912E-17
  0.8643800000000E+15   0.1523025163443E-17
  0.9924690000000E+15   0.1237261035752E-17
  0.1139540000000E+16   0.9197547879791E-18
  0.1308400000000E+16   0.6177737361203E-18
  0.1502290000000E+16   0.3685518365435E-18
  0.1724910000000E+16   0.1916965882584E-18
  0.1980520000000E+16   0.8506926860914E-19
  0.2274010000000E+16   0.3148492738191E-19
  0.2610990000000E+16   0.9458025843502E-20
  0.2997900000000E+16   0.2235792103157E-20
