         130
  
  0.2997900000000E+11   0.4415519223594E-23
  0.3951060000000E+11   0.1005609907281E-22
  0.5207280000000E+11   0.2288363646757E-22
  0.6862910000000E+11   0.5200746828329E-22
  0.9044930000000E+11   0.1179790657725E-21
  0.1192070000000E+12   0.2669508084576E-21
  0.1571080000000E+12   0.6019336453045E-21
  0.2070600000000E+12   0.1350915512636E-20
  0.2728930000000E+12   0.3012798411364E-20
  0.3596580000000E+12   0.7265950565191E-20
  0.4740100000000E+12   0.2093165235828E-19
  0.6247180000000E+12   0.5940515468172E-19
  0.8233440000000E+12   0.1649338074198E-18
  0.1085120000000E+13   0.4450421294864E-18
  0.1430130000000E+13   0.1152645342207E-17
  0.1884830000000E+13   0.2822686214494E-17
  0.2484100000000E+13   0.6388852057987E-17
  0.3273910000000E+13   0.1288468103220E-16
  0.4314820000000E+13   0.2212160064115E-16
  0.5686700000000E+13   0.3031772743046E-16
  0.7494750000000E+13   0.3161024284531E-16
  0.7682960000000E+13   0.3132348148075E-16
  0.7875890000000E+13   0.3097366809140E-16
  0.8073670000000E+13   0.3056283560746E-16
  0.8276410000000E+13   0.3009843469105E-16
  0.8484250000000E+13   0.2959164470005E-16
  0.8697300000000E+13   0.2908359705502E-16
  0.8915700000000E+13   0.2853472253380E-16
  0.9139590000000E+13   0.2800388432405E-16
  0.9369100000000E+13   0.2745102689637E-16
  0.9604380000000E+13   0.2690134157108E-16
  0.9845560000000E+13   0.2635743263600E-16
  0.1009280000000E+14   0.2579714764696E-16
  0.1034620000000E+14   0.2524318195708E-16
  0.1060610000000E+14   0.2467462369351E-16
  0.1087240000000E+14   0.2414615940511E-16
  0.1114540000000E+14   0.2361515746606E-16
  0.1142530000000E+14   0.2310483131075E-16
  0.1171220000000E+14   0.2261029696075E-16
  0.1200630000000E+14   0.2211281842466E-16
  0.1230780000000E+14   0.2162834833557E-16
  0.1261690000000E+14   0.2113562997456E-16
  0.1293370000000E+14   0.2069961582408E-16
  0.1325850000000E+14   0.2025982819524E-16
  0.1359150000000E+14   0.1983865462259E-16
  0.1393280000000E+14   0.1942598038212E-16
  0.1428260000000E+14   0.1902061373492E-16
  0.1464130000000E+14   0.1866272246175E-16
  0.1500900000000E+14   0.1828596916515E-16
  0.1538590000000E+14   0.1779779515191E-16
  0.1577220000000E+14   0.1729734147623E-16
  0.1616830000000E+14   0.1649584057154E-16
  0.1657430000000E+14   0.1554480406877E-16
  0.1699050000000E+14   0.1452777750018E-16
  0.1741720000000E+14   0.1329037704401E-16
  0.1785460000000E+14   0.1212945089299E-16
  0.1830290000000E+14   0.1091649684590E-16
  0.1876260000000E+14   0.9780564199371E-17
  0.1923370000000E+14   0.8768990977426E-17
  0.1971670000000E+14   0.7852640767700E-17
  0.2021180000000E+14   0.7056938852781E-17
  0.2071940000000E+14   0.6432116629511E-17
  0.2123970000000E+14   0.5860511350936E-17
  0.2177310000000E+14   0.5782253401792E-17
  0.2231980000000E+14   0.5694215392476E-17
  0.2288030000000E+14   0.5747166216655E-17
  0.2345490000000E+14   0.5833521330163E-17
  0.2404390000000E+14   0.5931964668666E-17
  0.2464770000000E+14   0.6068127275911E-17
  0.2526660000000E+14   0.6168873215825E-17
  0.2590110000000E+14   0.6288704581596E-17
  0.2655150000000E+14   0.6372500277258E-17
  0.2721830000000E+14   0.6522864144179E-17
  0.2790180000000E+14   0.6668926120415E-17
  0.2860240000000E+14   0.6745341680320E-17
  0.2932070000000E+14   0.6747614864521E-17
  0.3005700000000E+14   0.6721808668978E-17
  0.3081180000000E+14   0.6558507152001E-17
  0.3158550000000E+14   0.6400917361044E-17
  0.3237870000000E+14   0.5738475395116E-17
  0.3319170000000E+14   0.4966955974691E-17
  0.3402530000000E+14   0.4258103660628E-17
  0.3487970000000E+14   0.3606736462685E-17
  0.3575560000000E+14   0.3000299372062E-17
  0.3665350000000E+14   0.2457014145323E-17
  0.3757390000000E+14   0.1933285188627E-17
  0.3851740000000E+14   0.1616934180152E-17
  0.3948470000000E+14   0.1360063550011E-17
  0.4047620000000E+14   0.1195338799506E-17
  0.4149260000000E+14   0.1139283394367E-17
  0.4253460000000E+14   0.1091930661760E-17
  0.4360270000000E+14   0.1080201876737E-17
  0.4469770000000E+14   0.1070365710208E-17
  0.4582010000000E+14   0.1062633341696E-17
  0.4697070000000E+14   0.1056438977108E-17
  0.4815020000000E+14   0.1050423913166E-17
  0.4935940000000E+14   0.1044444512588E-17
  0.5059890000000E+14   0.1039520597746E-17
  0.5186950000000E+14   0.1036112534679E-17
  0.5317200000000E+14   0.1033230753981E-17
  0.5450730000000E+14   0.1032318639014E-17
  0.6258450000000E+14   0.1039688091798E-17
  0.7185870000000E+14   0.1054494808758E-17
  0.8250720000000E+14   0.1057023120331E-17
  0.9473370000000E+14   0.1043337264915E-17
  0.1087720000000E+15   0.1019494442087E-17
  0.1248910000000E+15   0.9956318616204E-18
  0.1433980000000E+15   0.9811245534117E-18
  0.1646470000000E+15   0.9852547390638E-18
  0.1890460000000E+15   0.1016700237193E-17
  0.2170600000000E+15   0.1077255869933E-17
  0.2492250000000E+15   0.1168319369062E-17
  0.2861570000000E+15   0.1288171412600E-17
  0.3285620000000E+15   0.1430161473347E-17
  0.3772500000000E+15   0.1582450047931E-17
  0.4331540000000E+15   0.1726701318124E-17
  0.4973410000000E+15   0.1838698366756E-17
  0.5710410000000E+15   0.1891638904671E-17
  0.6556610000000E+15   0.1862124958368E-17
  0.7528220000000E+15   0.1736659981126E-17
  0.8643800000000E+15   0.1519514654863E-17
  0.9924690000000E+15   0.1234042318966E-17
  0.1139540000000E+16   0.9164523167469E-18
  0.1308400000000E+16   0.6156929560241E-18
  0.1502290000000E+16   0.3675257410473E-18
  0.1724910000000E+16   0.1912963778125E-18
  0.1980520000000E+16   0.8488184321343E-19
  0.2274010000000E+16   0.3141715956696E-19
  0.2610990000000E+16   0.9438043980747E-20
  0.2997900000000E+16   0.2231135652012E-20
