         130
  
  0.2997900000000E+11   0.7396288737587E-23
  0.3951060000000E+11   0.1685078803625E-22
  0.5207280000000E+11   0.3835117719032E-22
  0.6862910000000E+11   0.8715473735933E-22
  0.9044930000000E+11   0.1976549373101E-21
  0.1192070000000E+12   0.4469992659453E-21
  0.1571080000000E+12   0.1007102232754E-20
  0.2070600000000E+12   0.2257613632045E-20
  0.2728930000000E+12   0.5026811135777E-20
  0.3596580000000E+12   0.1209558360214E-19
  0.4740100000000E+12   0.3472419154370E-19
  0.6247180000000E+12   0.9804876042546E-19
  0.8233440000000E+12   0.2701800334799E-18
  0.1085120000000E+13   0.7207996400079E-18
  0.1430130000000E+13   0.1834719081756E-17
  0.1884830000000E+13   0.4373524254731E-17
  0.2484100000000E+13   0.9490083657380E-17
  0.3273910000000E+13   0.1793139481574E-16
  0.4314820000000E+13   0.2796750619519E-16
  0.5686700000000E+13   0.3399381251209E-16
  0.7494750000000E+13   0.3230562440355E-16
  0.7682960000000E+13   0.3187915987340E-16
  0.7875890000000E+13   0.3141984729795E-16
  0.8073670000000E+13   0.3092889147986E-16
  0.8276410000000E+13   0.3041188548197E-16
  0.8484250000000E+13   0.2987773912734E-16
  0.8697300000000E+13   0.2936613053100E-16
  0.8915700000000E+13   0.2883485552072E-16
  0.9139590000000E+13   0.2834274349908E-16
  0.9369100000000E+13   0.2784498026269E-16
  0.9604380000000E+13   0.2736520820130E-16
  0.9845560000000E+13   0.2690303038418E-16
  0.1009280000000E+14   0.2642995420992E-16
  0.1034620000000E+14   0.2596753310597E-16
  0.1060610000000E+14   0.2548871077070E-16
  0.1087240000000E+14   0.2505255954121E-16
  0.1114540000000E+14   0.2460805174065E-16
  0.1142530000000E+14   0.2417954210330E-16
  0.1171220000000E+14   0.2375971215272E-16
  0.1200630000000E+14   0.2332619223019E-16
  0.1230780000000E+14   0.2289653205039E-16
  0.1261690000000E+14   0.2244671649845E-16
  0.1293370000000E+14   0.2204955279966E-16
  0.1325850000000E+14   0.2163766369686E-16
  0.1359150000000E+14   0.2123658617359E-16
  0.1393280000000E+14   0.2083582663996E-16
  0.1428260000000E+14   0.2043501223979E-16
  0.1464130000000E+14   0.2007873884094E-16
  0.1500900000000E+14   0.1969549859374E-16
  0.1538590000000E+14   0.1918637811798E-16
  0.1577220000000E+14   0.1866003417136E-16
  0.1616830000000E+14   0.1780594422942E-16
  0.1657430000000E+14   0.1678871260570E-16
  0.1699050000000E+14   0.1569877776865E-16
  0.1741720000000E+14   0.1436968680312E-16
  0.1785460000000E+14   0.1312145796597E-16
  0.1830290000000E+14   0.1181524910576E-16
  0.1876260000000E+14   0.1059054766761E-16
  0.1923370000000E+14   0.9498472639824E-17
  0.1971670000000E+14   0.8508065759172E-17
  0.2021180000000E+14   0.7647532745100E-17
  0.2071940000000E+14   0.6972189080690E-17
  0.2123970000000E+14   0.6353856835686E-17
  0.2177310000000E+14   0.6273129390172E-17
  0.2231980000000E+14   0.6179245712764E-17
  0.2288030000000E+14   0.6235805757458E-17
  0.2345490000000E+14   0.6325936818525E-17
  0.2404390000000E+14   0.6427135840566E-17
  0.2464770000000E+14   0.6566919566270E-17
  0.2526660000000E+14   0.6667403550199E-17
  0.2590110000000E+14   0.6787385385304E-17
  0.2655150000000E+14   0.6868040759732E-17
  0.2721830000000E+14   0.7018934113192E-17
  0.2790180000000E+14   0.7164733285861E-17
  0.2860240000000E+14   0.7235892172754E-17
  0.2932070000000E+14   0.7228169425656E-17
  0.3005700000000E+14   0.7190675304074E-17
  0.3081180000000E+14   0.7007244143607E-17
  0.3158550000000E+14   0.6829965290987E-17
  0.3237870000000E+14   0.6118120011759E-17
  0.3319170000000E+14   0.5291689269324E-17
  0.3402530000000E+14   0.4531879036861E-17
  0.3487970000000E+14   0.3833121799798E-17
  0.3575560000000E+14   0.3182147879789E-17
  0.3665350000000E+14   0.2598702753239E-17
  0.3757390000000E+14   0.2036436220279E-17
  0.3851740000000E+14   0.1694981265170E-17
  0.3948470000000E+14   0.1417733965585E-17
  0.4047620000000E+14   0.1240202884935E-17
  0.4149260000000E+14   0.1178365374795E-17
  0.4253460000000E+14   0.1126377661297E-17
  0.4360270000000E+14   0.1111763412363E-17
  0.4469770000000E+14   0.1099385149533E-17
  0.4582010000000E+14   0.1089447247609E-17
  0.4697070000000E+14   0.1081358708471E-17
  0.4815020000000E+14   0.1073735514736E-17
  0.4935940000000E+14   0.1066432192903E-17
  0.5059890000000E+14   0.1060459973797E-17
  0.5186950000000E+14   0.1056246418597E-17
  0.5317200000000E+14   0.1052781796210E-17
  0.5450730000000E+14   0.1051459854846E-17
  0.6258450000000E+14   0.1058868077110E-17
  0.7185870000000E+14   0.1075621809499E-17
  0.8250720000000E+14   0.1080385775781E-17
  0.9473370000000E+14   0.1067928551635E-17
  0.1087720000000E+15   0.1043407909709E-17
  0.1248910000000E+15   0.1016737858530E-17
  0.1433980000000E+15   0.9976078408793E-18
  0.1646470000000E+15   0.9960541938799E-18
  0.1890460000000E+15   0.1021844305732E-17
  0.2170600000000E+15   0.1077804815811E-17
  0.2492250000000E+15   0.1166042236458E-17
  0.2861570000000E+15   0.1284729028929E-17
  0.3285620000000E+15   0.1426693639182E-17
  0.3772500000000E+15   0.1579628295160E-17
  0.4331540000000E+15   0.1724757200290E-17
  0.4973410000000E+15   0.1837416744876E-17
  0.5710410000000E+15   0.1890556304532E-17
  0.6556610000000E+15   0.1860827969769E-17
  0.7528220000000E+15   0.1734802470314E-17
  0.8643800000000E+15   0.1517261617270E-17
  0.9924690000000E+15   0.1231976164288E-17
  0.1139540000000E+16   0.9143340017484E-18
  0.1308400000000E+16   0.6143580222293E-18
  0.1502290000000E+16   0.3668671275843E-18
  0.1724910000000E+16   0.1910393498254E-18
  0.1980520000000E+16   0.8476148405827E-19
  0.2274010000000E+16   0.3137363921950E-19
  0.2610990000000E+16   0.9425211251184E-20
  0.2997900000000E+16   0.2228145117274E-20
