         130
  
  0.2997900000000E+11   0.2386195102548E-23
  0.3951060000000E+11   0.5428845685924E-23
  0.5207280000000E+11   0.1234589242358E-22
  0.6862910000000E+11   0.2804970775368E-22
  0.9044930000000E+11   0.6363107578962E-22
  0.1192070000000E+12   0.1440240914336E-21
  0.1571080000000E+12   0.3249694063662E-21
  0.2070600000000E+12   0.7301083455055E-21
  0.2728930000000E+12   0.1630833943813E-20
  0.3596580000000E+12   0.3941812775506E-20
  0.4740100000000E+12   0.1139282100678E-19
  0.6247180000000E+12   0.3248845087134E-19
  0.8233440000000E+12   0.9083051020460E-19
  0.1085120000000E+13   0.2475996644747E-18
  0.1430130000000E+13   0.6510828333889E-18
  0.1884830000000E+13   0.1631519550961E-17
  0.2484100000000E+13   0.3826105007005E-17
  0.3273910000000E+13   0.8153170486176E-17
  0.4314820000000E+13   0.1523829587843E-16
  0.5686700000000E+13   0.2359898987586E-16
  0.7494750000000E+13   0.2835838557680E-16
  0.7682960000000E+13   0.2843181860863E-16
  0.7875890000000E+13   0.2842955131517E-16
  0.8073670000000E+13   0.2834888003098E-16
  0.8276410000000E+13   0.2819393425756E-16
  0.8484250000000E+13   0.2797384984362E-16
  0.8697300000000E+13   0.2773281496920E-16
  0.8915700000000E+13   0.2742163321740E-16
  0.9139590000000E+13   0.2710488410427E-16
  0.9369100000000E+13   0.2673441102786E-16
  0.9604380000000E+13   0.2633686245986E-16
  0.9845560000000E+13   0.2591377681284E-16
  0.1009280000000E+14   0.2544191249833E-16
  0.1034620000000E+14   0.2494652471558E-16
  0.1060610000000E+14   0.2440873792790E-16
  0.1087240000000E+14   0.2388495191714E-16
  0.1114540000000E+14   0.2333601199131E-16
  0.1142530000000E+14   0.2278738181858E-16
  0.1171220000000E+14   0.2223776700758E-16
  0.1200630000000E+14   0.2167412542784E-16
  0.1230780000000E+14   0.2111465221203E-16
  0.1261690000000E+14   0.2054434236457E-16
  0.1293370000000E+14   0.2002260338620E-16
  0.1325850000000E+14   0.1949978051801E-16
  0.1359150000000E+14   0.1899762901906E-16
  0.1393280000000E+14   0.1850958486253E-16
  0.1428260000000E+14   0.1803623882058E-16
  0.1464130000000E+14   0.1761311823398E-16
  0.1500900000000E+14   0.1718415016391E-16
  0.1538590000000E+14   0.1666902432966E-16
  0.1577220000000E+14   0.1615249416538E-16
  0.1616830000000E+14   0.1538109790112E-16
  0.1657430000000E+14   0.1448459482215E-16
  0.1699050000000E+14   0.1353502327016E-16
  0.1741720000000E+14   0.1239650739829E-16
  0.1785460000000E+14   0.1132916219430E-16
  0.1830290000000E+14   0.1022057132949E-16
  0.1876260000000E+14   0.9183454451589E-17
  0.1923370000000E+14   0.8258575180643E-17
  0.1971670000000E+14   0.7420043476411E-17
  0.2021180000000E+14   0.6689419057092E-17
  0.2071940000000E+14   0.6109741882971E-17
  0.2123970000000E+14   0.5578976540162E-17
  0.2177310000000E+14   0.5479701441468E-17
  0.2231980000000E+14   0.5376760371275E-17
  0.2288030000000E+14   0.5403113540481E-17
  0.2345490000000E+14   0.5465337271949E-17
  0.2404390000000E+14   0.5544460709843E-17
  0.2464770000000E+14   0.5663088909975E-17
  0.2526660000000E+14   0.5754057939325E-17
  0.2590110000000E+14   0.5865950230678E-17
  0.2655150000000E+14   0.5947404711907E-17
  0.2721830000000E+14   0.6092257304995E-17
  0.2790180000000E+14   0.6235094897166E-17
  0.2860240000000E+14   0.6314511352166E-17
  0.2932070000000E+14   0.6325748287236E-17
  0.3005700000000E+14   0.6311381757294E-17
  0.3081180000000E+14   0.6168812395173E-17
  0.3158550000000E+14   0.6031415012602E-17
  0.3237870000000E+14   0.5420902109782E-17
  0.3319170000000E+14   0.4706891808895E-17
  0.3402530000000E+14   0.4049731795747E-17
  0.3487970000000E+14   0.3444533479293E-17
  0.3575560000000E+14   0.2879375200793E-17
  0.3665350000000E+14   0.2371356608211E-17
  0.3757390000000E+14   0.1879942277002E-17
  0.3851740000000E+14   0.1581891022583E-17
  0.3948470000000E+14   0.1337482410730E-17
  0.4047620000000E+14   0.1178808510544E-17
  0.4149260000000E+14   0.1123714002430E-17
  0.4253460000000E+14   0.1076535977363E-17
  0.4360270000000E+14   0.1064187496891E-17
  0.4469770000000E+14   0.1053659541301E-17
  0.4582010000000E+14   0.1045168215714E-17
  0.4697070000000E+14   0.1038154944749E-17
  0.4815020000000E+14   0.1031251015742E-17
  0.4935940000000E+14   0.1024302233301E-17
  0.5059890000000E+14   0.1018350194325E-17
  0.5186950000000E+14   0.1013885436557E-17
  0.5317200000000E+14   0.1009908517238E-17
  0.5450730000000E+14   0.1007933442605E-17
  0.6258450000000E+14   0.1009968215052E-17
  0.7185870000000E+14   0.1021417204396E-17
  0.8250720000000E+14   0.1022966776269E-17
  0.9473370000000E+14   0.1011014406986E-17
  0.1087720000000E+15   0.9916267782454E-18
  0.1248910000000E+15   0.9741529037438E-18
  0.1433980000000E+15   0.9667211539716E-18
  0.1646470000000E+15   0.9774414643869E-18
  0.1890460000000E+15   0.1014279132868E-17
  0.2170600000000E+15   0.1078847263008E-17
  0.2492250000000E+15   0.1172361035574E-17
  0.2861570000000E+15   0.1292962526383E-17
  0.3285620000000E+15   0.1434343792042E-17
  0.3772500000000E+15   0.1585483207323E-17
  0.4331540000000E+15   0.1728691342919E-17
  0.4973410000000E+15   0.1840014873279E-17
  0.5710410000000E+15   0.1892721862813E-17
  0.6556610000000E+15   0.1863361871079E-17
  0.7528220000000E+15   0.1738391923373E-17
  0.8643800000000E+15   0.1521605517118E-17
  0.9924690000000E+15   0.1235958864544E-17
  0.1139540000000E+16   0.9184182921573E-18
  0.1308400000000E+16   0.6169317072017E-18
  0.1502290000000E+16   0.3681366789926E-18
  0.1724910000000E+16   0.1915346970252E-18
  0.1980520000000E+16   0.8499344956380E-19
  0.2274010000000E+16   0.3145751373763E-19
  0.2610990000000E+16   0.9449942814860E-20
  0.2997900000000E+16   0.2233908500436E-20
