mstar = 2 Msun, Rstar = 2.5 Rsun, Tstar = 10000, mdisk = 0.0030318 Msun, Rc = 150 AU, Rin = 0.5 AU, Rout = 250 AU, inclination = 45 degree, powerlaw = -0.5 
         130
  
  0.2997900000000E+11   0.4175250745889E-23
  0.3951060000000E+11   0.9508237082399E-23
  0.5207280000000E+11   0.2163596894157E-22
  0.6862910000000E+11   0.4917084269594E-22
  0.9044930000000E+11   0.1115441090725E-21
  0.1192070000000E+12   0.2523956401729E-21
  0.1571080000000E+12   0.5691387005556E-21
  0.2070600000000E+12   0.1277403650406E-20
  0.2728930000000E+12   0.2849146016394E-20
  0.3596580000000E+12   0.6872294692259E-20
  0.4740100000000E+12   0.1980221702261E-19
  0.6247180000000E+12   0.5621944789331E-19
  0.8233440000000E+12   0.1561710122098E-18
  0.1085120000000E+13   0.4217335233253E-18
  0.1430130000000E+13   0.1093631855812E-17
  0.1884830000000E+13   0.2683410775667E-17
  0.2484100000000E+13   0.6092609472161E-17
  0.3273910000000E+13   0.1234867974403E-16
  0.4314820000000E+13   0.2136700273035E-16
  0.5686700000000E+13   0.2960563254739E-16
  0.7494750000000E+13   0.3121967486385E-16
  0.7682960000000E+13   0.3096132388418E-16
  0.7875890000000E+13   0.3063802370229E-16
  0.8073670000000E+13   0.3025152458613E-16
  0.8276410000000E+13   0.2980913714351E-16
  0.8484250000000E+13   0.2932199281561E-16
  0.8697300000000E+13   0.2883142284791E-16
  0.8915700000000E+13   0.2829744415587E-16
  0.9139590000000E+13   0.2777921675846E-16
  0.9369100000000E+13   0.2723648409228E-16
  0.9604380000000E+13   0.2669458864585E-16
  0.9845560000000E+13   0.2615627064462E-16
  0.1009280000000E+14   0.2559967613201E-16
  0.1034620000000E+14   0.2504772253321E-16
  0.1060610000000E+14   0.2447997427306E-16
  0.1087240000000E+14   0.2395099946868E-16
  0.1114540000000E+14   0.2341884152921E-16
  0.1142530000000E+14   0.2290681280825E-16
  0.1171220000000E+14   0.2241037471416E-16
  0.1200630000000E+14   0.2191129575436E-16
  0.1230780000000E+14   0.2142555001093E-16
  0.1261690000000E+14   0.2093233975963E-16
  0.1293370000000E+14   0.2049591337478E-16
  0.1325850000000E+14   0.2005662355074E-16
  0.1359150000000E+14   0.1963665526258E-16
  0.1393280000000E+14   0.1922597467455E-16
  0.1428260000000E+14   0.1882339497265E-16
  0.1464130000000E+14   0.1846862388616E-16
  0.1500900000000E+14   0.1809588981267E-16
  0.1538590000000E+14   0.1761330946895E-16
  0.1577220000000E+14   0.1711898895503E-16
  0.1616830000000E+14   0.1632657871983E-16
  0.1657430000000E+14   0.1538613357818E-16
  0.1699050000000E+14   0.1438038911174E-16
  0.1741720000000E+14   0.1315627751549E-16
  0.1785460000000E+14   0.1200809912539E-16
  0.1830290000000E+14   0.1080852525801E-16
  0.1876260000000E+14   0.9685352369074E-17
  0.1923370000000E+14   0.8685292594181E-17
  0.1971670000000E+14   0.7779403725138E-17
  0.2021180000000E+14   0.6992929353581E-17
  0.2071940000000E+14   0.6375557939804E-17
  0.2123970000000E+14   0.5810799940897E-17
  0.2177310000000E+14   0.5734687108835E-17
  0.2231980000000E+14   0.5649127927413E-17
  0.2288030000000E+14   0.5703675359421E-17
  0.2345490000000E+14   0.5791603206468E-17
  0.2404390000000E+14   0.5891617402710E-17
  0.2464770000000E+14   0.6028998512478E-17
  0.2526660000000E+14   0.6131008877974E-17
  0.2590110000000E+14   0.6251893349928E-17
  0.2655150000000E+14   0.6336848912250E-17
  0.2721830000000E+14   0.6487635565767E-17
  0.2790180000000E+14   0.6634096731075E-17
  0.2860240000000E+14   0.6711224882151E-17
  0.2932070000000E+14   0.6714653122234E-17
  0.3005700000000E+14   0.6690210822123E-17
  0.3081180000000E+14   0.6529102754206E-17
  0.3158550000000E+14   0.6373554841640E-17
  0.3237870000000E+14   0.5716368907424E-17
  0.3319170000000E+14   0.4950723256140E-17
  0.3402530000000E+14   0.4246757288435E-17
  0.3487970000000E+14   0.3599129190185E-17
  0.3575560000000E+14   0.2994811430223E-17
  0.3665350000000E+14   0.2452328592795E-17
  0.3757390000000E+14   0.1928995149727E-17
  0.3851740000000E+14   0.1612552971566E-17
  0.3948470000000E+14   0.1355219140364E-17
  0.4047620000000E+14   0.1189916509969E-17
  0.4149260000000E+14   0.1133315922262E-17
  0.4253460000000E+14   0.1085361648338E-17
  0.4360270000000E+14   0.1073126389522E-17
  0.4469770000000E+14   0.1062796036354E-17
  0.4582010000000E+14   0.1054591040710E-17
  0.4697070000000E+14   0.1047948334882E-17
  0.4815020000000E+14   0.1041502093502E-17
  0.4935940000000E+14   0.1035108478233E-17
  0.5059890000000E+14   0.1029800440655E-17
  0.5186950000000E+14   0.1026049012099E-17
  0.5317200000000E+14   0.1022857480981E-17
  0.5450730000000E+14   0.1021690377495E-17
  0.6258450000000E+14   0.1028422356242E-17
  0.7185870000000E+14   0.1043686388814E-17
  0.8250720000000E+14   0.1047278400443E-17
  0.9473370000000E+14   0.1034964868293E-17
  0.1087720000000E+15   0.1012646008128E-17
  0.1248910000000E+15   0.9903039346894E-18
  0.1433980000000E+15   0.9771914988421E-18
  0.1646470000000E+15   0.9825290189664E-18
  0.1890460000000E+15   0.1014966094673E-17
  0.2170600000000E+15   0.1076302209505E-17
  0.2492250000000E+15   0.1167899020778E-17
  0.2861570000000E+15   0.1288042943116E-17
  0.3285620000000E+15   0.1430157149888E-17
  0.3772500000000E+15   0.1582487323439E-17
  0.4331540000000E+15   0.1726752221564E-17
  0.4973410000000E+15   0.1838760005921E-17
  0.5710410000000E+15   0.1891722093740E-17
  0.6556610000000E+15   0.1862245555301E-17
  0.7528220000000E+15   0.1736840893173E-17
  0.8643800000000E+15   0.1519735773792E-17
  0.9924690000000E+15   0.1234245285546E-17
  0.1139540000000E+16   0.9166605006653E-18
  0.1308400000000E+16   0.6158241414846E-18
  0.1502290000000E+16   0.3675904503900E-18
  0.1724910000000E+16   0.1913216248114E-18
  0.1980520000000E+16   0.8489366617366E-19
  0.2274010000000E+16   0.3142143452287E-19
  0.2610990000000E+16   0.9439304507960E-20
  0.2997900000000E+16   0.2231429401706E-20
