mstar = 2 Msun, Rstar = 2.5 Rsun, Tstar = 10000, mdisk = 0.00068811 Msun, Rc = 150 AU, Rin = 0.5 AU, Rout = 250 AU, inclination = 45 degree, powerlaw = -0.5 
         130
  
  0.2997900000000E+11   0.1114547462475E-23
  0.3951060000000E+11   0.2528408324282E-23
  0.5207280000000E+11   0.5738155773008E-23
  0.6862910000000E+11   0.1301935065974E-22
  0.9044930000000E+11   0.2951217367050E-22
  0.1192070000000E+12   0.6678448694641E-22
  0.1571080000000E+12   0.1507387049071E-21
  0.2070600000000E+12   0.3389683910913E-21
  0.2728930000000E+12   0.7583218219690E-21
  0.3596580000000E+12   0.1837065387186E-20
  0.4740100000000E+12   0.5327284186106E-20
  0.6247180000000E+12   0.1526715158987E-19
  0.8233440000000E+12   0.4298930366577E-19
  0.1085120000000E+13   0.1183899729739E-18
  0.1430130000000E+13   0.3159293596674E-18
  0.1884830000000E+13   0.8088314718539E-18
  0.2484100000000E+13   0.1957925820003E-17
  0.3273910000000E+13   0.4375143665193E-17
  0.4314820000000E+13   0.8787825669282E-17
  0.5686700000000E+13   0.1515854086848E-16
  0.7494750000000E+13   0.2113399218739E-16
  0.7682960000000E+13   0.2150610902715E-16
  0.7875890000000E+13   0.2182693854721E-16
  0.8073670000000E+13   0.2208994929189E-16
  0.8276410000000E+13   0.2229498942430E-16
  0.8484250000000E+13   0.2244719311108E-16
  0.8697300000000E+13   0.2258971052885E-16
  0.8915700000000E+13   0.2266655879417E-16
  0.9139590000000E+13   0.2274423253929E-16
  0.9369100000000E+13   0.2276592264534E-16
  0.9604380000000E+13   0.2275688113602E-16
  0.9845560000000E+13   0.2271446043815E-16
  0.1009280000000E+14   0.2260697051780E-16
  0.1034620000000E+14   0.2245870995976E-16
  0.1060610000000E+14   0.2224351717806E-16
  0.1087240000000E+14   0.2202275755798E-16
  0.1114540000000E+14   0.2174738769242E-16
  0.1142530000000E+14   0.2144392423434E-16
  0.1171220000000E+14   0.2110821264622E-16
  0.1200630000000E+14   0.2072429492312E-16
  0.1230780000000E+14   0.2031214492652E-16
  0.1261690000000E+14   0.1985624666281E-16
  0.1293370000000E+14   0.1941987030873E-16
  0.1325850000000E+14   0.1895208115125E-16
  0.1359150000000E+14   0.1847733865352E-16
  0.1393280000000E+14   0.1799171822474E-16
  0.1428260000000E+14   0.1749910316489E-16
  0.1464130000000E+14   0.1703479746808E-16
  0.1500900000000E+14   0.1655141120687E-16
  0.1538590000000E+14   0.1598512223272E-16
  0.1577220000000E+14   0.1541517214692E-16
  0.1616830000000E+14   0.1463228645169E-16
  0.1657430000000E+14   0.1375130358211E-16
  0.1699050000000E+14   0.1283402249227E-16
  0.1741720000000E+14   0.1176710012231E-16
  0.1785460000000E+14   0.1076713484458E-16
  0.1830290000000E+14   0.9738753145915E-17
  0.1876260000000E+14   0.8775482197252E-17
  0.1923370000000E+14   0.7911760471508E-17
  0.1971670000000E+14   0.7125572087337E-17
  0.2021180000000E+14   0.6436122934893E-17
  0.2071940000000E+14   0.5882504606492E-17
  0.2123970000000E+14   0.5375313328364E-17
  0.2177310000000E+14   0.5251397032014E-17
  0.2231980000000E+14   0.5121961586621E-17
  0.2288030000000E+14   0.5100883534205E-17
  0.2345490000000E+14   0.5109104030228E-17
  0.2404390000000E+14   0.5133578715239E-17
  0.2464770000000E+14   0.5195626795872E-17
  0.2526660000000E+14   0.5241538837731E-17
  0.2590110000000E+14   0.5312643315556E-17
  0.2655150000000E+14   0.5365730587042E-17
  0.2721830000000E+14   0.5480382319993E-17
  0.2790180000000E+14   0.5600402214713E-17
  0.2860240000000E+14   0.5670877557985E-17
  0.2932070000000E+14   0.5685559364622E-17
  0.3005700000000E+14   0.5680340895659E-17
  0.3081180000000E+14   0.5563426499602E-17
  0.3158550000000E+14   0.5451971585272E-17
  0.3237870000000E+14   0.4919518657407E-17
  0.3319170000000E+14   0.4293484556633E-17
  0.3402530000000E+14   0.3716941306527E-17
  0.3487970000000E+14   0.3185985593541E-17
  0.3575560000000E+14   0.2689679435343E-17
  0.3665350000000E+14   0.2243012784436E-17
  0.3757390000000E+14   0.1808816050051E-17
  0.3851740000000E+14   0.1542345965601E-17
  0.3948470000000E+14   0.1316934765687E-17
  0.4047620000000E+14   0.1160354107243E-17
  0.4149260000000E+14   0.1103008645796E-17
  0.4253460000000E+14   0.1051787094399E-17
  0.4360270000000E+14   0.1039271181726E-17
  0.4469770000000E+14   0.1028336436073E-17
  0.4582010000000E+14   0.1019300753575E-17
  0.4697070000000E+14   0.1011566167835E-17
  0.4815020000000E+14   0.1003576298881E-17
  0.4935940000000E+14   0.9951879856086E-18
  0.5059890000000E+14   0.9876830141548E-18
  0.5186950000000E+14   0.9817217487546E-18
  0.5317200000000E+14   0.9761510259144E-18
  0.5450730000000E+14   0.9728625332138E-18
  0.6258450000000E+14   0.9693893972159E-18
  0.7185870000000E+14   0.9782371257053E-18
  0.8250720000000E+14   0.9788309264961E-18
  0.9473370000000E+14   0.9683939259519E-18
  0.1087720000000E+15   0.9536624520549E-18
  0.1248910000000E+15   0.9435196915181E-18
  0.1433980000000E+15   0.9448307148639E-18
  0.1646470000000E+15   0.9639924867245E-18
  0.1890460000000E+15   0.1007396170649E-17
  0.2170600000000E+15   0.1076102217594E-17
  0.2492250000000E+15   0.1171822447897E-17
  0.2861570000000E+15   0.1293598738641E-17
  0.3285620000000E+15   0.1435499667337E-17
  0.3772500000000E+15   0.1586581966576E-17
  0.4331540000000E+15   0.1729536733682E-17
  0.4973410000000E+15   0.1840744618690E-17
  0.5710410000000E+15   0.1893534414435E-17
  0.6556610000000E+15   0.1864440746951E-17
  0.7528220000000E+15   0.1739963332648E-17
  0.8643800000000E+15   0.1523514440712E-17
  0.9924690000000E+15   0.1237709981617E-17
  0.1139540000000E+16   0.9202157058491E-18
  0.1308400000000E+16   0.6180641099190E-18
  0.1502290000000E+16   0.3686949809119E-18
  0.1724910000000E+16   0.1917523970057E-18
  0.1980520000000E+16   0.8509540652245E-19
  0.2274010000000E+16   0.3149437785095E-19
  0.2610990000000E+16   0.9460812324033E-20
  0.2997900000000E+16   0.2236441436428E-20
