mstar = 2 Msun, Rstar = 2.5 Rsun, Tstar = 10000, mdisk = 0.00070808 Msun, Rc = 150 AU, Rin = 0.5 AU, Rout = 250 AU, inclination = 45 degree, powerlaw = -0.5 
         130
  
  0.2997900000000E+11   0.1142108212698E-23
  0.3951060000000E+11   0.2591273969651E-23
  0.5207280000000E+11   0.5881386718221E-23
  0.6862910000000E+11   0.1334518631545E-22
  0.9044930000000E+11   0.3025192204004E-22
  0.1192070000000E+12   0.6845946071463E-22
  0.1571080000000E+12   0.1545178833190E-21
  0.2070600000000E+12   0.3474551924699E-21
  0.2728930000000E+12   0.7772613250393E-21
  0.3596580000000E+12   0.1882780453824E-20
  0.4740100000000E+12   0.5459152680485E-20
  0.6247180000000E+12   0.1564208060495E-19
  0.8233440000000E+12   0.4403307987244E-19
  0.1085120000000E+13   0.1212183350074E-18
  0.1430130000000E+13   0.3233044470485E-18
  0.1884830000000E+13   0.8270903384421E-18
  0.2484100000000E+13   0.1999995106564E-17
  0.3273910000000E+13   0.4462408750604E-17
  0.4314820000000E+13   0.8943812804961E-17
  0.5686700000000E+13   0.1538025603649E-16
  0.7494750000000E+13   0.2135292908728E-16
  0.7682960000000E+13   0.2171950525046E-16
  0.7875890000000E+13   0.2203389064644E-16
  0.8073670000000E+13   0.2228960672801E-16
  0.8276410000000E+13   0.2248658669738E-16
  0.8484250000000E+13   0.2263005830377E-16
  0.8697300000000E+13   0.2276324899906E-16
  0.8915700000000E+13   0.2283022363801E-16
  0.9139590000000E+13   0.2289748893681E-16
  0.9369100000000E+13   0.2290835074561E-16
  0.9604380000000E+13   0.2288811062645E-16
  0.9845560000000E+13   0.2283420905099E-16
  0.1009280000000E+14   0.2271519341145E-16
  0.1034620000000E+14   0.2255540260360E-16
  0.1060610000000E+14   0.2232894724447E-16
  0.1087240000000E+14   0.2209700146695E-16
  0.1114540000000E+14   0.2181092161273E-16
  0.1142530000000E+14   0.2149720068443E-16
  0.1171220000000E+14   0.2115185197744E-16
  0.1200630000000E+14   0.2075916684599E-16
  0.1230780000000E+14   0.2033909025204E-16
  0.1261690000000E+14   0.1987632347841E-16
  0.1293370000000E+14   0.1943379102524E-16
  0.1325850000000E+14   0.1896098911326E-16
  0.1359150000000E+14   0.1848225774763E-16
  0.1393280000000E+14   0.1799372490140E-16
  0.1428260000000E+14   0.1749923820368E-16
  0.1464130000000E+14   0.1703400232035E-16
  0.1500900000000E+14   0.1655070559023E-16
  0.1538590000000E+14   0.1598538743038E-16
  0.1577220000000E+14   0.1541696626124E-16
  0.1616830000000E+14   0.1463575354524E-16
  0.1657430000000E+14   0.1375626631795E-16
  0.1699050000000E+14   0.1284021485968E-16
  0.1741720000000E+14   0.1177397216000E-16
  0.1785460000000E+14   0.1077456407565E-16
  0.1830290000000E+14   0.9746492044610E-17
  0.1876260000000E+14   0.8783495847544E-17
  0.1923370000000E+14   0.7920074372134E-17
  0.1971670000000E+14   0.7134194082112E-17
  0.2021180000000E+14   0.6445016004851E-17
  0.2071940000000E+14   0.5891537989660E-17
  0.2123970000000E+14   0.5384406140262E-17
  0.2177310000000E+14   0.5260397543404E-17
  0.2231980000000E+14   0.5131178787307E-17
  0.2288030000000E+14   0.5110835573342E-17
  0.2345490000000E+14   0.5120306387923E-17
  0.2404390000000E+14   0.5146402511872E-17
  0.2464770000000E+14   0.5210447598611E-17
  0.2526660000000E+14   0.5258248532114E-17
  0.2590110000000E+14   0.5331206623020E-17
  0.2655150000000E+14   0.5385789186305E-17
  0.2721830000000E+14   0.5501931745363E-17
  0.2790180000000E+14   0.5623156904484E-17
  0.2860240000000E+14   0.5694320084593E-17
  0.2932070000000E+14   0.5709170874286E-17
  0.3005700000000E+14   0.5703850582391E-17
  0.3081180000000E+14   0.5586199621291E-17
  0.3158550000000E+14   0.5473948291753E-17
  0.3237870000000E+14   0.4938943989654E-17
  0.3319170000000E+14   0.4309882664068E-17
  0.3402530000000E+14   0.3730596855666E-17
  0.3487970000000E+14   0.3196959664858E-17
  0.3575560000000E+14   0.2698234728927E-17
  0.3665350000000E+14   0.2249554054119E-17
  0.3757390000000E+14   0.1813755819414E-17
  0.3851740000000E+14   0.1546847802103E-17
  0.3948470000000E+14   0.1321935464172E-17
  0.4047620000000E+14   0.1166381124679E-17
  0.4149260000000E+14   0.1109366070652E-17
  0.4253460000000E+14   0.1058482189236E-17
  0.4360270000000E+14   0.1045834975757E-17
  0.4469770000000E+14   0.1034775008471E-17
  0.4582010000000E+14   0.1025611419781E-17
  0.4697070000000E+14   0.1017751405966E-17
  0.4815020000000E+14   0.1009655107456E-17
  0.4935940000000E+14   0.1001178068319E-17
  0.5059890000000E+14   0.9935821356886E-18
  0.5186950000000E+14   0.9875157011431E-18
  0.5317200000000E+14   0.9818392388755E-18
  0.5450730000000E+14   0.9784176370528E-18
  0.6258450000000E+14   0.9740268554607E-18
  0.7185870000000E+14   0.9818089178992E-18
  0.8250720000000E+14   0.9814600271331E-18
  0.9473370000000E+14   0.9702772388555E-18
  0.1087720000000E+15   0.9549782056937E-18
  0.1248910000000E+15   0.9444011256113E-18
  0.1433980000000E+15   0.9453592032975E-18
  0.1646470000000E+15   0.9642278070422E-18
  0.1890460000000E+15   0.1007418162947E-17
  0.2170600000000E+15   0.1076013772746E-17
  0.2492250000000E+15   0.1171714674805E-17
  0.2861570000000E+15   0.1293516770195E-17
  0.3285620000000E+15   0.1435446545441E-17
  0.3772500000000E+15   0.1586551053789E-17
  0.4331540000000E+15   0.1729521914832E-17
  0.4973410000000E+15   0.1840733518092E-17
  0.5710410000000E+15   0.1893517022266E-17
  0.6556610000000E+15   0.1864412586063E-17
  0.7528220000000E+15   0.1739919822091E-17
  0.8643800000000E+15   0.1523461009535E-17
  0.9924690000000E+15   0.1237660906115E-17
  0.1139540000000E+16   0.9201653129013E-18
  0.1308400000000E+16   0.6180323630289E-18
  0.1502290000000E+16   0.3686793313388E-18
  0.1724910000000E+16   0.1917462958554E-18
  0.1980520000000E+16   0.8509254904056E-19
  0.2274010000000E+16   0.3149334469813E-19
  0.2610990000000E+16   0.9460507698612E-20
  0.2997900000000E+16   0.2236370449730E-20
