mstar = 2 Msun, Rstar = 2.5 Rsun, Tstar = 10000, mdisk = 0.005359 Msun, Rc = 150 AU, Rin = 0.5 AU, Rout = 250 AU, inclination = 45 degree, powerlaw = -0.5 
         130
  
  0.2997900000000E+11   0.6964240567222E-23
  0.3951060000000E+11   0.1586593614841E-22
  0.5207280000000E+11   0.3610926046372E-22
  0.6862910000000E+11   0.8206042388087E-22
  0.9044930000000E+11   0.1861067061242E-21
  0.1192070000000E+12   0.4209034568670E-21
  0.1571080000000E+12   0.9483793584749E-21
  0.2070600000000E+12   0.2126205830808E-20
  0.2728930000000E+12   0.4734931400212E-20
  0.3596580000000E+12   0.1139574306736E-19
  0.4740100000000E+12   0.3272657746462E-19
  0.6247180000000E+12   0.9245729145096E-19
  0.8233440000000E+12   0.2549798336619E-18
  0.1085120000000E+13   0.6811129685328E-18
  0.1430130000000E+13   0.1737186448291E-17
  0.1884830000000E+13   0.4154293912097E-17
  0.2484100000000E+13   0.9060637908501E-17
  0.3273910000000E+13   0.1725753719865E-16
  0.4314820000000E+13   0.2723180039401E-16
  0.5686700000000E+13   0.3355205601644E-16
  0.7494750000000E+13   0.3214256462093E-16
  0.7682960000000E+13   0.3172302886852E-16
  0.7875890000000E+13   0.3126757009287E-16
  0.8073670000000E+13   0.3077773590814E-16
  0.8276410000000E+13   0.3025948197868E-16
  0.8484250000000E+13   0.2972206299135E-16
  0.8697300000000E+13   0.2920511896016E-16
  0.8915700000000E+13   0.2866727674285E-16
  0.9139590000000E+13   0.2816699768493E-16
  0.9369100000000E+13   0.2766044757906E-16
  0.9604380000000E+13   0.2717130072562E-16
  0.9845560000000E+13   0.2669951657027E-16
  0.1009280000000E+14   0.2621736148047E-16
  0.1034620000000E+14   0.2574632625387E-16
  0.1060610000000E+14   0.2525996850742E-16
  0.1087240000000E+14   0.2481666905621E-16
  0.1114540000000E+14   0.2436625101204E-16
  0.1142530000000E+14   0.2393279150390E-16
  0.1171220000000E+14   0.2350913696604E-16
  0.1200630000000E+14   0.2307316407936E-16
  0.1230780000000E+14   0.2264214584479E-16
  0.1261690000000E+14   0.2219225065436E-16
  0.1293370000000E+14   0.2179543961976E-16
  0.1325850000000E+14   0.2138498782796E-16
  0.1359150000000E+14   0.2098611612586E-16
  0.1393280000000E+14   0.2058835133374E-16
  0.1428260000000E+14   0.2019121661414E-16
  0.1464130000000E+14   0.1983896535542E-16
  0.1500900000000E+14   0.1946051098730E-16
  0.1538590000000E+14   0.1895747279123E-16
  0.1577220000000E+14   0.1843768931482E-16
  0.1616830000000E+14   0.1759264965926E-16
  0.1657430000000E+14   0.1658580650816E-16
  0.1699050000000E+14   0.1550695879914E-16
  0.1741720000000E+14   0.1419077944112E-16
  0.1785460000000E+14   0.1295527975534E-16
  0.1830290000000E+14   0.1166260028567E-16
  0.1876260000000E+14   0.1045093181670E-16
  0.1923370000000E+14   0.9371366832999E-17
  0.1971670000000E+14   0.8392979967424E-17
  0.2021180000000E+14   0.7543457948688E-17
  0.2071940000000E+14   0.6877482972246E-17
  0.2123970000000E+14   0.6268049512857E-17
  0.2177310000000E+14   0.6191140336252E-17
  0.2231980000000E+14   0.6101426855987E-17
  0.2288030000000E+14   0.6161110386555E-17
  0.2345490000000E+14   0.6254308273073E-17
  0.2404390000000E+14   0.6358675552860E-17
  0.2464770000000E+14   0.6501824230205E-17
  0.2526660000000E+14   0.6605902891030E-17
  0.2590110000000E+14   0.6729321019988E-17
  0.2655150000000E+14   0.6813753934926E-17
  0.2721830000000E+14   0.6967799251130E-17
  0.2790180000000E+14   0.7116283909208E-17
  0.2860240000000E+14   0.7190440276736E-17
  0.2932070000000E+14   0.7186051242721E-17
  0.3005700000000E+14   0.7151910876292E-17
  0.3081180000000E+14   0.6972718832364E-17
  0.3158550000000E+14   0.6799527888606E-17
  0.3237870000000E+14   0.6094823951024E-17
  0.3319170000000E+14   0.5275058847771E-17
  0.3402530000000E+14   0.4519915892688E-17
  0.3487970000000E+14   0.3824568395687E-17
  0.3575560000000E+14   0.3176035019190E-17
  0.3665350000000E+14   0.2594421409026E-17
  0.3757390000000E+14   0.2033237606485E-17
  0.3851740000000E+14   0.1691610639586E-17
  0.3948470000000E+14   0.1413527624105E-17
  0.4047620000000E+14   0.1235558587039E-17
  0.4149260000000E+14   0.1173728238927E-17
  0.4253460000000E+14   0.1121675768939E-17
  0.4360270000000E+14   0.1107054393739E-17
  0.4469770000000E+14   0.1094613434262E-17
  0.4582010000000E+14   0.1084568979250E-17
  0.4697070000000E+14   0.1076332841632E-17
  0.4815020000000E+14   0.1068521829760E-17
  0.4935940000000E+14   0.1060996619984E-17
  0.5059890000000E+14   0.1054780360378E-17
  0.5186950000000E+14   0.1050311254170E-17
  0.5317200000000E+14   0.1046581364209E-17
  0.5450730000000E+14   0.1044996778492E-17
  0.6258450000000E+14   0.1050972414989E-17
  0.7185870000000E+14   0.1066455613967E-17
  0.8250720000000E+14   0.1070203228879E-17
  0.9473370000000E+14   0.1057153996190E-17
  0.1087720000000E+15   0.1032626026099E-17
  0.1248910000000E+15   0.1006595987240E-17
  0.1433980000000E+15   0.9887143763580E-18
  0.1646470000000E+15   0.9888484092360E-18
  0.1890460000000E+15   0.1016482801201E-17
  0.2170600000000E+15   0.1074211453454E-17
  0.2492250000000E+15   0.1163926627793E-17
  0.2861570000000E+15   0.1283702004174E-17
  0.3285620000000E+15   0.1426357970996E-17
  0.3772500000000E+15   0.1579633112367E-17
  0.4331540000000E+15   0.1724871067819E-17
  0.4973410000000E+15   0.1837550857903E-17
  0.5710410000000E+15   0.1890715776877E-17
  0.6556610000000E+15   0.1861045232999E-17
  0.7528220000000E+15   0.1735121932080E-17
  0.8643800000000E+15   0.1517650216075E-17
  0.9924690000000E+15   0.1232332583693E-17
  0.1139540000000E+16   0.9146993288410E-18
  0.1308400000000E+16   0.6145882603195E-18
  0.1502290000000E+16   0.3669807373841E-18
  0.1724910000000E+16   0.1910836949945E-18
  0.1980520000000E+16   0.8478224904464E-19
  0.2274010000000E+16   0.3138114767762E-19
  0.2610990000000E+16   0.9427425273789E-20
  0.2997900000000E+16   0.2228661076445E-20
