mstar = 2 Msun, Rstar = 2.5 Rsun, Tstar = 10000, mdisk = 0.002285 Msun, Rc = 150 AU, Rin = 0.5 AU, Rout = 250 AU, inclination = 45 degree, powerlaw = -0.5 
         130
  
  0.2997900000000E+11   0.3243615562742E-23
  0.3951060000000E+11   0.7384091202808E-23
  0.5207280000000E+11   0.1679909737410E-22
  0.6862910000000E+11   0.3817560281401E-22
  0.9044930000000E+11   0.8660593915753E-22
  0.1192070000000E+12   0.1960027087323E-21
  0.1571080000000E+12   0.4421206157586E-21
  0.2070600000000E+12   0.9928156374325E-21
  0.2728930000000E+12   0.2215985959743E-20
  0.3596580000000E+12   0.5350484763178E-20
  0.4740100000000E+12   0.1544019839433E-19
  0.6247180000000E+12   0.4393042369664E-19
  0.8233440000000E+12   0.1224176641652E-18
  0.1085120000000E+13   0.3321148794372E-18
  0.1430130000000E+13   0.8671896846125E-18
  0.1884830000000E+13   0.2150176868841E-17
  0.2484100000000E+13   0.4961446391052E-17
  0.3273910000000E+13   0.1031110352771E-16
  0.4314820000000E+13   0.1853864784296E-16
  0.5686700000000E+13   0.2711447762064E-16
  0.7494750000000E+13   0.3034491836435E-16
  0.7682960000000E+13   0.3023201584402E-16
  0.7875890000000E+13   0.3004491818779E-16
  0.8073670000000E+13   0.2978361456014E-16
  0.8276410000000E+13   0.2945436566170E-16
  0.8484250000000E+13   0.2906782171689E-16
  0.8697300000000E+13   0.2866671225815E-16
  0.8915700000000E+13   0.2820765566690E-16
  0.9139590000000E+13   0.2775202978834E-16
  0.9369100000000E+13   0.2725715079121E-16
  0.9604380000000E+13   0.2674919264875E-16
  0.9845560000000E+13   0.2623098583155E-16
  0.1009280000000E+14   0.2568138464990E-16
  0.1034620000000E+14   0.2512457977294E-16
  0.1060610000000E+14   0.2454205765604E-16
  0.1087240000000E+14   0.2398844693807E-16
  0.1114540000000E+14   0.2342468362753E-16
  0.1142530000000E+14   0.2287488869305E-16
  0.1171220000000E+14   0.2233641196699E-16
  0.1200630000000E+14   0.2179387549421E-16
  0.1230780000000E+14   0.2126392877895E-16
  0.1261690000000E+14   0.2072855293693E-16
  0.1293370000000E+14   0.2024884056927E-16
  0.1325850000000E+14   0.1977011313116E-16
  0.1359150000000E+14   0.1931376792794E-16
  0.1393280000000E+14   0.1887102540567E-16
  0.1428260000000E+14   0.1844106035168E-16
  0.1464130000000E+14   0.1806127625387E-16
  0.1500900000000E+14   0.1766984754441E-16
  0.1538590000000E+14   0.1717940759382E-16
  0.1577220000000E+14   0.1668182336032E-16
  0.1616830000000E+14   0.1590435174023E-16
  0.1657430000000E+14   0.1498814705278E-16
  0.1699050000000E+14   0.1401138146881E-16
  0.1741720000000E+14   0.1282819799028E-16
  0.1785460000000E+14   0.1171854190338E-16
  0.1830290000000E+14   0.1056146643893E-16
  0.1876260000000E+14   0.9478474373105E-17
  0.1923370000000E+14   0.8513666108344E-17
  0.1971670000000E+14   0.7639381071347E-17
  0.2021180000000E+14   0.6879194168891E-17
  0.2071940000000E+14   0.6279776085226E-17
  0.2123970000000E+14   0.5731028585816E-17
  0.2177310000000E+14   0.5645496038656E-17
  0.2231980000000E+14   0.5553293686148E-17
  0.2288030000000E+14   0.5596878026482E-17
  0.2345490000000E+14   0.5675184833852E-17
  0.2404390000000E+14   0.5767679415433E-17
  0.2464770000000E+14   0.5898524556924E-17
  0.2526660000000E+14   0.5997218081606E-17
  0.2590110000000E+14   0.6115748061777E-17
  0.2655150000000E+14   0.6200627329825E-17
  0.2721830000000E+14   0.6350625478318E-17
  0.2790180000000E+14   0.6497258824504E-17
  0.2860240000000E+14   0.6576821872941E-17
  0.2932070000000E+14   0.6584733803625E-17
  0.3005700000000E+14   0.6565588470639E-17
  0.3081180000000E+14   0.6412821893574E-17
  0.3158550000000E+14   0.6265413540230E-17
  0.3237870000000E+14   0.5625977453508E-17
  0.3319170000000E+14   0.4878661091893E-17
  0.3402530000000E+14   0.4190348023532E-17
  0.3487970000000E+14   0.3556451661160E-17
  0.3575560000000E+14   0.2964695449685E-17
  0.3665350000000E+14   0.2432562021016E-17
  0.3757390000000E+14   0.1918671547620E-17
  0.3851740000000E+14   0.1607597186173E-17
  0.3948470000000E+14   0.1353564114633E-17
  0.4047620000000E+14   0.1189785705520E-17
  0.4149260000000E+14   0.1133154885714E-17
  0.4253460000000E+14   0.1084945788153E-17
  0.4360270000000E+14   0.1072136024804E-17
  0.4469770000000E+14   0.1061237483305E-17
  0.4582010000000E+14   0.1052465950592E-17
  0.4697070000000E+14   0.1045257292738E-17
  0.4815020000000E+14   0.1038239174828E-17
  0.4935940000000E+14   0.1031259203982E-17
  0.5059890000000E+14   0.1025354878122E-17
  0.5186950000000E+14   0.1021005261918E-17
  0.5317200000000E+14   0.1017207051831E-17
  0.5450730000000E+14   0.1015448945210E-17
  0.6258450000000E+14   0.1019185040226E-17
  0.7185870000000E+14   0.1032422877359E-17
  0.8250720000000E+14   0.1035191638540E-17
  0.9473370000000E+14   0.1023394260205E-17
  0.1087720000000E+15   0.1002866918254E-17
  0.1248910000000E+15   0.9831479000675E-18
  0.1433980000000E+15   0.9728862606957E-18
  0.1646470000000E+15   0.9808206019973E-18
  0.1890460000000E+15   0.1015370378185E-17
  0.2170600000000E+15   0.1078244647186E-17
  0.2492250000000E+15   0.1170667236387E-17
  0.2861570000000E+15   0.1290869681641E-17
  0.3285620000000E+15   0.1432494254095E-17
  0.3772500000000E+15   0.1584156075571E-17
  0.4331540000000E+15   0.1727828748878E-17
  0.4973410000000E+15   0.1839438285418E-17
  0.5710410000000E+15   0.1892239314827E-17
  0.6556610000000E+15   0.1862807287156E-17
  0.7528220000000E+15   0.1737615192549E-17
  0.8643800000000E+15   0.1520667921615E-17
  0.9924690000000E+15   0.1235099425325E-17
  0.1139540000000E+16   0.9175365482316E-18
  0.1308400000000E+16   0.6163761454095E-18
  0.1502290000000E+16   0.3678627086353E-18
  0.1724910000000E+16   0.1914278368902E-18
  0.1980520000000E+16   0.8494340535501E-19
  0.2274010000000E+16   0.3143941910738E-19
  0.2610990000000E+16   0.9444607465559E-20
  0.2997900000000E+16   0.2232665181832E-20
