mstar = 2 Msun, Rstar = 2.5 Rsun, Tstar = 10000, mdisk = 0.0008066 Msun, Rc = 150 AU, Rin = 0.5 AU, Rout = 250 AU, inclination = 45 degree, powerlaw = -0.5 
         130
  
  0.2997900000000E+11   0.1281095898744E-23
  0.3951060000000E+11   0.2908327509424E-23
  0.5207280000000E+11   0.6603824858798E-23
  0.6862910000000E+11   0.1498888162886E-22
  0.9044930000000E+11   0.3398429175459E-22
  0.1192070000000E+12   0.7691247836322E-22
  0.1571080000000E+12   0.1735960965545E-21
  0.2070600000000E+12   0.3903164979084E-21
  0.2728930000000E+12   0.8729653730549E-21
  0.3596580000000E+12   0.2113954773320E-20
  0.4740100000000E+12   0.6126636952353E-20
  0.6247180000000E+12   0.1754230246993E-19
  0.8233440000000E+12   0.4933216042529E-19
  0.1085120000000E+13   0.1356094941918E-18
  0.1430130000000E+13   0.3609384568544E-18
  0.1884830000000E+13   0.9206108951673E-18
  0.2484100000000E+13   0.2216429767852E-17
  0.3273910000000E+13   0.4913518463511E-17
  0.4314820000000E+13   0.9753391715349E-17
  0.5686700000000E+13   0.1653313061289E-16
  0.7494750000000E+13   0.2248936502185E-16
  0.7682960000000E+13   0.2282677930071E-16
  0.7875890000000E+13   0.2310728661250E-16
  0.8073670000000E+13   0.2332467000666E-16
  0.8276410000000E+13   0.2347930752786E-16
  0.8484250000000E+13   0.2357692650495E-16
  0.8697300000000E+13   0.2366134075116E-16
  0.8915700000000E+13   0.2367665898968E-16
  0.9139590000000E+13   0.2368978094239E-16
  0.9369100000000E+13   0.2364442847588E-16
  0.9604380000000E+13   0.2356625140119E-16
  0.9845560000000E+13   0.2345314602370E-16
  0.1009280000000E+14   0.2327467629127E-16
  0.1034620000000E+14   0.2305552514339E-16
  0.1060610000000E+14   0.2277095785488E-16
  0.1087240000000E+14   0.2248156807143E-16
  0.1114540000000E+14   0.2214039852070E-16
  0.1142530000000E+14   0.2177395913899E-16
  0.1171220000000E+14   0.2137900691575E-16
  0.1200630000000E+14   0.2094085993562E-16
  0.1230780000000E+14   0.2047944774288E-16
  0.1261690000000E+14   0.1998030277090E-16
  0.1293370000000E+14   0.1950511431886E-16
  0.1325850000000E+14   0.1900493119174E-16
  0.1359150000000E+14   0.1850370143623E-16
  0.1393280000000E+14   0.1799769228595E-16
  0.1428260000000E+14   0.1749060254748E-16
  0.1464130000000E+14   0.1701716340063E-16
  0.1500900000000E+14   0.1653019953704E-16
  0.1538590000000E+14   0.1596480289800E-16
  0.1577220000000E+14   0.1539885203204E-16
  0.1616830000000E+14   0.1461992674602E-16
  0.1657430000000E+14   0.1374191741526E-16
  0.1699050000000E+14   0.1282663238543E-16
  0.1741720000000E+14   0.1175908500202E-16
  0.1785460000000E+14   0.1075871724470E-16
  0.1830290000000E+14   0.9729325197592E-17
  0.1876260000000E+14   0.8765707879597E-17
  0.1923370000000E+14   0.7902482809597E-17
  0.1971670000000E+14   0.7117288964462E-17
  0.2021180000000E+14   0.6429148029347E-17
  0.2071940000000E+14   0.5876614931761E-17
  0.2123970000000E+14   0.5370410631731E-17
  0.2177310000000E+14   0.5246512933056E-17
  0.2231980000000E+14   0.5118802702475E-17
  0.2288030000000E+14   0.5102105437485E-17
  0.2345490000000E+14   0.5117089119035E-17
  0.2404390000000E+14   0.5149863880042E-17
  0.2464770000000E+14   0.5221538052832E-17
  0.2526660000000E+14   0.5276240815074E-17
  0.2590110000000E+14   0.5355739925164E-17
  0.2655150000000E+14   0.5415360653493E-17
  0.2721830000000E+14   0.5536389807519E-17
  0.2790180000000E+14   0.5661158340028E-17
  0.2860240000000E+14   0.5733953816676E-17
  0.2932070000000E+14   0.5748844578533E-17
  0.3005700000000E+14   0.5742732047415E-17
  0.3081180000000E+14   0.5622632158486E-17
  0.3158550000000E+14   0.5507851470893E-17
  0.3237870000000E+14   0.4965793594005E-17
  0.3319170000000E+14   0.4329360078804E-17
  0.3402530000000E+14   0.3743417140806E-17
  0.3487970000000E+14   0.3203831482239E-17
  0.3575560000000E+14   0.2699902202968E-17
  0.3665350000000E+14   0.2246638613718E-17
  0.3757390000000E+14   0.1806781727607E-17
  0.3851740000000E+14   0.1538393967005E-17
  0.3948470000000E+14   0.1314177884852E-17
  0.4047620000000E+14   0.1161948480958E-17
  0.4149260000000E+14   0.1106969395798E-17
  0.4253460000000E+14   0.1058336966467E-17
  0.4360270000000E+14   0.1046298266730E-17
  0.4469770000000E+14   0.1035888924371E-17
  0.4582010000000E+14   0.1027383396326E-17
  0.4697070000000E+14   0.1020202624435E-17
  0.4815020000000E+14   0.1012868143395E-17
  0.4935940000000E+14   0.1005226937940E-17
  0.5059890000000E+14   0.9984617576366E-18
  0.5186950000000E+14   0.9931718758786E-18
  0.5317200000000E+14   0.9882666355854E-18
  0.5450730000000E+14   0.9855021434813E-18
  0.6258450000000E+14   0.9837608484371E-18
  0.7185870000000E+14   0.9926649592143E-18
  0.8250720000000E+14   0.9924601928880E-18
  0.9473370000000E+14   0.9804750730897E-18
  0.1087720000000E+15   0.9635022602279E-18
  0.1248910000000E+15   0.9506882084221E-18
  0.1433980000000E+15   0.9492451068845E-18
  0.1646470000000E+15   0.9659547064314E-18
  0.1890460000000E+15   0.1007557980049E-17
  0.2170600000000E+15   0.1075267374576E-17
  0.2492250000000E+15   0.1170682481327E-17
  0.2861570000000E+15   0.1292531483034E-17
  0.3285620000000E+15   0.1434627299861E-17
  0.3772500000000E+15   0.1585955379386E-17
  0.4331540000000E+15   0.1729154536772E-17
  0.4973410000000E+15   0.1840522655177E-17
  0.5710410000000E+15   0.1893373051235E-17
  0.6556610000000E+15   0.1864268922965E-17
  0.7528220000000E+15   0.1739728322787E-17
  0.8643800000000E+15   0.1523231997524E-17
  0.9924690000000E+15   0.1237451192006E-17
  0.1139540000000E+16   0.9199500536713E-18
  0.1308400000000E+16   0.6178967552106E-18
  0.1502290000000E+16   0.3686124822699E-18
  0.1724910000000E+16   0.1917202333205E-18
  0.1980520000000E+16   0.8508034267460E-19
  0.2274010000000E+16   0.3148893134831E-19
  0.2610990000000E+16   0.9459206419005E-20
  0.2997900000000E+16   0.2236067212877E-20
