mstar = 2 Msun, Rstar = 2.5 Rsun, Tstar = 10000, mdisk = 0.0082789 Msun, Rc = 150 AU, Rin = 0.5 AU, Rout = 250 AU, inclination = 45 degree, powerlaw = -0.5 
         130
  
  0.2997900000000E+11   0.1032598047692E-22
  0.3951060000000E+11   0.2352750987590E-22
  0.5207280000000E+11   0.5354556003053E-22
  0.6862910000000E+11   0.1216674331417E-21
  0.9044930000000E+11   0.2758506756939E-21
  0.1192070000000E+12   0.6235785964953E-21
  0.1571080000000E+12   0.1404093283779E-20
  0.2070600000000E+12   0.3144910469425E-20
  0.2728930000000E+12   0.6994473022593E-20
  0.3596580000000E+12   0.1680267113946E-19
  0.4740100000000E+12   0.4811180069060E-19
  0.6247180000000E+12   0.1353209924570E-18
  0.8233440000000E+12   0.3706820183011E-18
  0.1085120000000E+13   0.9799175408244E-18
  0.1430130000000E+13   0.2458878502568E-17
  0.1884830000000E+13   0.5730919614315E-17
  0.2484100000000E+13   0.1200499170377E-16
  0.3273910000000E+13   0.2151022460516E-16
  0.4314820000000E+13   0.3120295083572E-16
  0.5686700000000E+13   0.3523890219380E-16
  0.7494750000000E+13   0.3257555278938E-16
  0.7682960000000E+13   0.3216613366088E-16
  0.7875890000000E+13   0.3173525593205E-16
  0.8073670000000E+13   0.3128138377100E-16
  0.8276410000000E+13   0.3080765446681E-16
  0.8484250000000E+13   0.3032099342987E-16
  0.8697300000000E+13   0.2986192732854E-16
  0.8915700000000E+13   0.2938292120695E-16
  0.9139590000000E+13   0.2894571743865E-16
  0.9369100000000E+13   0.2850010105324E-16
  0.9604380000000E+13   0.2807019374372E-16
  0.9845560000000E+13   0.2765432573640E-16
  0.1009280000000E+14   0.2722085412105E-16
  0.1034620000000E+14   0.2679253618572E-16
  0.1060610000000E+14   0.2634021566936E-16
  0.1087240000000E+14   0.2592702503501E-16
  0.1114540000000E+14   0.2549861173407E-16
  0.1142530000000E+14   0.2508128908998E-16
  0.1171220000000E+14   0.2466771917362E-16
  0.1200630000000E+14   0.2423492883363E-16
  0.1230780000000E+14   0.2380206582486E-16
  0.1261690000000E+14   0.2334452884891E-16
  0.1293370000000E+14   0.2293911925462E-16
  0.1325850000000E+14   0.2251574268737E-16
  0.1359150000000E+14   0.2210163398458E-16
  0.1393280000000E+14   0.2168621796368E-16
  0.1428260000000E+14   0.2126946590421E-16
  0.1464130000000E+14   0.2089815456427E-16
  0.1500900000000E+14   0.2049805672704E-16
  0.1538590000000E+14   0.1996651982534E-16
  0.1577220000000E+14   0.1941680221010E-16
  0.1616830000000E+14   0.1852636427918E-16
  0.1657430000000E+14   0.1746639116620E-16
  0.1699050000000E+14   0.1633087586101E-16
  0.1741720000000E+14   0.1494669006467E-16
  0.1785460000000E+14   0.1364667749875E-16
  0.1830290000000E+14   0.1228647081855E-16
  0.1876260000000E+14   0.1101086783615E-16
  0.1923370000000E+14   0.9873548572751E-17
  0.1971670000000E+14   0.8841943299135E-17
  0.2021180000000E+14   0.7945306843876E-17
  0.2071940000000E+14   0.7241622006285E-17
  0.2123970000000E+14   0.6597425699811E-17
  0.2177310000000E+14   0.6513990285020E-17
  0.2231980000000E+14   0.6416564255800E-17
  0.2288030000000E+14   0.6475451981895E-17
  0.2345490000000E+14   0.6568721821700E-17
  0.2404390000000E+14   0.6672975848893E-17
  0.2464770000000E+14   0.6817249871790E-17
  0.2526660000000E+14   0.6920627774236E-17
  0.2590110000000E+14   0.7044184160582E-17
  0.2655150000000E+14   0.7127183882896E-17
  0.2721830000000E+14   0.7282739632205E-17
  0.2790180000000E+14   0.7432565930296E-17
  0.2860240000000E+14   0.7504730306615E-17
  0.2932070000000E+14   0.7494841935866E-17
  0.3005700000000E+14   0.7453980933565E-17
  0.3081180000000E+14   0.7262119808625E-17
  0.3158550000000E+14   0.7076597444708E-17
  0.3237870000000E+14   0.6338429931044E-17
  0.3319170000000E+14   0.5480837709635E-17
  0.3402530000000E+14   0.4690755440595E-17
  0.3487970000000E+14   0.3963614472745E-17
  0.3575560000000E+14   0.3285983759019E-17
  0.3665350000000E+14   0.2677884425723E-17
  0.3757390000000E+14   0.2092745194406E-17
  0.3851740000000E+14   0.1737491793827E-17
  0.3948470000000E+14   0.1449252041098E-17
  0.4047620000000E+14   0.1265286051037E-17
  0.4149260000000E+14   0.1200717560734E-17
  0.4253460000000E+14   0.1146594985909E-17
  0.4360270000000E+14   0.1130486646803E-17
  0.4469770000000E+14   0.1116765632598E-17
  0.4582010000000E+14   0.1105634265825E-17
  0.4697070000000E+14   0.1096494649740E-17
  0.4815020000000E+14   0.1087965074555E-17
  0.4935940000000E+14   0.1079903749290E-17
  0.5059890000000E+14   0.1073312791566E-17
  0.5186950000000E+14   0.1068597637760E-17
  0.5317200000000E+14   0.1064754850750E-17
  0.5450730000000E+14   0.1063134324131E-17
  0.6258450000000E+14   0.1070087249997E-17
  0.7185870000000E+14   0.1087400373086E-17
  0.8250720000000E+14   0.1092903025440E-17
  0.9473370000000E+14   0.1080564745974E-17
  0.1087720000000E+15   0.1054947099125E-17
  0.1248910000000E+15   0.1025790821242E-17
  0.1433980000000E+15   0.1003041239598E-17
  0.1646470000000E+15   0.9974126237866E-18
  0.1890460000000E+15   0.1019587714363E-17
  0.2170600000000E+15   0.1073140145874E-17
  0.2492250000000E+15   0.1160432366868E-17
  0.2861570000000E+15   0.1279384206528E-17
  0.3285620000000E+15   0.1422427490788E-17
  0.3772500000000E+15   0.1576791371377E-17
  0.4331540000000E+15   0.1723162704757E-17
  0.4973410000000E+15   0.1836513041636E-17
  0.5710410000000E+15   0.1889803202505E-17
  0.6556610000000E+15   0.1859888709073E-17
  0.7528220000000E+15   0.1733435452267E-17
  0.8643800000000E+15   0.1515599412034E-17
  0.9924690000000E+15   0.1230451637745E-17
  0.1139540000000E+16   0.9127718053674E-18
  0.1308400000000E+16   0.6133734216910E-18
  0.1502290000000E+16   0.3663811979907E-18
  0.1724910000000E+16   0.1908496387140E-18
  0.1980520000000E+16   0.8467265330012E-19
  0.2274010000000E+16   0.3134151822631E-19
  0.2610990000000E+16   0.9415739608220E-20
  0.2997900000000E+16   0.2225937811838E-20
