mstar = 2 Msun, Rstar = 2.5 Rsun, Tstar = 10000, mdisk = 0.0028462 Msun, Rc = 150 AU, Rin = 0.5 AU, Rout = 250 AU, inclination = 45 degree, powerlaw = -0.5 
         130
  
  0.2997900000000E+11   0.3947186913881E-23
  0.3951060000000E+11   0.8988281842791E-23
  0.5207280000000E+11   0.2045208844215E-22
  0.6862910000000E+11   0.4647994359051E-22
  0.9044930000000E+11   0.1054418558169E-21
  0.1192070000000E+12   0.2385993815512E-21
  0.1571080000000E+12   0.5380727888553E-21
  0.2070600000000E+12   0.1207824681128E-20
  0.2728930000000E+12   0.2694419412862E-20
  0.3596580000000E+12   0.6500656992135E-20
  0.4740100000000E+12   0.1873805498287E-19
  0.6247180000000E+12   0.5322576103749E-19
  0.8233440000000E+12   0.1479661277298E-18
  0.1085120000000E+13   0.4000210874210E-18
  0.1430130000000E+13   0.1039053122817E-17
  0.1884830000000E+13   0.2555945900663E-17
  0.2484100000000E+13   0.5825968560550E-17
  0.3273910000000E+13   0.1188000519241E-16
  0.4314820000000E+13   0.2074564088732E-16
  0.5686700000000E+13   0.2910908296557E-16
  0.7494750000000E+13   0.3108920441000E-16
  0.7682960000000E+13   0.3085877168569E-16
  0.7875890000000E+13   0.3056052679976E-16
  0.8073670000000E+13   0.3019592588569E-16
  0.8276410000000E+13   0.2977215942153E-16
  0.8484250000000E+13   0.2930035267036E-16
  0.8697300000000E+13   0.2882215029570E-16
  0.8915700000000E+13   0.2829706362462E-16
  0.9139590000000E+13   0.2778465305593E-16
  0.9369100000000E+13   0.2724442738530E-16
  0.9604380000000E+13   0.2670195207591E-16
  0.9845560000000E+13   0.2616010259272E-16
  0.1009280000000E+14   0.2559746569521E-16
  0.1034620000000E+14   0.2503726449285E-16
  0.1060610000000E+14   0.2445972170347E-16
  0.1087240000000E+14   0.2391921981483E-16
  0.1114540000000E+14   0.2337475280849E-16
  0.1142530000000E+14   0.2284973258061E-16
  0.1171220000000E+14   0.2234009331067E-16
  0.1200630000000E+14   0.2182830773839E-16
  0.1230780000000E+14   0.2133040599089E-16
  0.1261690000000E+14   0.2082622122816E-16
  0.1293370000000E+14   0.2037905530352E-16
  0.1325850000000E+14   0.1993049838620E-16
  0.1359150000000E+14   0.1950239505966E-16
  0.1393280000000E+14   0.1908493579263E-16
  0.1428260000000E+14   0.1867696431918E-16
  0.1464130000000E+14   0.1831752554962E-16
  0.1500900000000E+14   0.1794177930705E-16
  0.1538590000000E+14   0.1745896772611E-16
  0.1577220000000E+14   0.1696557999709E-16
  0.1616830000000E+14   0.1617878001825E-16
  0.1657430000000E+14   0.1524635610084E-16
  0.1699050000000E+14   0.1424988166731E-16
  0.1741720000000E+14   0.1303814524182E-16
  0.1785460000000E+14   0.1190167013036E-16
  0.1830290000000E+14   0.1071463995925E-16
  0.1876260000000E+14   0.9603309518641E-17
  0.1923370000000E+14   0.8613777905750E-17
  0.1971670000000E+14   0.7717519338049E-17
  0.2021180000000E+14   0.6939330462268E-17
  0.2071940000000E+14   0.6328199659565E-17
  0.2123970000000E+14   0.5769174773821E-17
  0.2177310000000E+14   0.5692415863534E-17
  0.2231980000000E+14   0.5606748850247E-17
  0.2288030000000E+14   0.5659906903921E-17
  0.2345490000000E+14   0.5746556174992E-17
  0.2404390000000E+14   0.5845602416245E-17
  0.2464770000000E+14   0.5982028022442E-17
  0.2526660000000E+14   0.6083754711214E-17
  0.2590110000000E+14   0.6204320284814E-17
  0.2655150000000E+14   0.6289414769666E-17
  0.2721830000000E+14   0.6439980920074E-17
  0.2790180000000E+14   0.6586531430885E-17
  0.2860240000000E+14   0.6664482182631E-17
  0.2932070000000E+14   0.6669335910199E-17
  0.3005700000000E+14   0.6646612105052E-17
  0.3081180000000E+14   0.6488189700473E-17
  0.3158550000000E+14   0.6335258891469E-17
  0.3237870000000E+14   0.5683847052254E-17
  0.3319170000000E+14   0.4924449525322E-17
  0.3402530000000E+14   0.4226247642863E-17
  0.3487970000000E+14   0.3583832537322E-17
  0.3575560000000E+14   0.2984415289028E-17
  0.3665350000000E+14   0.2446221542869E-17
  0.3757390000000E+14   0.1926857578102E-17
  0.3851740000000E+14   0.1612916164269E-17
  0.3948470000000E+14   0.1357467500169E-17
  0.4047620000000E+14   0.1193299621140E-17
  0.4149260000000E+14   0.1136986306059E-17
  0.4253460000000E+14   0.1089241008167E-17
  0.4360270000000E+14   0.1076913550282E-17
  0.4469770000000E+14   0.1066441863052E-17
  0.4582010000000E+14   0.1058044436578E-17
  0.4697070000000E+14   0.1051163900077E-17
  0.4815020000000E+14   0.1044448671848E-17
  0.4935940000000E+14   0.1037758625016E-17
  0.5059890000000E+14   0.1032118973411E-17
  0.5186950000000E+14   0.1027996919056E-17
  0.5317200000000E+14   0.1024408195212E-17
  0.5450730000000E+14   0.1022806368281E-17
  0.6258450000000E+14   0.1026813881067E-17
  0.7185870000000E+14   0.1039441614562E-17
  0.8250720000000E+14   0.1041133360625E-17
  0.9473370000000E+14   0.1027934933309E-17
  0.1087720000000E+15   0.1005747166782E-17
  0.1248910000000E+15   0.9842999872919E-18
  0.1433980000000E+15   0.9724527152817E-18
  0.1646470000000E+15   0.9790477921609E-18
  0.1890460000000E+15   0.1012509091999E-17
  0.2170600000000E+15   0.1074612678227E-17
  0.2492250000000E+15   0.1166772501983E-17
  0.2861570000000E+15   0.1287332400692E-17
  0.3285620000000E+15   0.1429763626905E-17
  0.3772500000000E+15   0.1582324843656E-17
  0.4331540000000E+15   0.1726731432473E-17
  0.4973410000000E+15   0.1838809331069E-17
  0.5710410000000E+15   0.1891811634649E-17
  0.6556610000000E+15   0.1862377549677E-17
  0.7528220000000E+15   0.1737037303981E-17
  0.8643800000000E+15   0.1519975069622E-17
  0.9924690000000E+15   0.1234464830347E-17
  0.1139540000000E+16   0.9168856884769E-18
  0.1308400000000E+16   0.6159660387903E-18
  0.1502290000000E+16   0.3676604407947E-18
  0.1724910000000E+16   0.1913489310153E-18
  0.1980520000000E+16   0.8490645353975E-19
  0.2274010000000E+16   0.3142605817399E-19
  0.2610990000000E+16   0.9440667848996E-20
  0.2997900000000E+16   0.2231747110216E-20
