mstar = 2 Msun, Rstar = 2.5 Rsun, Tstar = 10000, mdisk = 0.0083963 Msun, Rc = 150 AU, Rin = 0.5 AU, Rout = 250 AU, inclination = 45 degree, powerlaw = -0.5 
         130
  
  0.2997900000000E+11   0.1044753975061E-22
  0.3951060000000E+11   0.2380440066903E-22
  0.5207280000000E+11   0.5417526353222E-22
  0.6862910000000E+11   0.1230964770759E-21
  0.9044930000000E+11   0.2790846728172E-21
  0.1192070000000E+12   0.6308700918234E-21
  0.1571080000000E+12   0.1420452076647E-20
  0.2070600000000E+12   0.3181371510693E-20
  0.2728930000000E+12   0.7075027044591E-20
  0.3596580000000E+12   0.1699436983597E-19
  0.4740100000000E+12   0.4865271761648E-19
  0.6247180000000E+12   0.1368096362663E-18
  0.8233440000000E+12   0.3746268609481E-18
  0.1085120000000E+13   0.9898065805658E-18
  0.1430130000000E+13   0.2481616716953E-17
  0.1884830000000E+13   0.5776428905805E-17
  0.2484100000000E+13   0.1207639529973E-16
  0.3273910000000E+13   0.2157623566979E-16
  0.4314820000000E+13   0.3118568713895E-16
  0.5686700000000E+13   0.3511272494698E-16
  0.7494750000000E+13   0.3245329087652E-16
  0.7682960000000E+13   0.3204952402038E-16
  0.7875890000000E+13   0.3162464203247E-16
  0.8073670000000E+13   0.3117697370423E-16
  0.8276410000000E+13   0.3070954210953E-16
  0.8484250000000E+13   0.3022921675063E-16
  0.8697300000000E+13   0.2977659303881E-16
  0.8915700000000E+13   0.2930387190078E-16
  0.9139590000000E+13   0.2887296736854E-16
  0.9369100000000E+13   0.2843340748242E-16
  0.9604380000000E+13   0.2800938600490E-16
  0.9845560000000E+13   0.2759920515969E-16
  0.1009280000000E+14   0.2717112783949E-16
  0.1034620000000E+14   0.2674797479479E-16
  0.1060610000000E+14   0.2630056224586E-16
  0.1087240000000E+14   0.2589217232963E-16
  0.1114540000000E+14   0.2546836871448E-16
  0.1142530000000E+14   0.2505551772072E-16
  0.1171220000000E+14   0.2464629069421E-16
  0.1200630000000E+14   0.2421769267055E-16
  0.1230780000000E+14   0.2378890248291E-16
  0.1261690000000E+14   0.2333533632953E-16
  0.1293370000000E+14   0.2293389815682E-16
  0.1325850000000E+14   0.2251442728716E-16
  0.1359150000000E+14   0.2210413314720E-16
  0.1393280000000E+14   0.2169242294286E-16
  0.1428260000000E+14   0.2127924978460E-16
  0.1464130000000E+14   0.2091144710961E-16
  0.1500900000000E+14   0.2051468076773E-16
  0.1538590000000E+14   0.1998624163851E-16
  0.1577220000000E+14   0.1943947827663E-16
  0.1616830000000E+14   0.1855154909811E-16
  0.1657430000000E+14   0.1749381667174E-16
  0.1699050000000E+14   0.1636033621301E-16
  0.1741720000000E+14   0.1497782331367E-16
  0.1785460000000E+14   0.1367923737989E-16
  0.1830290000000E+14   0.1231993123681E-16
  0.1876260000000E+14   0.1104503585690E-16
  0.1923370000000E+14   0.9908299731395E-17
  0.1971670000000E+14   0.8877194948339E-17
  0.2021180000000E+14   0.7981107334578E-17
  0.2071940000000E+14   0.7277930608447E-17
  0.2123970000000E+14   0.6633931248388E-17
  0.2177310000000E+14   0.6551156858455E-17
  0.2231980000000E+14   0.6454232959026E-17
  0.2288030000000E+14   0.6513903181341E-17
  0.2345490000000E+14   0.6608174470940E-17
  0.2404390000000E+14   0.6713613369386E-17
  0.2464770000000E+14   0.6859273159301E-17
  0.2526660000000E+14   0.6963768671372E-17
  0.2590110000000E+14   0.7088269684252E-17
  0.2655150000000E+14   0.7171628988200E-17
  0.2721830000000E+14   0.7327833273018E-17
  0.2790180000000E+14   0.7478587534947E-17
  0.2860240000000E+14   0.7551392399118E-17
  0.2932070000000E+14   0.7541816561124E-17
  0.3005700000000E+14   0.7501027990645E-17
  0.3081180000000E+14   0.7308478633700E-17
  0.3158550000000E+14   0.7122136993068E-17
  0.3237870000000E+14   0.6380045694448E-17
  0.3319170000000E+14   0.5517101530430E-17
  0.3402530000000E+14   0.4722292745925E-17
  0.3487970000000E+14   0.3990065585676E-17
  0.3575560000000E+14   0.3306501431157E-17
  0.3665350000000E+14   0.2693040204910E-17
  0.3757390000000E+14   0.2101993456273E-17
  0.3851740000000E+14   0.1741659536843E-17
  0.3948470000000E+14   0.1448869967299E-17
  0.4047620000000E+14   0.1261517489721E-17
  0.4149260000000E+14   0.1195714803747E-17
  0.4253460000000E+14   0.1140562873678E-17
  0.4360270000000E+14   0.1124196321138E-17
  0.4469770000000E+14   0.1110271440030E-17
  0.4582010000000E+14   0.1098993415883E-17
  0.4697070000000E+14   0.1089749079025E-17
  0.4815020000000E+14   0.1081128616668E-17
  0.4935940000000E+14   0.1072987250425E-17
  0.5059890000000E+14   0.1066341089083E-17
  0.5186950000000E+14   0.1061605711005E-17
  0.5317200000000E+14   0.1057754722136E-17
  0.5450730000000E+14   0.1056163680606E-17
  0.6258450000000E+14   0.1063547023440E-17
  0.7185870000000E+14   0.1081483775900E-17
  0.8250720000000E+14   0.1087587428912E-17
  0.9473370000000E+14   0.1075881247354E-17
  0.1087720000000E+15   0.1050993753933E-17
  0.1248910000000E+15   0.1022658636825E-17
  0.1433980000000E+15   0.1000751784941E-17
  0.1646470000000E+15   0.9958609216321E-18
  0.1890460000000E+15   0.1018545229361E-17
  0.2170600000000E+15   0.1072357165722E-17
  0.2492250000000E+15   0.1159740557238E-17
  0.2861570000000E+15   0.1278744301514E-17
  0.3285620000000E+15   0.1421889599363E-17
  0.3772500000000E+15   0.1576410606717E-17
  0.4331540000000E+15   0.1722940132007E-17
  0.4973410000000E+15   0.1836400323964E-17
  0.5710410000000E+15   0.1889742434873E-17
  0.6556610000000E+15   0.1859839477877E-17
  0.7528220000000E+15   0.1733374468346E-17
  0.8643800000000E+15   0.1515527360847E-17
  0.9924690000000E+15   0.1230385763338E-17
  0.1139540000000E+16   0.9127043439839E-18
  0.1308400000000E+16   0.6133309018472E-18
  0.1502290000000E+16   0.3663602101771E-18
  0.1724910000000E+16   0.1908414434734E-18
  0.1980520000000E+16   0.8466881605241E-19
  0.2274010000000E+16   0.3134013066904E-19
  0.2610990000000E+16   0.9415330449740E-20
  0.2997900000000E+16   0.2225842459377E-20
