mstar = 2 Msun, Rstar = 2.5 Rsun, Tstar = 10000, mdisk = 0.0053352 Msun, Rc = 150 AU, Rin = 0.5 AU, Rout = 250 AU, inclination = 45 degree, powerlaw = -0.5 
         130
  
  0.2997900000000E+11   0.6946951794594E-23
  0.3951060000000E+11   0.1582663248852E-22
  0.5207280000000E+11   0.3602010794088E-22
  0.6862910000000E+11   0.8185879505781E-22
  0.9044930000000E+11   0.1856524858050E-21
  0.1192070000000E+12   0.4198855793388E-21
  0.1571080000000E+12   0.9461143557580E-21
  0.2070600000000E+12   0.2121213508725E-20
  0.2728930000000E+12   0.4724069444235E-20
  0.3596580000000E+12   0.1137043731046E-19
  0.4740100000000E+12   0.3265722702471E-19
  0.6247180000000E+12   0.9227428060418E-19
  0.8233440000000E+12   0.2545239737925E-18
  0.1085120000000E+13   0.6800759591440E-18
  0.1430130000000E+13   0.1735182444463E-17
  0.1884830000000E+13   0.4151641656248E-17
  0.2484100000000E+13   0.9061269300429E-17
  0.3273910000000E+13   0.1727484657479E-16
  0.4314820000000E+13   0.2728952497791E-16
  0.5686700000000E+13   0.3365635248724E-16
  0.7494750000000E+13   0.3224579555922E-16
  0.7682960000000E+13   0.3182310466087E-16
  0.7875890000000E+13   0.3136414036759E-16
  0.8073670000000E+13   0.3087051412841E-16
  0.8276410000000E+13   0.3034825504348E-16
  0.8484250000000E+13   0.2980667004201E-16
  0.8697300000000E+13   0.2928540216924E-16
  0.8915700000000E+13   0.2874318840840E-16
  0.9139590000000E+13   0.2823841603489E-16
  0.9369100000000E+13   0.2772740806714E-16
  0.9604380000000E+13   0.2723383492623E-16
  0.9845560000000E+13   0.2675769848139E-16
  0.1009280000000E+14   0.2627137348954E-16
  0.1034620000000E+14   0.2579631688557E-16
  0.1060610000000E+14   0.2530618040749E-16
  0.1087240000000E+14   0.2485920924605E-16
  0.1114540000000E+14   0.2440534214795E-16
  0.1142530000000E+14   0.2396859490667E-16
  0.1171220000000E+14   0.2354184321476E-16
  0.1200630000000E+14   0.2310301408956E-16
  0.1230780000000E+14   0.2266934469059E-16
  0.1261690000000E+14   0.2221704538195E-16
  0.1293370000000E+14   0.2181791035921E-16
  0.1325850000000E+14   0.2140531473164E-16
  0.1359150000000E+14   0.2100441477298E-16
  0.1393280000000E+14   0.2060475784930E-16
  0.1428260000000E+14   0.2020584797740E-16
  0.1464130000000E+14   0.1985185512527E-16
  0.1500900000000E+14   0.1947180359596E-16
  0.1538590000000E+14   0.1896748691701E-16
  0.1577220000000E+14   0.1844651891544E-16
  0.1616830000000E+14   0.1760074187314E-16
  0.1657430000000E+14   0.1659332271966E-16
  0.1699050000000E+14   0.1551393033431E-16
  0.1741720000000E+14   0.1419745075700E-16
  0.1785460000000E+14   0.1296144223976E-16
  0.1830290000000E+14   0.1166815359567E-16
  0.1876260000000E+14   0.1045573989481E-16
  0.1923370000000E+14   0.9375205628730E-17
  0.1971670000000E+14   0.8395582391452E-17
  0.2021180000000E+14   0.7544675266600E-17
  0.2071940000000E+14   0.6877191120146E-17
  0.2123970000000E+14   0.6266305570732E-17
  0.2177310000000E+14   0.6187601179164E-17
  0.2231980000000E+14   0.6096243469982E-17
  0.2288030000000E+14   0.6154362407269E-17
  0.2345490000000E+14   0.6246085127677E-17
  0.2404390000000E+14   0.6348974680889E-17
  0.2464770000000E+14   0.6490543582509E-17
  0.2526660000000E+14   0.6593261146849E-17
  0.2590110000000E+14   0.6715212627652E-17
  0.2655150000000E+14   0.6798222077648E-17
  0.2721830000000E+14   0.6951057519704E-17
  0.2790180000000E+14   0.7098586117830E-17
  0.2860240000000E+14   0.7171756946187E-17
  0.2932070000000E+14   0.7166266178756E-17
  0.3005700000000E+14   0.7131017424341E-17
  0.3081180000000E+14   0.6950769322947E-17
  0.3158550000000E+14   0.6776537822457E-17
  0.3237870000000E+14   0.6071476882249E-17
  0.3319170000000E+14   0.5251759077009E-17
  0.3402530000000E+14   0.4497578131902E-17
  0.3487970000000E+14   0.3804079355443E-17
  0.3575560000000E+14   0.3157870730209E-17
  0.3665350000000E+14   0.2578635548141E-17
  0.3757390000000E+14   0.2020407949268E-17
  0.3851740000000E+14   0.1681288834060E-17
  0.3948470000000E+14   0.1405470838132E-17
  0.4047620000000E+14   0.1229241726292E-17
  0.4149260000000E+14   0.1168245249081E-17
  0.4253460000000E+14   0.1116922476074E-17
  0.4360270000000E+14   0.1102829157610E-17
  0.4469770000000E+14   0.1090898438067E-17
  0.4582010000000E+14   0.1081340222946E-17
  0.4697070000000E+14   0.1073566101138E-17
  0.4815020000000E+14   0.1066195883848E-17
  0.4935940000000E+14   0.1059085416571E-17
  0.5059890000000E+14   0.1053255021298E-17
  0.5186950000000E+14   0.1049143954745E-17
  0.5317200000000E+14   0.1045745927792E-17
  0.5450730000000E+14   0.1044467867168E-17
  0.6258450000000E+14   0.1051803869132E-17
  0.7185870000000E+14   0.1068248196826E-17
  0.8250720000000E+14   0.1072714161553E-17
  0.9473370000000E+14   0.1060177468871E-17
  0.1087720000000E+15   0.1035903325565E-17
  0.1248910000000E+15   0.1009820415963E-17
  0.1433980000000E+15   0.9915901453696E-18
  0.1646470000000E+15   0.9911680729328E-18
  0.1890460000000E+15   0.1018182253049E-17
  0.2170600000000E+15   0.1075338218122E-17
  0.2492250000000E+15   0.1164606030040E-17
  0.2861570000000E+15   0.1284079239262E-17
  0.3285620000000E+15   0.1426555913540E-17
  0.3772500000000E+15   0.1579736399256E-17
  0.4331540000000E+15   0.1724927009104E-17
  0.4973410000000E+15   0.1837584434419E-17
  0.5710410000000E+15   0.1890742672137E-17
  0.6556610000000E+15   0.1861076173057E-17
  0.7528220000000E+15   0.1735165509541E-17
  0.8643800000000E+15   0.1517702883228E-17
  0.9924690000000E+15   0.1232380861768E-17
  0.1139540000000E+16   0.9147488139873E-18
  0.1308400000000E+16   0.6146194465687E-18
  0.1502290000000E+16   0.3669961255092E-18
  0.1724910000000E+16   0.1910897011576E-18
  0.1980520000000E+16   0.8478506149991E-19
  0.2274010000000E+16   0.3138216463638E-19
  0.2610990000000E+16   0.9427725144148E-20
  0.2997900000000E+16   0.2228730958554E-20
