mstar = 2 Msun, Rstar = 2.5 Rsun, Tstar = 10000, mdisk = 0.0017995 Msun, Rc = 150 AU, Rin = 0.5 AU, Rout = 250 AU, inclination = 45 degree, powerlaw = -0.5 
         130
  
  0.2997900000000E+11   0.2618173965626E-23
  0.3951060000000E+11   0.5957873971436E-23
  0.5207280000000E+11   0.1355087458583E-22
  0.6862910000000E+11   0.3078990236973E-22
  0.9044930000000E+11   0.6984912112743E-22
  0.1192070000000E+12   0.1580941420177E-21
  0.1571080000000E+12   0.3566877346027E-21
  0.2070600000000E+12   0.8012555994094E-21
  0.2728930000000E+12   0.1789365909865E-20
  0.3596580000000E+12   0.4323652721292E-20
  0.4740100000000E+12   0.1249075374850E-19
  0.6247180000000E+12   0.3559566913156E-19
  0.8233440000000E+12   0.9942188129774E-19
  0.1085120000000E+13   0.2706408925534E-18
  0.1430130000000E+13   0.7102092859950E-18
  0.1884830000000E+13   0.1774208322826E-17
  0.2484100000000E+13   0.4141168551730E-17
  0.3273910000000E+13   0.8760257839770E-17
  0.4314820000000E+13   0.1618758357854E-16
  0.5686700000000E+13   0.2464512415894E-16
  0.7494750000000E+13   0.2896674776979E-16
  0.7682960000000E+13   0.2898214811954E-16
  0.7875890000000E+13   0.2892142741141E-16
  0.8073670000000E+13   0.2878272203387E-16
  0.8276410000000E+13   0.2857087216561E-16
  0.8484250000000E+13   0.2829555246023E-16
  0.8697300000000E+13   0.2800054773941E-16
  0.8915700000000E+13   0.2763853867564E-16
  0.9139590000000E+13   0.2727310857981E-16
  0.9369100000000E+13   0.2685796609251E-16
  0.9604380000000E+13   0.2641967171796E-16
  0.9845560000000E+13   0.2596029687906E-16
  0.1009280000000E+14   0.2545754364012E-16
  0.1034620000000E+14   0.2493641422540E-16
  0.1060610000000E+14   0.2437846504877E-16
  0.1087240000000E+14   0.2383937965307E-16
  0.1114540000000E+14   0.2328048189711E-16
  0.1142530000000E+14   0.2272681284496E-16
  0.1171220000000E+14   0.2217680730411E-16
  0.1200630000000E+14   0.2161690845236E-16
  0.1230780000000E+14   0.2106477101414E-16
  0.1261690000000E+14   0.2050460265922E-16
  0.1293370000000E+14   0.1999601534300E-16
  0.1325850000000E+14   0.1948803020051E-16
  0.1359150000000E+14   0.1900213483100E-16
  0.1393280000000E+14   0.1853100501790E-16
  0.1428260000000E+14   0.1807468896673E-16
  0.1464130000000E+14   0.1766913138382E-16
  0.1500900000000E+14   0.1725645072389E-16
  0.1538590000000E+14   0.1675392580154E-16
  0.1577220000000E+14   0.1624827793216E-16
  0.1616830000000E+14   0.1547989109508E-16
  0.1657430000000E+14   0.1458190878152E-16
  0.1699050000000E+14   0.1362818239601E-16
  0.1741720000000E+14   0.1247968050867E-16
  0.1785460000000E+14   0.1140278777156E-16
  0.1830290000000E+14   0.1028226662529E-16
  0.1876260000000E+14   0.9233692117272E-17
  0.1923370000000E+14   0.8298920550351E-17
  0.1971670000000E+14   0.7451625087747E-17
  0.2021180000000E+14   0.6714062985546E-17
  0.2071940000000E+14   0.6130419960062E-17
  0.2123970000000E+14   0.5596058354270E-17
  0.2177310000000E+14   0.5502972641979E-17
  0.2231980000000E+14   0.5405261567329E-17
  0.2288030000000E+14   0.5438958065980E-17
  0.2345490000000E+14   0.5508211208812E-17
  0.2404390000000E+14   0.5593452658283E-17
  0.2464770000000E+14   0.5717608176490E-17
  0.2526660000000E+14   0.5812277795273E-17
  0.2590110000000E+14   0.5927114076309E-17
  0.2655150000000E+14   0.6010209882141E-17
  0.2721830000000E+14   0.6156920894728E-17
  0.2790180000000E+14   0.6300938776572E-17
  0.2860240000000E+14   0.6380428295514E-17
  0.2932070000000E+14   0.6390721743909E-17
  0.3005700000000E+14   0.6374886006355E-17
  0.3081180000000E+14   0.6229266434139E-17
  0.3158550000000E+14   0.6088884424481E-17
  0.3237870000000E+14   0.5470124128464E-17
  0.3319170000000E+14   0.4746769645025E-17
  0.3402530000000E+14   0.4081113086951E-17
  0.3487970000000E+14   0.3467968775783E-17
  0.3575560000000E+14   0.2895167206500E-17
  0.3665350000000E+14   0.2380646319663E-17
  0.3757390000000E+14   0.1883146450612E-17
  0.3851740000000E+14   0.1581980622311E-17
  0.3948470000000E+14   0.1335844074458E-17
  0.4047620000000E+14   0.1176828352892E-17
  0.4149260000000E+14   0.1122083126859E-17
  0.4253460000000E+14   0.1075399891048E-17
  0.4360270000000E+14   0.1063437968369E-17
  0.4469770000000E+14   0.1053294989390E-17
  0.4582010000000E+14   0.1045181739528E-17
  0.4697070000000E+14   0.1038539095020E-17
  0.4815020000000E+14   0.1032005509340E-17
  0.4935940000000E+14   0.1025427529527E-17
  0.5059890000000E+14   0.1019832789781E-17
  0.5186950000000E+14   0.1015700896865E-17
  0.5317200000000E+14   0.1012038116218E-17
  0.5450730000000E+14   0.1010335074999E-17
  0.6258450000000E+14   0.1013265423566E-17
  0.7185870000000E+14   0.1024550344837E-17
  0.8250720000000E+14   0.1025179647858E-17
  0.9473370000000E+14   0.1011880052799E-17
  0.1087720000000E+15   0.9910480551897E-18
  0.1248910000000E+15   0.9723266098035E-18
  0.1433980000000E+15   0.9640328177083E-18
  0.1646470000000E+15   0.9743382452610E-18
  0.1890460000000E+15   0.1011151581910E-17
  0.2170600000000E+15   0.1075961161809E-17
  0.2492250000000E+15   0.1169855078001E-17
  0.2861570000000E+15   0.1290940808919E-17
  0.3285620000000E+15   0.1432903074752E-17
  0.3772500000000E+15   0.1584598625887E-17
  0.4331540000000E+15   0.1728211934118E-17
  0.4973410000000E+15   0.1839764124860E-17
  0.5710410000000E+15   0.1892565012646E-17
  0.6556610000000E+15   0.1863214058085E-17
  0.7528220000000E+15   0.1738198603784E-17
  0.8643800000000E+15   0.1521375257840E-17
  0.9924690000000E+15   0.1235748149474E-17
  0.1139540000000E+16   0.9182021341866E-18
  0.1308400000000E+16   0.6167955180509E-18
  0.1502290000000E+16   0.3680695225928E-18
  0.1724910000000E+16   0.1915085050104E-18
  0.1980520000000E+16   0.8498118330635E-19
  0.2274010000000E+16   0.3145307861399E-19
  0.2610990000000E+16   0.9448635087726E-20
  0.2997900000000E+16   0.2233603756275E-20
