mstar = 2 Msun, Rstar = 2.5 Rsun, Tstar = 10000, mdisk = 0.00011027 Msun, Rc = 150 AU, Rin = 0.5 AU, Rout = 250 AU, inclination = 45 degree, powerlaw = -0.5 
         130
  
  0.2997900000000E+11   0.2412561612040E-24
  0.3951060000000E+11   0.5358072594090E-24
  0.5207280000000E+11   0.1196367037486E-23
  0.6862910000000E+11   0.2681487169887E-23
  0.9044930000000E+11   0.6024685051609E-23
  0.1192070000000E+12   0.1355099547265E-22
  0.1571080000000E+12   0.3047425003960E-22
  0.2070600000000E+12   0.6842801826102E-22
  0.2728930000000E+12   0.1531853457125E-21
  0.3596580000000E+12   0.3718989241054E-21
  0.4740100000000E+12   0.1082896898382E-20
  0.6247180000000E+12   0.3128971929352E-20
  0.8233440000000E+12   0.8923537366372E-20
  0.1085120000000E+13   0.2503111275786E-19
  0.1430130000000E+13   0.6855290718095E-19
  0.1884830000000E+13   0.1820140111864E-18
  0.2484100000000E+13   0.4636799389119E-18
  0.3273910000000E+13   0.1112959309625E-17
  0.4314820000000E+13   0.2470502580376E-17
  0.5686700000000E+13   0.4895326545702E-17
  0.7494750000000E+13   0.8240047844346E-17
  0.7682960000000E+13   0.8551621799046E-17
  0.7875890000000E+13   0.8854700152588E-17
  0.8073670000000E+13   0.9145379090876E-17
  0.8276410000000E+13   0.9422607254038E-17
  0.8484250000000E+13   0.9688106573867E-17
  0.8697300000000E+13   0.9965236869046E-17
  0.8915700000000E+13   0.1022274692017E-16
  0.9139590000000E+13   0.1049891187865E-16
  0.9369100000000E+13   0.1076030052344E-16
  0.9604380000000E+13   0.1102173288828E-16
  0.9845560000000E+13   0.1128138634921E-16
  0.1009280000000E+14   0.1151659966609E-16
  0.1034620000000E+14   0.1174182772112E-16
  0.1060610000000E+14   0.1193574926314E-16
  0.1087240000000E+14   0.1214215034208E-16
  0.1114540000000E+14   0.1232154816016E-16
  0.1142530000000E+14   0.1249230641727E-16
  0.1171220000000E+14   0.1264821978630E-16
  0.1200630000000E+14   0.1277114266818E-16
  0.1230780000000E+14   0.1287457230762E-16
  0.1261690000000E+14   0.1293890286128E-16
  0.1293370000000E+14   0.1302238568073E-16
  0.1325850000000E+14   0.1307070319647E-16
  0.1359150000000E+14   0.1310423981107E-16
  0.1393280000000E+14   0.1311419635560E-16
  0.1428260000000E+14   0.1310013336358E-16
  0.1464130000000E+14   0.1309801432826E-16
  0.1500900000000E+14   0.1304998743326E-16
  0.1538590000000E+14   0.1287807604533E-16
  0.1577220000000E+14   0.1267052095593E-16
  0.1616830000000E+14   0.1218604720804E-16
  0.1657430000000E+14   0.1155845933667E-16
  0.1699050000000E+14   0.1086074925923E-16
  0.1741720000000E+14   0.9963959887637E-17
  0.1785460000000E+14   0.9117873929749E-17
  0.1830290000000E+14   0.8212679202728E-17
  0.1876260000000E+14   0.7357489731050E-17
  0.1923370000000E+14   0.6594207573131E-17
  0.1971670000000E+14   0.5898995243869E-17
  0.2021180000000E+14   0.5296689726262E-17
  0.2071940000000E+14   0.4836969428057E-17
  0.2123970000000E+14   0.4414441901907E-17
  0.2177310000000E+14   0.4442913261497E-17
  0.2231980000000E+14   0.4450513641694E-17
  0.2288030000000E+14   0.4571868341323E-17
  0.2345490000000E+14   0.4704357765873E-17
  0.2404390000000E+14   0.4827481913867E-17
  0.2464770000000E+14   0.4960208108689E-17
  0.2526660000000E+14   0.5045181319140E-17
  0.2590110000000E+14   0.5126391532373E-17
  0.2655150000000E+14   0.5166882406707E-17
  0.2721830000000E+14   0.5239365250686E-17
  0.2790180000000E+14   0.5297731084850E-17
  0.2860240000000E+14   0.5306308692749E-17
  0.2932070000000E+14   0.5268871268442E-17
  0.3005700000000E+14   0.5217219083595E-17
  0.3081180000000E+14   0.5088096958397E-17
  0.3158550000000E+14   0.4967801462449E-17
  0.3237870000000E+14   0.4548376379079E-17
  0.3319170000000E+14   0.4059114493654E-17
  0.3402530000000E+14   0.3599767907030E-17
  0.3487970000000E+14   0.3163000062195E-17
  0.3575560000000E+14   0.2732074388937E-17
  0.3665350000000E+14   0.2306849424482E-17
  0.3757390000000E+14   0.1824129879801E-17
  0.3851740000000E+14   0.1477820416893E-17
  0.3948470000000E+14   0.1146762146701E-17
  0.4047620000000E+14   0.9099328582801E-18
  0.4149260000000E+14   0.8335545284218E-18
  0.4253460000000E+14   0.7663556216979E-18
  0.4360270000000E+14   0.7568456921722E-18
  0.4469770000000E+14   0.7483481190511E-18
  0.4582010000000E+14   0.7415634597932E-18
  0.4697070000000E+14   0.7357600713295E-18
  0.4815020000000E+14   0.7287894861264E-18
  0.4935940000000E+14   0.7206257632402E-18
  0.5059890000000E+14   0.7133448877850E-18
  0.5186950000000E+14   0.7080802526978E-18
  0.5317200000000E+14   0.7032019108728E-18
  0.5450730000000E+14   0.7016082637045E-18
  0.6258450000000E+14   0.7159654594801E-18
  0.7185870000000E+14   0.7564207806649E-18
  0.8250720000000E+14   0.7959264150958E-18
  0.9473370000000E+14   0.8280556712625E-18
  0.1087720000000E+15   0.8563672513931E-18
  0.1248910000000E+15   0.8847580289734E-18
  0.1433980000000E+15   0.9155573660247E-18
  0.1646470000000E+15   0.9529929322678E-18
  0.1890460000000E+15   0.1004244442870E-17
  0.2170600000000E+15   0.1073852224192E-17
  0.2492250000000E+15   0.1168014284248E-17
  0.2861570000000E+15   0.1288876647280E-17
  0.3285620000000E+15   0.1431325809033E-17
  0.3772500000000E+15   0.1583834718423E-17
  0.4331540000000E+15   0.1728271149194E-17
  0.4973410000000E+15   0.1840566478261E-17
  0.5710410000000E+15   0.1894046342071E-17
  0.6556610000000E+15   0.1865464993496E-17
  0.7528220000000E+15   0.1741575500633E-17
  0.8643800000000E+15   0.1525496487563E-17
  0.9924690000000E+15   0.1239530727774E-17
  0.1139540000000E+16   0.9220858844792E-18
  0.1308400000000E+16   0.6192422242584E-18
  0.1502290000000E+16   0.3692756317627E-18
  0.1724910000000E+16   0.1919787240325E-18
  0.1980520000000E+16   0.8520141064303E-19
  0.2274010000000E+16   0.3153270419675E-19
  0.2610990000000E+16   0.9472112728354E-20
  0.2997900000000E+16   0.2239074740621E-20
