mstar = 2 Msun, Rstar = 2.5 Rsun, Tstar = 10000, mdisk = 0.0025693 Msun, Rc = 150 AU, Rin = 0.5 AU, Rout = 250 AU, inclination = 45 degree, powerlaw = -0.5 
         130
  
  0.2997900000000E+11   0.3606187267213E-23
  0.3951060000000E+11   0.8210837040020E-23
  0.5207280000000E+11   0.1868189941125E-22
  0.6862910000000E+11   0.4245629636972E-22
  0.9044930000000E+11   0.9631698029714E-22
  0.1192070000000E+12   0.2179685358601E-21
  0.1571080000000E+12   0.4916143253905E-21
  0.2070600000000E+12   0.1103762775506E-20
  0.2728930000000E+12   0.2462987615639E-20
  0.3596580000000E+12   0.5944694121330E-20
  0.4740100000000E+12   0.1714561413165E-19
  0.6247180000000E+12   0.4874386669712E-19
  0.8233440000000E+12   0.1356733801628E-18
  0.1085120000000E+13   0.3674470058204E-18
  0.1430130000000E+13   0.9569814956602E-18
  0.1884830000000E+13   0.2363518020736E-17
  0.2484100000000E+13   0.5420550273153E-17
  0.3273910000000E+13   0.1115809720585E-16
  0.4314820000000E+13   0.1976573216284E-16
  0.5686700000000E+13   0.2829367190670E-16
  0.7494750000000E+13   0.3087914594027E-16
  0.7682960000000E+13   0.3070058479808E-16
  0.7875890000000E+13   0.3045038566797E-16
  0.8073670000000E+13   0.3012939258513E-16
  0.8276410000000E+13   0.2974444877029E-16
  0.8484250000000E+13   0.2930656772593E-16
  0.8697300000000E+13   0.2885796177278E-16
  0.8915700000000E+13   0.2835689289495E-16
  0.9139590000000E+13   0.2786379321524E-16
  0.9369100000000E+13   0.2733731904462E-16
  0.9604380000000E+13   0.2680338440141E-16
  0.9845560000000E+13   0.2626495846608E-16
  0.1009280000000E+14   0.2570093651848E-16
  0.1034620000000E+14   0.2513504293452E-16
  0.1060610000000E+14   0.2454825003563E-16
  0.1087240000000E+14   0.2399496727367E-16
  0.1114540000000E+14   0.2343529093315E-16
  0.1142530000000E+14   0.2289294233038E-16
  0.1171220000000E+14   0.2236456964171E-16
  0.1200630000000E+14   0.2183368303060E-16
  0.1230780000000E+14   0.2131654624212E-16
  0.1261690000000E+14   0.2079400532435E-16
  0.1293370000000E+14   0.2032820061811E-16
  0.1325850000000E+14   0.1986249626604E-16
  0.1359150000000E+14   0.1941845464299E-16
  0.1393280000000E+14   0.1898670663598E-16
  0.1428260000000E+14   0.1856617926489E-16
  0.1464130000000E+14   0.1819508958765E-16
  0.1500900000000E+14   0.1781000140830E-16
  0.1538590000000E+14   0.1732174844908E-16
  0.1577220000000E+14   0.1682458239588E-16
  0.1616830000000E+14   0.1604058770975E-16
  0.1657430000000E+14   0.1511440820908E-16
  0.1699050000000E+14   0.1412601630877E-16
  0.1741720000000E+14   0.1292689082072E-16
  0.1785460000000E+14   0.1180241591685E-16
  0.1830290000000E+14   0.1062919159310E-16
  0.1876260000000E+14   0.9531114460565E-17
  0.1923370000000E+14   0.8553250533578E-17
  0.1971670000000E+14   0.7667598172715E-17
  0.2021180000000E+14   0.6898312731255E-17
  0.2071940000000E+14   0.6292939822843E-17
  0.2123970000000E+14   0.5739071480094E-17
  0.2177310000000E+14   0.5656908756524E-17
  0.2231980000000E+14   0.5567013820783E-17
  0.2288030000000E+14   0.5614097156301E-17
  0.2345490000000E+14   0.5695276905758E-17
  0.2404390000000E+14   0.5789961951499E-17
  0.2464770000000E+14   0.5922538507955E-17
  0.2526660000000E+14   0.6021852669099E-17
  0.2590110000000E+14   0.6140528828008E-17
  0.2655150000000E+14   0.6224834256392E-17
  0.2721830000000E+14   0.6374400381071E-17
  0.2790180000000E+14   0.6520273688077E-17
  0.2860240000000E+14   0.6598540494269E-17
  0.2932070000000E+14   0.6604701462400E-17
  0.3005700000000E+14   0.6583610584125E-17
  0.3081180000000E+14   0.6428163340133E-17
  0.3158550000000E+14   0.6278165999569E-17
  0.3237870000000E+14   0.5634033481181E-17
  0.3319170000000E+14   0.4882535226656E-17
  0.3402530000000E+14   0.4191221012922E-17
  0.3487970000000E+14   0.3555087569696E-17
  0.3575560000000E+14   0.2961757254083E-17
  0.3665350000000E+14   0.2429693981319E-17
  0.3757390000000E+14   0.1916345766260E-17
  0.3851740000000E+14   0.1606261202734E-17
  0.3948470000000E+14   0.1353999893213E-17
  0.4047620000000E+14   0.1191947562114E-17
  0.4149260000000E+14   0.1136314858976E-17
  0.4253460000000E+14   0.1089130612830E-17
  0.4360270000000E+14   0.1076890786936E-17
  0.4469770000000E+14   0.1066527280785E-17
  0.4582010000000E+14   0.1058249482053E-17
  0.4697070000000E+14   0.1051501868425E-17
  0.4815020000000E+14   0.1044937348269E-17
  0.4935940000000E+14   0.1038408392149E-17
  0.5059890000000E+14   0.1032930181355E-17
  0.5186950000000E+14   0.1028966673350E-17
  0.5317200000000E+14   0.1025535960714E-17
  0.5450730000000E+14   0.1024088102838E-17
  0.6258450000000E+14   0.1028953070883E-17
  0.7185870000000E+14   0.1042395163098E-17
  0.8250720000000E+14   0.1044693351933E-17
  0.9473370000000E+14   0.1031786340028E-17
  0.1087720000000E+15   0.1009587346350E-17
  0.1248910000000E+15   0.9879243419612E-18
  0.1433980000000E+15   0.9758016216587E-18
  0.1646470000000E+15   0.9822123716640E-18
  0.1890460000000E+15   0.1015666604297E-17
  0.2170600000000E+15   0.1077818972283E-17
  0.2492250000000E+15   0.1169852666067E-17
  0.2861570000000E+15   0.1289968807321E-17
  0.3285620000000E+15   0.1431716923768E-17
  0.3772500000000E+15   0.1583577878496E-17
  0.4331540000000E+15   0.1727437134458E-17
  0.4973410000000E+15   0.1839182381335E-17
  0.5710410000000E+15   0.1892045250988E-17
  0.6556610000000E+15   0.1862602707086E-17
  0.7528220000000E+15   0.1737337858465E-17
  0.8643800000000E+15   0.1520335429793E-17
  0.9924690000000E+15   0.1234794922970E-17
  0.1139540000000E+16   0.9172242316804E-18
  0.1308400000000E+16   0.6161793575413E-18
  0.1502290000000E+16   0.3677656542305E-18
  0.1724910000000E+16   0.1913899767526E-18
  0.1980520000000E+16   0.8492567525420E-19
  0.2274010000000E+16   0.3143300832417E-19
  0.2610990000000E+16   0.9442717180245E-20
  0.2997900000000E+16   0.2232224678400E-20
