mstar = 2 Msun, Rstar = 2.5 Rsun, Tstar = 10000, mdisk = 0.0022344 Msun, Rc = 150 AU, Rin = 0.5 AU, Rout = 250 AU, inclination = 45 degree, powerlaw = -0.5 
         130
  
  0.2997900000000E+11   0.3176222228242E-23
  0.3951060000000E+11   0.7230392892943E-23
  0.5207280000000E+11   0.1644899141038E-22
  0.6862910000000E+11   0.3737937350279E-22
  0.9044930000000E+11   0.8479892931046E-22
  0.1192070000000E+12   0.1919132273711E-21
  0.1571080000000E+12   0.4328997782068E-21
  0.2070600000000E+12   0.9721268756859E-21
  0.2728930000000E+12   0.2169870387341E-20
  0.3596580000000E+12   0.5239362496065E-20
  0.4740100000000E+12   0.1512054044242E-19
  0.6247180000000E+12   0.4302536290668E-19
  0.8233440000000E+12   0.1199142775339E-18
  0.1085120000000E+13   0.3254020311154E-18
  0.1430130000000E+13   0.8499797422959E-18
  0.1884830000000E+13   0.2108768385939E-17
  0.2484100000000E+13   0.4870640832669E-17
  0.3273910000000E+13   0.1013857973392E-16
  0.4314820000000E+13   0.1827594389982E-16
  0.5686700000000E+13   0.2683560502864E-16
  0.7494750000000E+13   0.3017789385461E-16
  0.7682960000000E+13   0.3007804315759E-16
  0.7875890000000E+13   0.2990379456219E-16
  0.8073670000000E+13   0.2965497853810E-16
  0.8276410000000E+13   0.2933770944951E-16
  0.8484250000000E+13   0.2896252889631E-16
  0.8697300000000E+13   0.2857214435057E-16
  0.8915700000000E+13   0.2812295984564E-16
  0.9139590000000E+13   0.2767638065447E-16
  0.9369100000000E+13   0.2718955386625E-16
  0.9604380000000E+13   0.2668863262698E-16
  0.9845560000000E+13   0.2617639245045E-16
  0.1009280000000E+14   0.2563170491362E-16
  0.1034620000000E+14   0.2507879593797E-16
  0.1060610000000E+14   0.2449924830134E-16
  0.1087240000000E+14   0.2394763766829E-16
  0.1114540000000E+14   0.2338510535485E-16
  0.1142530000000E+14   0.2283578776242E-16
  0.1171220000000E+14   0.2229719732683E-16
  0.1200630000000E+14   0.2175416254506E-16
  0.1230780000000E+14   0.2122338267724E-16
  0.1261690000000E+14   0.2068709055045E-16
  0.1293370000000E+14   0.2020608013631E-16
  0.1325850000000E+14   0.1972613417181E-16
  0.1359150000000E+14   0.1926859977050E-16
  0.1393280000000E+14   0.1882480791241E-16
  0.1428260000000E+14   0.1839400293557E-16
  0.1464130000000E+14   0.1801339463908E-16
  0.1500900000000E+14   0.1762157757962E-16
  0.1538590000000E+14   0.1713163441591E-16
  0.1577220000000E+14   0.1663484268595E-16
  0.1616830000000E+14   0.1585988157452E-16
  0.1657430000000E+14   0.1494698583697E-16
  0.1699050000000E+14   0.1397381008998E-16
  0.1741720000000E+14   0.1279513709496E-16
  0.1785460000000E+14   0.1168955424770E-16
  0.1830290000000E+14   0.1053653532536E-16
  0.1876260000000E+14   0.9456978060362E-17
  0.1923370000000E+14   0.8494929859437E-17
  0.1971670000000E+14   0.7622957099328E-17
  0.2021180000000E+14   0.6864671604496E-17
  0.2071940000000E+14   0.6266631808252E-17
  0.2123970000000E+14   0.5719111391200E-17
  0.2177310000000E+14   0.5633167885728E-17
  0.2231980000000E+14   0.5540750456457E-17
  0.2288030000000E+14   0.5583889124182E-17
  0.2345490000000E+14   0.5661897006238E-17
  0.2404390000000E+14   0.5754239837995E-17
  0.2464770000000E+14   0.5884882364146E-17
  0.2526660000000E+14   0.5983323818875E-17
  0.2590110000000E+14   0.6101371175345E-17
  0.2655150000000E+14   0.6185829377151E-17
  0.2721830000000E+14   0.6335094337355E-17
  0.2790180000000E+14   0.6481058998310E-17
  0.2860240000000E+14   0.6560068830621E-17
  0.2932070000000E+14   0.6567732528932E-17
  0.3005700000000E+14   0.6548340382430E-17
  0.3081180000000E+14   0.6395881805092E-17
  0.3158550000000E+14   0.6248775654687E-17
  0.3237870000000E+14   0.5611812657559E-17
  0.3319170000000E+14   0.4867192004100E-17
  0.3402530000000E+14   0.4181486486565E-17
  0.3487970000000E+14   0.3550084970947E-17
  0.3575560000000E+14   0.2960335342595E-17
  0.3665350000000E+14   0.2430592850371E-17
  0.3757390000000E+14   0.1919236718193E-17
  0.3851740000000E+14   0.1609866889228E-17
  0.3948470000000E+14   0.1357330039528E-17
  0.4047620000000E+14   0.1194708919716E-17
  0.4149260000000E+14   0.1138721142713E-17
  0.4253460000000E+14   0.1091115018729E-17
  0.4360270000000E+14   0.1078635055300E-17
  0.4469770000000E+14   0.1068032980887E-17
  0.4582010000000E+14   0.1059520028060E-17
  0.4697070000000E+14   0.1052534169980E-17
  0.4815020000000E+14   0.1045711380184E-17
  0.4935940000000E+14   0.1038899717987E-17
  0.5059890000000E+14   0.1033128739180E-17
  0.5186950000000E+14   0.1028873500174E-17
  0.5317200000000E+14   0.1025139371649E-17
  0.5450730000000E+14   0.1023405472626E-17
  0.6258450000000E+14   0.1026764243474E-17
  0.7185870000000E+14   0.1039006590482E-17
  0.8250720000000E+14   0.1040522564061E-17
  0.9473370000000E+14   0.1027486735943E-17
  0.1087720000000E+15   0.1005924086017E-17
  0.1248910000000E+15   0.9854733170165E-18
  0.1433980000000E+15   0.9747498848084E-18
  0.1646470000000E+15   0.9823686512306E-18
  0.1890460000000E+15   0.1016633799130E-17
  0.2170600000000E+15   0.1079195952382E-17
  0.2492250000000E+15   0.1171300809449E-17
  0.2861570000000E+15   0.1291220573650E-17
  0.3285620000000E+15   0.1432637623628E-17
  0.3772500000000E+15   0.1584189264716E-17
  0.4331540000000E+15   0.1727829678117E-17
  0.4973410000000E+15   0.1839445886352E-17
  0.5710410000000E+15   0.1892264676161E-17
  0.6556610000000E+15   0.1862853072155E-17
  0.7528220000000E+15   0.1737687446107E-17
  0.8643800000000E+15   0.1520757085048E-17
  0.9924690000000E+15   0.1235181377086E-17
  0.1139540000000E+16   0.9176206457115E-18
  0.1308400000000E+16   0.6164291359556E-18
  0.1502290000000E+16   0.3678888423621E-18
  0.1724910000000E+16   0.1914380310218E-18
  0.1980520000000E+16   0.8494817935355E-19
  0.2274010000000E+16   0.3144114526655E-19
  0.2610990000000E+16   0.9445116440114E-20
  0.2997900000000E+16   0.2232783790717E-20
