mstar = 2 Msun, Rstar = 2.5 Rsun, Tstar = 10000, mdisk = 0.0025671 Msun, Rc = 150 AU, Rin = 0.5 AU, Rout = 250 AU, inclination = 45 degree, powerlaw = -0.5 
         130
  
  0.2997900000000E+11   0.3604209594194E-23
  0.3951060000000E+11   0.8206334906493E-23
  0.5207280000000E+11   0.1867166877913E-22
  0.6862910000000E+11   0.4243310377993E-22
  0.9044930000000E+11   0.9626457048873E-22
  0.1192070000000E+12   0.2178506070297E-21
  0.1571080000000E+12   0.4913504813260E-21
  0.2070600000000E+12   0.1103176959807E-20
  0.2728930000000E+12   0.2461700465744E-20
  0.3596580000000E+12   0.5941653422218E-20
  0.4740100000000E+12   0.1713710194341E-19
  0.6247180000000E+12   0.4872069400201E-19
  0.8233440000000E+12   0.1356128339346E-18
  0.1085120000000E+13   0.3672984064569E-18
  0.1430130000000E+13   0.9566565351313E-18
  0.1884830000000E+13   0.2362939659275E-17
  0.2484100000000E+13   0.5420001102667E-17
  0.3273910000000E+13   0.1115942310607E-16
  0.4314820000000E+13   0.1977467180229E-16
  0.5686700000000E+13   0.2832018195913E-16
  0.7494750000000E+13   0.3092682352174E-16
  0.7682960000000E+13   0.3074967997189E-16
  0.7875890000000E+13   0.3050073878428E-16
  0.8073670000000E+13   0.3018082438931E-16
  0.8276410000000E+13   0.2979678074060E-16
  0.8484250000000E+13   0.2935961937209E-16
  0.8697300000000E+13   0.2891160841827E-16
  0.8915700000000E+13   0.2841092993086E-16
  0.9139590000000E+13   0.2791810657917E-16
  0.9369100000000E+13   0.2739171600766E-16
  0.9604380000000E+13   0.2685772327153E-16
  0.9845560000000E+13   0.2631907794058E-16
  0.1009280000000E+14   0.2575464667155E-16
  0.1034620000000E+14   0.2518819021944E-16
  0.1060610000000E+14   0.2460066478130E-16
  0.1087240000000E+14   0.2404656001796E-16
  0.1114540000000E+14   0.2348591865236E-16
  0.1142530000000E+14   0.2294250460048E-16
  0.1171220000000E+14   0.2241296556167E-16
  0.1200630000000E+14   0.2188081787096E-16
  0.1230780000000E+14   0.2136235421829E-16
  0.1261690000000E+14   0.2083841205779E-16
  0.1293370000000E+14   0.2037120252846E-16
  0.1325850000000E+14   0.1990405257014E-16
  0.1359150000000E+14   0.1945854563492E-16
  0.1393280000000E+14   0.1902531272151E-16
  0.1428260000000E+14   0.1860328367573E-16
  0.1464130000000E+14   0.1823070427731E-16
  0.1500900000000E+14   0.1784410205595E-16
  0.1538590000000E+14   0.1735422684081E-16
  0.1577220000000E+14   0.1685543712016E-16
  0.1616830000000E+14   0.1606959054492E-16
  0.1657430000000E+14   0.1514149726848E-16
  0.1699050000000E+14   0.1415118838200E-16
  0.1741720000000E+14   0.1295010405841E-16
  0.1785460000000E+14   0.1182382710793E-16
  0.1830290000000E+14   0.1064892257537E-16
  0.1876260000000E+14   0.9549445254840E-17
  0.1923370000000E+14   0.8570353489820E-17
  0.1971670000000E+14   0.7683536550729E-17
  0.2021180000000E+14   0.6913218428951E-17
  0.2071940000000E+14   0.6306957933918E-17
  0.2123970000000E+14   0.5752322274466E-17
  0.2177310000000E+14   0.5669834080140E-17
  0.2231980000000E+14   0.5579623462889E-17
  0.2288030000000E+14   0.5626447739152E-17
  0.2345490000000E+14   0.5707303409313E-17
  0.2404390000000E+14   0.5801515663711E-17
  0.2464770000000E+14   0.5933476086653E-17
  0.2526660000000E+14   0.6032170403763E-17
  0.2590110000000E+14   0.6150321545038E-17
  0.2655150000000E+14   0.6234111187268E-17
  0.2721830000000E+14   0.6383199056680E-17
  0.2790180000000E+14   0.6528702616429E-17
  0.2860240000000E+14   0.6606560692933E-17
  0.2932070000000E+14   0.6612364746233E-17
  0.3005700000000E+14   0.6591006589006E-17
  0.3081180000000E+14   0.6435322941231E-17
  0.3158550000000E+14   0.6285115257129E-17
  0.3237870000000E+14   0.5640932559300E-17
  0.3319170000000E+14   0.4889637594325E-17
  0.3402530000000E+14   0.4198558017952E-17
  0.3487970000000E+14   0.3562884377316E-17
  0.3575560000000E+14   0.2969939380043E-17
  0.3665350000000E+14   0.2437658971304E-17
  0.3757390000000E+14   0.1924258750133E-17
  0.3851740000000E+14   0.1613713404444E-17
  0.3948470000000E+14   0.1360874485884E-17
  0.4047620000000E+14   0.1198309584392E-17
  0.4149260000000E+14   0.1142395099545E-17
  0.4253460000000E+14   0.1094960750180E-17
  0.4360270000000E+14   0.1082496136890E-17
  0.4469770000000E+14   0.1071919875398E-17
  0.4582010000000E+14   0.1063442472388E-17
  0.4697070000000E+14   0.1056508433251E-17
  0.4815020000000E+14   0.1049771075307E-17
  0.4935940000000E+14   0.1043083797260E-17
  0.5059890000000E+14   0.1037460906383E-17
  0.5186950000000E+14   0.1033364938491E-17
  0.5317200000000E+14   0.1029814570239E-17
  0.5450730000000E+14   0.1028256960532E-17
  0.6258450000000E+14   0.1032646820272E-17
  0.7185870000000E+14   0.1045716972716E-17
  0.8250720000000E+14   0.1047616943771E-17
  0.9473370000000E+14   0.1034214213020E-17
  0.1087720000000E+15   0.1011413881421E-17
  0.1248910000000E+15   0.9890900781640E-18
  0.1433980000000E+15   0.9763246768906E-18
  0.1646470000000E+15   0.9821944128635E-18
  0.1890460000000E+15   0.1015271168766E-17
  0.2170600000000E+15   0.1077238303940E-17
  0.2492250000000E+15   0.1169258136991E-17
  0.2861570000000E+15   0.1289472039699E-17
  0.3285620000000E+15   0.1431368833940E-17
  0.3772500000000E+15   0.1583374400691E-17
  0.4331540000000E+15   0.1727339493800E-17
  0.4973410000000E+15   0.1839143233441E-17
  0.5710410000000E+15   0.1892029905775E-17
  0.6556610000000E+15   0.1862593564797E-17
  0.7528220000000E+15   0.1737327719097E-17
  0.8643800000000E+15   0.1520323601912E-17
  0.9924690000000E+15   0.1234784117977E-17
  0.1139540000000E+16   0.9172131532707E-18
  0.1308400000000E+16   0.6161723772266E-18
  0.1502290000000E+16   0.3677622114959E-18
  0.1724910000000E+16   0.1913886337241E-18
  0.1980520000000E+16   0.8492504631051E-19
  0.2274010000000E+16   0.3143278091251E-19
  0.2610990000000E+16   0.9442650125448E-20
  0.2997900000000E+16   0.2232209052234E-20
