mstar = 2 Msun, Rstar = 2.5 Rsun, Tstar = 10000, mdisk = 0.0035896 Msun, Rc = 150 AU, Rin = 0.5 AU, Rout = 250 AU, inclination = 45 degree, powerlaw = -0.5 
         130
  
  0.2997900000000E+11   0.4864084488123E-23
  0.3951060000000E+11   0.1107870444386E-22
  0.5207280000000E+11   0.2521180397611E-22
  0.6862910000000E+11   0.5729869616041E-22
  0.9044930000000E+11   0.1299764567879E-21
  0.1192070000000E+12   0.2940699008369E-21
  0.1571080000000E+12   0.6629839766046E-21
  0.2070600000000E+12   0.1487605206485E-20
  0.2728930000000E+12   0.3316626750241E-20
  0.3596580000000E+12   0.7995253938266E-20
  0.4740100000000E+12   0.2301789830061E-19
  0.6247180000000E+12   0.6526543456616E-19
  0.8233440000000E+12   0.1809592453574E-18
  0.1085120000000E+13   0.4873048171026E-18
  0.1430130000000E+13   0.1258302716006E-17
  0.1884830000000E+13   0.3067211249628E-17
  0.2484100000000E+13   0.6892655258362E-17
  0.3273910000000E+13   0.1374707414694E-16
  0.4314820000000E+13   0.2321013649783E-16
  0.5686700000000E+13   0.3110341088759E-16
  0.7494750000000E+13   0.3175370336061E-16
  0.7682960000000E+13   0.3142509350364E-16
  0.7875890000000E+13   0.3103919575958E-16
  0.8073670000000E+13   0.3059832590917E-16
  0.8276410000000E+13   0.3010993639789E-16
  0.8484250000000E+13   0.2958503423716E-16
  0.8697300000000E+13   0.2906431845211E-16
  0.8915700000000E+13   0.2850854191952E-16
  0.9139590000000E+13   0.2797616827519E-16
  0.9369100000000E+13   0.2742694204520E-16
  0.9604380000000E+13   0.2688569038588E-16
  0.9845560000000E+13   0.2635456955773E-16
  0.1009280000000E+14   0.2581034566430E-16
  0.1034620000000E+14   0.2527526739831E-16
  0.1060610000000E+14   0.2472712901895E-16
  0.1087240000000E+14   0.2422119968670E-16
  0.1114540000000E+14   0.2371303033430E-16
  0.1142530000000E+14   0.2322579946283E-16
  0.1171220000000E+14   0.2275387276833E-16
  0.1200630000000E+14   0.2227740160382E-16
  0.1230780000000E+14   0.2181242337229E-16
  0.1261690000000E+14   0.2133680070328E-16
  0.1293370000000E+14   0.2091718030650E-16
  0.1325850000000E+14   0.2049120344008E-16
  0.1359150000000E+14   0.2008184899379E-16
  0.1393280000000E+14   0.1967875627669E-16
  0.1428260000000E+14   0.1928086378790E-16
  0.1464130000000E+14   0.1892939244694E-16
  0.1500900000000E+14   0.1855660252090E-16
  0.1538590000000E+14   0.1806832064038E-16
  0.1577220000000E+14   0.1756613641464E-16
  0.1616830000000E+14   0.1675603912693E-16
  0.1657430000000E+14   0.1579289857653E-16
  0.1699050000000E+14   0.1476195263980E-16
  0.1741720000000E+14   0.1350591896310E-16
  0.1785460000000E+14   0.1232734636844E-16
  0.1830290000000E+14   0.1109508827152E-16
  0.1876260000000E+14   0.9940663680035E-17
  0.1923370000000E+14   0.8912182344156E-17
  0.1971670000000E+14   0.7980068505421E-17
  0.2021180000000E+14   0.7170421272689E-17
  0.2071940000000E+14   0.6535008768754E-17
  0.2123970000000E+14   0.5953420272437E-17
  0.2177310000000E+14   0.5877062034365E-17
  0.2231980000000E+14   0.5789862255096E-17
  0.2288030000000E+14   0.5846071058759E-17
  0.2345490000000E+14   0.5935415198065E-17
  0.2404390000000E+14   0.6036264624179E-17
  0.2464770000000E+14   0.6174654048629E-17
  0.2526660000000E+14   0.6276337209783E-17
  0.2590110000000E+14   0.6396974992938E-17
  0.2655150000000E+14   0.6480736077623E-17
  0.2721830000000E+14   0.6631579623850E-17
  0.2790180000000E+14   0.6777672096406E-17
  0.2860240000000E+14   0.6852899768063E-17
  0.2932070000000E+14   0.6852948454277E-17
  0.3005700000000E+14   0.6824510298208E-17
  0.3081180000000E+14   0.6656827531533E-17
  0.3158550000000E+14   0.6494921051347E-17
  0.3237870000000E+14   0.5822154704135E-17
  0.3319170000000E+14   0.5039107861016E-17
  0.3402530000000E+14   0.4318910849222E-17
  0.3487970000000E+14   0.3656647151615E-17
  0.3575560000000E+14   0.3039185996481E-17
  0.3665350000000E+14   0.2485063492370E-17
  0.3757390000000E+14   0.1950475364266E-17
  0.3851740000000E+14   0.1626734531286E-17
  0.3948470000000E+14   0.1363404527497E-17
  0.4047620000000E+14   0.1194691240544E-17
  0.4149260000000E+14   0.1137550270967E-17
  0.4253460000000E+14   0.1089440461499E-17
  0.4360270000000E+14   0.1077779238415E-17
  0.4469770000000E+14   0.1068036162863E-17
  0.4582010000000E+14   0.1060425752513E-17
  0.4697070000000E+14   0.1054371978542E-17
  0.4815020000000E+14   0.1048502336294E-17
  0.4935940000000E+14   0.1042676854746E-17
  0.5059890000000E+14   0.1037927614949E-17
  0.5186950000000E+14   0.1034714647578E-17
  0.5317200000000E+14   0.1032040450382E-17
  0.5450730000000E+14   0.1031350463833E-17
  0.6258450000000E+14   0.1040043804043E-17
  0.7185870000000E+14   0.1056207665728E-17
  0.8250720000000E+14   0.1060031580065E-17
  0.9473370000000E+14   0.1047384454118E-17
  0.1087720000000E+15   0.1024118465587E-17
  0.1248910000000E+15   0.1000294249655E-17
  0.1433980000000E+15   0.9853568420760E-18
  0.1646470000000E+15   0.9887594591652E-18
  0.1890460000000E+15   0.1019395826934E-17
  0.2170600000000E+15   0.1079192790185E-17
  0.2492250000000E+15   0.1169638673274E-17
  0.2861570000000E+15   0.1289003337751E-17
  0.3285620000000E+15   0.1430591740581E-17
  0.3772500000000E+15   0.1582580398765E-17
  0.4331540000000E+15   0.1726662782036E-17
  0.4973410000000E+15   0.1838592515313E-17
  0.5710410000000E+15   0.1891494963425E-17
  0.6556610000000E+15   0.1861925888604E-17
  0.7528220000000E+15   0.1736366633890E-17
  0.8643800000000E+15   0.1519157334511E-17
  0.9924690000000E+15   0.1233714458392E-17
  0.1139540000000E+16   0.9161160688279E-18
  0.1308400000000E+16   0.6154810686656E-18
  0.1502290000000E+16   0.3674212191512E-18
  0.1724910000000E+16   0.1912555951962E-18
  0.1980520000000E+16   0.8486274523488E-19
  0.2274010000000E+16   0.3141025407475E-19
  0.2610990000000E+16   0.9436007798474E-20
  0.2997900000000E+16   0.2230661144679E-20
