mstar = 2 Msun, Rstar = 2.5 Rsun, Tstar = 10000, mdisk = 0.0022082 Msun, Rc = 150 AU, Rin = 0.5 AU, Rout = 250 AU, inclination = 45 degree, powerlaw = -0.5 
         130
  
  0.2997900000000E+11   0.3141893765128E-23
  0.3951060000000E+11   0.7152107652853E-23
  0.5207280000000E+11   0.1627068153851E-22
  0.6862910000000E+11   0.3697389472189E-22
  0.9044930000000E+11   0.8387883884108E-22
  0.1192070000000E+12   0.1898313277117E-21
  0.1571080000000E+12   0.4282066913426E-21
  0.2070600000000E+12   0.9616002934483E-21
  0.2728930000000E+12   0.2146415964603E-20
  0.3596580000000E+12   0.5182874933294E-20
  0.4740100000000E+12   0.1495815961947E-19
  0.6247180000000E+12   0.4256601365570E-19
  0.8233440000000E+12   0.1186451060352E-18
  0.1085120000000E+13   0.3220022199040E-18
  0.1430130000000E+13   0.8412760563814E-18
  0.1884830000000E+13   0.2087853093253E-17
  0.2484100000000E+13   0.4824768509270E-17
  0.3273910000000E+13   0.1005114202604E-16
  0.4314820000000E+13   0.1814106992656E-16
  0.5686700000000E+13   0.2668623534965E-16
  0.7494750000000E+13   0.3007283306488E-16
  0.7682960000000E+13   0.2997833000007E-16
  0.7875890000000E+13   0.2980932608937E-16
  0.8073670000000E+13   0.2956556635490E-16
  0.8276410000000E+13   0.2925310870238E-16
  0.8484250000000E+13   0.2888244886026E-16
  0.8697300000000E+13   0.2849632226350E-16
  0.8915700000000E+13   0.2805099352009E-16
  0.9139590000000E+13   0.2760792704581E-16
  0.9369100000000E+13   0.2712415889075E-16
  0.9604380000000E+13   0.2662585243292E-16
  0.9845560000000E+13   0.2611576361295E-16
  0.1009280000000E+14   0.2557275332200E-16
  0.1034620000000E+14   0.2502106671428E-16
  0.1060610000000E+14   0.2444236262676E-16
  0.1087240000000E+14   0.2389118275871E-16
  0.1114540000000E+14   0.2332878405093E-16
  0.1142530000000E+14   0.2277931519736E-16
  0.1171220000000E+14   0.2224032979704E-16
  0.1200630000000E+14   0.2169681675743E-16
  0.1230780000000E+14   0.2116548617913E-16
  0.1261690000000E+14   0.2062870197602E-16
  0.1293370000000E+14   0.2014708383129E-16
  0.1325850000000E+14   0.1966668888798E-16
  0.1359150000000E+14   0.1920881405721E-16
  0.1393280000000E+14   0.1876487555490E-16
  0.1428260000000E+14   0.1833411082951E-16
  0.1464130000000E+14   0.1795357948568E-16
  0.1500900000000E+14   0.1756218603493E-16
  0.1538590000000E+14   0.1707335435750E-16
  0.1577220000000E+14   0.1657792099622E-16
  0.1616830000000E+14   0.1580566557043E-16
  0.1657430000000E+14   0.1489616980887E-16
  0.1699050000000E+14   0.1392672435839E-16
  0.1741720000000E+14   0.1275269750199E-16
  0.1785460000000E+14   0.1165140679199E-16
  0.1830290000000E+14   0.1050290671269E-16
  0.1876260000000E+14   0.9427524631383E-17
  0.1923370000000E+14   0.8469108078591E-17
  0.1971670000000E+14   0.7600368325968E-17
  0.2021180000000E+14   0.6844889224690E-17
  0.2071940000000E+14   0.6249068983507E-17
  0.2123970000000E+14   0.5703572053761E-17
  0.2177310000000E+14   0.5618297678245E-17
  0.2231980000000E+14   0.5526549388606E-17
  0.2288030000000E+14   0.5569991095651E-17
  0.2345490000000E+14   0.5648166935643E-17
  0.2404390000000E+14   0.5740688967118E-17
  0.2464770000000E+14   0.5871319088574E-17
  0.2526660000000E+14   0.5969742817627E-17
  0.2590110000000E+14   0.6087696203281E-17
  0.2655150000000E+14   0.6172047064439E-17
  0.2721830000000E+14   0.6320864780448E-17
  0.2790180000000E+14   0.6466246757880E-17
  0.2860240000000E+14   0.6544831921376E-17
  0.2932070000000E+14   0.6552311860179E-17
  0.3005700000000E+14   0.6532889896632E-17
  0.3081180000000E+14   0.6380742864286E-17
  0.3158550000000E+14   0.6233888163033E-17
  0.3237870000000E+14   0.5598631406929E-17
  0.3319170000000E+14   0.4856409601049E-17
  0.3402530000000E+14   0.4172732401014E-17
  0.3487970000000E+14   0.3542893311875E-17
  0.3575560000000E+14   0.2954331023754E-17
  0.3665350000000E+14   0.2425635924204E-17
  0.3757390000000E+14   0.1915317958600E-17
  0.3851740000000E+14   0.1606245822007E-17
  0.3948470000000E+14   0.1353968009518E-17
  0.4047620000000E+14   0.1191134777391E-17
  0.4149260000000E+14   0.1134851772611E-17
  0.4253460000000E+14   0.1086927678885E-17
  0.4360270000000E+14   0.1074273733735E-17
  0.4469770000000E+14   0.1063496142910E-17
  0.4582010000000E+14   0.1054811314420E-17
  0.4697070000000E+14   0.1047656977233E-17
  0.4815020000000E+14   0.1040664761836E-17
  0.4935940000000E+14   0.1033685388799E-17
  0.5059890000000E+14   0.1027755454850E-17
  0.5186950000000E+14   0.1023355437871E-17
  0.5317200000000E+14   0.1019485655988E-17
  0.5450730000000E+14   0.1017637840722E-17
  0.6258450000000E+14   0.1020653460316E-17
  0.7185870000000E+14   0.1033011210886E-17
  0.8250720000000E+14   0.1034953540446E-17
  0.9473370000000E+14   0.1022541499169E-17
  0.1087720000000E+15   0.1001711042677E-17
  0.1248910000000E+15   0.9820276248965E-18
  0.1433980000000E+15   0.9720713719063E-18
  0.1646470000000E+15   0.9804339265467E-18
  0.1890460000000E+15   0.1015379820379E-17
  0.2170600000000E+15   0.1078520864864E-17
  0.2492250000000E+15   0.1171049619141E-17
  0.2861570000000E+15   0.1291217508343E-17
  0.3285620000000E+15   0.1432733358245E-17
  0.3772500000000E+15   0.1584290861497E-17
  0.4331540000000E+15   0.1727902000634E-17
  0.4973410000000E+15   0.1839490155907E-17
  0.5710410000000E+15   0.1892296135150E-17
  0.6556610000000E+15   0.1862886010970E-17
  0.7528220000000E+15   0.1737732684294E-17
  0.8643800000000E+15   0.1520811653205E-17
  0.9924690000000E+15   0.1235231407656E-17
  0.1139540000000E+16   0.9176719727868E-18
  0.1308400000000E+16   0.6164614767016E-18
  0.1502290000000E+16   0.3679047918631E-18
  0.1724910000000E+16   0.1914442524442E-18
  0.1980520000000E+16   0.8495109290550E-19
  0.2274010000000E+16   0.3144219873339E-19
  0.2610990000000E+16   0.9445427064642E-20
  0.2997900000000E+16   0.2232856177059E-20
