mstar = 2 Msun, Rstar = 2.5 Rsun, Tstar = 10000, mdisk = 0.0040189 Msun, Rc = 150 AU, Rin = 0.5 AU, Rout = 250 AU, inclination = 45 degree, powerlaw = -0.5 
         130
  
  0.2997900000000E+11   0.5385039777476E-23
  0.3951060000000E+11   0.1226633128437E-22
  0.5207280000000E+11   0.2791565223638E-22
  0.6862910000000E+11   0.6344366235228E-22
  0.9044930000000E+11   0.1439094085375E-21
  0.1192070000000E+12   0.3255635400951E-21
  0.1571080000000E+12   0.7338804604971E-21
  0.2070600000000E+12   0.1646334951278E-20
  0.2728930000000E+12   0.3669429962800E-20
  0.3596580000000E+12   0.8842039527842E-20
  0.4740100000000E+12   0.2543958376964E-19
  0.6247180000000E+12   0.7206472264839E-19
  0.8233440000000E+12   0.1995358338161E-18
  0.1085120000000E+13   0.5362193118725E-18
  0.1430130000000E+13   0.1380245644458E-17
  0.1884830000000E+13   0.3348008330955E-17
  0.2484100000000E+13   0.7465973957855E-17
  0.3273910000000E+13   0.1471269995951E-16
  0.4314820000000E+13   0.2439430048628E-16
  0.5686700000000E+13   0.3191634327188E-16
  0.7494750000000E+13   0.3188871060394E-16
  0.7682960000000E+13   0.3151883574313E-16
  0.7875890000000E+13   0.3109772001129E-16
  0.8073670000000E+13   0.3062781646314E-16
  0.8276410000000E+13   0.3011643334589E-16
  0.8484250000000E+13   0.2957427481475E-16
  0.8697300000000E+13   0.2904159305940E-16
  0.8915700000000E+13   0.2847921336057E-16
  0.9139590000000E+13   0.2794522199280E-16
  0.9369100000000E+13   0.2739896772458E-16
  0.9604380000000E+13   0.2686484525060E-16
  0.9845560000000E+13   0.2634448973337E-16
  0.1009280000000E+14   0.2581356684186E-16
  0.1034620000000E+14   0.2529391669414E-16
  0.1060610000000E+14   0.2476213979566E-16
  0.1087240000000E+14   0.2427403964574E-16
  0.1114540000000E+14   0.2378356251973E-16
  0.1142530000000E+14   0.2331389745168E-16
  0.1171220000000E+14   0.2285879904348E-16
  0.1200630000000E+14   0.2239762820104E-16
  0.1230780000000E+14   0.2194656686273E-16
  0.1261690000000E+14   0.2148283944884E-16
  0.1293370000000E+14   0.2107442933406E-16
  0.1325850000000E+14   0.2065764945021E-16
  0.1359150000000E+14   0.2025600176917E-16
  0.1393280000000E+14   0.1985900019253E-16
  0.1428260000000E+14   0.1946569383434E-16
  0.1464130000000E+14   0.1911808556534E-16
  0.1500900000000E+14   0.1874754739567E-16
  0.1538590000000E+14   0.1825886664506E-16
  0.1577220000000E+14   0.1775531326482E-16
  0.1616830000000E+14   0.1693930018300E-16
  0.1657430000000E+14   0.1596800753032E-16
  0.1699050000000E+14   0.1492790813586E-16
  0.1741720000000E+14   0.1365993476211E-16
  0.1785460000000E+14   0.1247015865350E-16
  0.1830290000000E+14   0.1122600855858E-16
  0.1876260000000E+14   0.1006050064223E-16
  0.1923370000000E+14   0.9022337496020E-17
  0.1971670000000E+14   0.8081644700832E-17
  0.2021180000000E+14   0.7264880889140E-17
  0.2071940000000E+14   0.6624251958284E-17
  0.2123970000000E+14   0.6038022862592E-17
  0.2177310000000E+14   0.5961903080021E-17
  0.2231980000000E+14   0.5874420809022E-17
  0.2288030000000E+14   0.5931325011746E-17
  0.2345490000000E+14   0.6021340797525E-17
  0.2404390000000E+14   0.6122683095070E-17
  0.2464770000000E+14   0.6261593311641E-17
  0.2526660000000E+14   0.6363178706700E-17
  0.2590110000000E+14   0.6483664980352E-17
  0.2655150000000E+14   0.6566641224362E-17
  0.2721830000000E+14   0.6717251766550E-17
  0.2790180000000E+14   0.6863389642561E-17
  0.2860240000000E+14   0.6938034067294E-17
  0.2932070000000E+14   0.6936782709964E-17
  0.3005700000000E+14   0.6906890136819E-17
  0.3081180000000E+14   0.6736383046291E-17
  0.3158550000000E+14   0.6571691415118E-17
  0.3237870000000E+14   0.5891152406172E-17
  0.3319170000000E+14   0.5099379984303E-17
  0.3402530000000E+14   0.4371638470981E-17
  0.3487970000000E+14   0.3702169154988E-17
  0.3575560000000E+14   0.3077090671909E-17
  0.3665350000000E+14   0.2515763523795E-17
  0.3757390000000E+14   0.1975073283365E-17
  0.3851740000000E+14   0.1647935832223E-17
  0.3948470000000E+14   0.1382810903754E-17
  0.4047620000000E+14   0.1213127895483E-17
  0.4149260000000E+14   0.1154681622251E-17
  0.4253460000000E+14   0.1105387292575E-17
  0.4360270000000E+14   0.1092354977021E-17
  0.4469770000000E+14   0.1081383342330E-17
  0.4582010000000E+14   0.1072679725327E-17
  0.4697070000000E+14   0.1065666676446E-17
  0.4815020000000E+14   0.1058977757577E-17
  0.4935940000000E+14   0.1052466500746E-17
  0.5059890000000E+14   0.1047143879661E-17
  0.5186950000000E+14   0.1043454677150E-17
  0.5317200000000E+14   0.1040403268646E-17
  0.5450730000000E+14   0.1039405745243E-17
  0.6258450000000E+14   0.1047457771933E-17
  0.7185870000000E+14   0.1063882541429E-17
  0.8250720000000E+14   0.1068117492589E-17
  0.9473370000000E+14   0.1055547076986E-17
  0.1087720000000E+15   0.1031781527235E-17
  0.1248910000000E+15   0.1006895261422E-17
  0.1433980000000E+15   0.9904847103410E-18
  0.1646470000000E+15   0.9922257182144E-18
  0.1890460000000E+15   0.1021267819542E-17
  0.2170600000000E+15   0.1079772166954E-17
  0.2492250000000E+15   0.1169409824331E-17
  0.2861570000000E+15   0.1288424541350E-17
  0.3285620000000E+15   0.1429961522261E-17
  0.3772500000000E+15   0.1582049221746E-17
  0.4331540000000E+15   0.1726279918682E-17
  0.4973410000000E+15   0.1838323319810E-17
  0.5710410000000E+15   0.1891252684737E-17
  0.6556610000000E+15   0.1861626931166E-17
  0.7528220000000E+15   0.1735935234467E-17
  0.8643800000000E+15   0.1518633363902E-17
  0.9924690000000E+15   0.1233233856284E-17
  0.1139540000000E+16   0.9156232533326E-18
  0.1308400000000E+16   0.6151705123950E-18
  0.1502290000000E+16   0.3672680136317E-18
  0.1724910000000E+16   0.1911958118335E-18
  0.1980520000000E+16   0.8483474985708E-19
  0.2274010000000E+16   0.3140013137505E-19
  0.2610990000000E+16   0.9433022962022E-20
  0.2997900000000E+16   0.2229965562480E-20
