mstar = 2 Msun, Rstar = 2.5 Rsun, Tstar = 10000, mdisk = 0.00064251 Msun, Rc = 150 AU, Rin = 0.5 AU, Rout = 250 AU, inclination = 45 degree, powerlaw = -0.5 
         130
  
  0.2997900000000E+11   0.1049002644553E-23
  0.3951060000000E+11   0.2378880014541E-23
  0.5207280000000E+11   0.5397410758208E-23
  0.6862910000000E+11   0.1224399591084E-22
  0.9044930000000E+11   0.2775129139336E-22
  0.1192070000000E+12   0.6279565517307E-22
  0.1571080000000E+12   0.1417335969970E-21
  0.2070600000000E+12   0.3187301533389E-21
  0.2728930000000E+12   0.7131106099677E-21
  0.3596580000000E+12   0.1727785978954E-20
  0.4740100000000E+12   0.5011468083846E-20
  0.6247180000000E+12   0.1436693779771E-19
  0.8233440000000E+12   0.4047444736085E-19
  0.1085120000000E+13   0.1115428318530E-18
  0.1430130000000E+13   0.2979571302891E-18
  0.1884830000000E+13   0.7639244004045E-18
  0.2484100000000E+13   0.1853120071306E-17
  0.3273910000000E+13   0.4153833653517E-17
  0.4314820000000E+13   0.8382270672546E-17
  0.5686700000000E+13   0.1456094482396E-16
  0.7494750000000E+13   0.2051051567383E-16
  0.7682960000000E+13   0.2089456396205E-16
  0.7875890000000E+13   0.2122997834299E-16
  0.8073670000000E+13   0.2151016692960E-16
  0.8276410000000E+13   0.2173479034060E-16
  0.8484250000000E+13   0.2190873503624E-16
  0.8697300000000E+13   0.2207465864005E-16
  0.8915700000000E+13   0.2217687822595E-16
  0.9139590000000E+13   0.2228136456472E-16
  0.9369100000000E+13   0.2233142427183E-16
  0.9604380000000E+13   0.2235202704012E-16
  0.9845560000000E+13   0.2234033103958E-16
  0.1009280000000E+14   0.2226429985013E-16
  0.1034620000000E+14   0.2214794165698E-16
  0.1060610000000E+14   0.2196462896011E-16
  0.1087240000000E+14   0.2177573974691E-16
  0.1114540000000E+14   0.2153156242622E-16
  0.1142530000000E+14   0.2125846240588E-16
  0.1171220000000E+14   0.2095189368327E-16
  0.1200630000000E+14   0.2059535984685E-16
  0.1230780000000E+14   0.2020871631343E-16
  0.1261690000000E+14   0.1977598915425E-16
  0.1293370000000E+14   0.1936086400207E-16
  0.1325850000000E+14   0.1891165201177E-16
  0.1359150000000E+14   0.1845288581465E-16
  0.1393280000000E+14   0.1798047305583E-16
  0.1428260000000E+14   0.1749829456896E-16
  0.1464130000000E+14   0.1704179387649E-16
  0.1500900000000E+14   0.1656346852185E-16
  0.1538590000000E+14   0.1600001599396E-16
  0.1577220000000E+14   0.1543109621546E-16
  0.1616830000000E+14   0.1464919535471E-16
  0.1657430000000E+14   0.1376941346689E-16
  0.1699050000000E+14   0.1285346795660E-16
  0.1741720000000E+14   0.1178896717932E-16
  0.1785460000000E+14   0.1079091075991E-16
  0.1830290000000E+14   0.9764450943671E-17
  0.1876260000000E+14   0.8802429653528E-17
  0.1923370000000E+14   0.7939139081577E-17
  0.1971670000000E+14   0.7152808471343E-17
  0.2021180000000E+14   0.6462731418037E-17
  0.2071940000000E+14   0.5908269983327E-17
  0.2123970000000E+14   0.5400071171177E-17
  0.2177310000000E+14   0.5275369719260E-17
  0.2231980000000E+14   0.5144191791350E-17
  0.2288030000000E+14   0.5119825003900E-17
  0.2345490000000E+14   0.5123334636347E-17
  0.2404390000000E+14   0.5142120804911E-17
  0.2464770000000E+14   0.5197560425217E-17
  0.2526660000000E+14   0.5237147231941E-17
  0.2590110000000E+14   0.5301947594030E-17
  0.2655150000000E+14   0.5349657335076E-17
  0.2721830000000E+14   0.5458643018918E-17
  0.2790180000000E+14   0.5573792965974E-17
  0.2860240000000E+14   0.5641022904442E-17
  0.2932070000000E+14   0.5653821469130E-17
  0.3005700000000E+14   0.5647448807712E-17
  0.3081180000000E+14   0.5531019970074E-17
  0.3158550000000E+14   0.5420213645373E-17
  0.3237870000000E+14   0.4892955403609E-17
  0.3319170000000E+14   0.4273131643510E-17
  0.3402530000000E+14   0.3702322775003E-17
  0.3487970000000E+14   0.3176240182505E-17
  0.3575560000000E+14   0.2684346933169E-17
  0.3665350000000E+14   0.2241627933840E-17
  0.3757390000000E+14   0.1811443621421E-17
  0.3851740000000E+14   0.1547026663643E-17
  0.3948470000000E+14   0.1322364382764E-17
  0.4047620000000E+14   0.1164490781773E-17
  0.4149260000000E+14   0.1106194510995E-17
  0.4253460000000E+14   0.1053933779604E-17
  0.4360270000000E+14   0.1041224736271E-17
  0.4469770000000E+14   0.1030099519008E-17
  0.4582010000000E+14   0.1020890374009E-17
  0.4697070000000E+14   0.1012988319415E-17
  0.4815020000000E+14   0.1004804500274E-17
  0.4935940000000E+14   0.9961968153495E-18
  0.5059890000000E+14   0.9884815702876E-18
  0.5186950000000E+14   0.9823380967946E-18
  0.5317200000000E+14   0.9765869380190E-18
  0.5450730000000E+14   0.9731680751725E-18
  0.6258450000000E+14   0.9692760171663E-18
  0.7185870000000E+14   0.9779397712905E-18
  0.8250720000000E+14   0.9782706626864E-18
  0.9473370000000E+14   0.9676051367528E-18
  0.1087720000000E+15   0.9528088214571E-18
  0.1248910000000E+15   0.9427894790305E-18
  0.1433980000000E+15   0.9443754153065E-18
  0.1646470000000E+15   0.9638823446136E-18
  0.1890460000000E+15   0.1007595054389E-17
  0.2170600000000E+15   0.1076478004452E-17
  0.2492250000000E+15   0.1172223080876E-17
  0.2861570000000E+15   0.1293943039714E-17
  0.3285620000000E+15   0.1435781236283E-17
  0.3772500000000E+15   0.1586799351093E-17
  0.4331540000000E+15   0.1729679368210E-17
  0.4973410000000E+15   0.1840830327381E-17
  0.5710410000000E+15   0.1893596960959E-17
  0.6556610000000E+15   0.1864507127800E-17
  0.7528220000000E+15   0.1740054086720E-17
  0.8643800000000E+15   0.1523623589211E-17
  0.9924690000000E+15   0.1237810013769E-17
  0.1139540000000E+16   0.9203184008308E-18
  0.1308400000000E+16   0.6181288049856E-18
  0.1502290000000E+16   0.3687268717627E-18
  0.1724910000000E+16   0.1917648297864E-18
  0.1980520000000E+16   0.8510122944735E-19
  0.2274010000000E+16   0.3149648318859E-19
  0.2610990000000E+16   0.9461433082903E-20
  0.2997900000000E+16   0.2236586091434E-20
