mstar = 2 Msun, Rstar = 2.5 Rsun, Tstar = 10000, mdisk = 0.0010694 Msun, Rc = 150 AU, Rin = 0.5 AU, Rout = 250 AU, inclination = 45 degree, powerlaw = -0.5 
         130
  
  0.2997900000000E+11   0.1643223915116E-23
  0.3951060000000E+11   0.3734328060586E-23
  0.5207280000000E+11   0.8485730988090E-23
  0.6862910000000E+11   0.1926994825727E-22
  0.9044930000000E+11   0.4370342163635E-22
  0.1192070000000E+12   0.9891832814288E-22
  0.1571080000000E+12   0.2232450418869E-21
  0.2070600000000E+12   0.5018059044165E-21
  0.2728930000000E+12   0.1121752348022E-20
  0.3596580000000E+12   0.2714395749806E-20
  0.4740100000000E+12   0.7858272926544E-20
  0.6247180000000E+12   0.2246393525585E-19
  0.8233440000000E+12   0.6302568005713E-19
  0.1085120000000E+13   0.1726786758522E-18
  0.1430130000000E+13   0.4574335757341E-18
  0.1884830000000E+13   0.1158804591005E-17
  0.2484100000000E+13   0.2762259237577E-17
  0.3273910000000E+13   0.6034241917443E-17
  0.4314820000000E+13   0.1171785778564E-16
  0.5686700000000E+13   0.1922469228816E-16
  0.7494750000000E+13   0.2498382850706E-16
  0.7682960000000E+13   0.2524094865207E-16
  0.7875890000000E+13   0.2543180375336E-16
  0.8073670000000E+13   0.2555113922974E-16
  0.8276410000000E+13   0.2560056343734E-16
  0.8484250000000E+13   0.2558704469987E-16
  0.8697300000000E+13   0.2555510342973E-16
  0.8915700000000E+13   0.2545024628749E-16
  0.9139590000000E+13   0.2533929924443E-16
  0.9369100000000E+13   0.2516813524542E-16
  0.9604380000000E+13   0.2496300476281E-16
  0.9845560000000E+13   0.2472309398400E-16
  0.1009280000000E+14   0.2442068957330E-16
  0.1034620000000E+14   0.2408102750668E-16
  0.1060610000000E+14   0.2368200571908E-16
  0.1087240000000E+14   0.2328267892122E-16
  0.1114540000000E+14   0.2283977514583E-16
  0.1142530000000E+14   0.2237966278340E-16
  0.1171220000000E+14   0.2190043885310E-16
  0.1200630000000E+14   0.2138901092155E-16
  0.1230780000000E+14   0.2086497087041E-16
  0.1261690000000E+14   0.2031467898783E-16
  0.1293370000000E+14   0.1979807506182E-16
  0.1325850000000E+14   0.1926773664217E-16
  0.1359150000000E+14   0.1874672306421E-16
  0.1393280000000E+14   0.1823078774624E-16
  0.1428260000000E+14   0.1772269252824E-16
  0.1464130000000E+14   0.1725700320803E-16
  0.1500900000000E+14   0.1678428893262E-16
  0.1538590000000E+14   0.1623438674165E-16
  0.1577220000000E+14   0.1568601495419E-16
  0.1616830000000E+14   0.1491230534473E-16
  0.1657430000000E+14   0.1403085262071E-16
  0.1699050000000E+14   0.1310637993194E-16
  0.1741720000000E+14   0.1201640227375E-16
  0.1785460000000E+14   0.1099449059911E-16
  0.1830290000000E+14   0.9938981423080E-17
  0.1876260000000E+14   0.8950957744549E-17
  0.1923370000000E+14   0.8067074828467E-17
  0.1971670000000E+14   0.7263818818619E-17
  0.2021180000000E+14   0.6560970128246E-17
  0.2071940000000E+14   0.5998271487187E-17
  0.2123970000000E+14   0.5482571717061E-17
  0.2177310000000E+14   0.5364297960203E-17
  0.2231980000000E+14   0.5243617453023E-17
  0.2288030000000E+14   0.5241991127318E-17
  0.2345490000000E+14   0.5275425877142E-17
  0.2404390000000E+14   0.5327745247901E-17
  0.2464770000000E+14   0.5420315041866E-17
  0.2526660000000E+14   0.5491960127491E-17
  0.2590110000000E+14   0.5587006518417E-17
  0.2655150000000E+14   0.5657470037174E-17
  0.2721830000000E+14   0.5790166654762E-17
  0.2790180000000E+14   0.5923708623540E-17
  0.2860240000000E+14   0.5999733627272E-17
  0.2932070000000E+14   0.6012844943267E-17
  0.3005700000000E+14   0.6002625926742E-17
  0.3081180000000E+14   0.5871948379696E-17
  0.3158550000000E+14   0.5746396148342E-17
  0.3237870000000E+14   0.5173557226435E-17
  0.3319170000000E+14   0.4502141905038E-17
  0.3402530000000E+14   0.3884051476884E-17
  0.3487970000000E+14   0.3314877640248E-17
  0.3575560000000E+14   0.2783332369380E-17
  0.3665350000000E+14   0.2305588389125E-17
  0.3757390000000E+14   0.1842756286559E-17
  0.3851740000000E+14   0.1561026476269E-17
  0.3948470000000E+14   0.1328176202348E-17
  0.4047620000000E+14   0.1174120025615E-17
  0.4149260000000E+14   0.1119363700990E-17
  0.4253460000000E+14   0.1071705957677E-17
  0.4360270000000E+14   0.1059172600836E-17
  0.4469770000000E+14   0.1048386546291E-17
  0.4582010000000E+14   0.1039581328831E-17
  0.4697070000000E+14   0.1032192045809E-17
  0.4815020000000E+14   0.1024811891453E-17
  0.4935940000000E+14   0.1017283725562E-17
  0.5059890000000E+14   0.1010697473067E-17
  0.5186950000000E+14   0.1005585083747E-17
  0.5317200000000E+14   0.1000915037724E-17
  0.5450730000000E+14   0.9982953882948E-18
  0.6258450000000E+14   0.9970086853570E-18
  0.7185870000000E+14   0.1005848436184E-17
  0.8250720000000E+14   0.1005558184347E-17
  0.9473370000000E+14   0.9931225390539E-18
  0.1087720000000E+15   0.9750302686160E-18
  0.1248910000000E+15   0.9604646689807E-18
  0.1433980000000E+15   0.9568667809679E-18
  0.1646470000000E+15   0.9713781614271E-18
  0.1890460000000E+15   0.1011136353962E-17
  0.2170600000000E+15   0.1077542917102E-17
  0.2492250000000E+15   0.1172130996766E-17
  0.2861570000000E+15   0.1293388901999E-17
  0.3285620000000E+15   0.1435027678022E-17
  0.3772500000000E+15   0.1586092655504E-17
  0.4331540000000E+15   0.1729161531100E-17
  0.4973410000000E+15   0.1840426639902E-17
  0.5710410000000E+15   0.1893173554029E-17
  0.6556610000000E+15   0.1863953270372E-17
  0.7528220000000E+15   0.1739249033714E-17
  0.8643800000000E+15   0.1522645639126E-17
  0.9924690000000E+15   0.1236912861640E-17
  0.1139540000000E+16   0.9193973788988E-18
  0.1308400000000E+16   0.6175485658806E-18
  0.1502290000000E+16   0.3684408272679E-18
  0.1724910000000E+16   0.1916533045197E-18
  0.1980520000000E+16   0.8504899704826E-19
  0.2274010000000E+16   0.3147759791521E-19
  0.2610990000000E+16   0.9455864732064E-20
  0.2997900000000E+16   0.2235288497709E-20
