mstar = 2 Msun, Rstar = 2.5 Rsun, Tstar = 10000, mdisk = 0.00054523 Msun, Rc = 150 AU, Rin = 0.5 AU, Rout = 250 AU, inclination = 45 degree, powerlaw = -0.5 
         130
  
  0.2997900000000E+11   0.9097578857213E-24
  0.3951060000000E+11   0.2061222947489E-23
  0.5207280000000E+11   0.4673545917227E-23
  0.6862910000000E+11   0.1059689953612E-22
  0.9044930000000E+11   0.2401073325877E-22
  0.1192070000000E+12   0.5432269288623E-22
  0.1571080000000E+12   0.1226061724768E-21
  0.2070600000000E+12   0.2757457391566E-21
  0.2728930000000E+12   0.6170942077617E-21
  0.3596580000000E+12   0.1495732948775E-20
  0.4740100000000E+12   0.4340929997927E-20
  0.6247180000000E+12   0.1245593255370E-19
  0.8233440000000E+12   0.3513687833695E-19
  0.1085120000000E+13   0.9701327611056E-19
  0.1430130000000E+13   0.2598264543422E-18
  0.1884830000000E+13   0.6686486316903E-18
  0.2484100000000E+13   0.1630659199797E-17
  0.3273910000000E+13   0.3683263837263E-17
  0.4314820000000E+13   0.7515401974726E-17
  0.5686700000000E+13   0.1326558416518E-16
  0.7494750000000E+13   0.1910928051604E-16
  0.7682960000000E+13   0.1951277649740E-16
  0.7875890000000E+13   0.1987323603598E-16
  0.8073670000000E+13   0.2018399105709E-16
  0.8276410000000E+13   0.2044433997570E-16
  0.8484250000000E+13   0.2065867052134E-16
  0.8697300000000E+13   0.2086850973920E-16
  0.8915700000000E+13   0.2101905588768E-16
  0.9139590000000E+13   0.2117506286903E-16
  0.9369100000000E+13   0.2128033467167E-16
  0.9604380000000E+13   0.2135925317377E-16
  0.9845560000000E+13   0.2140867484800E-16
  0.1009280000000E+14   0.2139594878248E-16
  0.1034620000000E+14   0.2134449886676E-16
  0.1060610000000E+14   0.2122675295723E-16
  0.1087240000000E+14   0.2110421194702E-16
  0.1114540000000E+14   0.2092577646251E-16
  0.1142530000000E+14   0.2071756489540E-16
  0.1171220000000E+14   0.2047418862708E-16
  0.1200630000000E+14   0.2017791356152E-16
  0.1230780000000E+14   0.1984835437083E-16
  0.1261690000000E+14   0.1946833414790E-16
  0.1293370000000E+14   0.1910282825081E-16
  0.1325850000000E+14   0.1869798046270E-16
  0.1359150000000E+14   0.1827854378876E-16
  0.1393280000000E+14   0.1783987673502E-16
  0.1428260000000E+14   0.1738570230188E-16
  0.1464130000000E+14   0.1695193457559E-16
  0.1500900000000E+14   0.1649013516548E-16
  0.1538590000000E+14   0.1593721048735E-16
  0.1577220000000E+14   0.1537459315572E-16
  0.1616830000000E+14   0.1459640611672E-16
  0.1657430000000E+14   0.1371980540799E-16
  0.1699050000000E+14   0.1280708927834E-16
  0.1741720000000E+14   0.1174699846801E-16
  0.1785460000000E+14   0.1075299632291E-16
  0.1830290000000E+14   0.9730411027783E-17
  0.1876260000000E+14   0.8771435845216E-17
  0.1923370000000E+14   0.7910515017629E-17
  0.1971670000000E+14   0.7125958316130E-17
  0.2021180000000E+14   0.6437373318894E-17
  0.2071940000000E+14   0.5884890610445E-17
  0.2123970000000E+14   0.5378484985160E-17
  0.2177310000000E+14   0.5258672377329E-17
  0.2231980000000E+14   0.5129942725918E-17
  0.2288030000000E+14   0.5104906093497E-17
  0.2345490000000E+14   0.5103999570484E-17
  0.2404390000000E+14   0.5115217487614E-17
  0.2464770000000E+14   0.5160031188051E-17
  0.2526660000000E+14   0.5188587410142E-17
  0.2590110000000E+14   0.5241355427760E-17
  0.2655150000000E+14   0.5278429346239E-17
  0.2721830000000E+14   0.5375640369519E-17
  0.2790180000000E+14   0.5480483409769E-17
  0.2860240000000E+14   0.5540980113087E-17
  0.2932070000000E+14   0.5550624136167E-17
  0.3005700000000E+14   0.5543112611521E-17
  0.3081180000000E+14   0.5430052220783E-17
  0.3158550000000E+14   0.5323087966355E-17
  0.3237870000000E+14   0.4812193791551E-17
  0.3319170000000E+14   0.4211334863194E-17
  0.3402530000000E+14   0.3657544046705E-17
  0.3487970000000E+14   0.3146360925268E-17
  0.3575560000000E+14   0.2667493617760E-17
  0.3665350000000E+14   0.2235554427836E-17
  0.3757390000000E+14   0.1813920989621E-17
  0.3851740000000E+14   0.1552078833878E-17
  0.3948470000000E+14   0.1325373219628E-17
  0.4047620000000E+14   0.1161502817755E-17
  0.4149260000000E+14   0.1100702961882E-17
  0.4253460000000E+14   0.1045825949610E-17
  0.4360270000000E+14   0.1033259486222E-17
  0.4469770000000E+14   0.1022227502729E-17
  0.4582010000000E+14   0.1013112640636E-17
  0.4697070000000E+14   0.1005277390744E-17
  0.4815020000000E+14   0.9970290272204E-18
  0.4935940000000E+14   0.9882332708159E-18
  0.5059890000000E+14   0.9803252860101E-18
  0.5186950000000E+14   0.9740577094004E-18
  0.5317200000000E+14   0.9681694125342E-18
  0.5450730000000E+14   0.9647661584868E-18
  0.6258450000000E+14   0.9618811713711E-18
  0.7185870000000E+14   0.9724974591255E-18
  0.8250720000000E+14   0.9744944187030E-18
  0.9473370000000E+14   0.9650632862870E-18
  0.1087720000000E+15   0.9511741180010E-18
  0.1248910000000E+15   0.9417578128999E-18
  0.1433980000000E+15   0.9437309415766E-18
  0.1646470000000E+15   0.9635383394250E-18
  0.1890460000000E+15   0.1007502245532E-17
  0.2170600000000E+15   0.1076524630206E-17
  0.2492250000000E+15   0.1172259055688E-17
  0.2861570000000E+15   0.1293907561735E-17
  0.3285620000000E+15   0.1435741866661E-17
  0.3772500000000E+15   0.1586816960051E-17
  0.4331540000000E+15   0.1729732964190E-17
  0.4973410000000E+15   0.1840902797085E-17
  0.5710410000000E+15   0.1893697107546E-17
  0.6556610000000E+15   0.1864650076726E-17
  0.7528220000000E+15   0.1740265584211E-17
  0.8643800000000E+15   0.1523881114835E-17
  0.9924690000000E+15   0.1238046323949E-17
  0.1139540000000E+16   0.9205610453788E-18
  0.1308400000000E+16   0.6182816640713E-18
  0.1502290000000E+16   0.3688022200117E-18
  0.1724910000000E+16   0.1917942035463E-18
  0.1980520000000E+16   0.8511498680665E-19
  0.2274010000000E+16   0.3150145728838E-19
  0.2610990000000E+16   0.9462899693336E-20
  0.2997900000000E+16   0.2236927854101E-20
