mstar = 2 Msun, Rstar = 2.5 Rsun, Tstar = 10000, mdisk = 0.00030396 Msun, Rc = 150 AU, Rin = 0.5 AU, Rout = 250 AU, inclination = 45 degree, powerlaw = -0.5 
         130
  
  0.2997900000000E+11   0.5532286130160E-24
  0.3951060000000E+11   0.1247786200844E-23
  0.5207280000000E+11   0.2819641985314E-23
  0.6862910000000E+11   0.6377660782219E-23
  0.9044930000000E+11   0.1442634287835E-22
  0.1192070000000E+12   0.3260503861883E-22
  0.1571080000000E+12   0.7355689220745E-22
  0.2070600000000E+12   0.1654519409554E-21
  0.2728930000000E+12   0.3705259339724E-21
  0.3596580000000E+12   0.8991716272423E-21
  0.4740100000000E+12   0.2614479896856E-20
  0.6247180000000E+12   0.7525233342714E-20
  0.8233440000000E+12   0.2132441233384E-19
  0.1085120000000E+13   0.5925635517056E-19
  0.1430130000000E+13   0.1601392414060E-18
  0.1884830000000E+13   0.4173424419864E-18
  0.2484100000000E+13   0.1035985008222E-17
  0.3273910000000E+13   0.2399011948401E-17
  0.4314820000000E+13   0.5069277114949E-17
  0.5686700000000E+13   0.9397809479734E-17
  0.7494750000000E+13   0.1448605359339E-16
  0.7682960000000E+13   0.1489766964115E-16
  0.7875890000000E+13   0.1528337138518E-16
  0.8073670000000E+13   0.1563710859175E-16
  0.8276410000000E+13   0.1595763512170E-16
  0.8484250000000E+13   0.1624804949900E-16
  0.8697300000000E+13   0.1654419124106E-16
  0.8915700000000E+13   0.1679800417592E-16
  0.9139590000000E+13   0.1706669840139E-16
  0.9369100000000E+13   0.1729996173852E-16
  0.9604380000000E+13   0.1751936554841E-16
  0.9845560000000E+13   0.1772174202206E-16
  0.1009280000000E+14   0.1787549272831E-16
  0.1034620000000E+14   0.1800135629859E-16
  0.1060610000000E+14   0.1807122731825E-16
  0.1087240000000E+14   0.1814377671490E-16
  0.1114540000000E+14   0.1816735194446E-16
  0.1142530000000E+14   0.1816632111897E-16
  0.1171220000000E+14   0.1813344994828E-16
  0.1200630000000E+14   0.1804805632801E-16
  0.1230780000000E+14   0.1792813781763E-16
  0.1261690000000E+14   0.1775289297548E-16
  0.1293370000000E+14   0.1758984223390E-16
  0.1325850000000E+14   0.1737890668147E-16
  0.1359150000000E+14   0.1714458168744E-16
  0.1393280000000E+14   0.1687948078277E-16
  0.1428260000000E+14   0.1658554634573E-16
  0.1464130000000E+14   0.1630057966910E-16
  0.1500900000000E+14   0.1596929332134E-16
  0.1538590000000E+14   0.1552194919257E-16
  0.1577220000000E+14   0.1504821306145E-16
  0.1616830000000E+14   0.1432800437828E-16
  0.1657430000000E+14   0.1349212433306E-16
  0.1699050000000E+14   0.1260965224878E-16
  0.1741720000000E+14   0.1156340716315E-16
  0.1785460000000E+14   0.1058126661987E-16
  0.1830290000000E+14   0.9561964463814E-17
  0.1876260000000E+14   0.8603786784887E-17
  0.1923370000000E+14   0.7744239438563E-17
  0.1971670000000E+14   0.6960524937211E-17
  0.2021180000000E+14   0.6274827351274E-17
  0.2071940000000E+14   0.5732355286001E-17
  0.2123970000000E+14   0.5234940693220E-17
  0.2177310000000E+14   0.5157709559593E-17
  0.2231980000000E+14   0.5062426580727E-17
  0.2288030000000E+14   0.5068075874157E-17
  0.2345490000000E+14   0.5085146796512E-17
  0.2404390000000E+14   0.5100183227212E-17
  0.2464770000000E+14   0.5134438547008E-17
  0.2526660000000E+14   0.5142081646060E-17
  0.2590110000000E+14   0.5164724713125E-17
  0.2655150000000E+14   0.5169072655888E-17
  0.2721830000000E+14   0.5225943715608E-17
  0.2790180000000E+14   0.5290614634450E-17
  0.2860240000000E+14   0.5319312235341E-17
  0.2932070000000E+14   0.5307161357606E-17
  0.3005700000000E+14   0.5284043458768E-17
  0.3081180000000E+14   0.5170304739744E-17
  0.3158550000000E+14   0.5064918767330E-17
  0.3237870000000E+14   0.4597036516069E-17
  0.3319170000000E+14   0.4048300939757E-17
  0.3402530000000E+14   0.3542151286719E-17
  0.3487970000000E+14   0.3074340596154E-17
  0.3575560000000E+14   0.2634354849835E-17
  0.3665350000000E+14   0.2233093446097E-17
  0.3757390000000E+14   0.1829407646661E-17
  0.3851740000000E+14   0.1561323941900E-17
  0.3948470000000E+14   0.1306829666971E-17
  0.4047620000000E+14   0.1109386868611E-17
  0.4149260000000E+14   0.1037890616587E-17
  0.4253460000000E+14   0.9731414797648E-18
  0.4360270000000E+14   0.9609873412921E-18
  0.4469770000000E+14   0.9501629064219E-18
  0.4582010000000E+14   0.9412388661825E-18
  0.4697070000000E+14   0.9334845580037E-18
  0.4815020000000E+14   0.9248565974264E-18
  0.4935940000000E+14   0.9152649633847E-18
  0.5059890000000E+14   0.9065724496324E-18
  0.5186950000000E+14   0.8997846240526E-18
  0.5317200000000E+14   0.8933633870817E-18
  0.5450730000000E+14   0.8899748885672E-18
  0.6258450000000E+14   0.8911499029692E-18
  0.7185870000000E+14   0.9113147228869E-18
  0.8250720000000E+14   0.9244304933415E-18
  0.9473370000000E+14   0.9264696321176E-18
  0.1087720000000E+15   0.9237096636641E-18
  0.1248910000000E+15   0.9237623299971E-18
  0.1433980000000E+15   0.9326376303845E-18
  0.1646470000000E+15   0.9568488071083E-18
  0.1890460000000E+15   0.1003496065791E-17
  0.2170600000000E+15   0.1074287885895E-17
  0.2492250000000E+15   0.1171111137830E-17
  0.2861570000000E+15   0.1293248496821E-17
  0.3285620000000E+15   0.1435324718501E-17
  0.3772500000000E+15   0.1586690377525E-17
  0.4331540000000E+15   0.1729851860891E-17
  0.4973410000000E+15   0.1841133446175E-17
  0.5710410000000E+15   0.1894007089576E-17
  0.6556610000000E+15   0.1865080593012E-17
  0.7528220000000E+15   0.1740897934837E-17
  0.8643800000000E+15   0.1524650103176E-17
  0.9924690000000E+15   0.1238751876083E-17
  0.1139540000000E+16   0.9212856021088E-18
  0.1308400000000E+16   0.6187380985485E-18
  0.1502290000000E+16   0.3690271892665E-18
  0.1724910000000E+16   0.1918818966165E-18
  0.1980520000000E+16   0.8515605902441E-19
  0.2274010000000E+16   0.3151630721602E-19
  0.2610990000000E+16   0.9467278160443E-20
  0.2997900000000E+16   0.2237948159148E-20
