mstar = 2 Msun, Rstar = 2.5 Rsun, Tstar = 10000, mdisk = 0.0034836 Msun, Rc = 150 AU, Rin = 0.5 AU, Rout = 250 AU, inclination = 45 degree, powerlaw = -0.5 
         130
  
  0.2997900000000E+11   0.4741756791746E-23
  0.3951060000000E+11   0.1079989048703E-22
  0.5207280000000E+11   0.2457720673838E-22
  0.6862910000000E+11   0.5585698411978E-22
  0.9044930000000E+11   0.1267091170673E-21
  0.1192070000000E+12   0.2866892003440E-21
  0.1571080000000E+12   0.6463830806519E-21
  0.2070600000000E+12   0.1450479433935E-20
  0.2728930000000E+12   0.3234232583833E-20
  0.3596580000000E+12   0.7797888405146E-20
  0.4740100000000E+12   0.2245492777026E-19
  0.6247180000000E+12   0.6369027601125E-19
  0.8233440000000E+12   0.1766753483383E-18
  0.1085120000000E+13   0.4760940676077E-18
  0.1430130000000E+13   0.1230588072496E-17
  0.1884830000000E+13   0.3004131644461E-17
  0.2484100000000E+13   0.6766036719220E-17
  0.3273910000000E+13   0.1353946068422E-16
  0.4314820000000E+13   0.2296898616190E-16
  0.5686700000000E+13   0.3096567477272E-16
  0.7494750000000E+13   0.3176758786604E-16
  0.7682960000000E+13   0.3144597137049E-16
  0.7875890000000E+13   0.3106526691912E-16
  0.8073670000000E+13   0.3062779508010E-16
  0.8276410000000E+13   0.3014107932988E-16
  0.8484250000000E+13   0.2961624476595E-16
  0.8697300000000E+13   0.2909418011261E-16
  0.8915700000000E+13   0.2853559696591E-16
  0.9139590000000E+13   0.2799913140516E-16
  0.9369100000000E+13   0.2744463620915E-16
  0.9604380000000E+13   0.2689707604849E-16
  0.9845560000000E+13   0.2635877916434E-16
  0.1009280000000E+14   0.2580686068624E-16
  0.1034620000000E+14   0.2526370293389E-16
  0.1060610000000E+14   0.2470749112079E-16
  0.1087240000000E+14   0.2419333391630E-16
  0.1114540000000E+14   0.2367728689905E-16
  0.1142530000000E+14   0.2318252750113E-16
  0.1171220000000E+14   0.2270359282722E-16
  0.1200630000000E+14   0.2222093995087E-16
  0.1230780000000E+14   0.2175055007178E-16
  0.1261690000000E+14   0.2127048073672E-16
  0.1293370000000E+14   0.2084690509732E-16
  0.1325850000000E+14   0.2041791190308E-16
  0.1359150000000E+14   0.2000629502438E-16
  0.1393280000000E+14   0.1960167558192E-16
  0.1428260000000E+14   0.1920294301801E-16
  0.1464130000000E+14   0.1885100736327E-16
  0.1500900000000E+14   0.1847843266581E-16
  0.1538590000000E+14   0.1799138705554E-16
  0.1577220000000E+14   0.1749084438175E-16
  0.1616830000000E+14   0.1668400808320E-16
  0.1657430000000E+14   0.1572496250391E-16
  0.1699050000000E+14   0.1469856675227E-16
  0.1741720000000E+14   0.1344825590456E-16
  0.1785460000000E+14   0.1227511126599E-16
  0.1830290000000E+14   0.1104870255505E-16
  0.1876260000000E+14   0.9899911367731E-17
  0.1923370000000E+14   0.8876611065961E-17
  0.1971670000000E+14   0.7949355010808E-17
  0.2021180000000E+14   0.7144110475642E-17
  0.2071940000000E+14   0.6511984426079E-17
  0.2123970000000E+14   0.5933428940083E-17
  0.2177310000000E+14   0.5856749303810E-17
  0.2231980000000E+14   0.5769503403976E-17
  0.2288030000000E+14   0.5824902040567E-17
  0.2345490000000E+14   0.5913469965396E-17
  0.2404390000000E+14   0.6013691510265E-17
  0.2464770000000E+14   0.6151408687845E-17
  0.2526660000000E+14   0.6252680282104E-17
  0.2590110000000E+14   0.6372869098553E-17
  0.2655150000000E+14   0.6456239062198E-17
  0.2721830000000E+14   0.6606405329467E-17
  0.2790180000000E+14   0.6751899815863E-17
  0.2860240000000E+14   0.6826732096310E-17
  0.2932070000000E+14   0.6826576315798E-17
  0.3005700000000E+14   0.6798120384518E-17
  0.3081180000000E+14   0.6630993507773E-17
  0.3158550000000E+14   0.6469592038322E-17
  0.3237870000000E+14   0.5799497128162E-17
  0.3319170000000E+14   0.5019687045122E-17
  0.3402530000000E+14   0.4302473246661E-17
  0.3487970000000E+14   0.3642874755958E-17
  0.3575560000000E+14   0.3028103827131E-17
  0.3665350000000E+14   0.2476561429234E-17
  0.3757390000000E+14   0.1944986010991E-17
  0.3851740000000E+14   0.1623288986012E-17
  0.3948470000000E+14   0.1361677390344E-17
  0.4047620000000E+14   0.1193844043625E-17
  0.4149260000000E+14   0.1136516489600E-17
  0.4253460000000E+14   0.1088099142816E-17
  0.4360270000000E+14   0.1075869388744E-17
  0.4469770000000E+14   0.1065570333775E-17
  0.4582010000000E+14   0.1057418438130E-17
  0.4697070000000E+14   0.1050842916765E-17
  0.4815020000000E+14   0.1044474420614E-17
  0.4935940000000E+14   0.1038171192898E-17
  0.5059890000000E+14   0.1032965851056E-17
  0.5186950000000E+14   0.1029323416153E-17
  0.5317200000000E+14   0.1026246108297E-17
  0.5450730000000E+14   0.1025188960145E-17
  0.6258450000000E+14   0.1032477287372E-17
  0.7185870000000E+14   0.1048246892277E-17
  0.8250720000000E+14   0.1052411086442E-17
  0.9473370000000E+14   0.1040618671548E-17
  0.1087720000000E+15   0.1018537726309E-17
  0.1248910000000E+15   0.9960099900645E-18
  0.1433980000000E+15   0.9822698848346E-18
  0.1646470000000E+15   0.9866295886430E-18
  0.1890460000000E+15   0.1017934099560E-17
  0.2170600000000E+15   0.1078180828177E-17
  0.2492250000000E+15   0.1168947552087E-17
  0.2861570000000E+15   0.1288570051106E-17
  0.3285620000000E+15   0.1430367234180E-17
  0.3772500000000E+15   0.1582499956244E-17
  0.4331540000000E+15   0.1726660037383E-17
  0.4973410000000E+15   0.1838622554594E-17
  0.5710410000000E+15   0.1891542538608E-17
  0.6556610000000E+15   0.1861993846054E-17
  0.7528220000000E+15   0.1736467192631E-17
  0.8643800000000E+15   0.1519279803074E-17
  0.9924690000000E+15   0.1233826817849E-17
  0.1139540000000E+16   0.9162312968071E-18
  0.1308400000000E+16   0.6155536801992E-18
  0.1502290000000E+16   0.3674570383850E-18
  0.1724910000000E+16   0.1912695715617E-18
  0.1980520000000E+16   0.8486929016302E-19
  0.2274010000000E+16   0.3141262060937E-19
  0.2610990000000E+16   0.9436705605687E-20
  0.2997900000000E+16   0.2230823760265E-20
