mstar = 2 Msun, Rstar = 2.5 Rsun, Tstar = 10000, mdisk = 0.00096126 Msun, Rc = 150 AU, Rin = 0.5 AU, Rout = 250 AU, inclination = 45 degree, powerlaw = -0.5 
         130
  
  0.2997900000000E+11   0.1496634481379E-23
  0.3951060000000E+11   0.3399983396219E-23
  0.5207280000000E+11   0.7724043317986E-23
  0.6862910000000E+11   0.1753740299830E-22
  0.9044930000000E+11   0.3977065049376E-22
  0.1192070000000E+12   0.9001549470522E-22
  0.1571080000000E+12   0.2031637102307E-21
  0.2070600000000E+12   0.4567270178891E-21
  0.2728930000000E+12   0.1021203495990E-20
  0.3596580000000E+12   0.2471866933123E-20
  0.4740100000000E+12   0.7159406218103E-20
  0.6247180000000E+12   0.2047985978445E-19
  0.8233440000000E+12   0.5751395842555E-19
  0.1085120000000E+13   0.1577908400524E-18
  0.1430130000000E+13   0.4188002103772E-18
  0.1884830000000E+13   0.1063873768372E-17
  0.2484100000000E+13   0.2546175434879E-17
  0.3273910000000E+13   0.5594979965328E-17
  0.4314820000000E+13   0.1095981651533E-16
  0.5686700000000E+13   0.1821184831304E-16
  0.7494750000000E+13   0.2408269594301E-16
  0.7682960000000E+13   0.2437283269676E-16
  0.7875890000000E+13   0.2459982470983E-16
  0.8073670000000E+13   0.2475797757831E-16
  0.8276410000000E+13   0.2484839730130E-16
  0.8484250000000E+13   0.2487758413923E-16
  0.8697300000000E+13   0.2489003476955E-16
  0.8915700000000E+13   0.2483034858368E-16
  0.9139590000000E+13   0.2476575278481E-16
  0.9369100000000E+13   0.2464093990467E-16
  0.9604380000000E+13   0.2448206215373E-16
  0.9845560000000E+13   0.2428778691731E-16
  0.1009280000000E+14   0.2402922044780E-16
  0.1034620000000E+14   0.2373153157182E-16
  0.1060610000000E+14   0.2337154072221E-16
  0.1087240000000E+14   0.2300916904427E-16
  0.1114540000000E+14   0.2259961815838E-16
  0.1142530000000E+14   0.2216945758104E-16
  0.1171220000000E+14   0.2171632935829E-16
  0.1200630000000E+14   0.2122660709384E-16
  0.1230780000000E+14   0.2072015027132E-16
  0.1261690000000E+14   0.2018312460644E-16
  0.1293370000000E+14   0.1967624331629E-16
  0.1325850000000E+14   0.1915161372161E-16
  0.1359150000000E+14   0.1863271561049E-16
  0.1393280000000E+14   0.1811559886284E-16
  0.1428260000000E+14   0.1760348696900E-16
  0.1464130000000E+14   0.1713104761810E-16
  0.1500900000000E+14   0.1664982057985E-16
  0.1538590000000E+14   0.1609170505643E-16
  0.1577220000000E+14   0.1553501019418E-16
  0.1616830000000E+14   0.1475833903354E-16
  0.1657430000000E+14   0.1387766419489E-16
  0.1699050000000E+14   0.1295650425271E-16
  0.1741720000000E+14   0.1187509238706E-16
  0.1785460000000E+14   0.1086166151364E-16
  0.1830290000000E+14   0.9816470676440E-17
  0.1876260000000E+14   0.8838284021890E-17
  0.1923370000000E+14   0.7962864494975E-17
  0.1971670000000E+14   0.7167181638571E-17
  0.2021180000000E+14   0.6470743604899E-17
  0.2071940000000E+14   0.5912951191835E-17
  0.2123970000000E+14   0.5402015976580E-17
  0.2177310000000E+14   0.5283274230276E-17
  0.2231980000000E+14   0.5161850893771E-17
  0.2288030000000E+14   0.5156997061737E-17
  0.2345490000000E+14   0.5186350950676E-17
  0.2404390000000E+14   0.5234464958272E-17
  0.2464770000000E+14   0.5322537784084E-17
  0.2526660000000E+14   0.5391100259442E-17
  0.2590110000000E+14   0.5483630141866E-17
  0.2655150000000E+14   0.5553172377414E-17
  0.2721830000000E+14   0.5684740841083E-17
  0.2790180000000E+14   0.5818130647617E-17
  0.2860240000000E+14   0.5895719805831E-17
  0.2932070000000E+14   0.5911837408760E-17
  0.3005700000000E+14   0.5905102334158E-17
  0.3081180000000E+14   0.5779640049683E-17
  0.3158550000000E+14   0.5659200651203E-17
  0.3237870000000E+14   0.5096986078425E-17
  0.3319170000000E+14   0.4436889888391E-17
  0.3402530000000E+14   0.3829286595825E-17
  0.3487970000000E+14   0.3269694236945E-17
  0.3575560000000E+14   0.2746654738353E-17
  0.3665350000000E+14   0.2276393424618E-17
  0.3757390000000E+14   0.1821139579972E-17
  0.3851740000000E+14   0.1544864379109E-17
  0.3948470000000E+14   0.1316863817736E-17
  0.4047620000000E+14   0.1165902707470E-17
  0.4149260000000E+14   0.1112292377856E-17
  0.4253460000000E+14   0.1065415712148E-17
  0.4360270000000E+14   0.1053478267731E-17
  0.4469770000000E+14   0.1043182169073E-17
  0.4582010000000E+14   0.1034769697539E-17
  0.4697070000000E+14   0.1027683212101E-17
  0.4815020000000E+14   0.1020518794496E-17
  0.4935940000000E+14   0.1013123470750E-17
  0.5059890000000E+14   0.1006598991968E-17
  0.5186950000000E+14   0.1001491117199E-17
  0.5317200000000E+14   0.9967700727575E-18
  0.5450730000000E+14   0.9940684966249E-18
  0.6258450000000E+14   0.9919061644577E-18
  0.7185870000000E+14   0.9997355660154E-18
  0.8250720000000E+14   0.9987760041323E-18
  0.9473370000000E+14   0.9863054950992E-18
  0.1087720000000E+15   0.9688463009363E-18
  0.1248910000000E+15   0.9553887662737E-18
  0.1433980000000E+15   0.9530825771517E-18
  0.1646470000000E+15   0.9687910389164E-18
  0.1890460000000E+15   0.1009475279724E-17
  0.2170600000000E+15   0.1076524569324E-17
  0.2492250000000E+15   0.1171546069572E-17
  0.2861570000000E+15   0.1293115283538E-17
  0.3285620000000E+15   0.1434957865913E-17
  0.3772500000000E+15   0.1586107304358E-17
  0.4331540000000E+15   0.1729200999788E-17
  0.4973410000000E+15   0.1840487403977E-17
  0.5710410000000E+15   0.1893264523096E-17
  0.6556610000000E+15   0.1864086324711E-17
  0.7528220000000E+15   0.1739447244324E-17
  0.8643800000000E+15   0.1522887225565E-17
  0.9924690000000E+15   0.1237134549109E-17
  0.1139540000000E+16   0.9196249479346E-18
  0.1308400000000E+16   0.6176919367927E-18
  0.1502290000000E+16   0.3685115101670E-18
  0.1724910000000E+16   0.1916808649381E-18
  0.1980520000000E+16   0.8506190470013E-19
  0.2274010000000E+16   0.3148226486216E-19
  0.2610990000000E+16   0.9457240794022E-20
  0.2997900000000E+16   0.2235609162667E-20
