mstar = 2 Msun, Rstar = 2.5 Rsun, Tstar = 10000, mdisk = 0.00096067 Msun, Rc = 150 AU, Rin = 0.5 AU, Rout = 250 AU, inclination = 45 degree, powerlaw = -0.5 
         130
  
  0.2997900000000E+11   0.1495453724111E-23
  0.3951060000000E+11   0.3397287115913E-23
  0.5207280000000E+11   0.7717891213531E-23
  0.6862910000000E+11   0.1752338061684E-22
  0.9044930000000E+11   0.3973873440901E-22
  0.1192070000000E+12   0.8994298677118E-22
  0.1571080000000E+12   0.2029993923765E-21
  0.2070600000000E+12   0.4563558768626E-21
  0.2728930000000E+12   0.1020368938628E-20
  0.3596580000000E+12   0.2469832424301E-20
  0.4740100000000E+12   0.7153460520740E-20
  0.6247180000000E+12   0.2046266683680E-19
  0.8233440000000E+12   0.5746504916551E-19
  0.1085120000000E+13   0.1576546177511E-18
  0.1430130000000E+13   0.4184328409533E-18
  0.1884830000000E+13   0.1062926003317E-17
  0.2484100000000E+13   0.2543894319710E-17
  0.3273910000000E+13   0.5590070222827E-17
  0.4314820000000E+13   0.1095090365392E-16
  0.5686700000000E+13   0.1819938116080E-16
  0.7494750000000E+13   0.2407092766393E-16
  0.7682960000000E+13   0.2436139624565E-16
  0.7875890000000E+13   0.2458876672909E-16
  0.8073670000000E+13   0.2474733925534E-16
  0.8276410000000E+13   0.2483821306480E-16
  0.8484250000000E+13   0.2486788055053E-16
  0.8697300000000E+13   0.2488080996649E-16
  0.8915700000000E+13   0.2482162574920E-16
  0.9139590000000E+13   0.2475751783814E-16
  0.9369100000000E+13   0.2463319756156E-16
  0.9604380000000E+13   0.2447480409786E-16
  0.9845560000000E+13   0.2428100190890E-16
  0.1009280000000E+14   0.2402290795711E-16
  0.1034620000000E+14   0.2372567876618E-16
  0.1060610000000E+14   0.2336615057681E-16
  0.1087240000000E+14   0.2300420848808E-16
  0.1114540000000E+14   0.2259506550187E-16
  0.1142530000000E+14   0.2216529553103E-16
  0.1171220000000E+14   0.2171254879610E-16
  0.1200630000000E+14   0.2122320005862E-16
  0.1230780000000E+14   0.2071710156834E-16
  0.1261690000000E+14   0.2018042915481E-16
  0.1293370000000E+14   0.1967386157579E-16
  0.1325850000000E+14   0.1914953838053E-16
  0.1359150000000E+14   0.1863093398028E-16
  0.1393280000000E+14   0.1811411577257E-16
  0.1428260000000E+14   0.1760229448418E-16
  0.1464130000000E+14   0.1713010526911E-16
  0.1500900000000E+14   0.1664916012483E-16
  0.1538590000000E+14   0.1609143670304E-16
  0.1577220000000E+14   0.1553515841091E-16
  0.1616830000000E+14   0.1475915704967E-16
  0.1657430000000E+14   0.1387927525295E-16
  0.1699050000000E+14   0.1295895126538E-16
  0.1741720000000E+14   0.1187853221842E-16
  0.1785460000000E+14   0.1086594901626E-16
  0.1830290000000E+14   0.9821581596125E-17
  0.1876260000000E+14   0.8844053074960E-17
  0.1923370000000E+14   0.7969164393422E-17
  0.1971670000000E+14   0.7173936374130E-17
  0.2021180000000E+14   0.6477879767129E-17
  0.2071940000000E+14   0.5920356674574E-17
  0.2123970000000E+14   0.5409603204605E-17
  0.2177310000000E+14   0.5290898621096E-17
  0.2231980000000E+14   0.5169481583565E-17
  0.2288030000000E+14   0.5164602487068E-17
  0.2345490000000E+14   0.5193978147918E-17
  0.2404390000000E+14   0.5242154518857E-17
  0.2464770000000E+14   0.5330355724769E-17
  0.2526660000000E+14   0.5398926627863E-17
  0.2590110000000E+14   0.5491459588686E-17
  0.2655150000000E+14   0.5560898893644E-17
  0.2721830000000E+14   0.5692348746973E-17
  0.2790180000000E+14   0.5825604123166E-17
  0.2860240000000E+14   0.5902970455014E-17
  0.2932070000000E+14   0.5918795399077E-17
  0.3005700000000E+14   0.5911811638317E-17
  0.3081180000000E+14   0.5786133508499E-17
  0.3158550000000E+14   0.5665451563026E-17
  0.3237870000000E+14   0.5103223570444E-17
  0.3319170000000E+14   0.4443049423691E-17
  0.3402530000000E+14   0.3835166158081E-17
  0.3487970000000E+14   0.3275128795889E-17
  0.3575560000000E+14   0.2751391042908E-17
  0.3665350000000E+14   0.2280632426406E-17
  0.3757390000000E+14   0.1824873472645E-17
  0.3851740000000E+14   0.1548182711299E-17
  0.3948470000000E+14   0.1319712080893E-17
  0.4047620000000E+14   0.1168301592368E-17
  0.4149260000000E+14   0.1114511264421E-17
  0.4253460000000E+14   0.1067484900850E-17
  0.4360270000000E+14   0.1055487721805E-17
  0.4469770000000E+14   0.1045142328429E-17
  0.4582010000000E+14   0.1036690131231E-17
  0.4697070000000E+14   0.1029570843478E-17
  0.4815020000000E+14   0.1022378345825E-17
  0.4935940000000E+14   0.1014958963368E-17
  0.5059890000000E+14   0.1008415411671E-17
  0.5186950000000E+14   0.1003293431628E-17
  0.5317200000000E+14   0.9985608556695E-18
  0.5450730000000E+14   0.9958503116012E-18
  0.6258450000000E+14   0.9936118148496E-18
  0.7185870000000E+14   0.1001206919744E-17
  0.8250720000000E+14   0.9998295560408E-18
  0.9473370000000E+14   0.9868368047949E-18
  0.1087720000000E+15   0.9688741310618E-18
  0.1248910000000E+15   0.9550455597338E-18
  0.1433980000000E+15   0.9525565044327E-18
  0.1646470000000E+15   0.9682518774065E-18
  0.1890460000000E+15   0.1009024652975E-17
  0.2170600000000E+15   0.1076197858760E-17
  0.2492250000000E+15   0.1171333448664E-17
  0.2861570000000E+15   0.1292991106492E-17
  0.3285620000000E+15   0.1434895796130E-17
  0.3772500000000E+15   0.1586082561692E-17
  0.4331540000000E+15   0.1729193873323E-17
  0.4973410000000E+15   0.1840486576801E-17
  0.5710410000000E+15   0.1893265870044E-17
  0.6556610000000E+15   0.1864088984575E-17
  0.7528220000000E+15   0.1739451450115E-17
  0.8643800000000E+15   0.1522892410812E-17
  0.9924690000000E+15   0.1237139314310E-17
  0.1139540000000E+16   0.9196298407676E-18
  0.1308400000000E+16   0.6176950193559E-18
  0.1502290000000E+16   0.3685130298639E-18
  0.1724910000000E+16   0.1916814574784E-18
  0.1980520000000E+16   0.8506218221170E-19
  0.2274010000000E+16   0.3148236520027E-19
  0.2610990000000E+16   0.9457270378946E-20
  0.2997900000000E+16   0.2235616056861E-20
