mstar = 2 Msun, Rstar = 2.5 Rsun, Tstar = 10000, mdisk = 0.0029931 Msun, Rc = 150 AU, Rin = 0.5 AU, Rout = 250 AU, inclination = 45 degree, powerlaw = -0.5 
         130
  
  0.2997900000000E+11   0.4128581875273E-23
  0.3951060000000E+11   0.9401846738145E-23
  0.5207280000000E+11   0.2139375550753E-22
  0.6862910000000E+11   0.4862038127908E-22
  0.9044930000000E+11   0.1102960406242E-21
  0.1192070000000E+12   0.2495746584339E-21
  0.1571080000000E+12   0.5627886608249E-21
  0.2070600000000E+12   0.1263187786016E-20
  0.2728930000000E+12   0.2817552556409E-20
  0.3596580000000E+12   0.6796473017570E-20
  0.4740100000000E+12   0.1958536767298E-19
  0.6247180000000E+12   0.5561047596014E-19
  0.8233440000000E+12   0.1545062045528E-18
  0.1085120000000E+13   0.4173449481425E-18
  0.1430130000000E+13   0.1082668356856E-17
  0.1884830000000E+13   0.2658079153798E-17
  0.2484100000000E+13   0.6040638886440E-17
  0.3273910000000E+13   0.1226077210388E-16
  0.4314820000000E+13   0.2126041227069E-16
  0.5686700000000E+13   0.2954199518320E-16
  0.7494750000000E+13   0.3123090850339E-16
  0.7682960000000E+13   0.3097645184696E-16
  0.7875890000000E+13   0.3065612567312E-16
  0.8073670000000E+13   0.3027163736799E-16
  0.8276410000000E+13   0.2983029664942E-16
  0.8484250000000E+13   0.2934326893677E-16
  0.8697300000000E+13   0.2885197332481E-16
  0.8915700000000E+13   0.2831634392153E-16
  0.9139590000000E+13   0.2779563949857E-16
  0.9369100000000E+13   0.2724960317668E-16
  0.9604380000000E+13   0.2670366503608E-16
  0.9845560000000E+13   0.2616061639339E-16
  0.1009280000000E+14   0.2559876434965E-16
  0.1034620000000E+14   0.2504112262664E-16
  0.1060610000000E+14   0.2446746139904E-16
  0.1087240000000E+14   0.2393229520742E-16
  0.1114540000000E+14   0.2339395420589E-16
  0.1142530000000E+14   0.2287577839294E-16
  0.1171220000000E+14   0.2237335480414E-16
  0.1200630000000E+14   0.2186863463136E-16
  0.1230780000000E+14   0.2137761460768E-16
  0.1261690000000E+14   0.2087966221447E-16
  0.1293370000000E+14   0.2043878133883E-16
  0.1325850000000E+14   0.1999564745275E-16
  0.1359150000000E+14   0.1957231344708E-16
  0.1393280000000E+14   0.1915883468575E-16
  0.1428260000000E+14   0.1875402550290E-16
  0.1464130000000E+14   0.1839741515852E-16
  0.1500900000000E+14   0.1802343872241E-16
  0.1538590000000E+14   0.1754051832669E-16
  0.1577220000000E+14   0.1704631705691E-16
  0.1616830000000E+14   0.1625535053935E-16
  0.1657430000000E+14   0.1531709351381E-16
  0.1699050000000E+14   0.1431400349584E-16
  0.1741720000000E+14   0.1309349229290E-16
  0.1785460000000E+14   0.1194894412641E-16
  0.1830290000000E+14   0.1075333524026E-16
  0.1876260000000E+14   0.9634094828788E-17
  0.1923370000000E+14   0.8637719394781E-17
  0.1971670000000E+14   0.7735480714831E-17
  0.2021180000000E+14   0.6952421973413E-17
  0.2071940000000E+14   0.6337856824350E-17
  0.2123970000000E+14   0.5775768732178E-17
  0.2177310000000E+14   0.5700236173303E-17
  0.2231980000000E+14   0.5615374039758E-17
  0.2288030000000E+14   0.5670066659094E-17
  0.2345490000000E+14   0.5758118764918E-17
  0.2404390000000E+14   0.5858397114761E-17
  0.2464770000000E+14   0.5996057097636E-17
  0.2526660000000E+14   0.6098600308551E-17
  0.2590110000000E+14   0.6219945030460E-17
  0.2655150000000E+14   0.6305602275625E-17
  0.2721830000000E+14   0.6456933883213E-17
  0.2790180000000E+14   0.6604009439565E-17
  0.2860240000000E+14   0.6681938684405E-17
  0.2932070000000E+14   0.6686333955942E-17
  0.3005700000000E+14   0.6662955248416E-17
  0.3081180000000E+14   0.6503274326228E-17
  0.3158550000000E+14   0.6349132020425E-17
  0.3237870000000E+14   0.5694580576258E-17
  0.3319170000000E+14   0.4931621014855E-17
  0.3402530000000E+14   0.4229969694244E-17
  0.3487970000000E+14   0.3584458228450E-17
  0.3575560000000E+14   0.2982289444588E-17
  0.3665350000000E+14   0.2441798529141E-17
  0.3757390000000E+14   0.1920231720586E-17
  0.3851740000000E+14   0.1605269941776E-17
  0.3948470000000E+14   0.1349296737015E-17
  0.4047620000000E+14   0.1185189501801E-17
  0.4149260000000E+14   0.1129168272516E-17
  0.4253460000000E+14   0.1081789814395E-17
  0.4360270000000E+14   0.1069749087807E-17
  0.4469770000000E+14   0.1059579393177E-17
  0.4582010000000E+14   0.1051497708148E-17
  0.4697070000000E+14   0.1044946559514E-17
  0.4815020000000E+14   0.1038580314807E-17
  0.4935940000000E+14   0.1032259508200E-17
  0.5059890000000E+14   0.1027001649484E-17
  0.5186950000000E+14   0.1023267018134E-17
  0.5317200000000E+14   0.1020075639451E-17
  0.5450730000000E+14   0.1018866674101E-17
  0.6258450000000E+14   0.1025031918102E-17
  0.7185870000000E+14   0.1039533578213E-17
  0.8250720000000E+14   0.1042624418185E-17
  0.9473370000000E+14   0.1030174174126E-17
  0.1087720000000E+15   0.1008028335031E-17
  0.1248910000000E+15   0.9860890654937E-18
  0.1433980000000E+15   0.9735395452947E-18
  0.1646470000000E+15   0.9795285550117E-18
  0.1890460000000E+15   0.1012618191806E-17
  0.2170600000000E+15   0.1074555789486E-17
  0.2492250000000E+15   0.1166661603916E-17
  0.2861570000000E+15   0.1287218109498E-17
  0.3285620000000E+15   0.1429660482228E-17
  0.3772500000000E+15   0.1582232603041E-17
  0.4331540000000E+15   0.1726651938142E-17
  0.4973410000000E+15   0.1838742225116E-17
  0.5710410000000E+15   0.1891745171549E-17
  0.6556610000000E+15   0.1862294422844E-17
  0.7528220000000E+15   0.1736917836966E-17
  0.8643800000000E+15   0.1519830206997E-17
  0.9924690000000E+15   0.1234331983363E-17
  0.1139540000000E+16   0.9167494314785E-18
  0.1308400000000E+16   0.6158801798527E-18
  0.1502290000000E+16   0.3676180914830E-18
  0.1724910000000E+16   0.1913324089215E-18
  0.1980520000000E+16   0.8489871630934E-19
  0.2274010000000E+16   0.3142326055099E-19
  0.2610990000000E+16   0.9439842935503E-20
  0.2997900000000E+16   0.2231554875168E-20
