mstar = 2 Msun, Rstar = 2.5 Rsun, Tstar = 10000, mdisk = 0.0029423 Msun, Rc = 150 AU, Rin = 0.5 AU, Rout = 250 AU, inclination = 45 degree, powerlaw = -0.5 
         130
  
  0.2997900000000E+11   0.4062379185426E-23
  0.3951060000000E+11   0.9250878776117E-23
  0.5207280000000E+11   0.2104991400789E-22
  0.6862910000000E+11   0.4783853419617E-22
  0.9044930000000E+11   0.1085220753469E-21
  0.1192070000000E+12   0.2455611694787E-21
  0.1571080000000E+12   0.5537427566821E-21
  0.2070600000000E+12   0.1242902181512E-20
  0.2728930000000E+12   0.2772367385158E-20
  0.3596580000000E+12   0.6687702127146E-20
  0.4740100000000E+12   0.1927296536003E-19
  0.6247180000000E+12   0.5472792455463E-19
  0.8233440000000E+12   0.1520731625705E-18
  0.1085120000000E+13   0.4108524447301E-18
  0.1430130000000E+13   0.1066153704234E-17
  0.1884830000000E+13   0.2618815172493E-17
  0.2484100000000E+13   0.5956236576571E-17
  0.3273910000000E+13   0.1210566122919E-16
  0.4314820000000E+13   0.2103703454840E-16
  0.5686700000000E+13   0.2932646270709E-16
  0.7494750000000E+13   0.3112247882306E-16
  0.7682960000000E+13   0.3087884451973E-16
  0.7875890000000E+13   0.3056898829649E-16
  0.8073670000000E+13   0.3019451521836E-16
  0.8276410000000E+13   0.2976265787302E-16
  0.8484250000000E+13   0.2928452212412E-16
  0.8697300000000E+13   0.2880151426757E-16
  0.8915700000000E+13   0.2827346790261E-16
  0.9139590000000E+13   0.2775963979484E-16
  0.9369100000000E+13   0.2721973432691E-16
  0.9604380000000E+13   0.2667917841989E-16
  0.9845560000000E+13   0.2614076312586E-16
  0.1009280000000E+14   0.2558287106990E-16
  0.1034620000000E+14   0.2502853779692E-16
  0.1060610000000E+14   0.2445766794852E-16
  0.1087240000000E+14   0.2392471353383E-16
  0.1114540000000E+14   0.2338822151150E-16
  0.1142530000000E+14   0.2287152199604E-16
  0.1171220000000E+14   0.2237030862931E-16
  0.1200630000000E+14   0.2186667944866E-16
  0.1230780000000E+14   0.2137661003688E-16
  0.1261690000000E+14   0.2087960569586E-16
  0.1293370000000E+14   0.2043952112579E-16
  0.1325850000000E+14   0.1999724855634E-16
  0.1359150000000E+14   0.1957482013137E-16
  0.1393280000000E+14   0.1916231016250E-16
  0.1428260000000E+14   0.1875852322426E-16
  0.1464130000000E+14   0.1840293674554E-16
  0.1500900000000E+14   0.1803007901529E-16
  0.1538590000000E+14   0.1754837695385E-16
  0.1577220000000E+14   0.1705536609382E-16
  0.1616830000000E+14   0.1626560382791E-16
  0.1657430000000E+14   0.1532839049476E-16
  0.1699050000000E+14   0.1432612753534E-16
  0.1741720000000E+14   0.1310620826752E-16
  0.1785460000000E+14   0.1196196246161E-16
  0.1830290000000E+14   0.1076651810474E-16
  0.1876260000000E+14   0.9647354907960E-17
  0.1923370000000E+14   0.8651029432394E-17
  0.1971670000000E+14   0.7748793415598E-17
  0.2021180000000E+14   0.6965578199898E-17
  0.2071940000000E+14   0.6350665190035E-17
  0.2123970000000E+14   0.5788131703875E-17
  0.2177310000000E+14   0.5711459301415E-17
  0.2231980000000E+14   0.5625573590041E-17
  0.2288030000000E+14   0.5679237656646E-17
  0.2345490000000E+14   0.5766360836604E-17
  0.2404390000000E+14   0.5865882453080E-17
  0.2464770000000E+14   0.6002944490559E-17
  0.2526660000000E+14   0.6105001013982E-17
  0.2590110000000E+14   0.6225976920496E-17
  0.2655150000000E+14   0.6311177235591E-17
  0.2721830000000E+14   0.6462081191256E-17
  0.2790180000000E+14   0.6608548315100E-17
  0.2860240000000E+14   0.6685729811180E-17
  0.2932070000000E+14   0.6689314703431E-17
  0.3005700000000E+14   0.6664964182833E-17
  0.3081180000000E+14   0.6504340709984E-17
  0.3158550000000E+14   0.6349282520546E-17
  0.3237870000000E+14   0.5694369896735E-17
  0.3319170000000E+14   0.4931194425863E-17
  0.3402530000000E+14   0.4229462172101E-17
  0.3487970000000E+14   0.3584218774393E-17
  0.3575560000000E+14   0.2982929406898E-17
  0.3665350000000E+14   0.2443387429700E-17
  0.3757390000000E+14   0.1922731992226E-17
  0.3851740000000E+14   0.1608133039491E-17
  0.3948470000000E+14   0.1351998412620E-17
  0.4047620000000E+14   0.1187275066126E-17
  0.4149260000000E+14   0.1130928263480E-17
  0.4253460000000E+14   0.1083207391855E-17
  0.4360270000000E+14   0.1071081689479E-17
  0.4469770000000E+14   0.1060838697171E-17
  0.4582010000000E+14   0.1052695702123E-17
  0.4697070000000E+14   0.1046091614825E-17
  0.4815020000000E+14   0.1039666730463E-17
  0.4935940000000E+14   0.1033278444651E-17
  0.5059890000000E+14   0.1027957200242E-17
  0.5186950000000E+14   0.1024172271369E-17
  0.5317200000000E+14   0.1020930954531E-17
  0.5450730000000E+14   0.1019696242374E-17
  0.6258450000000E+14   0.1025908449061E-17
  0.7185870000000E+14   0.1040721961540E-17
  0.8250720000000E+14   0.1044141545192E-17
  0.9473370000000E+14   0.1031937512200E-17
  0.1087720000000E+15   0.1009938437317E-17
  0.1248910000000E+15   0.9880069856233E-18
  0.1433980000000E+15   0.9752818638119E-18
  0.1646470000000E+15   0.9809274495358E-18
  0.1890460000000E+15   0.1013613127649E-17
  0.2170600000000E+15   0.1075195324360E-17
  0.2492250000000E+15   0.1167060053479E-17
  0.2861570000000E+15   0.1287475773958E-17
  0.3285620000000E+15   0.1429831277903E-17
  0.3772500000000E+15   0.1582341523876E-17
  0.4331540000000E+15   0.1726715656758E-17
  0.4973410000000E+15   0.1838778641622E-17
  0.5710410000000E+15   0.1891772154941E-17
  0.6556610000000E+15   0.1862324842555E-17
  0.7528220000000E+15   0.1736960880049E-17
  0.8643800000000E+15   0.1519882375337E-17
  0.9924690000000E+15   0.1234379831951E-17
  0.1139540000000E+16   0.9167985096961E-18
  0.1308400000000E+16   0.6159111055364E-18
  0.1502290000000E+16   0.3676333454835E-18
  0.1724910000000E+16   0.1913383601486E-18
  0.1980520000000E+16   0.8490150324094E-19
  0.2274010000000E+16   0.3142426824868E-19
  0.2610990000000E+16   0.9440140067696E-20
  0.2997900000000E+16   0.2231624117876E-20
