mstar = 2 Msun, Rstar = 2.5 Rsun, Tstar = 10000, mdisk = 0.005442 Msun, Rc = 150 AU, Rin = 0.5 AU, Rout = 250 AU, inclination = 45 degree, powerlaw = -0.5 
         130
  
  0.2997900000000E+11   0.7064090810500E-23
  0.3951060000000E+11   0.1609354899199E-22
  0.5207280000000E+11   0.3662741198111E-22
  0.6862910000000E+11   0.8323786192496E-22
  0.9044930000000E+11   0.1887759481015E-21
  0.1192070000000E+12   0.4269355886309E-21
  0.1571080000000E+12   0.9619545033327E-21
  0.2070600000000E+12   0.2156587527750E-20
  0.2728930000000E+12   0.4802426259459E-20
  0.3596580000000E+12   0.1155762114411E-19
  0.4740100000000E+12   0.3318888422175E-19
  0.6247180000000E+12   0.9375209315094E-19
  0.8233440000000E+12   0.2585018070897E-18
  0.1085120000000E+13   0.6903173553206E-18
  0.1430130000000E+13   0.1759859722848E-17
  0.1884830000000E+13   0.4205454506191E-17
  0.2484100000000E+13   0.9161475943790E-17
  0.3273910000000E+13   0.1741753993803E-16
  0.4314820000000E+13   0.2741043932231E-16
  0.5686700000000E+13   0.3366594876392E-16
  0.7494750000000E+13   0.3219162741835E-16
  0.7682960000000E+13   0.3177037933168E-16
  0.7875890000000E+13   0.3131391520665E-16
  0.8073670000000E+13   0.3082369659913E-16
  0.8276410000000E+13   0.3030560320908E-16
  0.8484250000000E+13   0.2976881295207E-16
  0.8697300000000E+13   0.2925299948866E-16
  0.8915700000000E+13   0.2871655502552E-16
  0.9139590000000E+13   0.2821805787441E-16
  0.9369100000000E+13   0.2771341687455E-16
  0.9604380000000E+13   0.2722631454093E-16
  0.9845560000000E+13   0.2675661786667E-16
  0.1009280000000E+14   0.2627638118167E-16
  0.1034620000000E+14   0.2580712643227E-16
  0.1060610000000E+14   0.2532226204590E-16
  0.1087240000000E+14   0.2488035596610E-16
  0.1114540000000E+14   0.2443102489157E-16
  0.1142530000000E+14   0.2399840680335E-16
  0.1171220000000E+14   0.2357529884505E-16
  0.1200630000000E+14   0.2313952610532E-16
  0.1230780000000E+14   0.2270842956946E-16
  0.1261690000000E+14   0.2225814211270E-16
  0.1293370000000E+14   0.2186084688626E-16
  0.1325850000000E+14   0.2144966619987E-16
  0.1359150000000E+14   0.2104989573187E-16
  0.1393280000000E+14   0.2065106671964E-16
  0.1428260000000E+14   0.2025278985485E-16
  0.1464130000000E+14   0.1989936214768E-16
  0.1500900000000E+14   0.1951961141275E-16
  0.1538590000000E+14   0.1901511064981E-16
  0.1577220000000E+14   0.1849385796949E-16
  0.1616830000000E+14   0.1764691539484E-16
  0.1657430000000E+14   0.1663791457173E-16
  0.1699050000000E+14   0.1555674548809E-16
  0.1741720000000E+14   0.1423773202319E-16
  0.1785460000000E+14   0.1299936474061E-16
  0.1830290000000E+14   0.1170346252903E-16
  0.1876260000000E+14   0.1048856072103E-16
  0.1923370000000E+14   0.9405672457718E-17
  0.1971670000000E+14   0.8424042361245E-17
  0.2021180000000E+14   0.7571456532551E-17
  0.2071940000000E+14   0.6902791828742E-17
  0.2123970000000E+14   0.6290748861076E-17
  0.2177310000000E+14   0.6212984079955E-17
  0.2231980000000E+14   0.6122404198465E-17
  0.2288030000000E+14   0.6181804660163E-17
  0.2345490000000E+14   0.6274907040923E-17
  0.2404390000000E+14   0.6379417438389E-17
  0.2464770000000E+14   0.6522869014330E-17
  0.2526660000000E+14   0.6627175421162E-17
  0.2590110000000E+14   0.6750999063528E-17
  0.2655150000000E+14   0.6835769471363E-17
  0.2721830000000E+14   0.6990604306952E-17
  0.2790180000000E+14   0.7140305104845E-17
  0.2860240000000E+14   0.7215223493737E-17
  0.2932070000000E+14   0.7211041666474E-17
  0.3005700000000E+14   0.7177039905604E-17
  0.3081180000000E+14   0.6997130734918E-17
  0.3158550000000E+14   0.6823178257044E-17
  0.3237870000000E+14   0.6114503086282E-17
  0.3319170000000E+14   0.5290125794635E-17
  0.3402530000000E+14   0.4531120143861E-17
  0.3487970000000E+14   0.3832389966722E-17
  0.3575560000000E+14   0.3180646573891E-17
  0.3665350000000E+14   0.2596162352343E-17
  0.3757390000000E+14   0.2032474058703E-17
  0.3851740000000E+14   0.1689971024098E-17
  0.3948470000000E+14   0.1411789884668E-17
  0.4047620000000E+14   0.1233860244988E-17
  0.4149260000000E+14   0.1172147730204E-17
  0.4253460000000E+14   0.1120248019650E-17
  0.4360270000000E+14   0.1105798271133E-17
  0.4469770000000E+14   0.1093537810926E-17
  0.4582010000000E+14   0.1083676057914E-17
  0.4697070000000E+14   0.1075622800372E-17
  0.4815020000000E+14   0.1067994219206E-17
  0.4935940000000E+14   0.1060648791065E-17
  0.5059890000000E+14   0.1054605956793E-17
  0.5186950000000E+14   0.1050300751501E-17
  0.5317200000000E+14   0.1046724384958E-17
  0.5450730000000E+14   0.1045278699716E-17
  0.6258450000000E+14   0.1051812523688E-17
  0.7185870000000E+14   0.1067597785103E-17
  0.8250720000000E+14   0.1071597405610E-17
  0.9473370000000E+14   0.1058873711787E-17
  0.1087720000000E+15   0.1034750926440E-17
  0.1248910000000E+15   0.1009106613622E-17
  0.1433980000000E+15   0.9914313008769E-18
  0.1646470000000E+15   0.9914764375548E-18
  0.1890460000000E+15   0.1018742572581E-17
  0.2170600000000E+15   0.1075936238847E-17
  0.2492250000000E+15   0.1165110738117E-17
  0.2861570000000E+15   0.1284439420259E-17
  0.3285620000000E+15   0.1426766682371E-17
  0.3772500000000E+15   0.1579828976923E-17
  0.4331540000000E+15   0.1724948480596E-17
  0.4973410000000E+15   0.1837570835402E-17
  0.5710410000000E+15   0.1890707758692E-17
  0.6556610000000E+15   0.1861020311489E-17
  0.7528220000000E+15   0.1735080614368E-17
  0.8643800000000E+15   0.1517599110962E-17
  0.9924690000000E+15   0.1232285630028E-17
  0.1139540000000E+16   0.9146511898324E-18
  0.1308400000000E+16   0.6145579217860E-18
  0.1502290000000E+16   0.3669657673967E-18
  0.1724910000000E+16   0.1910778519741E-18
  0.1980520000000E+16   0.8477951298749E-19
  0.2274010000000E+16   0.3138015834299E-19
  0.2610990000000E+16   0.9427133548778E-20
  0.2997900000000E+16   0.2228593092506E-20
