mstar = 2 Msun, Rstar = 2.5 Rsun, Tstar = 10000, mdisk = 0.0029765 Msun, Rc = 150 AU, Rin = 0.5 AU, Rout = 250 AU, inclination = 45 degree, powerlaw = -0.5 
         130
  
  0.2997900000000E+11   0.4107244007689E-23
  0.3951060000000E+11   0.9353190600746E-23
  0.5207280000000E+11   0.2128294492297E-22
  0.6862910000000E+11   0.4836843601011E-22
  0.9044930000000E+11   0.1097244590580E-21
  0.1192070000000E+12   0.2482816898194E-21
  0.1571080000000E+12   0.5598750837669E-21
  0.2070600000000E+12   0.1256655967276E-20
  0.2728930000000E+12   0.2803009311772E-20
  0.3596580000000E+12   0.6761484367156E-20
  0.4740100000000E+12   0.1948495649429E-19
  0.6247180000000E+12   0.5532714781955E-19
  0.8233440000000E+12   0.1537266024521E-18
  0.1085120000000E+13   0.4152715322597E-18
  0.1430130000000E+13   0.1077421593379E-17
  0.1884830000000E+13   0.2645712465495E-17
  0.2484100000000E+13   0.6014471297057E-17
  0.3273910000000E+13   0.1221414468260E-16
  0.4314820000000E+13   0.2119780624161E-16
  0.5686700000000E+13   0.2949278313535E-16
  0.7494750000000E+13   0.3122733654399E-16
  0.7682960000000E+13   0.3097706283908E-16
  0.7875890000000E+13   0.3066072118953E-16
  0.8073670000000E+13   0.3027998224710E-16
  0.8276410000000E+13   0.2984212218722E-16
  0.8484250000000E+13   0.2935828753427E-16
  0.8697300000000E+13   0.2886993785953E-16
  0.8915700000000E+13   0.2833692555543E-16
  0.9139590000000E+13   0.2781856644722E-16
  0.9369100000000E+13   0.2727453769903E-16
  0.9604380000000E+13   0.2673028392723E-16
  0.9845560000000E+13   0.2618860687423E-16
  0.1009280000000E+14   0.2562780988603E-16
  0.1034620000000E+14   0.2507095026948E-16
  0.1060610000000E+14   0.2449781198985E-16
  0.1087240000000E+14   0.2396294474590E-16
  0.1114540000000E+14   0.2342469804194E-16
  0.1142530000000E+14   0.2290644118668E-16
  0.1171220000000E+14   0.2240379309049E-16
  0.1200630000000E+14   0.2189873239254E-16
  0.1230780000000E+14   0.2140728164555E-16
  0.1261690000000E+14   0.2090881992536E-16
  0.1293370000000E+14   0.2046739073093E-16
  0.1325850000000E+14   0.2002364419570E-16
  0.1359150000000E+14   0.1959968718944E-16
  0.1393280000000E+14   0.1918557271924E-16
  0.1428260000000E+14   0.1878013362689E-16
  0.1464130000000E+14   0.1842291776904E-16
  0.1500900000000E+14   0.1804833725341E-16
  0.1538590000000E+14   0.1756469616087E-16
  0.1577220000000E+14   0.1706974914906E-16
  0.1616830000000E+14   0.1627764644852E-16
  0.1657430000000E+14   0.1533801645170E-16
  0.1699050000000E+14   0.1433342531571E-16
  0.1741720000000E+14   0.1311106164041E-16
  0.1785460000000E+14   0.1196467178075E-16
  0.1830290000000E+14   0.1076708552382E-16
  0.1876260000000E+14   0.9645877160708E-17
  0.1923370000000E+14   0.8647712349517E-17
  0.1971670000000E+14   0.7743802445999E-17
  0.2021180000000E+14   0.6959282200363E-17
  0.2071940000000E+14   0.6343583371335E-17
  0.2123970000000E+14   0.5780458877263E-17
  0.2177310000000E+14   0.5704670267963E-17
  0.2231980000000E+14   0.5619611719746E-17
  0.2288030000000E+14   0.5674450503660E-17
  0.2345490000000E+14   0.5762829588467E-17
  0.2404390000000E+14   0.5863613033512E-17
  0.2464770000000E+14   0.6001868207699E-17
  0.2526660000000E+14   0.6104924656333E-17
  0.2590110000000E+14   0.6226714522130E-17
  0.2655150000000E+14   0.6312715890869E-17
  0.2721830000000E+14   0.6464435417661E-17
  0.2790180000000E+14   0.6611803817883E-17
  0.2860240000000E+14   0.6689754571976E-17
  0.2932070000000E+14   0.6694021370107E-17
  0.3005700000000E+14   0.6670408433842E-17
  0.3081180000000E+14   0.6510347301985E-17
  0.3158550000000E+14   0.6355812541477E-17
  0.3237870000000E+14   0.5700640906240E-17
  0.3319170000000E+14   0.4937056233462E-17
  0.3402530000000E+14   0.4234766432200E-17
  0.3487970000000E+14   0.3588559498272E-17
  0.3575560000000E+14   0.2985537074710E-17
  0.3665350000000E+14   0.2444488397461E-17
  0.3757390000000E+14   0.1922223621604E-17
  0.3851740000000E+14   0.1606599234551E-17
  0.3948470000000E+14   0.1349966819071E-17
  0.4047620000000E+14   0.1185287584238E-17
  0.4149260000000E+14   0.1129166684833E-17
  0.4253460000000E+14   0.1081682185870E-17
  0.4360270000000E+14   0.1069795401336E-17
  0.4469770000000E+14   0.1059775129232E-17
  0.4582010000000E+14   0.1051839193362E-17
  0.4697070000000E+14   0.1045429274088E-17
  0.4815020000000E+14   0.1039188815197E-17
  0.4935940000000E+14   0.1032977802423E-17
  0.5059890000000E+14   0.1027824526668E-17
  0.5186950000000E+14   0.1024197115826E-17
  0.5317200000000E+14   0.1021106366085E-17
  0.5450730000000E+14   0.1020009103549E-17
  0.6258450000000E+14   0.1026782162694E-17
  0.7185870000000E+14   0.1041778777713E-17
  0.8250720000000E+14   0.1045069863508E-17
  0.9473370000000E+14   0.1032517462810E-17
  0.1087720000000E+15   0.1010050935230E-17
  0.1248910000000E+15   0.9876844410255E-18
  0.1433980000000E+15   0.9747019719338E-18
  0.1646470000000E+15   0.9803233936856E-18
  0.1890460000000E+15   0.1013152011630E-17
  0.2170600000000E+15   0.1074928013852E-17
  0.2492250000000E+15   0.1166940714186E-17
  0.2861570000000E+15   0.1287431649700E-17
  0.3285620000000E+15   0.1429811923910E-17
  0.3772500000000E+15   0.1582325835470E-17
  0.4331540000000E+15   0.1726699560246E-17
  0.4973410000000E+15   0.1838761979634E-17
  0.5710410000000E+15   0.1891752405429E-17
  0.6556610000000E+15   0.1862297899913E-17
  0.7528220000000E+15   0.1736921177563E-17
  0.8643800000000E+15   0.1519834012010E-17
  0.9924690000000E+15   0.1234335451738E-17
  0.1139540000000E+16   0.9167529863432E-18
  0.1308400000000E+16   0.6158824197595E-18
  0.1502290000000E+16   0.3676191963103E-18
  0.1724910000000E+16   0.1913328399629E-18
  0.1980520000000E+16   0.8489891816384E-19
  0.2274010000000E+16   0.3142333353749E-19
  0.2610990000000E+16   0.9439864456486E-20
  0.2997900000000E+16   0.2231559890348E-20
