mstar = 2 Msun, Rstar = 2.5 Rsun, Tstar = 10000, mdisk = 0.009336 Msun, Rc = 150 AU, Rin = 0.5 AU, Rout = 250 AU, inclination = 45 degree, powerlaw = -0.5 
         130
  
  0.2997900000000E+11   0.1151188005191E-22
  0.3951060000000E+11   0.2622981073045E-22
  0.5207280000000E+11   0.5969421401345E-22
  0.6862910000000E+11   0.1356304313956E-21
  0.9044930000000E+11   0.3074773899192E-21
  0.1192070000000E+12   0.6949688026281E-21
  0.1571080000000E+12   0.1564510030841E-20
  0.2070600000000E+12   0.3503196394999E-20
  0.2728930000000E+12   0.7788246694997E-20
  0.3596580000000E+12   0.1869882971815E-19
  0.4740100000000E+12   0.5349103608076E-19
  0.6247180000000E+12   0.1502369567658E-18
  0.8233440000000E+12   0.4106389022289E-18
  0.1085120000000E+13   0.1081818812260E-17
  0.1430130000000E+13   0.2699874748525E-17
  0.1884830000000E+13   0.6238712659167E-17
  0.2484100000000E+13   0.1289435867789E-16
  0.3273910000000E+13   0.2265045568485E-16
  0.4314820000000E+13   0.3203309549578E-16
  0.5686700000000E+13   0.3541703593825E-16
  0.7494750000000E+13   0.3269394748193E-16
  0.7682960000000E+13   0.3230792492421E-16
  0.7875890000000E+13   0.3190164678104E-16
  0.8073670000000E+13   0.3147265947284E-16
  0.8276410000000E+13   0.3102342000436E-16
  0.8484250000000E+13   0.3056045039148E-16
  0.8697300000000E+13   0.3012513911418E-16
  0.8915700000000E+13   0.2966782392013E-16
  0.9139590000000E+13   0.2925196616492E-16
  0.9369100000000E+13   0.2882533696192E-16
  0.9604380000000E+13   0.2841266501254E-16
  0.9845560000000E+13   0.2801207471899E-16
  0.1009280000000E+14   0.2759102972047E-16
  0.1034620000000E+14   0.2717301123341E-16
  0.1060610000000E+14   0.2672827240046E-16
  0.1087240000000E+14   0.2632165438141E-16
  0.1114540000000E+14   0.2589762530564E-16
  0.1142530000000E+14   0.2548331433294E-16
  0.1171220000000E+14   0.2507139907882E-16
  0.1200630000000E+14   0.2463856318830E-16
  0.1230780000000E+14   0.2420453878708E-16
  0.1261690000000E+14   0.2374440099970E-16
  0.1293370000000E+14   0.2333668203059E-16
  0.1325850000000E+14   0.2290994815402E-16
  0.1359150000000E+14   0.2249205859111E-16
  0.1393280000000E+14   0.2207233124383E-16
  0.1428260000000E+14   0.2165083974769E-16
  0.1464130000000E+14   0.2127539325244E-16
  0.1500900000000E+14   0.2087027276716E-16
  0.1538590000000E+14   0.2033058734375E-16
  0.1577220000000E+14   0.1977200195476E-16
  0.1616830000000E+14   0.1886494656344E-16
  0.1657430000000E+14   0.1778420416679E-16
  0.1699050000000E+14   0.1662571307080E-16
  0.1741720000000E+14   0.1521256157035E-16
  0.1785460000000E+14   0.1388504016954E-16
  0.1830290000000E+14   0.1249543498513E-16
  0.1876260000000E+14   0.1119211079220E-16
  0.1923370000000E+14   0.1003001443335E-16
  0.1971670000000E+14   0.8975973064653E-17
  0.2021180000000E+14   0.8059995644016E-17
  0.2071940000000E+14   0.7341200140083E-17
  0.2123970000000E+14   0.6683234709469E-17
  0.2177310000000E+14   0.6597839606127E-17
  0.2231980000000E+14   0.6498143170953E-17
  0.2288030000000E+14   0.6558162070323E-17
  0.2345490000000E+14   0.6653383068134E-17
  0.2404390000000E+14   0.6759943170729E-17
  0.2464770000000E+14   0.6907327712560E-17
  0.2526660000000E+14   0.7012810776335E-17
  0.2590110000000E+14   0.7138630358023E-17
  0.2655150000000E+14   0.7222638196965E-17
  0.2721830000000E+14   0.7380633796075E-17
  0.2790180000000E+14   0.7532325056844E-17
  0.2860240000000E+14   0.7603959896847E-17
  0.2932070000000E+14   0.7591203600295E-17
  0.3005700000000E+14   0.7546347469684E-17
  0.3081180000000E+14   0.7347602887755E-17
  0.3158550000000E+14   0.7155188207283E-17
  0.3237870000000E+14   0.6402008268277E-17
  0.3319170000000E+14   0.5527440921001E-17
  0.3402530000000E+14   0.4722341097808E-17
  0.3487970000000E+14   0.3982823349861E-17
  0.3575560000000E+14   0.3294902327579E-17
  0.3665350000000E+14   0.2679222872465E-17
  0.3757390000000E+14   0.2088265901866E-17
  0.3851740000000E+14   0.1729711052035E-17
  0.3948470000000E+14   0.1439461782174E-17
  0.4047620000000E+14   0.1254157558766E-17
  0.4149260000000E+14   0.1189196593782E-17
  0.4253460000000E+14   0.1134729901163E-17
  0.4360270000000E+14   0.1118698461827E-17
  0.4469770000000E+14   0.1105063103487E-17
  0.4582010000000E+14   0.1094031575189E-17
  0.4697070000000E+14   0.1084998646661E-17
  0.4815020000000E+14   0.1076569102514E-17
  0.4935940000000E+14   0.1068601647774E-17
  0.5059890000000E+14   0.1062111374320E-17
  0.5186950000000E+14   0.1057519581152E-17
  0.5317200000000E+14   0.1053808282495E-17
  0.5450730000000E+14   0.1052352777450E-17
  0.6258450000000E+14   0.1060625747212E-17
  0.7185870000000E+14   0.1079828989881E-17
  0.8250720000000E+14   0.1087372795849E-17
  0.9473370000000E+14   0.1076843575433E-17
  0.1087720000000E+15   0.1052473032246E-17
  0.1248910000000E+15   0.1023816685884E-17
  0.1433980000000E+15   0.1000891339479E-17
  0.1646470000000E+15   0.9946935465891E-18
  0.1890460000000E+15   0.1016258671749E-17
  0.2170600000000E+15   0.1069465688729E-17
  0.2492250000000E+15   0.1156816515253E-17
  0.2861570000000E+15   0.1276219208298E-17
  0.3285620000000E+15   0.1420018415768E-17
  0.3772500000000E+15   0.1575246046686E-17
  0.4331540000000E+15   0.1722326987895E-17
  0.4973410000000E+15   0.1836079997974E-17
  0.5710410000000E+15   0.1889501249448E-17
  0.6556610000000E+15   0.1859555961943E-17
  0.7528220000000E+15   0.1732969343359E-17
  0.8643800000000E+15   0.1515036607401E-17
  0.9924690000000E+15   0.1229935906281E-17
  0.1139540000000E+16   0.9122435489756E-18
  0.1308400000000E+16   0.6130404584046E-18
  0.1502290000000E+16   0.3662168401894E-18
  0.1724910000000E+16   0.1907854577579E-18
  0.1980520000000E+16   0.8464260217150E-19
  0.2274010000000E+16   0.3133065163279E-19
  0.2610990000000E+16   0.9412535292694E-20
  0.2997900000000E+16   0.2225191059583E-20
