mstar = 2 Msun, Rstar = 2.5 Rsun, Tstar = 10000, mdisk = 0.0068742 Msun, Rc = 150 AU, Rin = 0.5 AU, Rout = 250 AU, inclination = 45 degree, powerlaw = -0.5 
         130
  
  0.2997900000000E+11   0.8742443102509E-23
  0.3951060000000E+11   0.1991894234211E-22
  0.5207280000000E+11   0.4533432356988E-22
  0.6862910000000E+11   0.1030189550446E-21
  0.9044930000000E+11   0.2336065075367E-21
  0.1192070000000E+12   0.5282075897407E-21
  0.1571080000000E+12   0.1189747751201E-20
  0.2070600000000E+12   0.2666046951436E-20
  0.2728930000000E+12   0.5933175071130E-20
  0.3596580000000E+12   0.1426594813846E-19
  0.4740100000000E+12   0.4090676456348E-19
  0.6247180000000E+12   0.1153023729127E-18
  0.8233440000000E+12   0.3168720044080E-18
  0.1085120000000E+13   0.8418744163460E-18
  0.1430130000000E+13   0.2129082109831E-17
  0.1884830000000E+13   0.5023596160279E-17
  0.2484100000000E+13   0.1072653288173E-16
  0.3273910000000E+13   0.1977590238596E-16
  0.4314820000000E+13   0.2980045800106E-16
  0.5686700000000E+13   0.3489649816137E-16
  0.7494750000000E+13   0.3257300508263E-16
  0.7682960000000E+13   0.3214110051728E-16
  0.7875890000000E+13   0.3168319542839E-16
  0.8073670000000E+13   0.3119925712481E-16
  0.8276410000000E+13   0.3069367240786E-16
  0.8484250000000E+13   0.3017430114009E-16
  0.8697300000000E+13   0.2968097580888E-16
  0.8915700000000E+13   0.2916909992603E-16
  0.9139590000000E+13   0.2869860886413E-16
  0.9369100000000E+13   0.2822210935389E-16
  0.9604380000000E+13   0.2776327926675E-16
  0.9845560000000E+13   0.2732096815537E-16
  0.1009280000000E+14   0.2686497096637E-16
  0.1034620000000E+14   0.2641727642239E-16
  0.1060610000000E+14   0.2594962388824E-16
  0.1087240000000E+14   0.2552307230536E-16
  0.1114540000000E+14   0.2508477914785E-16
  0.1142530000000E+14   0.2466003040837E-16
  0.1171220000000E+14   0.2424147049471E-16
  0.1200630000000E+14   0.2380636302553E-16
  0.1230780000000E+14   0.2337309139244E-16
  0.1261690000000E+14   0.2291732750027E-16
  0.1293370000000E+14   0.2251402643677E-16
  0.1325850000000E+14   0.2209436988455E-16
  0.1359150000000E+14   0.2168483034576E-16
  0.1393280000000E+14   0.2127489922934E-16
  0.1428260000000E+14   0.2086438864508E-16
  0.1464130000000E+14   0.2049910819702E-16
  0.1500900000000E+14   0.2010609830301E-16
  0.1538590000000E+14   0.1958448444544E-16
  0.1577220000000E+14   0.1904537609445E-16
  0.1616830000000E+14   0.1817171144683E-16
  0.1657430000000E+14   0.1713161932333E-16
  0.1699050000000E+14   0.1601746277658E-16
  0.1741720000000E+14   0.1465916138947E-16
  0.1785460000000E+14   0.1338363289941E-16
  0.1830290000000E+14   0.1204890163350E-16
  0.1876260000000E+14   0.1079735233128E-16
  0.1923370000000E+14   0.9681601288870E-17
  0.1971670000000E+14   0.8669929812380E-17
  0.2021180000000E+14   0.7791110214695E-17
  0.2071940000000E+14   0.7101610584560E-17
  0.2123970000000E+14   0.6470481780436E-17
  0.2177310000000E+14   0.6388929850050E-17
  0.2231980000000E+14   0.6293959994900E-17
  0.2288030000000E+14   0.6352769208141E-17
  0.2345490000000E+14   0.6445895797252E-17
  0.2404390000000E+14   0.6550442193672E-17
  0.2464770000000E+14   0.6694689720769E-17
  0.2526660000000E+14   0.6798777311076E-17
  0.2590110000000E+14   0.6922536103266E-17
  0.2655150000000E+14   0.7006159778930E-17
  0.2721830000000E+14   0.7161591915889E-17
  0.2790180000000E+14   0.7311831907352E-17
  0.2860240000000E+14   0.7385836369113E-17
  0.2932070000000E+14   0.7378892310638E-17
  0.3005700000000E+14   0.7341197520864E-17
  0.3081180000000E+14   0.7154281218273E-17
  0.3158550000000E+14   0.6973546612026E-17
  0.3237870000000E+14   0.6246227295861E-17
  0.3319170000000E+14   0.5400494826420E-17
  0.3402530000000E+14   0.4622548715521E-17
  0.3487970000000E+14   0.3906553087608E-17
  0.3575560000000E+14   0.3238763888466E-17
  0.3665350000000E+14   0.2640041883634E-17
  0.3757390000000E+14   0.2063326021129E-17
  0.3851740000000E+14   0.1712954927352E-17
  0.3948470000000E+14   0.1428889209780E-17
  0.4047620000000E+14   0.1247686819904E-17
  0.4149260000000E+14   0.1184235669208E-17
  0.4253460000000E+14   0.1130888530948E-17
  0.4360270000000E+14   0.1115255082101E-17
  0.4469770000000E+14   0.1101952801633E-17
  0.4582010000000E+14   0.1091189329853E-17
  0.4697070000000E+14   0.1082370103875E-17
  0.4815020000000E+14   0.1074104485574E-17
  0.4935940000000E+14   0.1066247587453E-17
  0.5059890000000E+14   0.1059810158846E-17
  0.5186950000000E+14   0.1055221535478E-17
  0.5317200000000E+14   0.1051466688630E-17
  0.5450730000000E+14   0.1049936413794E-17
  0.6258450000000E+14   0.1057322061364E-17
  0.7185870000000E+14   0.1075194576507E-17
  0.8250720000000E+14   0.1081327199734E-17
  0.9473370000000E+14   0.1069896304524E-17
  0.1087720000000E+15   0.1045737155607E-17
  0.1248910000000E+15   0.1018678944943E-17
  0.1433980000000E+15   0.9985298182403E-18
  0.1646470000000E+15   0.9956236616518E-18
  0.1890460000000E+15   0.1020128064589E-17
  0.2170600000000E+15   0.1075229917021E-17
  0.2492250000000E+15   0.1163185289721E-17
  0.2861570000000E+15   0.1282081082918E-17
  0.3285620000000E+15   0.1424588480284E-17
  0.3772500000000E+15   0.1578212335101E-17
  0.4331540000000E+15   0.1723949880428E-17
  0.4973410000000E+15   0.1836966241703E-17
  0.5710410000000E+15   0.1890202421589E-17
  0.6556610000000E+15   0.1860402800208E-17
  0.7528220000000E+15   0.1734189306394E-17
  0.8643800000000E+15   0.1516516951800E-17
  0.9924690000000E+15   0.1231293239314E-17
  0.1139540000000E+16   0.9136341205695E-18
  0.1308400000000E+16   0.6139169237532E-18
  0.1502290000000E+16   0.3666494491424E-18
  0.1724910000000E+16   0.1909543740664E-18
  0.1980520000000E+16   0.8472169421321E-19
  0.2274010000000E+16   0.3135925140129E-19
  0.2610990000000E+16   0.9420968681074E-20
  0.2997900000000E+16   0.2227156417515E-20
