mstar = 2 Msun, Rstar = 2.5 Rsun, Tstar = 10000, mdisk = 0.0036963 Msun, Rc = 150 AU, Rin = 0.5 AU, Rout = 250 AU, inclination = 45 degree, powerlaw = -0.5 
         130
  
  0.2997900000000E+11   0.4988943355081E-23
  0.3951060000000E+11   0.1136330456542E-22
  0.5207280000000E+11   0.2585962201991E-22
  0.6862910000000E+11   0.5877059718972E-22
  0.9044930000000E+11   0.1333126736920E-21
  0.1192070000000E+12   0.3016075864406E-21
  0.1571080000000E+12   0.6799421781637E-21
  0.2070600000000E+12   0.1525542544143E-20
  0.2728930000000E+12   0.3400859271262E-20
  0.3596580000000E+12   0.8197139288252E-20
  0.4740100000000E+12   0.2359415964215E-19
  0.6247180000000E+12   0.6687922683705E-19
  0.8233440000000E+12   0.1853532189327E-18
  0.1085120000000E+13   0.4988214295491E-18
  0.1430130000000E+13   0.1286828092168E-17
  0.1884830000000E+13   0.3132291234494E-17
  0.2484100000000E+13   0.7023708684900E-17
  0.3273910000000E+13   0.1396254016215E-16
  0.4314820000000E+13   0.2346000096530E-16
  0.5686700000000E+13   0.3123953832293E-16
  0.7494750000000E+13   0.3170901825512E-16
  0.7682960000000E+13   0.3136995363261E-16
  0.7875890000000E+13   0.3097532960273E-16
  0.8073670000000E+13   0.3052752262585E-16
  0.8276410000000E+13   0.3003394116161E-16
  0.8484250000000E+13   0.2950548570651E-16
  0.8697300000000E+13   0.2898258249288E-16
  0.8915700000000E+13   0.2842619619854E-16
  0.9139590000000E+13   0.2789446049059E-16
  0.9369100000000E+13   0.2734721947032E-16
  0.9604380000000E+13   0.2680910774992E-16
  0.9845560000000E+13   0.2628215204642E-16
  0.1009280000000E+14   0.2574293857882E-16
  0.1034620000000E+14   0.2521353953048E-16
  0.1060610000000E+14   0.2467149961584E-16
  0.1087240000000E+14   0.2417206223452E-16
  0.1114540000000E+14   0.2367048614195E-16
  0.1142530000000E+14   0.2318989623912E-16
  0.1171220000000E+14   0.2272448395401E-16
  0.1200630000000E+14   0.2225423803096E-16
  0.1230780000000E+14   0.2179518901526E-16
  0.1261690000000E+14   0.2132500737939E-16
  0.1293370000000E+14   0.2091058823288E-16
  0.1325850000000E+14   0.2048927895893E-16
  0.1359150000000E+14   0.2008419611402E-16
  0.1393280000000E+14   0.1968493474168E-16
  0.1428260000000E+14   0.1929044887344E-16
  0.1464130000000E+14   0.1894210764859E-16
  0.1500900000000E+14   0.1857194861453E-16
  0.1538590000000E+14   0.1808555437478E-16
  0.1577220000000E+14   0.1758490801989E-16
  0.1616830000000E+14   0.1677508209951E-16
  0.1657430000000E+14   0.1581150364675E-16
  0.1699050000000E+14   0.1477975123182E-16
  0.1741720000000E+14   0.1352206981711E-16
  0.1785460000000E+14   0.1234193325270E-16
  0.1830290000000E+14   0.1110790498756E-16
  0.1876260000000E+14   0.9951745669322E-17
  0.1923370000000E+14   0.8921977370880E-17
  0.1971670000000E+14   0.7988869152427E-17
  0.2021180000000E+14   0.7178644260165E-17
  0.2071940000000E+14   0.6543000001347E-17
  0.2123970000000E+14   0.5961305478299E-17
  0.2177310000000E+14   0.5885215224641E-17
  0.2231980000000E+14   0.5798137431099E-17
  0.2288030000000E+14   0.5854434555237E-17
  0.2345490000000E+14   0.5943808698164E-17
  0.2404390000000E+14   0.6044571787607E-17
  0.2464770000000E+14   0.6182849097752E-17
  0.2526660000000E+14   0.6284172168538E-17
  0.2590110000000E+14   0.6404172249291E-17
  0.2655150000000E+14   0.6487063145539E-17
  0.2721830000000E+14   0.6636805524017E-17
  0.2790180000000E+14   0.6781710679347E-17
  0.2860240000000E+14   0.6855536949319E-17
  0.2932070000000E+14   0.6853999305752E-17
  0.3005700000000E+14   0.6824015998810E-17
  0.3081180000000E+14   0.6654897722317E-17
  0.3158550000000E+14   0.6491565722456E-17
  0.3237870000000E+14   0.5818428616620E-17
  0.3319170000000E+14   0.5035637551579E-17
  0.3402530000000E+14   0.4316037015177E-17
  0.3487970000000E+14   0.3654470113384E-17
  0.3575560000000E+14   0.3037842373730E-17
  0.3665350000000E+14   0.2484783655835E-17
  0.3757390000000E+14   0.1951251185993E-17
  0.3851740000000E+14   0.1628308119490E-17
  0.3948470000000E+14   0.1366099089220E-17
  0.4047620000000E+14   0.1198433482504E-17
  0.4149260000000E+14   0.1141240604431E-17
  0.4253460000000E+14   0.1093023910059E-17
  0.4360270000000E+14   0.1080793650466E-17
  0.4469770000000E+14   0.1070513590824E-17
  0.4582010000000E+14   0.1062394005574E-17
  0.4697070000000E+14   0.1055864499481E-17
  0.4815020000000E+14   0.1049565176475E-17
  0.4935940000000E+14   0.1043354961960E-17
  0.5059890000000E+14   0.1038251996718E-17
  0.5186950000000E+14   0.1034709831308E-17
  0.5317200000000E+14   0.1031739311644E-17
  0.5450730000000E+14   0.1030772743584E-17
  0.6258450000000E+14   0.1038417507106E-17
  0.7185870000000E+14   0.1054235321369E-17
  0.8250720000000E+14   0.1058188269490E-17
  0.9473370000000E+14   0.1045894397485E-17
  0.1087720000000E+15   0.1023010272430E-17
  0.1248910000000E+15   0.9994704993970E-18
  0.1433980000000E+15   0.9846689188779E-18
  0.1646470000000E+15   0.9880673155247E-18
  0.1890460000000E+15   0.1018617441594E-17
  0.2170600000000E+15   0.1078340777767E-17
  0.2492250000000E+15   0.1168807864598E-17
  0.2861570000000E+15   0.1288299670563E-17
  0.3285620000000E+15   0.1430072100976E-17
  0.3772500000000E+15   0.1582241857907E-17
  0.4331540000000E+15   0.1726465118195E-17
  0.4973410000000E+15   0.1838478706669E-17
  0.5710410000000E+15   0.1891410225910E-17
  0.6556610000000E+15   0.1861831199533E-17
  0.7528220000000E+15   0.1736233693590E-17
  0.8643800000000E+15   0.1518996659469E-17
  0.9924690000000E+15   0.1233567174749E-17
  0.1139540000000E+16   0.9159650477951E-18
  0.1308400000000E+16   0.6153859020884E-18
  0.1502290000000E+16   0.3673742724533E-18
  0.1724910000000E+16   0.1912372764725E-18
  0.1980520000000E+16   0.8485416688396E-19
  0.2274010000000E+16   0.3140715228268E-19
  0.2610990000000E+16   0.9435093188418E-20
  0.2997900000000E+16   0.2230448005537E-20
