mstar = 2 Msun, Rstar = 2.5 Rsun, Tstar = 10000, mdisk = 0.0033181 Msun, Rc = 150 AU, Rin = 0.5 AU, Rout = 250 AU, inclination = 45 degree, powerlaw = -0.5 
         130
  
  0.2997900000000E+11   0.4538193205045E-23
  0.3951060000000E+11   0.1033579584581E-22
  0.5207280000000E+11   0.2352052449571E-22
  0.6862910000000E+11   0.5345522957906E-22
  0.9044930000000E+11   0.1212626504941E-21
  0.1192070000000E+12   0.2743758044584E-21
  0.1571080000000E+12   0.6186568698957E-21
  0.2070600000000E+12   0.1388382285554E-20
  0.2728930000000E+12   0.3096148609003E-20
  0.3596580000000E+12   0.7466249422233E-20
  0.4740100000000E+12   0.2150551714736E-19
  0.6247180000000E+12   0.6102053961426E-19
  0.8233440000000E+12   0.1693639088899E-18
  0.1085120000000E+13   0.4567717824671E-18
  0.1430130000000E+13   0.1182137738095E-17
  0.1884830000000E+13   0.2891468668314E-17
  0.2484100000000E+13   0.6532072545207E-17
  0.3273910000000E+13   0.1313321952877E-16
  0.4314820000000E+13   0.2243989402531E-16
  0.5686700000000E+13   0.3054517716702E-16
  0.7494750000000E+13   0.3162219671282E-16
  0.7682960000000E+13   0.3131959563310E-16
  0.7875890000000E+13   0.3095558980808E-16
  0.8073670000000E+13   0.3053236044579E-16
  0.8276410000000E+13   0.3005740622438E-16
  0.8484250000000E+13   0.2954190151707E-16
  0.8697300000000E+13   0.2902686203860E-16
  0.8915700000000E+13   0.2847289790658E-16
  0.9139590000000E+13   0.2793873712451E-16
  0.9369100000000E+13   0.2738434849825E-16
  0.9604380000000E+13   0.2683481575036E-16
  0.9845560000000E+13   0.2629264444835E-16
  0.1009280000000E+14   0.2573542027259E-16
  0.1034620000000E+14   0.2518568671323E-16
  0.1060610000000E+14   0.2462219986858E-16
  0.1087240000000E+14   0.2409973607536E-16
  0.1114540000000E+14   0.2357518428604E-16
  0.1142530000000E+14   0.2307168722322E-16
  0.1171220000000E+14   0.2258412820084E-16
  0.1200630000000E+14   0.2209344152257E-16
  0.1230780000000E+14   0.2161554725654E-16
  0.1261690000000E+14   0.2112896526603E-16
  0.1293370000000E+14   0.2069899092676E-16
  0.1325850000000E+14   0.2026464813536E-16
  0.1359150000000E+14   0.1984843761010E-16
  0.1393280000000E+14   0.1944014559354E-16
  0.1428260000000E+14   0.1903862502268E-16
  0.1464130000000E+14   0.1868422693637E-16
  0.1500900000000E+14   0.1831028882280E-16
  0.1538590000000E+14   0.1782392224782E-16
  0.1577220000000E+14   0.1732482445948E-16
  0.1616830000000E+14   0.1652329464027E-16
  0.1657430000000E+14   0.1557154998286E-16
  0.1699050000000E+14   0.1455345527949E-16
  0.1741720000000E+14   0.1331406156261E-16
  0.1785460000000E+14   0.1215133202001E-16
  0.1830290000000E+14   0.1093623318506E-16
  0.1876260000000E+14   0.9798224559368E-17
  0.1923370000000E+14   0.8784614358924E-17
  0.1971670000000E+14   0.7866236557611E-17
  0.2021180000000E+14   0.7068712881859E-17
  0.2071940000000E+14   0.6442577432679E-17
  0.2123970000000E+14   0.5869665853879E-17
  0.2177310000000E+14   0.5792450865433E-17
  0.2231980000000E+14   0.5705218008136E-17
  0.2288030000000E+14   0.5759423037618E-17
  0.2345490000000E+14   0.5846933543351E-17
  0.2404390000000E+14   0.5946333850695E-17
  0.2464770000000E+14   0.6083228227027E-17
  0.2526660000000E+14   0.6184327822808E-17
  0.2590110000000E+14   0.6304361701362E-17
  0.2655150000000E+14   0.6388148650173E-17
  0.2721830000000E+14   0.6538336151462E-17
  0.2790180000000E+14   0.6684128196576E-17
  0.2860240000000E+14   0.6759967251844E-17
  0.2932070000000E+14   0.6761433832489E-17
  0.3005700000000E+14   0.6734776055266E-17
  0.3081180000000E+14   0.6570272758588E-17
  0.3158550000000E+14   0.6411419072210E-17
  0.3237870000000E+14   0.5746847625342E-17
  0.3319170000000E+14   0.4973415820744E-17
  0.3402530000000E+14   0.4262589284810E-17
  0.3487970000000E+14   0.3609024536847E-17
  0.3575560000000E+14   0.2999775964360E-17
  0.3665350000000E+14   0.2453311497644E-17
  0.3757390000000E+14   0.1926549164039E-17
  0.3851740000000E+14   0.1608391192664E-17
  0.3948470000000E+14   0.1350507475105E-17
  0.4047620000000E+14   0.1185611506429E-17
  0.4149260000000E+14   0.1129307564220E-17
  0.4253460000000E+14   0.1081763418807E-17
  0.4360270000000E+14   0.1069689541795E-17
  0.4469770000000E+14   0.1059529648833E-17
  0.4582010000000E+14   0.1051494353953E-17
  0.4697070000000E+14   0.1045021472445E-17
  0.4815020000000E+14   0.1038762956844E-17
  0.4935940000000E+14   0.1032576592477E-17
  0.5059890000000E+14   0.1027475331101E-17
  0.5186950000000E+14   0.1023914186330E-17
  0.5317200000000E+14   0.1020911592944E-17
  0.5450730000000E+14   0.1019897890904E-17
  0.6258450000000E+14   0.1027229343945E-17
  0.7185870000000E+14   0.1042907201769E-17
  0.8250720000000E+14   0.1047139601301E-17
  0.9473370000000E+14   0.1035674305314E-17
  0.1087720000000E+15   0.1014172555413E-17
  0.1248910000000E+15   0.9923837247560E-18
  0.1433980000000E+15   0.9794031079907E-18
  0.1646470000000E+15   0.9844172943567E-18
  0.1890460000000E+15   0.1016208616420E-17
  0.2170600000000E+15   0.1076815821729E-17
  0.2492250000000E+15   0.1167872521407E-17
  0.2861570000000E+15   0.1287772816716E-17
  0.3285620000000E+15   0.1429853670608E-17
  0.3772500000000E+15   0.1582234923658E-17
  0.4331540000000E+15   0.1726563874709E-17
  0.4973410000000E+15   0.1838615414551E-17
  0.5710410000000E+15   0.1891580474492E-17
  0.6556610000000E+15   0.1862064663754E-17
  0.7528220000000E+15   0.1736577830818E-17
  0.8643800000000E+15   0.1519415844597E-17
  0.9924690000000E+15   0.1233951781041E-17
  0.1139540000000E+16   0.9163594744741E-18
  0.1308400000000E+16   0.6156344525768E-18
  0.1502290000000E+16   0.3674968825397E-18
  0.1724910000000E+16   0.1912851180190E-18
  0.1980520000000E+16   0.8487657037336E-19
  0.2274010000000E+16   0.3141525300457E-19
  0.2610990000000E+16   0.9437481804625E-20
  0.2997900000000E+16   0.2231004643899E-20
