mstar = 2 Msun, Rstar = 2.5 Rsun, Tstar = 10000, mdisk = 0.0022834 Msun, Rc = 150 AU, Rin = 0.5 AU, Rout = 250 AU, inclination = 45 degree, powerlaw = -0.5 
         130
  
  0.2997900000000E+11   0.3239090705818E-23
  0.3951060000000E+11   0.7373751145723E-23
  0.5207280000000E+11   0.1677548191486E-22
  0.6862910000000E+11   0.3812170851539E-22
  0.9044930000000E+11   0.8648306705358E-22
  0.1192070000000E+12   0.1957229472394E-21
  0.1571080000000E+12   0.4414847502933E-21
  0.2070600000000E+12   0.9913737689302E-21
  0.2728930000000E+12   0.2212726778481E-20
  0.3596580000000E+12   0.5342484472496E-20
  0.4740100000000E+12   0.1541660890393E-19
  0.6247180000000E+12   0.4386137614271E-19
  0.8233440000000E+12   0.1222181246928E-18
  0.1085120000000E+13   0.3315473139691E-18
  0.1430130000000E+13   0.8656133019125E-18
  0.1884830000000E+13   0.2145955876773E-17
  0.2484100000000E+13   0.4950717100291E-17
  0.3273910000000E+13   0.1028605289860E-16
  0.4314820000000E+13   0.1848714528471E-16
  0.5686700000000E+13   0.2702753637847E-16
  0.7494750000000E+13   0.3023514731699E-16
  0.7682960000000E+13   0.3012181919651E-16
  0.7875890000000E+13   0.2993465703593E-16
  0.8073670000000E+13   0.2967366134935E-16
  0.8276410000000E+13   0.2934508830579E-16
  0.8484250000000E+13   0.2895956137186E-16
  0.8697300000000E+13   0.2855969890080E-16
  0.8915700000000E+13   0.2810224219448E-16
  0.9139590000000E+13   0.2764840470883E-16
  0.9369100000000E+13   0.2715561728288E-16
  0.9604380000000E+13   0.2664999552668E-16
  0.9845560000000E+13   0.2613435089930E-16
  0.1009280000000E+14   0.2558758142390E-16
  0.1034620000000E+14   0.2503380456840E-16
  0.1060610000000E+14   0.2445452572833E-16
  0.1087240000000E+14   0.2390423971915E-16
  0.1114540000000E+14   0.2334396675518E-16
  0.1142530000000E+14   0.2279774468225E-16
  0.1171220000000E+14   0.2226291761516E-16
  0.1200630000000E+14   0.2172410531206E-16
  0.1230780000000E+14   0.2119789081014E-16
  0.1261690000000E+14   0.2066627384565E-16
  0.1293370000000E+14   0.2019021984124E-16
  0.1325850000000E+14   0.1971513307391E-16
  0.1359150000000E+14   0.1926236020921E-16
  0.1393280000000E+14   0.1882311092370E-16
  0.1428260000000E+14   0.1839653463277E-16
  0.1464130000000E+14   0.1801996448098E-16
  0.1500900000000E+14   0.1763167381297E-16
  0.1538590000000E+14   0.1714442715058E-16
  0.1577220000000E+14   0.1664993869142E-16
  0.1616830000000E+14   0.1587589188028E-16
  0.1657430000000E+14   0.1496321217975E-16
  0.1699050000000E+14   0.1398992942580E-16
  0.1741720000000E+14   0.1281036275242E-16
  0.1785460000000E+14   0.1170400400311E-16
  0.1830290000000E+14   0.1055010244782E-16
  0.1876260000000E+14   0.9469934777636E-17
  0.1923370000000E+14   0.8507573237950E-17
  0.1971670000000E+14   0.7635500264067E-17
  0.2021180000000E+14   0.6877152571663E-17
  0.2071940000000E+14   0.6279261207891E-17
  0.2123970000000E+14   0.5731790368955E-17
  0.2177310000000E+14   0.5647106750844E-17
  0.2231980000000E+14   0.5555672962700E-17
  0.2288030000000E+14   0.5599929317243E-17
  0.2345490000000E+14   0.5678832165390E-17
  0.2404390000000E+14   0.5771957237717E-17
  0.2464770000000E+14   0.5903485480401E-17
  0.2526660000000E+14   0.6002790935322E-17
  0.2590110000000E+14   0.6121947799952E-17
  0.2655150000000E+14   0.6207406825232E-17
  0.2721830000000E+14   0.6357974393262E-17
  0.2790180000000E+14   0.6505313496838E-17
  0.2860240000000E+14   0.6585579654968E-17
  0.2932070000000E+14   0.6594225250832E-17
  0.3005700000000E+14   0.6575833872445E-17
  0.3081180000000E+14   0.6423603840643E-17
  0.3158550000000E+14   0.6276651305920E-17
  0.3237870000000E+14   0.5636600247486E-17
  0.3319170000000E+14   0.4888341249426E-17
  0.3402530000000E+14   0.4199014228467E-17
  0.3487970000000E+14   0.3563822650206E-17
  0.3575560000000E+14   0.2970490528780E-17
  0.3665350000000E+14   0.2436745275250E-17
  0.3757390000000E+14   0.1920961543630E-17
  0.3851740000000E+14   0.1608652587043E-17
  0.3948470000000E+14   0.1353607069273E-17
  0.4047620000000E+14   0.1189138979780E-17
  0.4149260000000E+14   0.1132241383257E-17
  0.4253460000000E+14   0.1083831327142E-17
  0.4360270000000E+14   0.1070933631238E-17
  0.4469770000000E+14   0.1059962598860E-17
  0.4582010000000E+14   0.1051132517805E-17
  0.4697070000000E+14   0.1043877308392E-17
  0.4815020000000E+14   0.1036823045800E-17
  0.4935940000000E+14   0.1029817950439E-17
  0.5059890000000E+14   0.1023899143860E-17
  0.5186950000000E+14   0.1019544589555E-17
  0.5317200000000E+14   0.1015750507508E-17
  0.5450730000000E+14   0.1014003978000E-17
  0.6258450000000E+14   0.1017896397808E-17
  0.7185870000000E+14   0.1031402401381E-17
  0.8250720000000E+14   0.1034526245679E-17
  0.9473370000000E+14   0.1023120528838E-17
  0.1087720000000E+15   0.1002961360802E-17
  0.1248910000000E+15   0.9835409508568E-18
  0.1433980000000E+15   0.9734723273510E-18
  0.1646470000000E+15   0.9814788396904E-18
  0.1890460000000E+15   0.1015998144799E-17
  0.2170600000000E+15   0.1078777087901E-17
  0.2492250000000E+15   0.1171087875731E-17
  0.2861570000000E+15   0.1291184310657E-17
  0.3285620000000E+15   0.1432712689460E-17
  0.3772500000000E+15   0.1584291748848E-17
  0.4331540000000E+15   0.1727902082416E-17
  0.4973410000000E+15   0.1839474458974E-17
  0.5710410000000E+15   0.1892260552294E-17
  0.6556610000000E+15   0.1862827630433E-17
  0.7528220000000E+15   0.1737642778722E-17
  0.8643800000000E+15   0.1520701221137E-17
  0.9924690000000E+15   0.1235129962803E-17
  0.1139540000000E+16   0.9175678770744E-18
  0.1308400000000E+16   0.6163958856301E-18
  0.1502290000000E+16   0.3678724440936E-18
  0.1724910000000E+16   0.1914316344764E-18
  0.1980520000000E+16   0.8494518379527E-19
  0.2274010000000E+16   0.3144006214742E-19
  0.2610990000000E+16   0.9444797072131E-20
  0.2997900000000E+16   0.2232709366810E-20
