mstar = 2 Msun, Rstar = 2.5 Rsun, Tstar = 10000, mdisk = 0.0029561 Msun, Rc = 150 AU, Rin = 0.5 AU, Rout = 250 AU, inclination = 45 degree, powerlaw = -0.5 
         130
  
  0.2997900000000E+11   0.4082326226561E-23
  0.3951060000000E+11   0.9296382880141E-23
  0.5207280000000E+11   0.2115360450094E-22
  0.6862910000000E+11   0.4807446581681E-22
  0.9044930000000E+11   0.1090578537631E-21
  0.1192070000000E+12   0.2467747248591E-21
  0.1571080000000E+12   0.5564821270915E-21
  0.2070600000000E+12   0.1249057793230E-20
  0.2728930000000E+12   0.2786116114254E-20
  0.3596580000000E+12   0.6720919370065E-20
  0.4740100000000E+12   0.1936884088105E-19
  0.6247180000000E+12   0.5500069031367E-19
  0.8233440000000E+12   0.1528326654785E-18
  0.1085120000000E+13   0.4129079529384E-18
  0.1430130000000E+13   0.1071487369390E-17
  0.1884830000000E+13   0.2631880425654E-17
  0.2484100000000E+13   0.5985660245245E-17
  0.3273910000000E+13   0.1216392765304E-16
  0.4314820000000E+13   0.2113232943986E-16
  0.5686700000000E+13   0.2944287457196E-16
  0.7494750000000E+13   0.3121728969114E-16
  0.7682960000000E+13   0.3096987437237E-16
  0.7875890000000E+13   0.3065605999145E-16
  0.8073670000000E+13   0.3027748401374E-16
  0.8276410000000E+13   0.2984141694446E-16
  0.8484250000000E+13   0.2935900059219E-16
  0.8697300000000E+13   0.2887171795049E-16
  0.8915700000000E+13   0.2833939159952E-16
  0.9139590000000E+13   0.2782136505835E-16
  0.9369100000000E+13   0.2727730973590E-16
  0.9604380000000E+13   0.2673269092181E-16
  0.9845560000000E+13   0.2619033392008E-16
  0.1009280000000E+14   0.2562859699761E-16
  0.1034620000000E+14   0.2507056742213E-16
  0.1060610000000E+14   0.2449611119868E-16
  0.1087240000000E+14   0.2395977157527E-16
  0.1114540000000E+14   0.2342000467584E-16
  0.1142530000000E+14   0.2290017752924E-16
  0.1171220000000E+14   0.2239598398573E-16
  0.1200630000000E+14   0.2188946985116E-16
  0.1230780000000E+14   0.2139667534308E-16
  0.1261690000000E+14   0.2089704493516E-16
  0.1293370000000E+14   0.2045454095389E-16
  0.1325850000000E+14   0.2000992966517E-16
  0.1359150000000E+14   0.1958527310389E-16
  0.1393280000000E+14   0.1917063625949E-16
  0.1428260000000E+14   0.1876483683507E-16
  0.1464130000000E+14   0.1840737244115E-16
  0.1500900000000E+14   0.1803270259376E-16
  0.1538590000000E+14   0.1754910429732E-16
  0.1577220000000E+14   0.1705425674662E-16
  0.1616830000000E+14   0.1626233621350E-16
  0.1657430000000E+14   0.1532287673549E-16
  0.1699050000000E+14   0.1431839033853E-16
  0.1741720000000E+14   0.1309610618718E-16
  0.1785460000000E+14   0.1194970032291E-16
  0.1830290000000E+14   0.1075215571206E-16
  0.1876260000000E+14   0.9631113524266E-17
  0.1923370000000E+14   0.8633179007306E-17
  0.1971670000000E+14   0.7729529052313E-17
  0.2021180000000E+14   0.6945163278406E-17
  0.2071940000000E+14   0.6329460452906E-17
  0.2123970000000E+14   0.5766343081581E-17
  0.2177310000000E+14   0.5690169189264E-17
  0.2231980000000E+14   0.5604833770092E-17
  0.2288030000000E+14   0.5659291483907E-17
  0.2345490000000E+14   0.5747158970027E-17
  0.2404390000000E+14   0.5847315006521E-17
  0.2464770000000E+14   0.5984864170547E-17
  0.2526660000000E+14   0.6087250657089E-17
  0.2590110000000E+14   0.6208377492774E-17
  0.2655150000000E+14   0.6293567590826E-17
  0.2721830000000E+14   0.6444280309694E-17
  0.2790180000000E+14   0.6590454507620E-17
  0.2860240000000E+14   0.6667319340787E-17
  0.2932070000000E+14   0.6670712373691E-17
  0.3005700000000E+14   0.6646288126574E-17
  0.3081180000000E+14   0.6485763093434E-17
  0.3158550000000E+14   0.6330820506241E-17
  0.3237870000000E+14   0.5676947355348E-17
  0.3319170000000E+14   0.4915663544395E-17
  0.3402530000000E+14   0.4215974655130E-17
  0.3487970000000E+14   0.3572671405366E-17
  0.3575560000000E+14   0.2972962378288E-17
  0.3665350000000E+14   0.2434486277938E-17
  0.3757390000000E+14   0.1915305882089E-17
  0.3851740000000E+14   0.1601899768962E-17
  0.3948470000000E+14   0.1346933404913E-17
  0.4047620000000E+14   0.1183379059944E-17
  0.4149260000000E+14   0.1127748210751E-17
  0.4253460000000E+14   0.1080678092979E-17
  0.4360270000000E+14   0.1069024967177E-17
  0.4469770000000E+14   0.1059219063648E-17
  0.4582010000000E+14   0.1051479028783E-17
  0.4697070000000E+14   0.1045247518076E-17
  0.4815020000000E+14   0.1039171128049E-17
  0.4935940000000E+14   0.1033109979512E-17
  0.5059890000000E+14   0.1028091363210E-17
  0.5186950000000E+14   0.1024583411495E-17
  0.5317200000000E+14   0.1021599056074E-17
  0.5450730000000E+14   0.1020595557226E-17
  0.6258450000000E+14   0.1027773153011E-17
  0.7185870000000E+14   0.1043135813152E-17
  0.8250720000000E+14   0.1046848132286E-17
  0.9473370000000E+14   0.1034739676735E-17
  0.1087720000000E+15   0.1012657152992E-17
  0.1248910000000E+15   0.9905096668162E-18
  0.1433980000000E+15   0.9774879396767E-18
  0.1646470000000E+15   0.9827872911895E-18
  0.1890460000000E+15   0.1015102766952E-17
  0.2170600000000E+15   0.1076303899158E-17
  0.2492250000000E+15   0.1167814002859E-17
  0.2861570000000E+15   0.1287937324665E-17
  0.3285620000000E+15   0.1430080438067E-17
  0.3772500000000E+15   0.1582455722567E-17
  0.4331540000000E+15   0.1726756087630E-17
  0.4973410000000E+15   0.1838785821376E-17
  0.5710410000000E+15   0.1891766224547E-17
  0.6556610000000E+15   0.1862312431284E-17
  0.7528220000000E+15   0.1736941836024E-17
  0.8643800000000E+15   0.1519859178176E-17
  0.9924690000000E+15   0.1234358557035E-17
  0.1139540000000E+16   0.9167766890771E-18
  0.1308400000000E+16   0.6158973558413E-18
  0.1502290000000E+16   0.3676265635096E-18
  0.1724910000000E+16   0.1913357142233E-18
  0.1980520000000E+16   0.8490026416601E-19
  0.2274010000000E+16   0.3142382022453E-19
  0.2610990000000E+16   0.9440007962225E-20
  0.2997900000000E+16   0.2231593332455E-20
