mstar = 2 Msun, Rstar = 2.5 Rsun, Tstar = 10000, mdisk = 0.0049237 Msun, Rc = 150 AU, Rin = 0.5 AU, Rout = 250 AU, inclination = 45 degree, powerlaw = -1 
         130
  
  0.2997900000000E+11   0.6462149557486E-23
  0.3951060000000E+11   0.1472159514712E-22
  0.5207280000000E+11   0.3350480422389E-22
  0.6862910000000E+11   0.7614387632432E-22
  0.9044930000000E+11   0.1726992575111E-21
  0.1192070000000E+12   0.3906203604336E-21
  0.1571080000000E+12   0.8802757000220E-21
  0.2070600000000E+12   0.1973930273862E-20
  0.2728930000000E+12   0.4397068970292E-20
  0.3596580000000E+12   0.1058681684340E-19
  0.4740100000000E+12   0.3042191584508E-19
  0.6247180000000E+12   0.8602251736858E-19
  0.8233440000000E+12   0.2375442165268E-18
  0.1085120000000E+13   0.6357824522417E-18
  0.1430130000000E+13   0.1626421978473E-17
  0.1884830000000E+13   0.3907413369172E-17
  0.2484100000000E+13   0.8583418743354E-17
  0.3273910000000E+13   0.1652700641280E-16
  0.4314820000000E+13   0.2648460249618E-16
  0.5686700000000E+13   0.3321716058410E-16
  0.7494750000000E+13   0.3215763980101E-16
  0.7682960000000E+13   0.3174358714171E-16
  0.7875890000000E+13   0.3128915630775E-16
  0.8073670000000E+13   0.3079633147159E-16
  0.8276410000000E+13   0.3027161052480E-16
  0.8484250000000E+13   0.2972476846305E-16
  0.8697300000000E+13   0.2919555657423E-16
  0.8915700000000E+13   0.2864353816263E-16
  0.9139590000000E+13   0.2812691410902E-16
  0.9369100000000E+13   0.2760300870375E-16
  0.9604380000000E+13   0.2709567314608E-16
  0.9845560000000E+13   0.2660536312836E-16
  0.1009280000000E+14   0.2610534042560E-16
  0.1034620000000E+14   0.2561711634731E-16
  0.1060610000000E+14   0.2511507271705E-16
  0.1087240000000E+14   0.2465672967292E-16
  0.1114540000000E+14   0.2419305582465E-16
  0.1142530000000E+14   0.2374778545403E-16
  0.1171220000000E+14   0.2331391697154E-16
  0.1200630000000E+14   0.2286967552897E-16
  0.1230780000000E+14   0.2243198789883E-16
  0.1261690000000E+14   0.2197724859963E-16
  0.1293370000000E+14   0.2157630048214E-16
  0.1325850000000E+14   0.2116318065617E-16
  0.1359150000000E+14   0.2076263391140E-16
  0.1393280000000E+14   0.2036417794258E-16
  0.1428260000000E+14   0.1996725029031E-16
  0.1464130000000E+14   0.1961543143382E-16
  0.1500900000000E+14   0.1923835283521E-16
  0.1538590000000E+14   0.1873859698854E-16
  0.1577220000000E+14   0.1822271006162E-16
  0.1616830000000E+14   0.1738529127450E-16
  0.1657430000000E+14   0.1638800831843E-16
  0.1699050000000E+14   0.1531971476976E-16
  0.1741720000000E+14   0.1401680545941E-16
  0.1785460000000E+14   0.1279391853745E-16
  0.1830290000000E+14   0.1151462025800E-16
  0.1876260000000E+14   0.1031573914175E-16
  0.1923370000000E+14   0.9247737828935E-17
  0.1971670000000E+14   0.8279931739078E-17
  0.2021180000000E+14   0.7439694611861E-17
  0.2071940000000E+14   0.6781031780637E-17
  0.2123970000000E+14   0.6178354698612E-17
  0.2177310000000E+14   0.6101940305199E-17
  0.2231980000000E+14   0.6013147092669E-17
  0.2288030000000E+14   0.6072352788485E-17
  0.2345490000000E+14   0.6165042796617E-17
  0.2404390000000E+14   0.6269043266393E-17
  0.2464770000000E+14   0.6411552252795E-17
  0.2526660000000E+14   0.6515669382548E-17
  0.2590110000000E+14   0.6638946600584E-17
  0.2655150000000E+14   0.6723659599724E-17
  0.2721830000000E+14   0.6877465900256E-17
  0.2790180000000E+14   0.7026285095463E-17
  0.2860240000000E+14   0.7101337355565E-17
  0.2932070000000E+14   0.7098207850039E-17
  0.3005700000000E+14   0.7065531602185E-17
  0.3081180000000E+14   0.6888737277217E-17
  0.3158550000000E+14   0.6717777776720E-17
  0.3237870000000E+14   0.6019151246298E-17
  0.3319170000000E+14   0.5206709449635E-17
  0.3402530000000E+14   0.4459526950872E-17
  0.3487970000000E+14   0.3772193972881E-17
  0.3575560000000E+14   0.3131750483301E-17
  0.3665350000000E+14   0.2558066274202E-17
  0.3757390000000E+14   0.2004915757279E-17
  0.3851740000000E+14   0.1669072654735E-17
  0.3948470000000E+14   0.1396439383728E-17
  0.4047620000000E+14   0.1222152873989E-17
  0.4149260000000E+14   0.1161985213969E-17
  0.4253460000000E+14   0.1111338301165E-17
  0.4360270000000E+14   0.1097573511518E-17
  0.4469770000000E+14   0.1085908102258E-17
  0.4582010000000E+14   0.1076552262522E-17
  0.4697070000000E+14   0.1068923852804E-17
  0.4815020000000E+14   0.1061654148517E-17
  0.4935940000000E+14   0.1054604150542E-17
  0.5059890000000E+14   0.1048790391054E-17
  0.5186950000000E+14   0.1044652860777E-17
  0.5317200000000E+14   0.1041193550055E-17
  0.5450730000000E+14   0.1039818224182E-17
  0.6258450000000E+14   0.1046233651698E-17
  0.7185870000000E+14   0.1061552237847E-17
  0.8250720000000E+14   0.1065062271144E-17
  0.9473370000000E+14   0.1051985474359E-17
  0.1087720000000E+15   0.1027780333734E-17
  0.1248910000000E+15   0.1002436302771E-17
  0.1433980000000E+15   0.9855231209595E-18
  0.1646470000000E+15   0.9867477323232E-18
  0.1890460000000E+15   0.1015380205341E-17
  0.2170600000000E+15   0.1073852082152E-17
  0.2492250000000E+15   0.1164001582283E-17
  0.2861570000000E+15   0.1283977569136E-17
  0.3285620000000E+15   0.1426688166944E-17
  0.3772500000000E+15   0.1579925135567E-17
  0.4331540000000E+15   0.1725080186414E-17
  0.4973410000000E+15   0.1837687971969E-17
  0.5710410000000E+15   0.1890827326646E-17
  0.6556610000000E+15   0.1861175394202E-17
  0.7528220000000E+15   0.1735306859028E-17
  0.8643800000000E+15   0.1517874113269E-17
  0.9924690000000E+15   0.1232537849286E-17
  0.1139540000000E+16   0.9149097329863E-18
  0.1308400000000E+16   0.6147208590400E-18
  0.1502290000000E+16   0.3670461641706E-18
  0.1724910000000E+16   0.1911092313889E-18
  0.1980520000000E+16   0.8479420679024E-19
  0.2274010000000E+16   0.3138547148647E-19
  0.2610990000000E+16   0.9428700232914E-20
  0.2997900000000E+16   0.2228958194063E-20
