mstar = 2 Msun, Rstar = 2.5 Rsun, Tstar = 10000, mdisk = 0.0037872 Msun, Rc = 150 AU, Rin = 0.5 AU, Rout = 250 AU, inclination = 45 degree, powerlaw = -1 
         130
  
  0.2997900000000E+11   0.5104361879502E-23
  0.3951060000000E+11   0.1162647289110E-22
  0.5207280000000E+11   0.2645891583842E-22
  0.6862910000000E+11   0.6013302809219E-22
  0.9044930000000E+11   0.1364031171735E-21
  0.1192070000000E+12   0.3085970472024E-21
  0.1571080000000E+12   0.6956881317817E-21
  0.2070600000000E+12   0.1560831179487E-20
  0.2728930000000E+12   0.3479398938080E-20
  0.3596580000000E+12   0.8385990008929E-20
  0.4740100000000E+12   0.2413561307801E-19
  0.6247180000000E+12   0.6840485289229E-19
  0.8233440000000E+12   0.1895419139281E-18
  0.1085120000000E+13   0.5099266554161E-18
  0.1430130000000E+13   0.1314797127273E-17
  0.1884830000000E+13   0.3197723402153E-17
  0.2484100000000E+13   0.7160779764254E-17
  0.3273910000000E+13   0.1420414823354E-16
  0.4314820000000E+13   0.2378550672952E-16
  0.5686700000000E+13   0.3152713474699E-16
  0.7494750000000E+13   0.3185824903371E-16
  0.7682960000000E+13   0.3150814752469E-16
  0.7875890000000E+13   0.3110329875842E-16
  0.8073670000000E+13   0.3064610776917E-16
  0.8276410000000E+13   0.3014400076114E-16
  0.8484250000000E+13   0.2960787129902E-16
  0.8697300000000E+13   0.2907819686161E-16
  0.8915700000000E+13   0.2851584250124E-16
  0.9139590000000E+13   0.2797907965087E-16
  0.9369100000000E+13   0.2742754949553E-16
  0.9604380000000E+13   0.2688588803245E-16
  0.9845560000000E+13   0.2635603083022E-16
  0.1009280000000E+14   0.2581428954229E-16
  0.1034620000000E+14   0.2528273980731E-16
  0.1060610000000E+14   0.2473865002377E-16
  0.1087240000000E+14   0.2423752235603E-16
  0.1114540000000E+14   0.2373422131044E-16
  0.1142530000000E+14   0.2325189989563E-16
  0.1171220000000E+14   0.2278465361790E-16
  0.1200630000000E+14   0.2231229241248E-16
  0.1230780000000E+14   0.2185093398271E-16
  0.1261690000000E+14   0.2137813385912E-16
  0.1293370000000E+14   0.2096115200017E-16
  0.1325850000000E+14   0.2053700548090E-16
  0.1359150000000E+14   0.2012893091655E-16
  0.1393280000000E+14   0.1972651573012E-16
  0.1428260000000E+14   0.1932874849842E-16
  0.1464130000000E+14   0.1897719699729E-16
  0.1500900000000E+14   0.1860374385712E-16
  0.1538590000000E+14   0.1811378782039E-16
  0.1577220000000E+14   0.1760963661046E-16
  0.1616830000000E+14   0.1679583356652E-16
  0.1657430000000E+14   0.1582825678143E-16
  0.1699050000000E+14   0.1479268455264E-16
  0.1741720000000E+14   0.1353117455218E-16
  0.1785460000000E+14   0.1234766770600E-16
  0.1830290000000E+14   0.1111043624961E-16
  0.1876260000000E+14   0.9951571197026E-17
  0.1923370000000E+14   0.8919583779947E-17
  0.1971670000000E+14   0.7984752240262E-17
  0.2021180000000E+14   0.7173454368326E-17
  0.2071940000000E+14   0.6537240243240E-17
  0.2123970000000E+14   0.5955316458561E-17
  0.2177310000000E+14   0.5879318212931E-17
  0.2231980000000E+14   0.5792347885607E-17
  0.2288030000000E+14   0.5848816423478E-17
  0.2345490000000E+14   0.5938460917771E-17
  0.2404390000000E+14   0.6039698151392E-17
  0.2464770000000E+14   0.6178466994066E-17
  0.2526660000000E+14   0.6280284240197E-17
  0.2590110000000E+14   0.6400752353436E-17
  0.2655150000000E+14   0.6483985288671E-17
  0.2721830000000E+14   0.6634174634364E-17
  0.2790180000000E+14   0.6779578218113E-17
  0.2860240000000E+14   0.6854048317622E-17
  0.2932070000000E+14   0.6853337790747E-17
  0.3005700000000E+14   0.6824125064893E-17
  0.3081180000000E+14   0.6655769861785E-17
  0.3158550000000E+14   0.6493254327299E-17
  0.3237870000000E+14   0.5820658679004E-17
  0.3319170000000E+14   0.5038377496972E-17
  0.3402530000000E+14   0.4319427332263E-17
  0.3487970000000E+14   0.3658011826274E-17
  0.3575560000000E+14   0.3040922493989E-17
  0.3665350000000E+14   0.2487881642131E-17
  0.3757390000000E+14   0.1954485890583E-17
  0.3851740000000E+14   0.1631305324490E-17
  0.3948470000000E+14   0.1369164547419E-17
  0.4047620000000E+14   0.1201579819622E-17
  0.4149260000000E+14   0.1144433852242E-17
  0.4253460000000E+14   0.1096266742299E-17
  0.4360270000000E+14   0.1084036937451E-17
  0.4469770000000E+14   0.1073756757147E-17
  0.4582010000000E+14   0.1065638222341E-17
  0.4697070000000E+14   0.1059114756232E-17
  0.4815020000000E+14   0.1052827007593E-17
  0.4935940000000E+14   0.1046633735045E-17
  0.5059890000000E+14   0.1041552718558E-17
  0.5186950000000E+14   0.1038036746769E-17
  0.5317200000000E+14   0.1035098006424E-17
  0.5450730000000E+14   0.1034167160809E-17
  0.6258450000000E+14   0.1042063602262E-17
  0.7185870000000E+14   0.1058129240390E-17
  0.8250720000000E+14   0.1062235369987E-17
  0.9473370000000E+14   0.1049937694943E-17
  0.1087720000000E+15   0.1026880774201E-17
  0.1248910000000E+15   0.1003028648451E-17
  0.1433980000000E+15   0.9877957258153E-18
  0.1646470000000E+15   0.9906758386075E-18
  0.1890460000000E+15   0.1020657231264E-17
  0.2170600000000E+15   0.1079796472062E-17
  0.2492250000000E+15   0.1169741923689E-17
  0.2861570000000E+15   0.1288831779462E-17
  0.3285620000000E+15   0.1430327366401E-17
  0.3772500000000E+15   0.1582330611672E-17
  0.4331540000000E+15   0.1726473849926E-17
  0.4973410000000E+15   0.1838461372441E-17
  0.5710410000000E+15   0.1891386547735E-17
  0.6556610000000E+15   0.1861801898379E-17
  0.7528220000000E+15   0.1736192879489E-17
  0.8643800000000E+15   0.1518947672611E-17
  0.9924690000000E+15   0.1233522320968E-17
  0.1139540000000E+16   0.9159190638004E-18
  0.1308400000000E+16   0.6153569252412E-18
  0.1502290000000E+16   0.3673599776243E-18
  0.1724910000000E+16   0.1912316984772E-18
  0.1980520000000E+16   0.8485155481140E-19
  0.2274010000000E+16   0.3140620779832E-19
  0.2610990000000E+16   0.9434814692665E-20
  0.2997900000000E+16   0.2230383105311E-20
