mstar = 2 Msun, Rstar = 2.5 Rsun, Tstar = 10000, mdisk = 0.0099891 Msun, Rc = 150 AU, Rin = 0.5 AU, Rout = 250 AU, inclination = 45 degree, powerlaw = -1 
         130
  
  0.2997900000000E+11   0.1217214696037E-22
  0.3951060000000E+11   0.2773357863011E-22
  0.5207280000000E+11   0.6311345799138E-22
  0.6862910000000E+11   0.1433881775374E-21
  0.9044930000000E+11   0.3250279164815E-21
  0.1192070000000E+12   0.7345223270364E-21
  0.1571080000000E+12   0.1653200967633E-20
  0.2070600000000E+12   0.3700728782387E-20
  0.2728930000000E+12   0.8224234450180E-20
  0.3596580000000E+12   0.1973495330846E-19
  0.4740100000000E+12   0.5640835223297E-19
  0.6247180000000E+12   0.1582388536658E-18
  0.8233440000000E+12   0.4317357547310E-18
  0.1085120000000E+13   0.1134336593833E-17
  0.1430130000000E+13   0.2819395478034E-17
  0.1884830000000E+13   0.6474590206370E-17
  0.2484100000000E+13   0.1325882983293E-16
  0.3273910000000E+13   0.2299213304865E-16
  0.4314820000000E+13   0.3202301444906E-16
  0.5686700000000E+13   0.3503068422081E-16
  0.7494750000000E+13   0.3240568841667E-16
  0.7682960000000E+13   0.3204318988961E-16
  0.7875890000000E+13   0.3166047561369E-16
  0.8073670000000E+13   0.3125459586147E-16
  0.8276410000000E+13   0.3082766457185E-16
  0.8484250000000E+13   0.3038600641133E-16
  0.8697300000000E+13   0.2997125061529E-16
  0.8915700000000E+13   0.2953299813122E-16
  0.9139590000000E+13   0.2913525047264E-16
  0.9369100000000E+13   0.2872518536200E-16
  0.9604380000000E+13   0.2832774156595E-16
  0.9845560000000E+13   0.2794104867549E-16
  0.1009280000000E+14   0.2753240255091E-16
  0.1034620000000E+14   0.2712554245819E-16
  0.1060610000000E+14   0.2669063468891E-16
  0.1087240000000E+14   0.2629302835755E-16
  0.1114540000000E+14   0.2587702016883E-16
  0.1142530000000E+14   0.2546995810985E-16
  0.1171220000000E+14   0.2506458491459E-16
  0.1200630000000E+14   0.2463758861233E-16
  0.1230780000000E+14   0.2420887746900E-16
  0.1261690000000E+14   0.2375348424229E-16
  0.1293370000000E+14   0.2335025043803E-16
  0.1325850000000E+14   0.2292755342823E-16
  0.1359150000000E+14   0.2251334321052E-16
  0.1393280000000E+14   0.2209690964972E-16
  0.1428260000000E+14   0.2167830894094E-16
  0.1464130000000E+14   0.2130541643670E-16
  0.1500900000000E+14   0.2090236849463E-16
  0.1538590000000E+14   0.2036432581552E-16
  0.1577220000000E+14   0.1980713926587E-16
  0.1616830000000E+14   0.1890123072584E-16
  0.1657430000000E+14   0.1782163397440E-16
  0.1699050000000E+14   0.1666443626099E-16
  0.1741720000000E+14   0.1525267960025E-16
  0.1785460000000E+14   0.1392648150419E-16
  0.1830290000000E+14   0.1253818985999E-16
  0.1876260000000E+14   0.1123622881274E-16
  0.1923370000000E+14   0.1007561697995E-16
  0.1971670000000E+14   0.9023159630707E-17
  0.2021180000000E+14   0.8108929627073E-17
  0.2071940000000E+14   0.7391919512702E-17
  0.2123970000000E+14   0.6735590180519E-17
  0.2177310000000E+14   0.6651445288524E-17
  0.2231980000000E+14   0.6552677656537E-17
  0.2288030000000E+14   0.6613128273328E-17
  0.2345490000000E+14   0.6708544397104E-17
  0.2404390000000E+14   0.6815025461938E-17
  0.2464770000000E+14   0.6962058856927E-17
  0.2526660000000E+14   0.7066953459129E-17
  0.2590110000000E+14   0.7191635659240E-17
  0.2655150000000E+14   0.7274040827610E-17
  0.2721830000000E+14   0.7429739552583E-17
  0.2790180000000E+14   0.7578989477548E-17
  0.2860240000000E+14   0.7648873828922E-17
  0.2932070000000E+14   0.7635121666011E-17
  0.3005700000000E+14   0.7589730006260E-17
  0.3081180000000E+14   0.7391419323701E-17
  0.3158550000000E+14   0.7199584424879E-17
  0.3237870000000E+14   0.6448985362352E-17
  0.3319170000000E+14   0.5577528582352E-17
  0.3402530000000E+14   0.4774549198636E-17
  0.3487970000000E+14   0.4034330274754E-17
  0.3575560000000E+14   0.3343548404422E-17
  0.3665350000000E+14   0.2724117685169E-17
  0.3757390000000E+14   0.2128272421751E-17
  0.3851740000000E+14   0.1766235568171E-17
  0.3948470000000E+14   0.1472545968906E-17
  0.4047620000000E+14   0.1284614191302E-17
  0.4149260000000E+14   0.1217908193613E-17
  0.4253460000000E+14   0.1161878201993E-17
  0.4360270000000E+14   0.1144560279332E-17
  0.4469770000000E+14   0.1129739397907E-17
  0.4582010000000E+14   0.1117623141200E-17
  0.4697070000000E+14   0.1107602373647E-17
  0.4815020000000E+14   0.1098275070659E-17
  0.4935940000000E+14   0.1089497454708E-17
  0.5059890000000E+14   0.1082280781745E-17
  0.5186950000000E+14   0.1077036660759E-17
  0.5317200000000E+14   0.1072739931418E-17
  0.5450730000000E+14   0.1070753067711E-17
  0.6258450000000E+14   0.1076700468330E-17
  0.7185870000000E+14   0.1093875238258E-17
  0.8250720000000E+14   0.1099176070981E-17
  0.9473370000000E+14   0.1086121443667E-17
  0.1087720000000E+15   0.1059131171921E-17
  0.1248910000000E+15   0.1028047355292E-17
  0.1433980000000E+15   0.1003108758813E-17
  0.1646470000000E+15   0.9954171756479E-18
  0.1890460000000E+15   0.1016000707169E-17
  0.2170600000000E+15   0.1068654151119E-17
  0.2492250000000E+15   0.1155789896866E-17
  0.2861570000000E+15   0.1275240942247E-17
  0.3285620000000E+15   0.1419276227719E-17
  0.3772500000000E+15   0.1574799903389E-17
  0.4331540000000E+15   0.1722101463063E-17
  0.4973410000000E+15   0.1835943090820E-17
  0.5710410000000E+15   0.1889352835689E-17
  0.6556610000000E+15   0.1859343394869E-17
  0.7528220000000E+15   0.1732649377860E-17
  0.8643800000000E+15   0.1514645589750E-17
  0.9924690000000E+15   0.1229577119587E-17
  0.1139540000000E+16   0.9118760383528E-18
  0.1308400000000E+16   0.6128088039419E-18
  0.1502290000000E+16   0.3661024813325E-18
  0.1724910000000E+16   0.1907407968961E-18
  0.1980520000000E+16   0.8462169116929E-19
  0.2274010000000E+16   0.3132309008847E-19
  0.2610990000000E+16   0.9410305550194E-20
  0.2997900000000E+16   0.2224671425339E-20
