         130
  
  0.2997900000000E+11   0.1806215958684E-23
  0.3951060000000E+11   0.4106094963134E-23
  0.5207280000000E+11   0.9332704823801E-23
  0.6862910000000E+11   0.2119658471948E-22
  0.9044930000000E+11   0.4807706172080E-22
  0.1192070000000E+12   0.1088200628901E-21
  0.1571080000000E+12   0.2455821443632E-21
  0.2070600000000E+12   0.5519564231346E-21
  0.2728930000000E+12   0.1233636768868E-20
  0.3596580000000E+12   0.2984339294848E-20
  0.4740100000000E+12   0.8636393723762E-20
  0.6247180000000E+12   0.2467390284166E-19
  0.8233440000000E+12   0.6916779566998E-19
  0.1085120000000E+13   0.1892777460932E-18
  0.1430130000000E+13   0.5005293793207E-18
  0.1884830000000E+13   0.1264732047592E-17
  0.2484100000000E+13   0.3003273155054E-17
  0.3273910000000E+13   0.6523012855177E-17
  0.4314820000000E+13   0.1255545923531E-16
  0.5686700000000E+13   0.2032426709765E-16
  0.7494750000000E+13   0.2592161611930E-16
  0.7682960000000E+13   0.2613881394780E-16
  0.7875890000000E+13   0.2628644593895E-16
  0.8073670000000E+13   0.2635976811304E-16
  0.8276410000000E+13   0.2636096563246E-16
  0.8484250000000E+13   0.2629754020341E-16
  0.8697300000000E+13   0.2621416563186E-16
  0.8915700000000E+13   0.2605726046098E-16
  0.9139590000000E+13   0.2589342455155E-16
  0.9369100000000E+13   0.2566969682991E-16
  0.9604380000000E+13   0.2541254228358E-16
  0.9845560000000E+13   0.2512173238725E-16
  0.1009280000000E+14   0.2477067986513E-16
  0.1034620000000E+14   0.2438478172566E-16
  0.1060610000000E+14   0.2394289035431E-16
  0.1087240000000E+14   0.2350351402242E-16
  0.1114540000000E+14   0.2302461889098E-16
  0.1142530000000E+14   0.2253247730424E-16
  0.1171220000000E+14   0.2202555611472E-16
  0.1200630000000E+14   0.2149107288506E-16
  0.1230780000000E+14   0.2094840620025E-16
  0.1261690000000E+14   0.2038386752984E-16
  0.1293370000000E+14   0.1985710413039E-16
  0.1325850000000E+14   0.1932058788647E-16
  0.1359150000000E+14   0.1879705715491E-16
  0.1393280000000E+14   0.1828182840680E-16
  0.1428260000000E+14   0.1777718929197E-16
  0.1464130000000E+14   0.1731784026645E-16
  0.1500900000000E+14   0.1685287615432E-16
  0.1538590000000E+14   0.1630958584950E-16
  0.1577220000000E+14   0.1576785517863E-16
  0.1616830000000E+14   0.1499410115084E-16
  0.1657430000000E+14   0.1410855953256E-16
  0.1699050000000E+14   0.1317764897055E-16
  0.1741720000000E+14   0.1207545966897E-16
  0.1785460000000E+14   0.1104225994059E-16
  0.1830290000000E+14   0.9973768084365E-17
  0.1876260000000E+14   0.8973984404400E-17
  0.1923370000000E+14   0.8080554034646E-17
  0.1971670000000E+14   0.7269394902446E-17
  0.2021180000000E+14   0.6560573307595E-17
  0.2071940000000E+14   0.5994430526670E-17
  0.2123970000000E+14   0.5475785470437E-17
  0.2177310000000E+14   0.5361942916992E-17
  0.2231980000000E+14   0.5245782354644E-17
  0.2288030000000E+14   0.5251444917523E-17
  0.2345490000000E+14   0.5292846024166E-17
  0.2404390000000E+14   0.5353053778231E-17
  0.2464770000000E+14   0.5453664773407E-17
  0.2526660000000E+14   0.5531727201983E-17
  0.2590110000000E+14   0.5632572697412E-17
  0.2655150000000E+14   0.5707222985568E-17
  0.2721830000000E+14   0.5844231897007E-17
  0.2790180000000E+14   0.5981076365343E-17
  0.2860240000000E+14   0.6058709897488E-17
  0.2932070000000E+14   0.6071993779333E-17
  0.3005700000000E+14   0.6061322093049E-17
  0.3081180000000E+14   0.5928124246829E-17
  0.3158550000000E+14   0.5800051370536E-17
  0.3237870000000E+14   0.5217980133308E-17
  0.3319170000000E+14   0.4536316538696E-17
  0.3402530000000E+14   0.3908853494343E-17
  0.3487970000000E+14   0.3330964967312E-17
  0.3575560000000E+14   0.2791574833606E-17
  0.3665350000000E+14   0.2307281815065E-17
  0.3757390000000E+14   0.1838373046757E-17
  0.3851740000000E+14   0.1553790446254E-17
  0.3948470000000E+14   0.1319604089592E-17
  0.4047620000000E+14   0.1165928541818E-17
  0.4149260000000E+14   0.1112000165798E-17
  0.4253460000000E+14   0.1065352205872E-17
  0.4360270000000E+14   0.1053340949325E-17
  0.4469770000000E+14   0.1043072976792E-17
  0.4582010000000E+14   0.1034770548215E-17
  0.4697070000000E+14   0.1027875171845E-17
  0.4815020000000E+14   0.1021003575062E-17
  0.4935940000000E+14   0.1013997530746E-17
  0.5059890000000E+14   0.1007920583218E-17
  0.5186950000000E+14   0.1003288154778E-17
  0.5317200000000E+14   0.9990868834443E-18
  0.5450730000000E+14   0.9968857562190E-18
  0.6258450000000E+14   0.9974432567737E-18
  0.7185870000000E+14   0.1007468575718E-17
  0.8250720000000E+14   0.1007908135533E-17
  0.9473370000000E+14   0.9956740369675E-18
  0.1087720000000E+15   0.9772269067933E-18
  0.1248910000000E+15   0.9618573934820E-18
  0.1433980000000E+15   0.9572248181944E-18
  0.1646470000000E+15   0.9707485677758E-18
  0.1890460000000E+15   0.1009816331474E-17
  0.2170600000000E+15   0.1075946666060E-17
  0.2492250000000E+15   0.1170592859656E-17
  0.2861570000000E+15   0.1292078238212E-17
  0.3285620000000E+15   0.1434033653551E-17
  0.3772500000000E+15   0.1585446337408E-17
  0.4331540000000E+15   0.1728794140413E-17
  0.4973410000000E+15   0.1840220795267E-17
  0.5710410000000E+15   0.1893031172704E-17
  0.6556610000000E+15   0.1863808958588E-17
  0.7528220000000E+15   0.1739055832679E-17
  0.8643800000000E+15   0.1522414613178E-17
  0.9924690000000E+15   0.1236701339157E-17
  0.1139540000000E+16   0.9191803183524E-18
  0.1308400000000E+16   0.6174118165382E-18
  0.1502290000000E+16   0.3683734063097E-18
  0.1724910000000E+16   0.1916270147573E-18
  0.1980520000000E+16   0.8503668459170E-19
  0.2274010000000E+16   0.3147314615444E-19
  0.2610990000000E+16   0.9454552114822E-20
  0.2997900000000E+16   0.2234982616712E-20
