         130
  
  0.2997900000000E+11   0.1013449937423E-22
  0.3951060000000E+11   0.2309120636630E-22
  0.5207280000000E+11   0.5255288926234E-22
  0.6862910000000E+11   0.1194133787711E-21
  0.9044930000000E+11   0.2707457690324E-21
  0.1192070000000E+12   0.6120571329704E-21
  0.1571080000000E+12   0.1378208895793E-20
  0.2070600000000E+12   0.3087112041686E-20
  0.2728930000000E+12   0.6866461019679E-20
  0.3596580000000E+12   0.1649697925232E-19
  0.4740100000000E+12   0.4724475620480E-19
  0.6247180000000E+12   0.1329169939305E-18
  0.8233440000000E+12   0.3642391640123E-18
  0.1085120000000E+13   0.9634561954501E-18
  0.1430130000000E+13   0.2419767961950E-17
  0.1884830000000E+13   0.5647598570921E-17
  0.2484100000000E+13   0.1185524433571E-16
  0.3273910000000E+13   0.2130561806448E-16
  0.4314820000000E+13   0.3102265565985E-16
  0.5686700000000E+13   0.3514881071228E-16
  0.7494750000000E+13   0.3251814657651E-16
  0.7682960000000E+13   0.3210877962006E-16
  0.7875890000000E+13   0.3167795047494E-16
  0.8073670000000E+13   0.3122424345648E-16
  0.8276410000000E+13   0.3075089068595E-16
  0.8484250000000E+13   0.3026486896182E-16
  0.8697300000000E+13   0.2980664633636E-16
  0.8915700000000E+13   0.2932885622943E-16
  0.9139590000000E+13   0.2889312165899E-16
  0.9369100000000E+13   0.2844937657808E-16
  0.9604380000000E+13   0.2802169666969E-16
  0.9845560000000E+13   0.2760839471733E-16
  0.1009280000000E+14   0.2717784206762E-16
  0.1034620000000E+14   0.2675272273685E-16
  0.1060610000000E+14   0.2630385418673E-16
  0.1087240000000E+14   0.2589428452958E-16
  0.1114540000000E+14   0.2546966119343E-16
  0.1142530000000E+14   0.2505621860859E-16
  0.1171220000000E+14   0.2464656957272E-16
  0.1200630000000E+14   0.2421765148586E-16
  0.1230780000000E+14   0.2378856117793E-16
  0.1261690000000E+14   0.2333464702325E-16
  0.1293370000000E+14   0.2293281955545E-16
  0.1325850000000E+14   0.2251282250392E-16
  0.1359150000000E+14   0.2210189255568E-16
  0.1393280000000E+14   0.2168944163436E-16
  0.1428260000000E+14   0.2127543335255E-16
  0.1464130000000E+14   0.2090674637859E-16
  0.1500900000000E+14   0.2050893926443E-16
  0.1538590000000E+14   0.1997900959380E-16
  0.1577220000000E+14   0.1943053460387E-16
  0.1616830000000E+14   0.1853981913195E-16
  0.1657430000000E+14   0.1747863302312E-16
  0.1699050000000E+14   0.1634133467974E-16
  0.1741720000000E+14   0.1495434588269E-16
  0.1785460000000E+14   0.1365162045981E-16
  0.1830290000000E+14   0.1228820709416E-16
  0.1876260000000E+14   0.1100963883289E-16
  0.1923370000000E+14   0.9869576615042E-17
  0.1971670000000E+14   0.8835610954645E-17
  0.2021180000000E+14   0.7937139235206E-17
  0.2071940000000E+14   0.7231990197107E-17
  0.2123970000000E+14   0.6586428229380E-17
  0.2177310000000E+14   0.6502720115633E-17
  0.2231980000000E+14   0.6405012760877E-17
  0.2288030000000E+14   0.6463966981177E-17
  0.2345490000000E+14   0.6557442285055E-17
  0.2404390000000E+14   0.6662061898562E-17
  0.2464770000000E+14   0.6806674221716E-17
  0.2526660000000E+14   0.6910004868054E-17
  0.2590110000000E+14   0.7033311846765E-17
  0.2655150000000E+14   0.7115549196820E-17
  0.2721830000000E+14   0.7270418668493E-17
  0.2790180000000E+14   0.7419341972102E-17
  0.2860240000000E+14   0.7490341953590E-17
  0.2932070000000E+14   0.7478911501197E-17
  0.3005700000000E+14   0.7436248966471E-17
  0.3081180000000E+14   0.7242623281094E-17
  0.3158550000000E+14   0.7055341447396E-17
  0.3237870000000E+14   0.6316457263473E-17
  0.3319170000000E+14   0.5458476356021E-17
  0.3402530000000E+14   0.4668918527209E-17
  0.3487970000000E+14   0.3942819706530E-17
  0.3575560000000E+14   0.3266234680734E-17
  0.3665350000000E+14   0.2659632238275E-17
  0.3757390000000E+14   0.2075974449409E-17
  0.3851740000000E+14   0.1721346529289E-17
  0.3948470000000E+14   0.1433436116333E-17
  0.4047620000000E+14   0.1249571828331E-17
  0.4149260000000E+14   0.1185328369469E-17
  0.4253460000000E+14   0.1131485748401E-17
  0.4360270000000E+14   0.1115868986724E-17
  0.4469770000000E+14   0.1102628069069E-17
  0.4582010000000E+14   0.1091969161896E-17
  0.4697070000000E+14   0.1083290714861E-17
  0.4815020000000E+14   0.1075199329915E-17
  0.4935940000000E+14   0.1067551828049E-17
  0.5059890000000E+14   0.1061358155717E-17
  0.5186950000000E+14   0.1057036833095E-17
  0.5317200000000E+14   0.1053571679004E-17
  0.5450730000000E+14   0.1052332977166E-17
  0.6258450000000E+14   0.1061373166623E-17
  0.7185870000000E+14   0.1080787948682E-17
  0.8250720000000E+14   0.1088245802454E-17
  0.9473370000000E+14   0.1077616218140E-17
  0.1087720000000E+15   0.1053438810221E-17
  0.1248910000000E+15   0.1025449285803E-17
  0.1433980000000E+15   0.1003600158643E-17
  0.1646470000000E+15   0.9986087867088E-18
  0.1890460000000E+15   0.1021152971180E-17
  0.2170600000000E+15   0.1074798670183E-17
  0.2492250000000E+15   0.1161942090726E-17
  0.2861570000000E+15   0.1280578738627E-17
  0.3285620000000E+15   0.1423235724293E-17
  0.3772500000000E+15   0.1577245792780E-17
  0.4331540000000E+15   0.1723373132767E-17
  0.4973410000000E+15   0.1836604383587E-17
  0.5710410000000E+15   0.1889859592465E-17
  0.6556610000000E+15   0.1859949939433E-17
  0.7528220000000E+15   0.1733521856979E-17
  0.8643800000000E+15   0.1515703955894E-17
  0.9924690000000E+15   0.1230547456579E-17
  0.1139540000000E+16   0.9128699614201E-18
  0.1308400000000E+16   0.6134352886947E-18
  0.1502290000000E+16   0.3664117351565E-18
  0.1724910000000E+16   0.1908615625406E-18
  0.1980520000000E+16   0.8467823639553E-19
  0.2274010000000E+16   0.3134353708339E-19
  0.2610990000000E+16   0.9416334921783E-20
  0.2997900000000E+16   0.2226076546762E-20
