         130
  
  0.2997900000000E+11   0.3846008733000E-24
  0.3951060000000E+11   0.8629771026070E-24
  0.5207280000000E+11   0.1942389617670E-23
  0.6862910000000E+11   0.4380447873197E-23
  0.9044930000000E+11   0.9887375517420E-23
  0.1192070000000E+12   0.2231366358496E-22
  0.1571080000000E+12   0.5029483269899E-22
  0.2070600000000E+12   0.1130872964515E-21
  0.2728930000000E+12   0.2532924148442E-21
  0.3596580000000E+12   0.6149788754276E-21
  0.4740100000000E+12   0.1789838059586E-20
  0.6247180000000E+12   0.5161530965949E-20
  0.8233440000000E+12   0.1466986690858E-19
  0.1085120000000E+13   0.4093968001934E-19
  0.1430130000000E+13   0.1113074356593E-18
  0.1884830000000E+13   0.2925325321034E-18
  0.2484100000000E+13   0.7347392389486E-18
  0.3273910000000E+13   0.1729405545938E-17
  0.4314820000000E+13   0.3737656986065E-17
  0.5686700000000E+13   0.7145921651653E-17
  0.7494750000000E+13   0.1148078158097E-16
  0.7682960000000E+13   0.1185818853757E-16
  0.7875890000000E+13   0.1221898922968E-16
  0.8073670000000E+13   0.1255803948232E-16
  0.8276410000000E+13   0.1287409950303E-16
  0.8484250000000E+13   0.1316958826920E-16
  0.8697300000000E+13   0.1347497134983E-16
  0.8915700000000E+13   0.1374937447951E-16
  0.9139590000000E+13   0.1404206760451E-16
  0.9369100000000E+13   0.1430978055947E-16
  0.9604380000000E+13   0.1457128892593E-16
  0.9845560000000E+13   0.1482397103420E-16
  0.1009280000000E+14   0.1503954913645E-16
  0.1034620000000E+14   0.1523617115342E-16
  0.1060610000000E+14   0.1538795167857E-16
  0.1087240000000E+14   0.1554813248285E-16
  0.1114540000000E+14   0.1566902643790E-16
  0.1142530000000E+14   0.1577273664095E-16
  0.1171220000000E+14   0.1585202303673E-16
  0.1200630000000E+14   0.1588631037580E-16
  0.1230780000000E+14   0.1589180746821E-16
  0.1261690000000E+14   0.1584709523426E-16
  0.1293370000000E+14   0.1581771365187E-16
  0.1325850000000E+14   0.1574350024935E-16
  0.1359150000000E+14   0.1564763350316E-16
  0.1393280000000E+14   0.1552137314553E-16
  0.1428260000000E+14   0.1536526506870E-16
  0.1464130000000E+14   0.1521734428187E-16
  0.1500900000000E+14   0.1501865086546E-16
  0.1538590000000E+14   0.1469328342602E-16
  0.1577220000000E+14   0.1433364749815E-16
  0.1616830000000E+14   0.1370422392872E-16
  0.1657430000000E+14   0.1294247754140E-16
  0.1699050000000E+14   0.1212182314053E-16
  0.1741720000000E+14   0.1111723102906E-16
  0.1785460000000E+14   0.1017225469706E-16
  0.1830290000000E+14   0.9179057243750E-17
  0.1876260000000E+14   0.8243268658218E-17
  0.1923370000000E+14   0.7405526153266E-17
  0.1971670000000E+14   0.6641984911827E-17
  0.2021180000000E+14   0.5976704772076E-17
  0.2071940000000E+14   0.5458479134501E-17
  0.2123970000000E+14   0.4982856880491E-17
  0.2177310000000E+14   0.4953803065169E-17
  0.2231980000000E+14   0.4902934865327E-17
  0.2288030000000E+14   0.4958089222064E-17
  0.2345490000000E+14   0.5020584760471E-17
  0.2404390000000E+14   0.5073522878658E-17
  0.2464770000000E+14   0.5137272371213E-17
  0.2526660000000E+14   0.5162490013480E-17
  0.2590110000000E+14   0.5192280510125E-17
  0.2655150000000E+14   0.5194130453827E-17
  0.2721830000000E+14   0.5238670886804E-17
  0.2790180000000E+14   0.5283541332370E-17
  0.2860240000000E+14   0.5290778839618E-17
  0.2932070000000E+14   0.5259199254308E-17
  0.3005700000000E+14   0.5218324810041E-17
  0.3081180000000E+14   0.5096054955562E-17
  0.3158550000000E+14   0.4983616541491E-17
  0.3237870000000E+14   0.4539658391141E-17
  0.3319170000000E+14   0.4021529469870E-17
  0.3402530000000E+14   0.3541853211644E-17
  0.3487970000000E+14   0.3095354348612E-17
  0.3575560000000E+14   0.2670468203539E-17
  0.3665350000000E+14   0.2273447623259E-17
  0.3757390000000E+14   0.1852143792180E-17
  0.3851740000000E+14   0.1554546412150E-17
  0.3948470000000E+14   0.1261930211526E-17
  0.4047620000000E+14   0.1038412890183E-17
  0.4149260000000E+14   0.9613699869362E-18
  0.4253460000000E+14   0.8924007747435E-18
  0.4360270000000E+14   0.8809964705114E-18
  0.4469770000000E+14   0.8707798220100E-18
  0.4582010000000E+14   0.8624183892637E-18
  0.4697070000000E+14   0.8551505446481E-18
  0.4815020000000E+14   0.8467900117123E-18
  0.4935940000000E+14   0.8372813217941E-18
  0.5059890000000E+14   0.8286850107831E-18
  0.5186950000000E+14   0.8221197492435E-18
  0.5317200000000E+14   0.8159338864506E-18
  0.5450730000000E+14   0.8130307409160E-18
  0.6258450000000E+14   0.8191800054788E-18
  0.7185870000000E+14   0.8482866237358E-18
  0.8250720000000E+14   0.8727205162579E-18
  0.9473370000000E+14   0.8871787215324E-18
  0.1087720000000E+15   0.8967781544857E-18
  0.1248910000000E+15   0.9075185948746E-18
  0.1433980000000E+15   0.9240024452786E-18
  0.1646470000000E+15   0.9522232071965E-18
  0.1890460000000E+15   0.9999468419405E-18
  0.2170600000000E+15   0.1070542249310E-17
  0.2492250000000E+15   0.1167388436244E-17
  0.2861570000000E+15   0.1290062486274E-17
  0.3285620000000E+15   0.1432892072408E-17
  0.3772500000000E+15   0.1585074270298E-17
  0.4331540000000E+15   0.1729008387031E-17
  0.4973410000000E+15   0.1840847560254E-17
  0.5710410000000E+15   0.1894030926960E-17
  0.6556610000000E+15   0.1865278030401E-17
  0.7528220000000E+15   0.1741244215720E-17
  0.8643800000000E+15   0.1525082154765E-17
  0.9924690000000E+15   0.1239149376719E-17
  0.1139540000000E+16   0.9216940076422E-18
  0.1308400000000E+16   0.6189953701824E-18
  0.1502290000000E+16   0.3691539818677E-18
  0.1724910000000E+16   0.1919313145160E-18
  0.1980520000000E+16   0.8517920501438E-19
  0.2274010000000E+16   0.3152467572647E-19
  0.2610990000000E+16   0.9469745579773E-20
  0.2997900000000E+16   0.2238523133767E-20
