         130
  
  0.2997900000000E+11   0.8786255917527E-24
  0.3951060000000E+11   0.1990201494185E-23
  0.5207280000000E+11   0.4511705631775E-23
  0.6862910000000E+11   0.1022864696700E-22
  0.9044930000000E+11   0.2317443689197E-22
  0.1192070000000E+12   0.5242836476210E-22
  0.1571080000000E+12   0.1183298392588E-21
  0.2070600000000E+12   0.2661358123302E-21
  0.2728930000000E+12   0.5956284030679E-21
  0.3596580000000E+12   0.1443855053605E-20
  0.4740100000000E+12   0.4191023975164E-20
  0.6247180000000E+12   0.1202869612051E-19
  0.8233440000000E+12   0.3394348167495E-19
  0.1085120000000E+13   0.9376402502420E-19
  0.1430130000000E+13   0.2512953396614E-18
  0.1884830000000E+13   0.6473112835619E-18
  0.2484100000000E+13   0.1580735706964E-17
  0.3273910000000E+13   0.3577213611394E-17
  0.4314820000000E+13   0.7318361531925E-17
  0.5686700000000E+13   0.1296626008445E-16
  0.7494750000000E+13   0.1877558634730E-16
  0.7682960000000E+13   0.1918251226051E-16
  0.7875890000000E+13   0.1954772191467E-16
  0.8073670000000E+13   0.1986454973269E-16
  0.8276410000000E+13   0.2013222518922E-16
  0.8484250000000E+13   0.2035502676264E-16
  0.8697300000000E+13   0.2057418923787E-16
  0.8915700000000E+13   0.2073518201748E-16
  0.9139590000000E+13   0.2090242711450E-16
  0.9369100000000E+13   0.2101991382003E-16
  0.9604380000000E+13   0.2111188014036E-16
  0.9845560000000E+13   0.2117513472720E-16
  0.1009280000000E+14   0.2117691906035E-16
  0.1034620000000E+14   0.2114051682948E-16
  0.1060610000000E+14   0.2103814697476E-16
  0.1087240000000E+14   0.2093132266789E-16
  0.1114540000000E+14   0.2076863999032E-16
  0.1142530000000E+14   0.2057615615291E-16
  0.1171220000000E+14   0.2034828539771E-16
  0.1200630000000E+14   0.2006698788029E-16
  0.1230780000000E+14   0.1975180984274E-16
  0.1261690000000E+14   0.1938526282525E-16
  0.1293370000000E+14   0.1903265220232E-16
  0.1325850000000E+14   0.1863954936288E-16
  0.1359150000000E+14   0.1823075083540E-16
  0.1393280000000E+14   0.1780145558130E-16
  0.1428260000000E+14   0.1735530539140E-16
  0.1464130000000E+14   0.1692837764864E-16
  0.1500900000000E+14   0.1647186771045E-16
  0.1538590000000E+14   0.1592251474456E-16
  0.1577220000000E+14   0.1536231950928E-16
  0.1616830000000E+14   0.1458518824999E-16
  0.1657430000000E+14   0.1370906369753E-16
  0.1699050000000E+14   0.1279657399066E-16
  0.1741720000000E+14   0.1173644189318E-16
  0.1785460000000E+14   0.1074237834163E-16
  0.1830290000000E+14   0.9719560342185E-17
  0.1876260000000E+14   0.8760272109047E-17
  0.1923370000000E+14   0.7899031012594E-17
  0.1971670000000E+14   0.7114143057865E-17
  0.2021180000000E+14   0.6425346085471E-17
  0.2071940000000E+14   0.5873024956130E-17
  0.2123970000000E+14   0.5366794037028E-17
  0.2177310000000E+14   0.5248712870760E-17
  0.2231980000000E+14   0.5121093522625E-17
  0.2288030000000E+14   0.5096627316707E-17
  0.2345490000000E+14   0.5095402731308E-17
  0.2404390000000E+14   0.5105486666794E-17
  0.2464770000000E+14   0.5148416245103E-17
  0.2526660000000E+14   0.5174878666491E-17
  0.2590110000000E+14   0.5225388461403E-17
  0.2655150000000E+14   0.5260536893972E-17
  0.2721830000000E+14   0.5355725938157E-17
  0.2790180000000E+14   0.5458891072823E-17
  0.2860240000000E+14   0.5518457909816E-17
  0.2932070000000E+14   0.5527867888905E-17
  0.3005700000000E+14   0.5520524269619E-17
  0.3081180000000E+14   0.5408435604835E-17
  0.3158550000000E+14   0.5302519409612E-17
  0.3237870000000E+14   0.4794685778484E-17
  0.3319170000000E+14   0.4197200493781E-17
  0.3402530000000E+14   0.3646432506798E-17
  0.3487970000000E+14   0.3138281185079E-17
  0.3575560000000E+14   0.2662532972222E-17
  0.3665350000000E+14   0.2233492026919E-17
  0.3757390000000E+14   0.1814315522917E-17
  0.3851740000000E+14   0.1553403702227E-17
  0.3948470000000E+14   0.1326332910651E-17
  0.4047620000000E+14   0.1161081212129E-17
  0.4149260000000E+14   0.1099811307317E-17
  0.4253460000000E+14   0.1044403201893E-17
  0.4360270000000E+14   0.1032001588147E-17
  0.4469770000000E+14   0.1021093247557E-17
  0.4582010000000E+14   0.1012074739981E-17
  0.4697070000000E+14   0.1004302030213E-17
  0.4815020000000E+14   0.9960560146109E-18
  0.4935940000000E+14   0.9872058660971E-18
  0.5059890000000E+14   0.9792213186403E-18
  0.5186950000000E+14   0.9728761385875E-18
  0.5317200000000E+14   0.9668891402813E-18
  0.5450730000000E+14   0.9634123052357E-18
  0.6258450000000E+14   0.9601695666586E-18
  0.7185870000000E+14   0.9705897914318E-18
  0.8250720000000E+14   0.9724717359100E-18
  0.9473370000000E+14   0.9630773094618E-18
  0.1087720000000E+15   0.9493809355750E-18
  0.1248910000000E+15   0.9402215237581E-18
  0.1433980000000E+15   0.9424416656259E-18
  0.1646470000000E+15   0.9624690050968E-18
  0.1890460000000E+15   0.1006635216191E-17
  0.2170600000000E+15   0.1075845042489E-17
  0.2492250000000E+15   0.1171742028574E-17
  0.2861570000000E+15   0.1293532568995E-17
  0.3285620000000E+15   0.1435502797192E-17
  0.3772500000000E+15   0.1586697222396E-17
  0.4331540000000E+15   0.1729689881664E-17
  0.4973410000000E+15   0.1840897510483E-17
  0.5710410000000E+15   0.1893710094313E-17
  0.6556610000000E+15   0.1864674673091E-17
  0.7528220000000E+15   0.1740303137583E-17
  0.8643800000000E+15   0.1523926815186E-17
  0.9924690000000E+15   0.1238088233275E-17
  0.1139540000000E+16   0.9206040750427E-18
  0.1308400000000E+16   0.6183087708193E-18
  0.1502290000000E+16   0.3688155812835E-18
  0.1724910000000E+16   0.1917994121466E-18
  0.1980520000000E+16   0.8511742629493E-19
  0.2274010000000E+16   0.3150233930586E-19
  0.2610990000000E+16   0.9463159755233E-20
  0.2997900000000E+16   0.2236988455969E-20
