         130
  
  0.2997900000000E+11   0.1603640935201E-23
  0.3951060000000E+11   0.3644052026914E-23
  0.5207280000000E+11   0.8280085876468E-23
  0.6862910000000E+11   0.1880223706186E-22
  0.9044930000000E+11   0.4264190212340E-22
  0.1192070000000E+12   0.9651577397253E-22
  0.1571080000000E+12   0.2178272065223E-21
  0.2070600000000E+12   0.4896479975693E-21
  0.2728930000000E+12   0.1094646248562E-20
  0.3596580000000E+12   0.2649053883618E-20
  0.4740100000000E+12   0.7670139639073E-20
  0.6247180000000E+12   0.2193041929564E-19
  0.8233440000000E+12   0.6154577115233E-19
  0.1085120000000E+13   0.1686891327096E-18
  0.1430130000000E+13   0.4471079685124E-18
  0.1884830000000E+13   0.1133519499624E-17
  0.2484100000000E+13   0.2704960009186E-17
  0.3273910000000E+13   0.5918412197964E-17
  0.4314820000000E+13   0.1151927049871E-16
  0.5686700000000E+13   0.1896107545999E-16
  0.7494750000000E+13   0.2474995329401E-16
  0.7682960000000E+13   0.2501554842596E-16
  0.7875890000000E+13   0.2521564099209E-16
  0.8073670000000E+13   0.2534485413547E-16
  0.8276410000000E+13   0.2540466801428E-16
  0.8484250000000E+13   0.2540192961945E-16
  0.8697300000000E+13   0.2538117621726E-16
  0.8915700000000E+13   0.2528764846635E-16
  0.9139590000000E+13   0.2518830745302E-16
  0.9369100000000E+13   0.2502869285572E-16
  0.9604380000000E+13   0.2483504413081E-16
  0.9845560000000E+13   0.2460640647627E-16
  0.1009280000000E+14   0.2431475068794E-16
  0.1034620000000E+14   0.2398529971583E-16
  0.1060610000000E+14   0.2359568282663E-16
  0.1087240000000E+14   0.2320518121703E-16
  0.1114540000000E+14   0.2277013332743E-16
  0.1142530000000E+14   0.2231696857637E-16
  0.1171220000000E+14   0.2184366837717E-16
  0.1200630000000E+14   0.2133702437529E-16
  0.1230780000000E+14   0.2081670664827E-16
  0.1261690000000E+14   0.2026906348937E-16
  0.1293370000000E+14   0.1975418602950E-16
  0.1325850000000E+14   0.1922459644495E-16
  0.1359150000000E+14   0.1870345895439E-16
  0.1393280000000E+14   0.1818663462255E-16
  0.1428260000000E+14   0.1767700495012E-16
  0.1464130000000E+14   0.1720911935271E-16
  0.1500900000000E+14   0.1673390039464E-16
  0.1538590000000E+14   0.1618182110715E-16
  0.1577220000000E+14   0.1563138458328E-16
  0.1616830000000E+14   0.1485747211136E-16
  0.1657430000000E+14   0.1397705595373E-16
  0.1699050000000E+14   0.1305443281138E-16
  0.1741720000000E+14   0.1196797534936E-16
  0.1785460000000E+14   0.1094953831871E-16
  0.1830290000000E+14   0.9898095398410E-17
  0.1876260000000E+14   0.8913983157677E-17
  0.1923370000000E+14   0.8033452850908E-17
  0.1971670000000E+14   0.7233189368654E-17
  0.2021180000000E+14   0.6532808647026E-17
  0.2071940000000E+14   0.5972071971045E-17
  0.2123970000000E+14   0.5458255033803E-17
  0.2177310000000E+14   0.5340668228971E-17
  0.2231980000000E+14   0.5220619053528E-17
  0.2288030000000E+14   0.5219021539376E-17
  0.2345490000000E+14   0.5252134794671E-17
  0.2404390000000E+14   0.5304050902697E-17
  0.2464770000000E+14   0.5396031736922E-17
  0.2526660000000E+14   0.5467465612497E-17
  0.2590110000000E+14   0.5562484787184E-17
  0.2655150000000E+14   0.5633395943465E-17
  0.2721830000000E+14   0.5766502924190E-17
  0.2790180000000E+14   0.5900689703218E-17
  0.2860240000000E+14   0.5977730288721E-17
  0.2932070000000E+14   0.5992230644917E-17
  0.3005700000000E+14   0.5983495140270E-17
  0.3081180000000E+14   0.5854756677508E-17
  0.3158550000000E+14   0.5731067634388E-17
  0.3237870000000E+14   0.5161578102351E-17
  0.3319170000000E+14   0.4493583971480E-17
  0.3402530000000E+14   0.3878468630209E-17
  0.3487970000000E+14   0.3312132917643E-17
  0.3575560000000E+14   0.2783051154284E-17
  0.3665350000000E+14   0.2306795062876E-17
  0.3757390000000E+14   0.1845080719614E-17
  0.3851740000000E+14   0.1564308726176E-17
  0.3948470000000E+14   0.1332469743744E-17
  0.4047620000000E+14   0.1179286945415E-17
  0.4149260000000E+14   0.1124953863311E-17
  0.4253460000000E+14   0.1077623158804E-17
  0.4360270000000E+14   0.1065297861386E-17
  0.4469770000000E+14   0.1054667208915E-17
  0.4582010000000E+14   0.1045967339525E-17
  0.4697070000000E+14   0.1038637499102E-17
  0.4815020000000E+14   0.1031276028552E-17
  0.4935940000000E+14   0.1023728500425E-17
  0.5059890000000E+14   0.1017085842371E-17
  0.5186950000000E+14   0.1011882963905E-17
  0.5317200000000E+14   0.1007093379422E-17
  0.5450730000000E+14   0.1004326162794E-17
  0.6258450000000E+14   0.1001846477045E-17
  0.7185870000000E+14   0.1009111685289E-17
  0.8250720000000E+14   0.1007154224335E-17
  0.9473370000000E+14   0.9931924584104E-18
  0.1087720000000E+15   0.9738901080329E-18
  0.1248910000000E+15   0.9585382910722E-18
  0.1433980000000E+15   0.9545906903088E-18
  0.1646470000000E+15   0.9691069419118E-18
  0.1890460000000E+15   0.1009094735126E-17
  0.2170600000000E+15   0.1075861108657E-17
  0.2492250000000E+15   0.1170860162339E-17
  0.2861570000000E+15   0.1292519788612E-17
  0.3285620000000E+15   0.1434497083546E-17
  0.3772500000000E+15   0.1585803823916E-17
  0.4331540000000E+15   0.1729025634212E-17
  0.4973410000000E+15   0.1840379851878E-17
  0.5710410000000E+15   0.1893175779485E-17
  0.6556610000000E+15   0.1863984008152E-17
  0.7528220000000E+15   0.1739304215476E-17
  0.8643800000000E+15   0.1522714838226E-17
  0.9924690000000E+15   0.1236976571015E-17
  0.1139540000000E+16   0.9194628043309E-18
  0.1308400000000E+16   0.6175897863510E-18
  0.1502290000000E+16   0.3684611496074E-18
  0.1724910000000E+16   0.1916612286707E-18
  0.1980520000000E+16   0.8505270823632E-19
  0.2274010000000E+16   0.3147893975024E-19
  0.2610990000000E+16   0.9456260376145E-20
  0.2997900000000E+16   0.2235380695074E-20
