mstar = 2 Msun, Rstar = 2.5 Rsun, Tstar = 10000, mdisk = 0.0018966 Msun, Rc = 150 AU, Rin = 0.5 AU, Rout = 250 AU, inclination = 45 degree, powerlaw = -1 
         130
  
  0.2997900000000E+11   0.2741739755081E-23
  0.3951060000000E+11   0.6239633459885E-23
  0.5207280000000E+11   0.1419254792248E-22
  0.6862910000000E+11   0.3224880826282E-22
  0.9044930000000E+11   0.7315878579849E-22
  0.1192070000000E+12   0.1655805334110E-21
  0.1571080000000E+12   0.3735565291293E-21
  0.2070600000000E+12   0.8390704611472E-21
  0.2728930000000E+12   0.1873556497180E-20
  0.3596580000000E+12   0.4526208616889E-20
  0.4740100000000E+12   0.1307227954595E-19
  0.6247180000000E+12   0.3723798560918E-19
  0.8233440000000E+12   0.1039497428195E-18
  0.1085120000000E+13   0.2827352049603E-18
  0.1430130000000E+13   0.7410690418187E-18
  0.1884830000000E+13   0.1848065398207E-17
  0.2484100000000E+13   0.4302294952473E-17
  0.3273910000000E+13   0.9065408840401E-17
  0.4314820000000E+13   0.1665235249594E-16
  0.5686700000000E+13   0.2513607468083E-16
  0.7494750000000E+13   0.2923373909676E-16
  0.7682960000000E+13   0.2922203958411E-16
  0.7875890000000E+13   0.2913449342531E-16
  0.8073670000000E+13   0.2896965408241E-16
  0.8276410000000E+13   0.2873267796078E-16
  0.8484250000000E+13   0.2843344423433E-16
  0.8697300000000E+13   0.2811539342107E-16
  0.8915700000000E+13   0.2773222644373E-16
  0.9139590000000E+13   0.2734684595622E-16
  0.9369100000000E+13   0.2691395495133E-16
  0.9604380000000E+13   0.2645997995132E-16
  0.9845560000000E+13   0.2598719400835E-16
  0.1009280000000E+14   0.2547372972334E-16
  0.1034620000000E+14   0.2494435946067E-16
  0.1060610000000E+14   0.2438078878710E-16
  0.1087240000000E+14   0.2383824654328E-16
  0.1114540000000E+14   0.2327822891608E-16
  0.1142530000000E+14   0.2272549711874E-16
  0.1171220000000E+14   0.2217832641436E-16
  0.1200630000000E+14   0.2162286669606E-16
  0.1230780000000E+14   0.2107649501698E-16
  0.1261690000000E+14   0.2052298572634E-16
  0.1293370000000E+14   0.2002203649107E-16
  0.1325850000000E+14   0.1952206955780E-16
  0.1359150000000E+14   0.1904444931709E-16
  0.1393280000000E+14   0.1858152047194E-16
  0.1428260000000E+14   0.1813307060131E-16
  0.1464130000000E+14   0.1773524738495E-16
  0.1500900000000E+14   0.1732941426520E-16
  0.1538590000000E+14   0.1683197170697E-16
  0.1577220000000E+14   0.1633053874968E-16
  0.1616830000000E+14   0.1556303859555E-16
  0.1657430000000E+14   0.1466406712222E-16
  0.1699050000000E+14   0.1370829485962E-16
  0.1741720000000E+14   0.1255534342508E-16
  0.1785460000000E+14   0.1147404447375E-16
  0.1830290000000E+14   0.1034813262101E-16
  0.1876260000000E+14   0.9294382698168E-17
  0.1923370000000E+14   0.8355050299387E-17
  0.1971670000000E+14   0.7503547229629E-17
  0.2021180000000E+14   0.6762462279048E-17
  0.2071940000000E+14   0.6176525193671E-17
  0.2123970000000E+14   0.5640015156101E-17
  0.2177310000000E+14   0.5549043264711E-17
  0.2231980000000E+14   0.5453011310641E-17
  0.2288030000000E+14   0.5489269593752E-17
  0.2345490000000E+14   0.5560923323154E-17
  0.2404390000000E+14   0.5648078139396E-17
  0.2464770000000E+14   0.5773956238503E-17
  0.2526660000000E+14   0.5869729345224E-17
  0.2590110000000E+14   0.5985546566767E-17
  0.2655150000000E+14   0.6069077665355E-17
  0.2721830000000E+14   0.6216407662251E-17
  0.2790180000000E+14   0.6360879615504E-17
  0.2860240000000E+14   0.6440167981232E-17
  0.2932070000000E+14   0.6449845097037E-17
  0.3005700000000E+14   0.6433268944957E-17
  0.3081180000000E+14   0.6286132278945E-17
  0.3158550000000E+14   0.6144225894158E-17
  0.3237870000000E+14   0.5521070198250E-17
  0.3319170000000E+14   0.4792632768638E-17
  0.3402530000000E+14   0.4121698462911E-17
  0.3487970000000E+14   0.3503276639737E-17
  0.3575560000000E+14   0.2925338924310E-17
  0.3665350000000E+14   0.2405935418542E-17
  0.3757390000000E+14   0.1903879830435E-17
  0.3851740000000E+14   0.1599298912545E-17
  0.3948470000000E+14   0.1349930397271E-17
  0.4047620000000E+14   0.1188547970638E-17
  0.4149260000000E+14   0.1132597245694E-17
  0.4253460000000E+14   0.1084829379760E-17
  0.4360270000000E+14   0.1072126686293E-17
  0.4469770000000E+14   0.1061285925115E-17
  0.4582010000000E+14   0.1052521952049E-17
  0.4697070000000E+14   0.1045273645959E-17
  0.4815020000000E+14   0.1038174173450E-17
  0.4935940000000E+14   0.1031071417207E-17
  0.5059890000000E+14   0.1025001092238E-17
  0.5186950000000E+14   0.1020445327564E-17
  0.5317200000000E+14   0.1016405590825E-17
  0.5450730000000E+14   0.1014377209266E-17
  0.6258450000000E+14   0.1016242606311E-17
  0.7185870000000E+14   0.1027397534743E-17
  0.8250720000000E+14   0.1028320604596E-17
  0.9473370000000E+14   0.1015313528951E-17
  0.1087720000000E+15   0.9944808724798E-18
  0.1248910000000E+15   0.9753669055354E-18
  0.1433980000000E+15   0.9663926250537E-18
  0.1646470000000E+15   0.9759436483569E-18
  0.1890460000000E+15   0.1012116149305E-17
  0.2170600000000E+15   0.1076455610949E-17
  0.2492250000000E+15   0.1170042787173E-17
  0.2861570000000E+15   0.1290965099692E-17
  0.3285620000000E+15   0.1432871149721E-17
  0.3772500000000E+15   0.1584556776261E-17
  0.4331540000000E+15   0.1728166263915E-17
  0.4973410000000E+15   0.1839713107497E-17
  0.5710410000000E+15   0.1892503249988E-17
  0.6556610000000E+15   0.1863130957601E-17
  0.7528220000000E+15   0.1738077400388E-17
  0.8643800000000E+15   0.1521227991449E-17
  0.9924690000000E+15   0.1235613059959E-17
  0.1139540000000E+16   0.9180635205570E-18
  0.1308400000000E+16   0.6167081818374E-18
  0.1502290000000E+16   0.3680264546820E-18
  0.1724910000000E+16   0.1914917072377E-18
  0.1980520000000E+16   0.8497331661381E-19
  0.2274010000000E+16   0.3145023423788E-19
  0.2610990000000E+16   0.9447796401806E-20
  0.2997900000000E+16   0.2233408314088E-20
