         130
  
  0.2997900000000E+11   0.8003310239773E-24
  0.3951060000000E+11   0.1811580100013E-23
  0.5207280000000E+11   0.4104642796434E-23
  0.6862910000000E+11   0.9302326251891E-23
  0.9044930000000E+11   0.2107051525116E-22
  0.1192070000000E+12   0.4766190974398E-22
  0.1571080000000E+12   0.1075675288614E-21
  0.2070600000000E+12   0.2419434845213E-21
  0.2728930000000E+12   0.5415693901456E-21
  0.3596580000000E+12   0.1313141545824E-20
  0.4740100000000E+12   0.3813060093126E-20
  0.6247180000000E+12   0.1095051175596E-19
  0.8233440000000E+12   0.3092814060527E-19
  0.1085120000000E+13   0.8554103179015E-19
  0.1430130000000E+13   0.2296599863311E-18
  0.1884830000000E+13   0.5930540260691E-18
  0.2484100000000E+13   0.1453380804554E-17
  0.3273910000000E+13   0.3305740930530E-17
  0.4314820000000E+13   0.6812654642965E-17
  0.5686700000000E+13   0.1219797826714E-16
  0.7494750000000E+13   0.1792547370535E-16
  0.7682960000000E+13   0.1834237482296E-16
  0.7875890000000E+13   0.1872107679193E-16
  0.8073670000000E+13   0.1905492191651E-16
  0.8276410000000E+13   0.1934295524561E-16
  0.8484250000000E+13   0.1958916700275E-16
  0.8697300000000E+13   0.1983400144189E-16
  0.8915700000000E+13   0.2002367910690E-16
  0.9139590000000E+13   0.2022171396691E-16
  0.9369100000000E+13   0.2037261420479E-16
  0.9604380000000E+13   0.2050023603723E-16
  0.9845560000000E+13   0.2060126106813E-16
  0.1009280000000E+14   0.2064265832559E-16
  0.1034620000000E+14   0.2064733872667E-16
  0.1060610000000E+14   0.2058698852114E-16
  0.1087240000000E+14   0.2052317500945E-16
  0.1114540000000E+14   0.2040367844923E-16
  0.1142530000000E+14   0.2025441940813E-16
  0.1171220000000E+14   0.2006928426820E-16
  0.1200630000000E+14   0.1982937897226E-16
  0.1230780000000E+14   0.1955408797602E-16
  0.1261690000000E+14   0.1922500914766E-16
  0.1293370000000E+14   0.1890854289481E-16
  0.1325850000000E+14   0.1854851432407E-16
  0.1359150000000E+14   0.1816991001476E-16
  0.1393280000000E+14   0.1776740695944E-16
  0.1428260000000E+14   0.1734441341612E-16
  0.1464130000000E+14   0.1693758010871E-16
  0.1500900000000E+14   0.1649675147207E-16
  0.1538590000000E+14   0.1595766336554E-16
  0.1577220000000E+14   0.1540431577809E-16
  0.1616830000000E+14   0.1462849516453E-16
  0.1657430000000E+14   0.1375106504396E-16
  0.1699050000000E+14   0.1283598672639E-16
  0.1741720000000E+14   0.1177117487179E-16
  0.1785460000000E+14   0.1077256774805E-16
  0.1830290000000E+14   0.9744264404515E-17
  0.1876260000000E+14   0.8779437333148E-17
  0.1923370000000E+14   0.7913156778224E-17
  0.1971670000000E+14   0.7123511875068E-17
  0.2021180000000E+14   0.6430700337812E-17
  0.2071940000000E+14   0.5876168334234E-17
  0.2123970000000E+14   0.5367981790938E-17
  0.2177310000000E+14   0.5254457717128E-17
  0.2231980000000E+14   0.5129595910851E-17
  0.2288030000000E+14   0.5107015486253E-17
  0.2345490000000E+14   0.5105105632871E-17
  0.2404390000000E+14   0.5111904708798E-17
  0.2464770000000E+14   0.5149096745445E-17
  0.2526660000000E+14   0.5168571891737E-17
  0.2590110000000E+14   0.5210987534781E-17
  0.2655150000000E+14   0.5238310443552E-17
  0.2721830000000E+14   0.5324823759736E-17
  0.2790180000000E+14   0.5419877589638E-17
  0.2860240000000E+14   0.5473283622874E-17
  0.2932070000000E+14   0.5478550306251E-17
  0.3005700000000E+14   0.5468301325540E-17
  0.3081180000000E+14   0.5356095072008E-17
  0.3158550000000E+14   0.5250484072941E-17
  0.3237870000000E+14   0.4750590836004E-17
  0.3319170000000E+14   0.4162682959515E-17
  0.3402530000000E+14   0.3620622793677E-17
  0.3487970000000E+14   0.3120548458408E-17
  0.3575560000000E+14   0.2652257300261E-17
  0.3665350000000E+14   0.2229317882806E-17
  0.3757390000000E+14   0.1814795288705E-17
  0.3851740000000E+14   0.1554341109960E-17
  0.3948470000000E+14   0.1323826455157E-17
  0.4047620000000E+14   0.1152922941718E-17
  0.4149260000000E+14   0.1089475295551E-17
  0.4253460000000E+14   0.1031964231679E-17
  0.4360270000000E+14   0.1019411244426E-17
  0.4469770000000E+14   0.1008317508517E-17
  0.4582010000000E+14   0.9991157185209E-18
  0.4697070000000E+14   0.9911440839121E-18
  0.4815020000000E+14   0.9826169729136E-18
  0.4935940000000E+14   0.9734126103630E-18
  0.5059890000000E+14   0.9650831524497E-18
  0.5186950000000E+14   0.9584511635607E-18
  0.5317200000000E+14   0.9521824098507E-18
  0.5450730000000E+14   0.9485364874193E-18
  0.6258450000000E+14   0.9452439634267E-18
  0.7185870000000E+14   0.9568187582607E-18
  0.8250720000000E+14   0.9602952189499E-18
  0.9473370000000E+14   0.9527353251628E-18
  0.1087720000000E+15   0.9410165988443E-18
  0.1248910000000E+15   0.9337737247431E-18
  0.1433980000000E+15   0.9376970232463E-18
  0.1646470000000E+15   0.9591549968103E-18
  0.1890460000000E+15   0.1004459232767E-17
  0.2170600000000E+15   0.1074514477240E-17
  0.2492250000000E+15   0.1170958293378E-17
  0.2861570000000E+15   0.1293070400074E-17
  0.3285620000000E+15   0.1435258426273E-17
  0.3772500000000E+15   0.1586622387503E-17
  0.4331540000000E+15   0.1729710171810E-17
  0.4973410000000E+15   0.1840950717550E-17
  0.5710410000000E+15   0.1893780130330E-17
  0.6556610000000E+15   0.1864768726875E-17
  0.7528220000000E+15   0.1740439266556E-17
  0.8643800000000E+15   0.1524091785763E-17
  0.9924690000000E+15   0.1238239522300E-17
  0.1139540000000E+16   0.9207594187573E-18
  0.1308400000000E+16   0.6184066305979E-18
  0.1502290000000E+16   0.3688638168434E-18
  0.1724910000000E+16   0.1918182153358E-18
  0.1980520000000E+16   0.8512623294477E-19
  0.2274010000000E+16   0.3150552341925E-19
  0.2610990000000E+16   0.9464098586487E-20
  0.2997900000000E+16   0.2237207230335E-20
