mstar = 2 Msun, Rstar = 2.5 Rsun, Tstar = 10000, mdisk = 0.0059623 Msun, Rc = 150 AU, Rin = 0.5 AU, Rout = 250 AU, inclination = 45 degree, powerlaw = -1 
         130
  
  0.2997900000000E+11   0.7675116350844E-23
  0.3951060000000E+11   0.1748625906963E-22
  0.5207280000000E+11   0.3979741592242E-22
  0.6862910000000E+11   0.9043998509374E-22
  0.9044930000000E+11   0.2050990840697E-21
  0.1192070000000E+12   0.4638116281080E-21
  0.1571080000000E+12   0.1044906962288E-20
  0.2070600000000E+12   0.2342129369619E-20
  0.2728930000000E+12   0.5214292428828E-20
  0.3596580000000E+12   0.1254431409618E-19
  0.4740100000000E+12   0.3600183025162E-19
  0.6247180000000E+12   0.1016121232770E-18
  0.8233440000000E+12   0.2798166045122E-18
  0.1085120000000E+13   0.7457714317940E-18
  0.1430130000000E+13   0.1895397484167E-17
  0.1884830000000E+13   0.4507452644166E-17
  0.2484100000000E+13   0.9744552078899E-17
  0.3273910000000E+13   0.1830905094667E-16
  0.4314820000000E+13   0.2833182044945E-16
  0.5686700000000E+13   0.3413716129122E-16
  0.7494750000000E+13   0.3229399791209E-16
  0.7682960000000E+13   0.3186606241057E-16
  0.7875890000000E+13   0.3140701111710E-16
  0.8073670000000E+13   0.3091776454485E-16
  0.8276410000000E+13   0.3040360455525E-16
  0.8484250000000E+13   0.2987316249533E-16
  0.8697300000000E+13   0.2936606686797E-16
  0.8915700000000E+13   0.2883961774621E-16
  0.9139590000000E+13   0.2835277105039E-16
  0.9369100000000E+13   0.2786018633621E-16
  0.9604380000000E+13   0.2738543732945E-16
  0.9845560000000E+13   0.2692791648739E-16
  0.1009280000000E+14   0.2645874310534E-16
  0.1034620000000E+14   0.2599953068735E-16
  0.1060610000000E+14   0.2552298665589E-16
  0.1087240000000E+14   0.2508851223706E-16
  0.1114540000000E+14   0.2464476525963E-16
  0.1142530000000E+14   0.2421627712199E-16
  0.1171220000000E+14   0.2379577233284E-16
  0.1200630000000E+14   0.2336089188784E-16
  0.1230780000000E+14   0.2292935037686E-16
  0.1261690000000E+14   0.2247716831580E-16
  0.1293370000000E+14   0.2207746807666E-16
  0.1325850000000E+14   0.2166276708790E-16
  0.1359150000000E+14   0.2125879286035E-16
  0.1393280000000E+14   0.2085514332150E-16
  0.1428260000000E+14   0.2045149821492E-16
  0.1464130000000E+14   0.2009266782036E-16
  0.1500900000000E+14   0.1970706185720E-16
  0.1538590000000E+14   0.1919561704979E-16
  0.1577220000000E+14   0.1866722099214E-16
  0.1616830000000E+14   0.1781067619860E-16
  0.1657430000000E+14   0.1679088383896E-16
  0.1699050000000E+14   0.1569845466765E-16
  0.1741720000000E+14   0.1436654009143E-16
  0.1785460000000E+14   0.1311575376114E-16
  0.1830290000000E+14   0.1180685598481E-16
  0.1876260000000E+14   0.1057953979146E-16
  0.1923370000000E+14   0.9485511249010E-17
  0.1971670000000E+14   0.8493478545177E-17
  0.2021180000000E+14   0.7631577306056E-17
  0.2071940000000E+14   0.6955515605493E-17
  0.2123970000000E+14   0.6336743600327E-17
  0.2177310000000E+14   0.6257414599854E-17
  0.2231980000000E+14   0.6165040414865E-17
  0.2288030000000E+14   0.6223810646218E-17
  0.2345490000000E+14   0.6316325609266E-17
  0.2404390000000E+14   0.6419877040073E-17
  0.2464770000000E+14   0.6562426255131E-17
  0.2526660000000E+14   0.6665588936949E-17
  0.2590110000000E+14   0.6788180922589E-17
  0.2655150000000E+14   0.6871212054938E-17
  0.2721830000000E+14   0.7024766293646E-17
  0.2790180000000E+14   0.7173265457564E-17
  0.2860240000000E+14   0.7246626425629E-17
  0.2932070000000E+14   0.7240475008219E-17
  0.3005700000000E+14   0.7204106061562E-17
  0.3081180000000E+14   0.7021149798519E-17
  0.3158550000000E+14   0.6844263107021E-17
  0.3237870000000E+14   0.6130734364838E-17
  0.3319170000000E+14   0.5301601355439E-17
  0.3402530000000E+14   0.4539344395806E-17
  0.3487970000000E+14   0.3838425249373E-17
  0.3575560000000E+14   0.3185543062033E-17
  0.3665350000000E+14   0.2600061377760E-17
  0.3757390000000E+14   0.2035566678495E-17
  0.3851740000000E+14   0.1692290563207E-17
  0.3948470000000E+14   0.1413768116456E-17
  0.4047620000000E+14   0.1236293704144E-17
  0.4149260000000E+14   0.1174903221826E-17
  0.4253460000000E+14   0.1123415038444E-17
  0.4360270000000E+14   0.1109132732351E-17
  0.4469770000000E+14   0.1097075430985E-17
  0.4582010000000E+14   0.1087447413004E-17
  0.4697070000000E+14   0.1079660980864E-17
  0.4815020000000E+14   0.1072343030330E-17
  0.4935940000000E+14   0.1065347666649E-17
  0.5059890000000E+14   0.1059681375717E-17
  0.5186950000000E+14   0.1055769398076E-17
  0.5317200000000E+14   0.1052609381569E-17
  0.5450730000000E+14   0.1051582280452E-17
  0.6258450000000E+14   0.1060573419252E-17
  0.7185870000000E+14   0.1078672537157E-17
  0.8250720000000E+14   0.1084370758773E-17
  0.9473370000000E+14   0.1072302116780E-17
  0.1087720000000E+15   0.1047617815451E-17
  0.1248910000000E+15   0.1020341285293E-17
  0.1433980000000E+15   0.1000308754327E-17
  0.1646470000000E+15   0.9977280090494E-18
  0.1890460000000E+15   0.1022565716926E-17
  0.2170600000000E+15   0.1077816021859E-17
  0.2492250000000E+15   0.1165672452723E-17
  0.2861570000000E+15   0.1284256669012E-17
  0.3285620000000E+15   0.1426289442358E-17
  0.3772500000000E+15   0.1579360139533E-17
  0.4331540000000E+15   0.1724612174887E-17
  0.4973410000000E+15   0.1837337732295E-17
  0.5710410000000E+15   0.1890487091980E-17
  0.6556610000000E+15   0.1860735295042E-17
  0.7528220000000E+15   0.1734663500656E-17
  0.8643800000000E+15   0.1517091423323E-17
  0.9924690000000E+15   0.1231819906340E-17
  0.1139540000000E+16   0.9141738281249E-18
  0.1308400000000E+16   0.6142570736985E-18
  0.1502290000000E+16   0.3668173126673E-18
  0.1724910000000E+16   0.1910199045449E-18
  0.1980520000000E+16   0.8475237873145E-19
  0.2274010000000E+16   0.3137034679052E-19
  0.2610990000000E+16   0.9424240408006E-20
  0.2997900000000E+16   0.2227918869970E-20
