mstar = 2 Msun, Rstar = 2.5 Rsun, Tstar = 10000, mdisk = 0.0058564 Msun, Rc = 150 AU, Rin = 0.5 AU, Rout = 250 AU, inclination = 45 degree, powerlaw = -1 
         130
  
  0.2997900000000E+11   0.7559874019064E-23
  0.3951060000000E+11   0.1722367844785E-22
  0.5207280000000E+11   0.3920001924510E-22
  0.6862910000000E+11   0.8908354671784E-22
  0.9044930000000E+11   0.2020272765649E-21
  0.1192070000000E+12   0.4568794087683E-21
  0.1571080000000E+12   0.1029334975660E-20
  0.2070600000000E+12   0.2307364625939E-20
  0.2728930000000E+12   0.5137315250433E-20
  0.3596580000000E+12   0.1236053368982E-19
  0.4740100000000E+12   0.3548045789239E-19
  0.6247180000000E+12   0.1001654468940E-18
  0.8233440000000E+12   0.2759321441870E-18
  0.1085120000000E+13   0.7358115225105E-18
  0.1430130000000E+13   0.1871581931705E-17
  0.1884830000000E+13   0.4456232229897E-17
  0.2484100000000E+13   0.9651701193067E-17
  0.3273910000000E+13   0.1818480288239E-16
  0.4314820000000E+13   0.2824767713449E-16
  0.5686700000000E+13   0.3418045209647E-16
  0.7494750000000E+13   0.3241093025304E-16
  0.7682960000000E+13   0.3198273379122E-16
  0.7875890000000E+13   0.3152239458886E-16
  0.8073670000000E+13   0.3103094560673E-16
  0.8276410000000E+13   0.3051382241598E-16
  0.8484250000000E+13   0.2997980237433E-16
  0.8697300000000E+13   0.2946877527189E-16
  0.8915700000000E+13   0.2893798467712E-16
  0.9139590000000E+13   0.2844665910488E-16
  0.9369100000000E+13   0.2794943124729E-16
  0.9604380000000E+13   0.2747003809985E-16
  0.9845560000000E+13   0.2700793696086E-16
  0.1009280000000E+14   0.2653426938337E-16
  0.1034620000000E+14   0.2607073189708E-16
  0.1060610000000E+14   0.2559000991565E-16
  0.1087240000000E+14   0.2515168996228E-16
  0.1114540000000E+14   0.2470431063727E-16
  0.1142530000000E+14   0.2427245316091E-16
  0.1171220000000E+14   0.2384881362585E-16
  0.1200630000000E+14   0.2341095910309E-16
  0.1230780000000E+14   0.2297661903716E-16
  0.1261690000000E+14   0.2252174195339E-16
  0.1293370000000E+14   0.2211960331211E-16
  0.1325850000000E+14   0.2170253480898E-16
  0.1359150000000E+14   0.2129632001578E-16
  0.1393280000000E+14   0.2089048387050E-16
  0.1428260000000E+14   0.2048473817424E-16
  0.1464130000000E+14   0.2012395061061E-16
  0.1500900000000E+14   0.1973630983057E-16
  0.1538590000000E+14   0.1922252553179E-16
  0.1577220000000E+14   0.1869177483633E-16
  0.1616830000000E+14   0.1783237122970E-16
  0.1657430000000E+14   0.1680959191175E-16
  0.1699050000000E+14   0.1571418547811E-16
  0.1741720000000E+14   0.1437902615496E-16
  0.1785460000000E+14   0.1312547008260E-16
  0.1830290000000E+14   0.1181408830978E-16
  0.1876260000000E+14   0.1058464915189E-16
  0.1923370000000E+14   0.9488740805916E-17
  0.1971670000000E+14   0.8495191116719E-17
  0.2021180000000E+14   0.7632035228693E-17
  0.2071940000000E+14   0.6954842330796E-17
  0.2123970000000E+14   0.6335114856119E-17
  0.2177310000000E+14   0.6254890276372E-17
  0.2231980000000E+14   0.6161608567186E-17
  0.2288030000000E+14   0.6219331691975E-17
  0.2345490000000E+14   0.6310599064359E-17
  0.2404390000000E+14   0.6412863850120E-17
  0.2464770000000E+14   0.6554002307694E-17
  0.2526660000000E+14   0.6655538499953E-17
  0.2590110000000E+14   0.6776483284656E-17
  0.2655150000000E+14   0.6858037966862E-17
  0.2721830000000E+14   0.7009671896413E-17
  0.2790180000000E+14   0.7155907732064E-17
  0.2860240000000E+14   0.7227275370289E-17
  0.2932070000000E+14   0.7219345530024E-17
  0.3005700000000E+14   0.7181334593523E-17
  0.3081180000000E+14   0.6997060708071E-17
  0.3158550000000E+14   0.6818842392304E-17
  0.3237870000000E+14   0.6105914877115E-17
  0.3319170000000E+14   0.5278472360611E-17
  0.3402530000000E+14   0.4518042630373E-17
  0.3487970000000E+14   0.3819148908220E-17
  0.3575560000000E+14   0.3168372843419E-17
  0.3665350000000E+14   0.2585153106715E-17
  0.3757390000000E+14   0.2024210844288E-17
  0.3851740000000E+14   0.1684108771039E-17
  0.3948470000000E+14   0.1408396673639E-17
  0.4047620000000E+14   0.1232554334693E-17
  0.4149260000000E+14   0.1171652861571E-17
  0.4253460000000E+14   0.1120565759063E-17
  0.4360270000000E+14   0.1106433858172E-17
  0.4469770000000E+14   0.1094514942007E-17
  0.4582010000000E+14   0.1085007170620E-17
  0.4697070000000E+14   0.1077325140590E-17
  0.4815020000000E+14   0.1070105719493E-17
  0.4935940000000E+14   0.1063205433287E-17
  0.5059890000000E+14   0.1057618805428E-17
  0.5186950000000E+14   0.1053763066690E-17
  0.5317200000000E+14   0.1050644889753E-17
  0.5450730000000E+14   0.1049628873418E-17
  0.6258450000000E+14   0.1058326040433E-17
  0.7185870000000E+14   0.1075768352971E-17
  0.8250720000000E+14   0.1080887657107E-17
  0.9473370000000E+14   0.1068538809408E-17
  0.1087720000000E+15   0.1043895100200E-17
  0.1248910000000E+15   0.1016928444384E-17
  0.1433980000000E+15   0.9974085857034E-18
  0.1646470000000E+15   0.9954528032784E-18
  0.1890460000000E+15   0.1020917918348E-17
  0.2170600000000E+15   0.1076717367901E-17
  0.2492250000000E+15   0.1164987703555E-17
  0.2861570000000E+15   0.1283853768962E-17
  0.3285620000000E+15   0.1426068219619E-17
  0.3772500000000E+15   0.1579246152630E-17
  0.4331540000000E+15   0.1724555433517E-17
  0.4973410000000E+15   0.1837311242852E-17
  0.5710410000000E+15   0.1890477976629E-17
  0.6556610000000E+15   0.1860736094159E-17
  0.7528220000000E+15   0.1734670504279E-17
  0.8643800000000E+15   0.1517101346841E-17
  0.9924690000000E+15   0.1231829170857E-17
  0.1139540000000E+16   0.9141833447240E-18
  0.1308400000000E+16   0.6142630726375E-18
  0.1502290000000E+16   0.3668202730354E-18
  0.1724910000000E+16   0.1910210601466E-18
  0.1980520000000E+16   0.8475291984506E-19
  0.2274010000000E+16   0.3137054245403E-19
  0.2610990000000E+16   0.9424298103630E-20
  0.2997900000000E+16   0.2227932315487E-20
