mstar = 2 Msun, Rstar = 2.5 Rsun, Tstar = 10000, mdisk = 0.00088839 Msun, Rc = 150 AU, Rin = 0.5 AU, Rout = 250 AU, inclination = 45 degree, powerlaw = -1 
         130
  
  0.2997900000000E+11   0.1395082904351E-23
  0.3951060000000E+11   0.3168338591299E-23
  0.5207280000000E+11   0.7196250434661E-23
  0.6862910000000E+11   0.1633666437476E-22
  0.9044930000000E+11   0.3704440690813E-22
  0.1192070000000E+12   0.8384202342032E-22
  0.1571080000000E+12   0.1892330135547E-21
  0.2070600000000E+12   0.4254380462801E-21
  0.2728930000000E+12   0.9513623552127E-21
  0.3596580000000E+12   0.2303241768833E-20
  0.4740100000000E+12   0.6672846237538E-20
  0.6247180000000E+12   0.1909598467606E-19
  0.8233440000000E+12   0.5365989912638E-19
  0.1085120000000E+13   0.1473440574957E-18
  0.1430130000000E+13   0.3915576822951E-18
  0.1884830000000E+13   0.9964607545329E-18
  0.2484100000000E+13   0.2391178329746E-17
  0.3273910000000E+13   0.5275356519597E-17
  0.4314820000000E+13   0.1039652271955E-16
  0.5686700000000E+13   0.1743559680918E-16
  0.7494750000000E+13   0.2336257213014E-16
  0.7682960000000E+13   0.2367642827393E-16
  0.7875890000000E+13   0.2393001530018E-16
  0.8073670000000E+13   0.2411737444066E-16
  0.8276410000000E+13   0.2423926341185E-16
  0.8484250000000E+13   0.2430181543023E-16
  0.8697300000000E+13   0.2434922676197E-16
  0.8915700000000E+13   0.2432581363138E-16
  0.9139590000000E+13   0.2429866930592E-16
  0.9369100000000E+13   0.2421198807971E-16
  0.9604380000000E+13   0.2409167824349E-16
  0.9845560000000E+13   0.2393603143417E-16
  0.1009280000000E+14   0.2371542709768E-16
  0.1034620000000E+14   0.2345480835629E-16
  0.1060610000000E+14   0.2313028157912E-16
  0.1087240000000E+14   0.2280205698128E-16
  0.1114540000000E+14   0.2242436204785E-16
  0.1142530000000E+14   0.2202372888768E-16
  0.1171220000000E+14   0.2159741346482E-16
  0.1200630000000E+14   0.2113135471083E-16
  0.1230780000000E+14   0.2064545076046E-16
  0.1261690000000E+14   0.2012561419163E-16
  0.1293370000000E+14   0.1963295680029E-16
  0.1325850000000E+14   0.1911919182453E-16
  0.1359150000000E+14   0.1860802232968E-16
  0.1393280000000E+14   0.1809563510852E-16
  0.1428260000000E+14   0.1758550384365E-16
  0.1464130000000E+14   0.1711228964839E-16
  0.1500900000000E+14   0.1662821460510E-16
  0.1538590000000E+14   0.1606669629276E-16
  0.1577220000000E+14   0.1550575361248E-16
  0.1616830000000E+14   0.1472811713974E-16
  0.1657430000000E+14   0.1384867054825E-16
  0.1699050000000E+14   0.1293010365567E-16
  0.1741720000000E+14   0.1185481138068E-16
  0.1785460000000E+14   0.1084694847869E-16
  0.1830290000000E+14   0.9808416597476E-17
  0.1876260000000E+14   0.8836204245300E-17
  0.1923370000000E+14   0.7965645154204E-17
  0.1971670000000E+14   0.7174079146901E-17
  0.2021180000000E+14   0.6480708488197E-17
  0.2071940000000E+14   0.5924481976255E-17
  0.2123970000000E+14   0.5414812746486E-17
  0.2177310000000E+14   0.5292503689748E-17
  0.2231980000000E+14   0.5167104693711E-17
  0.2288030000000E+14   0.5155909109029E-17
  0.2345490000000E+14   0.5178066438992E-17
  0.2404390000000E+14   0.5218921786417E-17
  0.2464770000000E+14   0.5299693718431E-17
  0.2526660000000E+14   0.5362274603012E-17
  0.2590110000000E+14   0.5449293855491E-17
  0.2655150000000E+14   0.5514594604262E-17
  0.2721830000000E+14   0.5641757369386E-17
  0.2790180000000E+14   0.5771592226730E-17
  0.2860240000000E+14   0.5847162903927E-17
  0.2932070000000E+14   0.5862748040563E-17
  0.3005700000000E+14   0.5856358641240E-17
  0.3081180000000E+14   0.5732977902975E-17
  0.3158550000000E+14   0.5614740581922E-17
  0.3237870000000E+14   0.5059765271059E-17
  0.3319170000000E+14   0.4408418194272E-17
  0.3402530000000E+14   0.3808577369567E-17
  0.3487970000000E+14   0.3255558351871E-17
  0.3575560000000E+14   0.2738761957553E-17
  0.3665350000000E+14   0.2274334855503E-17
  0.3757390000000E+14   0.1824307256353E-17
  0.3851740000000E+14   0.1550751137197E-17
  0.3948470000000E+14   0.1323931039570E-17
  0.4047620000000E+14   0.1171820841342E-17
  0.4149260000000E+14   0.1117179086174E-17
  0.4253460000000E+14   0.1069110446521E-17
  0.4360270000000E+14   0.1056880797373E-17
  0.4469770000000E+14   0.1046312201062E-17
  0.4582010000000E+14   0.1037661173803E-17
  0.4697070000000E+14   0.1030357024513E-17
  0.4815020000000E+14   0.1022955568789E-17
  0.4935940000000E+14   0.1015302424510E-17
  0.5059890000000E+14   0.1008539176447E-17
  0.5186950000000E+14   0.1003236605674E-17
  0.5317200000000E+14   0.9983320980746E-18
  0.5450730000000E+14   0.9955180434016E-18
  0.6258450000000E+14   0.9932076147248E-18
  0.7185870000000E+14   0.1001163275723E-17
  0.8250720000000E+14   0.9999718357219E-18
  0.9473370000000E+14   0.9869358012664E-18
  0.1087720000000E+15   0.9688055908597E-18
  0.1248910000000E+15   0.9547881529472E-18
  0.1433980000000E+15   0.9521742827967E-18
  0.1646470000000E+15   0.9678351790789E-18
  0.1890460000000E+15   0.1008621155819E-17
  0.2170600000000E+15   0.1075800836770E-17
  0.2492250000000E+15   0.1170936702412E-17
  0.2861570000000E+15   0.1292633892516E-17
  0.3285620000000E+15   0.1434626799611E-17
  0.3772500000000E+15   0.1585910066904E-17
  0.4331540000000E+15   0.1729107341354E-17
  0.4973410000000E+15   0.1840472710747E-17
  0.5710410000000E+15   0.1893305930761E-17
  0.6556610000000E+15   0.1864171867443E-17
  0.7528220000000E+15   0.1739583456320E-17
  0.8643800000000E+15   0.1523055202940E-17
  0.9924690000000E+15   0.1237288923661E-17
  0.1139540000000E+16   0.9197834587257E-18
  0.1308400000000E+16   0.6177918009039E-18
  0.1502290000000E+16   0.3685607422868E-18
  0.1724910000000E+16   0.1917000605683E-18
  0.1980520000000E+16   0.8507089484625E-19
  0.2274010000000E+16   0.3148551536896E-19
  0.2610990000000E+16   0.9458199212541E-20
  0.2997900000000E+16   0.2235832503406E-20
