         130
  
  0.2997900000000E+11   0.9485334046843E-23
  0.3951060000000E+11   0.2161201315329E-22
  0.5207280000000E+11   0.4918738897303E-22
  0.6862910000000E+11   0.1117711591322E-21
  0.9044930000000E+11   0.2534373720109E-21
  0.1192070000000E+12   0.5729917522029E-21
  0.1571080000000E+12   0.1290440614479E-20
  0.2070600000000E+12   0.2891122617269E-20
  0.2728930000000E+12   0.6432361368027E-20
  0.3596580000000E+12   0.1546028911942E-19
  0.4740100000000E+12   0.4430409509329E-19
  0.6247180000000E+12   0.1247620604729E-18
  0.8233440000000E+12   0.3423798481850E-18
  0.1085120000000E+13   0.9076310455577E-18
  0.1430130000000E+13   0.2287364792557E-17
  0.1884830000000E+13   0.5367130047634E-17
  0.2484100000000E+13   0.1135996809288E-16
  0.3273910000000E+13   0.2066749519538E-16
  0.4314820000000E+13   0.3058743180351E-16
  0.5686700000000E+13   0.3519285238528E-16
  0.7494750000000E+13   0.3269638018440E-16
  0.7682960000000E+13   0.3227659927449E-16
  0.7875890000000E+13   0.3183343980692E-16
  0.8073670000000E+13   0.3136608495872E-16
  0.8276410000000E+13   0.3087829578658E-16
  0.8484250000000E+13   0.3037755182470E-16
  0.8697300000000E+13   0.2990470090295E-16
  0.8915700000000E+13   0.2941276761556E-16
  0.9139590000000E+13   0.2896366381358E-16
  0.9369100000000E+13   0.2850762965984E-16
  0.9604380000000E+13   0.2806893399093E-16
  0.9845560000000E+13   0.2764606678474E-16
  0.1009280000000E+14   0.2720746415624E-16
  0.1034620000000E+14   0.2677582984570E-16
  0.1060610000000E+14   0.2632187468051E-16
  0.1087240000000E+14   0.2590878368829E-16
  0.1114540000000E+14   0.2548195222378E-16
  0.1142530000000E+14   0.2506761075377E-16
  0.1171220000000E+14   0.2465824514999E-16
  0.1200630000000E+14   0.2423056876685E-16
  0.1230780000000E+14   0.2380367403560E-16
  0.1261690000000E+14   0.2335266745088E-16
  0.1293370000000E+14   0.2295477607837E-16
  0.1325850000000E+14   0.2253930604499E-16
  0.1359150000000E+14   0.2213355243617E-16
  0.1393280000000E+14   0.2172679686204E-16
  0.1428260000000E+14   0.2131889281900E-16
  0.1464130000000E+14   0.2095692477305E-16
  0.1500900000000E+14   0.2056596544625E-16
  0.1538590000000E+14   0.2004246367639E-16
  0.1577220000000E+14   0.1950053633099E-16
  0.1616830000000E+14   0.1861460239911E-16
  0.1657430000000E+14   0.1755731923105E-16
  0.1699050000000E+14   0.1642348070645E-16
  0.1741720000000E+14   0.1503834262922E-16
  0.1785460000000E+14   0.1373742901359E-16
  0.1830290000000E+14   0.1237491992019E-16
  0.1876260000000E+14   0.1109692917756E-16
  0.1923370000000E+14   0.9957275736599E-17
  0.1971670000000E+14   0.8923134594136E-17
  0.2021180000000E+14   0.8024108362768E-17
  0.2071940000000E+14   0.7318841479960E-17
  0.2123970000000E+14   0.6672429089792E-17
  0.2177310000000E+14   0.6593197035853E-17
  0.2231980000000E+14   0.6499614800143E-17
  0.2288030000000E+14   0.6564739313864E-17
  0.2345490000000E+14   0.6665074353449E-17
  0.2404390000000E+14   0.6776942782803E-17
  0.2464770000000E+14   0.6929647177567E-17
  0.2526660000000E+14   0.7040960300529E-17
  0.2590110000000E+14   0.7172969725630E-17
  0.2655150000000E+14   0.7263565738098E-17
  0.2721830000000E+14   0.7428714959923E-17
  0.2790180000000E+14   0.7588633641915E-17
  0.2860240000000E+14   0.7669815635222E-17
  0.2932070000000E+14   0.7667122154080E-17
  0.3005700000000E+14   0.7632708989051E-17
  0.3081180000000E+14   0.7443070920111E-17
  0.3158550000000E+14   0.7259602611322E-17
  0.3237870000000E+14   0.6505188245393E-17
  0.3319170000000E+14   0.5624145464204E-17
  0.3402530000000E+14   0.4810981176812E-17
  0.3487970000000E+14   0.4060363854970E-17
  0.3575560000000E+14   0.3358884579471E-17
  0.3665350000000E+14   0.2728423268262E-17
  0.3757390000000E+14   0.2120048122238E-17
  0.3851740000000E+14   0.1750628575717E-17
  0.3948470000000E+14   0.1451565165775E-17
  0.4047620000000E+14   0.1261074572624E-17
  0.4149260000000E+14   0.1195125855485E-17
  0.4253460000000E+14   0.1139972580711E-17
  0.4360270000000E+14   0.1124494912725E-17
  0.4469770000000E+14   0.1111373473922E-17
  0.4582010000000E+14   0.1100816103200E-17
  0.4697070000000E+14   0.1092193439154E-17
  0.4815020000000E+14   0.1084066130969E-17
  0.4935940000000E+14   0.1076291078513E-17
  0.5059890000000E+14   0.1069915550119E-17
  0.5186950000000E+14   0.1065375090479E-17
  0.5317200000000E+14   0.1061624638811E-17
  0.5450730000000E+14   0.1060085628610E-17
  0.6258450000000E+14   0.1066709997560E-17
  0.7185870000000E+14   0.1082880707345E-17
  0.8250720000000E+14   0.1086979703260E-17
  0.9473370000000E+14   0.1073621543876E-17
  0.1087720000000E+15   0.1047720001210E-17
  0.1248910000000E+15   0.1019034903381E-17
  0.1433980000000E+15   0.9973543777971E-18
  0.1646470000000E+15   0.9931282714307E-18
  0.1890460000000E+15   0.1016736116811E-17
  0.2170600000000E+15   0.1071545458331E-17
  0.2492250000000E+15   0.1159787171215E-17
  0.2861570000000E+15   0.1279340611795E-17
  0.3285620000000E+15   0.1422660303337E-17
  0.3772500000000E+15   0.1577052738495E-17
  0.4331540000000E+15   0.1723347226557E-17
  0.4973410000000E+15   0.1836638901222E-17
  0.5710410000000E+15   0.1889928106743E-17
  0.6556610000000E+15   0.1860056099998E-17
  0.7528220000000E+15   0.1733682673727E-17
  0.8643800000000E+15   0.1515900527063E-17
  0.9924690000000E+15   0.1230727847626E-17
  0.1139540000000E+16   0.9130547925240E-18
  0.1308400000000E+16   0.6135517872976E-18
  0.1502290000000E+16   0.3664692367706E-18
  0.1724910000000E+16   0.1908840144862E-18
  0.1980520000000E+16   0.8468874912659E-19
  0.2274010000000E+16   0.3134733849700E-19
  0.2610990000000E+16   0.9417455867507E-20
  0.2997900000000E+16   0.2226337777360E-20
