         130
  
  0.2997900000000E+11   0.3314421827919E-23
  0.3951060000000E+11   0.7545542848557E-23
  0.5207280000000E+11   0.1716677364178E-22
  0.6862910000000E+11   0.3901151873056E-22
  0.9044930000000E+11   0.8850220012127E-22
  0.1192070000000E+12   0.2002917367573E-21
  0.1571080000000E+12   0.4517841021143E-21
  0.2070600000000E+12   0.1014475935339E-20
  0.2728930000000E+12   0.2264203231092E-20
  0.3596580000000E+12   0.5466465800177E-20
  0.4740100000000E+12   0.1577302305175E-19
  0.6247180000000E+12   0.4486968524234E-19
  0.8233440000000E+12   0.1250041282725E-18
  0.1085120000000E+13   0.3390099114298E-18
  0.1430130000000E+13   0.8847228381072E-18
  0.1884830000000E+13   0.2191895105266E-17
  0.2484100000000E+13   0.5051526382777E-17
  0.3273910000000E+13   0.1047855803713E-16
  0.4314820000000E+13   0.1878536206339E-16
  0.5686700000000E+13   0.2736087636175E-16
  0.7494750000000E+13   0.3047088296582E-16
  0.7682960000000E+13   0.3034511260162E-16
  0.7875890000000E+13   0.3014555127626E-16
  0.8073670000000E+13   0.2987235953040E-16
  0.8276410000000E+13   0.2953191958487E-16
  0.8484250000000E+13   0.2913495262147E-16
  0.8697300000000E+13   0.2872409697344E-16
  0.8915700000000E+13   0.2825630292699E-16
  0.9139590000000E+13   0.2779277296414E-16
  0.9369100000000E+13   0.2729110356352E-16
  0.9604380000000E+13   0.2677743184699E-16
  0.9845560000000E+13   0.2625463124299E-16
  0.1009280000000E+14   0.2570157417494E-16
  0.1034620000000E+14   0.2514237747828E-16
  0.1060610000000E+14   0.2455843314975E-16
  0.1087240000000E+14   0.2400435800489E-16
  0.1114540000000E+14   0.2344090214788E-16
  0.1142530000000E+14   0.2289211754238E-16
  0.1171220000000E+14   0.2235522411393E-16
  0.1200630000000E+14   0.2181458996441E-16
  0.1230780000000E+14   0.2128680423656E-16
  0.1261690000000E+14   0.2075359813905E-16
  0.1293370000000E+14   0.2027632462522E-16
  0.1325850000000E+14   0.1979986109914E-16
  0.1359150000000E+14   0.1934564611623E-16
  0.1393280000000E+14   0.1890472544929E-16
  0.1428260000000E+14   0.1847622031005E-16
  0.1464130000000E+14   0.1809774728579E-16
  0.1500900000000E+14   0.1770710634690E-16
  0.1538590000000E+14   0.1721645934223E-16
  0.1577220000000E+14   0.1671825480593E-16
  0.1616830000000E+14   0.1593851414898E-16
  0.1657430000000E+14   0.1501926154378E-16
  0.1699050000000E+14   0.1403911434734E-16
  0.1741720000000E+14   0.1285163479465E-16
  0.1785460000000E+14   0.1173804574448E-16
  0.1830290000000E+14   0.1057682634712E-16
  0.1876260000000E+14   0.9490114500277E-17
  0.1923370000000E+14   0.8522117981489E-17
  0.1971670000000E+14   0.7645252150379E-17
  0.2021180000000E+14   0.6883165066925E-17
  0.2071940000000E+14   0.6282555375224E-17
  0.2123970000000E+14   0.5732854029270E-17
  0.2177310000000E+14   0.5647690649186E-17
  0.2231980000000E+14   0.5555619382806E-17
  0.2288030000000E+14   0.5599327646663E-17
  0.2345490000000E+14   0.5677474087893E-17
  0.2404390000000E+14   0.5769650364055E-17
  0.2464770000000E+14   0.5899869608151E-17
  0.2526660000000E+14   0.5997624034789E-17
  0.2590110000000E+14   0.6114933532506E-17
  0.2655150000000E+14   0.6198380102013E-17
  0.2721830000000E+14   0.6346694744024E-17
  0.2790180000000E+14   0.6491431510813E-17
  0.2860240000000E+14   0.6569161034247E-17
  0.2932070000000E+14   0.6575403400879E-17
  0.3005700000000E+14   0.6554684633452E-17
  0.3081180000000E+14   0.6400704716118E-17
  0.3158550000000E+14   0.6252175132789E-17
  0.3237870000000E+14   0.5613274371780E-17
  0.3319170000000E+14   0.4867499996060E-17
  0.3402530000000E+14   0.4181011427552E-17
  0.3487970000000E+14   0.3549059399592E-17
  0.3575560000000E+14   0.2959437427707E-17
  0.3665350000000E+14   0.2429799257338E-17
  0.3757390000000E+14   0.1918126607720E-17
  0.3851740000000E+14   0.1608540867029E-17
  0.3948470000000E+14   0.1355645009852E-17
  0.4047620000000E+14   0.1192510670459E-17
  0.4149260000000E+14   0.1135967387102E-17
  0.4253460000000E+14   0.1087803463704E-17
  0.4360270000000E+14   0.1074852745237E-17
  0.4469770000000E+14   0.1063807514575E-17
  0.4582010000000E+14   0.1054881942539E-17
  0.4697070000000E+14   0.1047514498577E-17
  0.4815020000000E+14   0.1040337360423E-17
  0.4935940000000E+14   0.1033198624239E-17
  0.5059890000000E+14   0.1027131405973E-17
  0.5186950000000E+14   0.1022613746264E-17
  0.5317200000000E+14   0.1018645595346E-17
  0.5450730000000E+14   0.1016714835596E-17
  0.6258450000000E+14   0.1019538624529E-17
  0.7185870000000E+14   0.1032087260972E-17
  0.8250720000000E+14   0.1034457653838E-17
  0.9473370000000E+14   0.1022549611614E-17
  0.1087720000000E+15   0.1002158634330E-17
  0.1248910000000E+15   0.9827204538500E-18
  0.1433980000000E+15   0.9727556231614E-18
  0.1646470000000E+15   0.9809047060616E-18
  0.1890460000000E+15   0.1015554937644E-17
  0.2170600000000E+15   0.1078429665427E-17
  0.2492250000000E+15   0.1170805100729E-17
  0.2861570000000E+15   0.1290959784994E-17
  0.3285620000000E+15   0.1432549362606E-17
  0.3772500000000E+15   0.1584182632765E-17
  0.4331540000000E+15   0.1727831508885E-17
  0.4973410000000E+15   0.1839425853148E-17
  0.5710410000000E+15   0.1892217774568E-17
  0.6556610000000E+15   0.1862776532022E-17
  0.7528220000000E+15   0.1737570149847E-17
  0.8643800000000E+15   0.1520613284841E-17
  0.9924690000000E+15   0.1235049330066E-17
  0.1139540000000E+16   0.9174851591639E-18
  0.1308400000000E+16   0.6163437656693E-18
  0.1502290000000E+16   0.3678467395360E-18
  0.1724910000000E+16   0.1914216076455E-18
  0.1980520000000E+16   0.8494048815370E-19
  0.2274010000000E+16   0.3143836431882E-19
  0.2610990000000E+16   0.9444296450802E-20
  0.2997900000000E+16   0.2232592704464E-20
