mstar = 2 Msun, Rstar = 2.5 Rsun, Tstar = 10000, mdisk = 0.00020275 Msun, Rc = 150 AU, Rin = 0.5 AU, Rout = 250 AU, inclination = 45 degree, powerlaw = -1 
         130
  
  0.2997900000000E+11   0.3946198235966E-24
  0.3951060000000E+11   0.8858428921353E-24
  0.5207280000000E+11   0.1994524515367E-23
  0.6862910000000E+11   0.4499164491549E-23
  0.9044930000000E+11   0.1015724504097E-22
  0.1192070000000E+12   0.2292575435404E-22
  0.1571080000000E+12   0.5167898244240E-22
  0.2070600000000E+12   0.1162049513867E-21
  0.2728930000000E+12   0.2602776354587E-21
  0.3596580000000E+12   0.6319297850930E-21
  0.4740100000000E+12   0.1839093516307E-20
  0.6247180000000E+12   0.5302980428762E-20
  0.8233440000000E+12   0.1506910693133E-19
  0.1085120000000E+13   0.4204239527162E-19
  0.1430130000000E+13   0.1142610546636E-18
  0.1884830000000E+13   0.3001296166486E-18
  0.2484100000000E+13   0.7532315030459E-18
  0.3273910000000E+13   0.1770963906892E-17
  0.4314820000000E+13   0.3821446675637E-17
  0.5686700000000E+13   0.7289901782289E-17
  0.7494750000000E+13   0.1167607949104E-16
  0.7682960000000E+13   0.1205597987273E-16
  0.7875890000000E+13   0.1241866061213E-16
  0.8073670000000E+13   0.1275891104051E-16
  0.8276410000000E+13   0.1307548581509E-16
  0.8484250000000E+13   0.1337084711330E-16
  0.8697300000000E+13   0.1367583989604E-16
  0.8915700000000E+13   0.1394907870337E-16
  0.9139590000000E+13   0.1424039914236E-16
  0.9369100000000E+13   0.1450602647822E-16
  0.9604380000000E+13   0.1476493528807E-16
  0.9845560000000E+13   0.1501446537580E-16
  0.1009280000000E+14   0.1522608920030E-16
  0.1034620000000E+14   0.1541813801498E-16
  0.1060610000000E+14   0.1556454691566E-16
  0.1087240000000E+14   0.1571896577116E-16
  0.1114540000000E+14   0.1583338548101E-16
  0.1142530000000E+14   0.1593007672930E-16
  0.1171220000000E+14   0.1600178268350E-16
  0.1200630000000E+14   0.1602790127588E-16
  0.1230780000000E+14   0.1602476531573E-16
  0.1261690000000E+14   0.1597097830382E-16
  0.1293370000000E+14   0.1593224088674E-16
  0.1325850000000E+14   0.1584835515759E-16
  0.1359150000000E+14   0.1574259480157E-16
  0.1393280000000E+14   0.1560630237934E-16
  0.1428260000000E+14   0.1544012716743E-16
  0.1464130000000E+14   0.1528207792290E-16
  0.1500900000000E+14   0.1507345928686E-16
  0.1538590000000E+14   0.1473890337815E-16
  0.1577220000000E+14   0.1437060808112E-16
  0.1616830000000E+14   0.1373452949204E-16
  0.1657430000000E+14   0.1296763662362E-16
  0.1699050000000E+14   0.1214299461180E-16
  0.1741720000000E+14   0.1113642047695E-16
  0.1785460000000E+14   0.1018992560456E-16
  0.1830290000000E+14   0.9196289511184E-17
  0.1876260000000E+14   0.8260350905726E-17
  0.1923370000000E+14   0.7422422780226E-17
  0.1971670000000E+14   0.6658787514484E-17
  0.2021180000000E+14   0.5993303883137E-17
  0.2071940000000E+14   0.5474419915598E-17
  0.2123970000000E+14   0.4998271341983E-17
  0.2177310000000E+14   0.4966093071433E-17
  0.2231980000000E+14   0.4912320136659E-17
  0.2288030000000E+14   0.4963845311921E-17
  0.2345490000000E+14   0.5022816641082E-17
  0.2404390000000E+14   0.5072643896944E-17
  0.2464770000000E+14   0.5133694116372E-17
  0.2526660000000E+14   0.5157125592447E-17
  0.2590110000000E+14   0.5185858588908E-17
  0.2655150000000E+14   0.5187608407404E-17
  0.2721830000000E+14   0.5232799591790E-17
  0.2790180000000E+14   0.5279116629973E-17
  0.2860240000000E+14   0.5288324898874E-17
  0.2932070000000E+14   0.5258915308934E-17
  0.3005700000000E+14   0.5220283368354E-17
  0.3081180000000E+14   0.5099794249308E-17
  0.3158550000000E+14   0.4989028360392E-17
  0.3237870000000E+14   0.4544659458265E-17
  0.3319170000000E+14   0.4025538618393E-17
  0.3402530000000E+14   0.3545035467496E-17
  0.3487970000000E+14   0.3098009385762E-17
  0.3575560000000E+14   0.2672770025549E-17
  0.3665350000000E+14   0.2276198294352E-17
  0.3757390000000E+14   0.1857080596934E-17
  0.3851740000000E+14   0.1561859854962E-17
  0.3948470000000E+14   0.1271427160450E-17
  0.4047620000000E+14   0.1048788951237E-17
  0.4149260000000E+14   0.9717282735887E-18
  0.4253460000000E+14   0.9026511012716E-18
  0.4360270000000E+14   0.8911332227577E-18
  0.4469770000000E+14   0.8808078436974E-18
  0.4582010000000E+14   0.8723421092101E-18
  0.4697070000000E+14   0.8649730061672E-18
  0.4815020000000E+14   0.8565118831068E-18
  0.4935940000000E+14   0.8469017068095E-18
  0.5059890000000E+14   0.8382031844217E-18
  0.5186950000000E+14   0.8315355661436E-18
  0.5317200000000E+14   0.8252455067701E-18
  0.5450730000000E+14   0.8222385845184E-18
  0.6258450000000E+14   0.8277406916406E-18
  0.7185870000000E+14   0.8559558931981E-18
  0.8250720000000E+14   0.8791730567164E-18
  0.9473370000000E+14   0.8921597183766E-18
  0.1087720000000E+15   0.9001763268883E-18
  0.1248910000000E+15   0.9094206599541E-18
  0.1433980000000E+15   0.9246933624538E-18
  0.1646470000000E+15   0.9521241139654E-18
  0.1890460000000E+15   0.9994955791511E-18
  0.2170600000000E+15   0.1070059367864E-17
  0.2492250000000E+15   0.1167006747686E-17
  0.2861570000000E+15   0.1289794216541E-17
  0.3285620000000E+15   0.1432723320657E-17
  0.3772500000000E+15   0.1584981220396E-17
  0.4331540000000E+15   0.1728959454326E-17
  0.4973410000000E+15   0.1840819161536E-17
  0.5710410000000E+15   0.1894011545844E-17
  0.6556610000000E+15   0.1865260039214E-17
  0.7528220000000E+15   0.1741221390727E-17
  0.8643800000000E+15   0.1525055229228E-17
  0.9924690000000E+15   0.1239124766982E-17
  0.1139540000000E+16   0.9216687420022E-18
  0.1308400000000E+16   0.6189794556272E-18
  0.1502290000000E+16   0.3691461389160E-18
  0.1724910000000E+16   0.1919282578210E-18
  0.1980520000000E+16   0.8517777333274E-19
  0.2274010000000E+16   0.3152415809868E-19
  0.2610990000000E+16   0.9469592959797E-20
  0.2997900000000E+16   0.2238487569297E-20
