         130
  
  0.2997900000000E+11   0.5931505819394E-23
  0.3951060000000E+11   0.1351201165427E-22
  0.5207280000000E+11   0.3075135881709E-22
  0.6862910000000E+11   0.6988736622912E-22
  0.9044930000000E+11   0.1585169129055E-21
  0.1192070000000E+12   0.3585735341641E-21
  0.1571080000000E+12   0.8081653507770E-21
  0.2070600000000E+12   0.1812576127745E-20
  0.2728930000000E+12   0.4038706968113E-20
  0.3596580000000E+12   0.9727624521272E-20
  0.4740100000000E+12   0.2796902818591E-19
  0.6247180000000E+12   0.7915362831454E-19
  0.8233440000000E+12   0.2188523647801E-18
  0.1085120000000E+13   0.5868727761631E-18
  0.1430130000000E+13   0.1505712426636E-17
  0.1884830000000E+13   0.3633979666776E-17
  0.2484100000000E+13   0.8040170100716E-17
  0.3273910000000E+13   0.1565307926935E-16
  0.4314820000000E+13   0.2549287256568E-16
  0.5686700000000E+13   0.3261054010057E-16
  0.7494750000000E+13   0.3201608593104E-16
  0.7682960000000E+13   0.3162026768750E-16
  0.7875890000000E+13   0.3117917985235E-16
  0.8073670000000E+13   0.3069510652249E-16
  0.8276410000000E+13   0.3017498593834E-16
  0.8484250000000E+13   0.2962905221934E-16
  0.8697300000000E+13   0.2909724382610E-16
  0.8915700000000E+13   0.2853985814662E-16
  0.9139590000000E+13   0.2801496058682E-16
  0.9369100000000E+13   0.2748093039356E-16
  0.9604380000000E+13   0.2696183555637E-16
  0.9845560000000E+13   0.2645867279874E-16
  0.1009280000000E+14   0.2594579791349E-16
  0.1034620000000E+14   0.2544481893998E-16
  0.1060610000000E+14   0.2493108376934E-16
  0.1087240000000E+14   0.2446129271005E-16
  0.1114540000000E+14   0.2398769807762E-16
  0.1142530000000E+14   0.2353373115594E-16
  0.1171220000000E+14   0.2309267825060E-16
  0.1200630000000E+14   0.2264318781370E-16
  0.1230780000000E+14   0.2220181509426E-16
  0.1261690000000E+14   0.2174525209203E-16
  0.1293370000000E+14   0.2134315828154E-16
  0.1325850000000E+14   0.2093041943702E-16
  0.1359150000000E+14   0.2053126955732E-16
  0.1393280000000E+14   0.2013519528663E-16
  0.1428260000000E+14   0.1974145794762E-16
  0.1464130000000E+14   0.1939304607240E-16
  0.1500900000000E+14   0.1902020742118E-16
  0.1538590000000E+14   0.1852622844478E-16
  0.1577220000000E+14   0.1801647135057E-16
  0.1616830000000E+14   0.1718810480648E-16
  0.1657430000000E+14   0.1620119136303E-16
  0.1699050000000E+14   0.1514375087206E-16
  0.1741720000000E+14   0.1385368200758E-16
  0.1785460000000E+14   0.1264282389160E-16
  0.1830290000000E+14   0.1137605387287E-16
  0.1876260000000E+14   0.1018908657605E-16
  0.1923370000000E+14   0.9131775942047E-17
  0.1971670000000E+14   0.8173687568030E-17
  0.2021180000000E+14   0.7342048488123E-17
  0.2071940000000E+14   0.6690136662427E-17
  0.2123970000000E+14   0.6093729637026E-17
  0.2177310000000E+14   0.6017891159771E-17
  0.2231980000000E+14   0.5930057351623E-17
  0.2288030000000E+14   0.5989024885020E-17
  0.2345490000000E+14   0.6081342489291E-17
  0.2404390000000E+14   0.6185021382198E-17
  0.2464770000000E+14   0.6326838736553E-17
  0.2526660000000E+14   0.6430651515917E-17
  0.2590110000000E+14   0.6553607195865E-17
  0.2655150000000E+14   0.6638342446272E-17
  0.2721830000000E+14   0.6791725388801E-17
  0.2790180000000E+14   0.6940046630533E-17
  0.2860240000000E+14   0.7015441443185E-17
  0.2932070000000E+14   0.7013426185299E-17
  0.3005700000000E+14   0.6982011319033E-17
  0.3081180000000E+14   0.6807404760028E-17
  0.3158550000000E+14   0.6638589019323E-17
  0.3237870000000E+14   0.5945863231305E-17
  0.3319170000000E+14   0.5140872185634E-17
  0.3402530000000E+14   0.4401465716770E-17
  0.3487970000000E+14   0.3722128827761E-17
  0.3575560000000E+14   0.3089681513723E-17
  0.3665350000000E+14   0.2523256369691E-17
  0.3757390000000E+14   0.1978317175722E-17
  0.3851740000000E+14   0.1648347724695E-17
  0.3948470000000E+14   0.1380889535750E-17
  0.4047620000000E+14   0.1210309349245E-17
  0.4149260000000E+14   0.1151899612714E-17
  0.4253460000000E+14   0.1102795987440E-17
  0.4360270000000E+14   0.1090036437428E-17
  0.4469770000000E+14   0.1079329020768E-17
  0.4582010000000E+14   0.1070880042912E-17
  0.4697070000000E+14   0.1064113683939E-17
  0.4815020000000E+14   0.1057669074268E-17
  0.4935940000000E+14   0.1051403138355E-17
  0.5059890000000E+14   0.1046321661719E-17
  0.5186950000000E+14   0.1042862113992E-17
  0.5317200000000E+14   0.1040034223306E-17
  0.5450730000000E+14   0.1039238812764E-17
  0.6258450000000E+14   0.1048150289654E-17
  0.7185870000000E+14   0.1065013732039E-17
  0.8250720000000E+14   0.1069397782485E-17
  0.9473370000000E+14   0.1056705184939E-17
  0.1087720000000E+15   0.1032546044476E-17
  0.1248910000000E+15   0.1007046000367E-17
  0.1433980000000E+15   0.9898667938523E-18
  0.1646470000000E+15   0.9907645602710E-18
  0.1890460000000E+15   0.1019028514021E-17
  0.2170600000000E+15   0.1077044459070E-17
  0.2492250000000E+15   0.1166649641819E-17
  0.2861570000000E+15   0.1286047021639E-17
  0.3285620000000E+15   0.1428191707589E-17
  0.3772500000000E+15   0.1580908402590E-17
  0.4331540000000E+15   0.1725642000391E-17
  0.4973410000000E+15   0.1837989138589E-17
  0.5710410000000E+15   0.1891033527578E-17
  0.6556610000000E+15   0.1861398780804E-17
  0.7528220000000E+15   0.1735620048765E-17
  0.8643800000000E+15   0.1518253122330E-17
  0.9924690000000E+15   0.1232885357369E-17
  0.1139540000000E+16   0.9152659758025E-18
  0.1308400000000E+16   0.6149453630481E-18
  0.1502290000000E+16   0.3671569332464E-18
  0.1724910000000E+16   0.1911524625027E-18
  0.1980520000000E+16   0.8481445051782E-19
  0.2274010000000E+16   0.3139279139673E-19
  0.2610990000000E+16   0.9430858643414E-20
  0.2997900000000E+16   0.2229461190680E-20
